#!ascii label  , from subject 3020 vox2ras=TkReg
909
60980  -35.563  -28.631  48.496 0.0000000000
54013  -20.825  -32.888  45.295 0.0000000000
52929  -30.527  -33.952  46.630 0.0000000000
85983  -48.395  -7.964  28.746 0.0000000000
92747  -50.122  -1.267  24.959 0.0000000000
51737  -16.251  -34.699  50.214 0.0000000000
84740  -44.802  -7.944  32.653 0.0000000000
63615  -36.135  -26.394  46.553 0.0000000000
56205  -34.816  -31.768  47.066 0.0000000000
53982  -17.691  -33.327  46.939 0.0000000000
48105  -18.790  -38.763  50.004 0.0000000000
59745  -31.637  -28.215  47.364 0.0000000000
62352  -30.282  -26.384  45.824 0.0000000000
54017  -24.942  -34.002  44.465 0.0000000000
56215  -31.143  -30.631  46.645 0.0000000000
78619  -37.873  -13.336  34.084 0.0000000000
81219  -42.356  -12.182  31.650 0.0000000000
81250  -48.775  -11.518  30.527 0.0000000000
45774  -12.754  -40.621  51.465 0.0000000000
44569  -10.100  -42.092  53.875 0.0000000000
65006  -31.705  -24.946  41.480 0.0000000000
69983  -33.087  -20.784  37.719 0.0000000000
73935  -35.513  -17.505  35.702 0.0000000000
45795  -15.949  -40.114  50.170 0.0000000000
51795  -21.895  -35.759  46.825 0.0000000000
52881  -23.414  -35.060  47.543 0.0000000000
57381  -35.911  -30.802  48.169 0.0000000000
57406  -19.219  -30.073  45.929 0.0000000000
55119  -18.588  -32.278  46.058 0.0000000000
50571  -20.165  -36.819  46.958 0.0000000000
59727  -31.024  -28.656  49.440 0.0000000000
57396  -31.571  -29.894  47.053 0.0000000000
82373  -38.513  -10.879  34.138 0.0000000000
79914  -40.238  -12.684  32.663 0.0000000000
83549  -40.674  -9.845  32.873 0.0000000000
83569  -45.487  -9.903  30.524 0.0000000000
82425  -48.255  -10.218  29.469 0.0000000000
82420  -51.061  -10.700  29.903 0.0000000000
84790  -49.771  -8.677  27.657 0.0000000000
86010  -50.207  -7.265  26.359 0.0000000000
64962  -28.832  -24.606  44.493 0.0000000000
63679  -31.356  -25.807  43.522 0.0000000000
66209  -29.583  -23.239  42.228 0.0000000000
71300  -30.494  -19.899  39.042 0.0000000000
73907  -32.270  -17.425  37.607 0.0000000000
72688  -34.430  -18.839  36.528 0.0000000000
74999  -33.293  -15.712  37.358 0.0000000000
77369  -34.703  -13.871  35.978 0.0000000000
52944  -28.503  -34.331  45.509 0.0000000000
49296  -14.649  -37.839  50.464 0.0000000000
50551  -15.740  -37.275  49.464 0.0000000000
41179  -9.872  -44.725  55.179 0.0000000000
41147  -8.438  -44.444  56.093 0.0000000000
84725  -42.720  -8.154  33.923 0.0000000000
63650  -36.304  -25.843  44.874 0.0000000000
53987  -32.360  -33.283  47.077 0.0000000000
53952  -16.914  -33.131  49.168 0.0000000000
50562  -16.834  -36.672  48.446 0.0000000000
50564  -18.460  -36.675  47.442 0.0000000000
92756  -52.030  -1.298  23.656 0.0000000000
59746  -33.521  -28.228  47.294 0.0000000000
62308  -33.777  -27.266  47.415 0.0000000000
62306  -31.317  -27.166  47.716 0.0000000000
57422  -20.800  -30.383  44.436 0.0000000000
55133  -23.298  -32.612  44.753 0.0000000000
57442  -23.878  -30.291  43.553 0.0000000000
56247  -26.846  -31.320  43.616 0.0000000000
55156  -29.122  -32.595  44.614 0.0000000000
57411  -29.668  -30.944  46.300 0.0000000000
55138  -31.245  -32.414  45.542 0.0000000000
57429  -32.477  -30.876  45.649 0.0000000000
58554  -33.884  -28.975  46.602 0.0000000000
76167  -38.927  -15.799  35.595 0.0000000000
83559  -43.375  -9.674  31.311 0.0000000000
81223  -46.109  -12.189  31.942 0.0000000000
88224  -50.733  -5.520  26.139 0.0000000000
44586  -11.512  -41.161  52.825 0.0000000000
42324  -11.475  -44.344  54.017 0.0000000000
63612  -33.338  -26.444  46.187 0.0000000000
63664  -33.888  -25.836  44.088 0.0000000000
64996  -34.916  -24.491  42.016 0.0000000000
68655  -30.145  -21.679  39.875 0.0000000000
66256  -33.172  -23.425  39.025 0.0000000000
67422  -35.784  -23.091  40.255 0.0000000000
69968  -36.430  -21.246  38.934 0.0000000000
71348  -36.776  -19.739  37.141 0.0000000000
73938  -38.347  -18.086  36.487 0.0000000000
77386  -36.120  -14.816  34.562 0.0000000000
79882  -37.008  -11.773  35.127 0.0000000000
51797  -24.823  -35.597  47.304 0.0000000000
48070  -13.680  -38.274  52.251 0.0000000000
45793  -14.382  -40.517  50.662 0.0000000000
48094  -17.716  -39.534  50.516 0.0000000000
41145  -7.699  -43.874  56.508 0.0000000000
52898  -21.909  -34.866  46.627 0.0000000000
51796  -22.728  -35.593  47.549 0.0000000000
53998  -22.529  -34.054  46.028 0.0000000000
58526  -36.060  -29.944  48.738 0.0000000000
56212  -19.554  -31.199  45.241 0.0000000000
56211  -18.946  -31.187  46.110 0.0000000000
54012  -20.151  -32.614  45.354 0.0000000000
51819  -20.616  -35.261  46.339 0.0000000000
82365  -39.247  -10.006  34.989 0.0000000000
82389  -39.898  -10.469  33.071 0.0000000000
83530  -40.400  -9.207  34.769 0.0000000000
84770  -48.267  -8.072  30.358 0.0000000000
84775  -48.021  -9.246  29.500 0.0000000000
84776  -48.383  -8.647  29.309 0.0000000000
83585  -49.628  -9.569  28.497 0.0000000000
84781  -49.098  -8.641  28.362 0.0000000000
85996  -49.229  -7.928  27.333 0.0000000000
66193  -29.165  -24.037  43.626 0.0000000000
73895  -31.774  -17.150  38.818 0.0000000000
73908  -32.581  -16.918  37.249 0.0000000000
74983  -33.013  -15.381  38.598 0.0000000000
76139  -34.459  -13.877  38.409 0.0000000000
52927  -29.146  -34.479  46.072 0.0000000000
52903  -28.800  -34.920  46.638 0.0000000000
52884  -30.051  -35.130  47.509 0.0000000000
50538  -15.665  -36.202  50.462 0.0000000000
51736  -15.979  -35.328  50.039 0.0000000000
90403  -50.831  -3.168  24.443 0.0000000000
42293  -9.058  -43.840  55.583 0.0000000000
62311  -37.270  -27.363  47.961 0.0000000000
63636  -36.685  -25.934  45.830 0.0000000000
55112  -33.630  -32.667  47.072 0.0000000000
55089  -34.043  -32.854  47.945 0.0000000000
55108  -17.650  -32.386  47.237 0.0000000000
55084  -17.344  -32.042  48.190 0.0000000000
55061  -17.188  -32.464  49.501 0.0000000000
53965  -16.954  -33.522  48.090 0.0000000000
52880  -16.942  -34.744  47.964 0.0000000000
52897  -17.838  -35.104  47.238 0.0000000000
49332  -21.564  -37.292  47.781 0.0000000000
49331  -20.719  -37.392  47.604 0.0000000000
61017  -32.114  -27.644  47.504 0.0000000000
59776  -20.969  -28.417  44.660 0.0000000000
57440  -22.334  -29.978  43.850 0.0000000000
58590  -22.618  -29.238  43.782 0.0000000000
58611  -26.093  -29.572  43.757 0.0000000000
57444  -27.370  -30.121  44.410 0.0000000000
56248  -27.899  -31.434  44.064 0.0000000000
57445  -28.491  -30.778  44.635 0.0000000000
56202  -30.397  -30.940  47.631 0.0000000000
57412  -30.158  -30.865  46.840 0.0000000000
56213  -30.108  -31.279  45.517 0.0000000000
56214  -30.558  -31.011  46.157 0.0000000000
55139  -32.108  -32.165  45.755 0.0000000000
56230  -31.615  -31.301  45.665 0.0000000000
59758  -31.474  -28.855  47.478 0.0000000000
58553  -32.501  -29.043  46.530 0.0000000000
59760  -33.036  -28.592  46.781 0.0000000000
58542  -34.314  -28.741  47.246 0.0000000000
77388  -38.276  -14.999  34.981 0.0000000000
77389  -39.514  -15.127  35.249 0.0000000000
77410  -39.721  -14.434  34.268 0.0000000000
79935  -41.856  -12.845  32.220 0.0000000000
78637  -41.514  -13.909  33.430 0.0000000000
85932  -43.609  -8.005  33.169 0.0000000000
84738  -42.573  -8.639  32.959 0.0000000000
84758  -44.399  -9.027  31.450 0.0000000000
81249  -47.683  -11.558  30.682 0.0000000000
82408  -45.551  -11.186  30.745 0.0000000000
81239  -47.383  -12.105  31.461 0.0000000000
79940  -46.843  -12.639  32.607 0.0000000000
87143  -50.451  -6.340  26.224 0.0000000000
88232  -48.981  -5.081  25.736 0.0000000000
89272  -48.883  -4.341  25.375 0.0000000000
45739  -12.395  -39.779  52.491 0.0000000000
45722  -12.143  -39.550  53.533 0.0000000000
44603  -11.866  -41.604  52.212 0.0000000000
42325  -12.286  -44.271  54.035 0.0000000000
41181  -11.359  -45.376  55.549 0.0000000000
62330  -31.822  -26.796  47.029 0.0000000000
62331  -33.129  -26.844  46.768 0.0000000000
63631  -31.873  -26.430  45.665 0.0000000000
64993  -31.312  -25.294  42.209 0.0000000000
63680  -32.406  -25.775  43.395 0.0000000000
64994  -32.625  -25.435  42.357 0.0000000000
64963  -34.587  -25.508  43.570 0.0000000000
64995  -33.928  -24.875  41.993 0.0000000000
69943  -30.183  -20.342  41.109 0.0000000000
69982  -31.943  -20.836  37.820 0.0000000000
68678  -31.216  -21.709  38.556 0.0000000000
67457  -33.237  -22.630  38.495 0.0000000000
66240  -34.197  -23.618  39.651 0.0000000000
67459  -34.841  -22.311  39.021 0.0000000000
67442  -36.115  -22.425  40.070 0.0000000000
68682  -34.690  -21.446  38.162 0.0000000000
72709  -34.961  -18.251  36.103 0.0000000000
71347  -35.945  -19.708  37.017 0.0000000000
72710  -35.978  -18.399  36.103 0.0000000000
72691  -37.572  -19.304  36.701 0.0000000000
73936  -36.590  -17.733  35.713 0.0000000000
75027  -37.582  -16.601  35.503 0.0000000000
76164  -35.520  -15.668  35.048 0.0000000000
79868  -35.322  -12.292  37.118 0.0000000000
79880  -35.541  -12.277  36.109 0.0000000000
81176  -36.621  -11.241  36.448 0.0000000000
55134  -24.198  -32.905  44.212 0.0000000000
54000  -23.982  -34.374  46.187 0.0000000000
52923  -25.207  -35.246  46.411 0.0000000000
46966  -15.362  -39.328  49.884 0.0000000000
46965  -14.196  -39.475  50.379 0.0000000000
45794  -15.200  -40.317  50.383 0.0000000000
49309  -18.265  -38.297  49.055 0.0000000000
49308  -17.125  -38.226  48.872 0.0000000000
48095  -18.382  -39.204  50.793 0.0000000000
50565  -22.233  -36.602  48.724 0.0000000000
51774  -22.648  -36.080  48.312 0.0000000000
51775  -23.367  -35.421  48.204 0.0000000000
51758  -24.004  -35.452  49.425 0.0000000000
57398  -35.073  -30.793  47.308 0.0000000000
55091  -35.458  -32.408  48.359 0.0000000000
58537  -18.487  -29.300  47.416 0.0000000000
56200  -18.321  -31.263  47.111 0.0000000000
53995  -18.456  -33.639  46.285 0.0000000000
51817  -18.951  -35.404  46.641 0.0000000000
52919  -19.761  -34.522  45.990 0.0000000000
50572  -21.307  -36.895  46.961 0.0000000000
59744  -31.092  -28.798  48.273 0.0000000000
61016  -30.531  -28.024  48.306 0.0000000000
56203  -31.145  -30.808  48.021 0.0000000000
58541  -31.239  -29.421  47.915 0.0000000000
79896  -38.193  -12.430  33.792 0.0000000000
78634  -39.227  -12.927  33.230 0.0000000000
81206  -38.996  -11.554  33.342 0.0000000000
81217  -40.339  -11.613  32.300 0.0000000000
82397  -41.538  -10.663  31.664 0.0000000000
84759  -45.274  -8.844  31.399 0.0000000000
84768  -46.828  -9.350  30.372 0.0000000000
83571  -47.145  -9.892  29.991 0.0000000000
82419  -48.673  -11.042  29.905 0.0000000000
81251  -49.792  -11.379  30.518 0.0000000000
81261  -49.786  -10.927  29.790 0.0000000000
82435  -50.654  -10.094  28.802 0.0000000000
83595  -51.319  -9.010  27.769 0.0000000000
85997  -50.013  -7.989  26.960 0.0000000000
87141  -48.397  -6.702  26.718 0.0000000000
44605  -14.020  -42.097  52.200 0.0000000000
44604  -12.948  -42.061  51.791 0.0000000000
43454  -14.088  -42.606  53.060 0.0000000000
63643  -29.350  -26.121  45.518 0.0000000000
63644  -30.516  -26.333  45.155 0.0000000000
63677  -29.422  -25.184  43.619 0.0000000000
63693  -30.017  -25.059  43.046 0.0000000000
65018  -30.241  -24.256  41.284 0.0000000000
71289  -30.589  -19.416  39.974 0.0000000000
72656  -31.146  -18.229  39.185 0.0000000000
72666  -31.496  -19.296  38.024 0.0000000000
71318  -32.202  -19.687  37.606 0.0000000000
71319  -33.477  -20.019  37.451 0.0000000000
72687  -33.300  -18.396  36.737 0.0000000000
73933  -33.660  -17.348  36.403 0.0000000000
75012  -33.806  -16.460  36.314 0.0000000000
76163  -34.603  -15.040  35.476 0.0000000000
76151  -33.965  -14.951  36.468 0.0000000000
52942  -26.740  -34.698  45.292 0.0000000000
52924  -26.282  -35.245  46.002 0.0000000000
51823  -27.645  -35.350  46.636 0.0000000000
49297  -14.983  -37.789  50.134 0.0000000000
46976  -15.617  -38.825  49.607 0.0000000000
42322  -9.688  -43.464  54.343 0.0000000000
44555  -9.613  -41.735  54.706 0.0000000000
43404  -9.153  -42.975  55.240 0.0000000000
43391  -8.978  -42.752  55.807 0.0000000000
42276  -8.362  -43.291  56.487 0.0000000000
64949  -37.077  -25.464  44.473 0.0000000000
54003  -31.184  -33.364  46.262 0.0000000000
52906  -30.950  -34.040  47.221 0.0000000000
55049  -16.800  -32.288  50.582 0.0000000000
52853  -16.734  -33.522  49.665 0.0000000000
51754  -16.347  -35.527  49.265 0.0000000000
52879  -16.673  -35.174  48.481 0.0000000000
50563  -17.654  -36.737  47.896 0.0000000000
49320  -18.786  -37.624  48.080 0.0000000000
50570  -19.227  -36.649  47.150 0.0000000000
49321  -20.199  -37.817  48.356 0.0000000000
49298  -19.970  -38.463  50.685 0.0000000000
92755  -51.541  -1.579  23.978 0.0000000000
59728  -34.367  -28.255  47.751 0.0000000000
61000  -34.859  -28.089  48.116 0.0000000000
61018  -33.382  -27.565  47.441 0.0000000000
62307  -32.565  -27.229  47.335 0.0000000000
62329  -30.618  -26.705  47.249 0.0000000000
62305  -30.125  -27.067  48.114 0.0000000000
62328  -29.538  -26.684  47.437 0.0000000000
63629  -29.033  -26.261  46.307 0.0000000000
64938  -28.397  -24.785  45.829 0.0000000000
55131  -21.228  -32.239  44.919 0.0000000000
54014  -21.881  -33.149  45.313 0.0000000000
55132  -22.279  -32.385  44.832 0.0000000000
56226  -23.701  -31.936  44.152 0.0000000000
55151  -24.436  -32.335  43.818 0.0000000000
59809  -24.161  -28.736  43.701 0.0000000000
56268  -25.307  -30.709  43.426 0.0000000000
54034  -25.751  -33.424  43.931 0.0000000000
54036  -27.733  -33.247  44.339 0.0000000000
54037  -28.510  -33.198  44.576 0.0000000000
55136  -29.750  -32.929  44.848 0.0000000000
57426  -28.246  -30.174  45.578 0.0000000000
57446  -29.220  -31.178  44.763 0.0000000000
56251  -30.129  -31.963  44.763 0.0000000000
54023  -30.683  -33.061  45.561 0.0000000000
55121  -31.830  -32.809  45.982 0.0000000000
55140  -32.710  -32.124  45.949 0.0000000000
56216  -33.748  -31.821  46.306 0.0000000000
57413  -31.946  -30.320  45.867 0.0000000000
57414  -33.037  -30.239  45.679 0.0000000000
57416  -34.617  -30.888  46.544 0.0000000000
58555  -34.531  -30.034  46.693 0.0000000000
59747  -34.500  -28.730  47.599 0.0000000000
57407  -19.814  -30.253  44.917 0.0000000000
78621  -40.070  -13.989  33.594 0.0000000000
84724  -41.812  -8.670  33.625 0.0000000000
83551  -42.113  -9.473  31.874 0.0000000000
82405  -43.088  -10.625  31.312 0.0000000000
83560  -44.320  -9.804  31.006 0.0000000000
82406  -43.964  -10.657  31.113 0.0000000000
81221  -44.273  -12.108  31.927 0.0000000000
79939  -45.911  -12.556  32.751 0.0000000000
89264  -50.919  -4.894  25.834 0.0000000000
90390  -50.368  -3.740  24.832 0.0000000000
91569  -49.546  -2.138  24.840 0.0000000000
45721  -11.708  -40.065  53.841 0.0000000000
44585  -11.006  -41.713  53.151 0.0000000000
43471  -11.666  -42.479  52.526 0.0000000000
43451  -11.112  -43.018  52.916 0.0000000000
43450  -10.543  -43.394  53.537 0.0000000000
42323  -10.427  -44.224  54.294 0.0000000000
62309  -34.996  -27.401  47.906 0.0000000000
62332  -34.410  -26.878  47.097 0.0000000000
63614  -35.088  -26.503  46.467 0.0000000000
63646  -32.417  -26.220  44.976 0.0000000000
63647  -33.356  -25.945  44.999 0.0000000000
63649  -35.263  -25.811  45.031 0.0000000000
63666  -35.687  -25.693  44.278 0.0000000000
64964  -35.387  -25.277  43.665 0.0000000000
66197  -35.698  -24.338  42.364 0.0000000000
67407  -29.741  -22.814  41.474 0.0000000000
67438  -30.269  -23.576  40.394 0.0000000000
69966  -30.428  -20.896  39.272 0.0000000000
67455  -31.010  -22.722  38.945 0.0000000000
66238  -31.909  -24.446  39.699 0.0000000000
66224  -34.064  -24.277  40.440 0.0000000000
66212  -35.447  -24.006  41.497 0.0000000000
71321  -35.544  -20.248  37.525 0.0000000000
69987  -36.743  -20.554  38.351 0.0000000000
75016  -38.546  -17.324  36.291 0.0000000000
76166  -37.871  -15.747  35.275 0.0000000000
77408  -37.548  -14.193  34.423 0.0000000000
77385  -35.147  -14.208  35.196 0.0000000000
78617  -36.273  -13.533  34.623 0.0000000000
79895  -37.393  -12.222  34.464 0.0000000000
81187  -37.470  -11.396  34.939 0.0000000000
82350  -38.736  -10.299  35.655 0.0000000000
53999  -23.415  -34.103  46.063 0.0000000000
52883  -24.229  -35.328  47.877 0.0000000000
51778  -26.010  -36.061  48.086 0.0000000000
46935  -12.990  -39.077  52.105 0.0000000000
48080  -13.985  -38.379  51.010 0.0000000000
48079  -13.581  -38.909  51.025 0.0000000000
45775  -13.330  -40.598  51.122 0.0000000000
44622  -14.507  -41.598  51.669 0.0000000000
50552  -16.091  -36.555  49.313 0.0000000000
48103  -16.584  -38.711  49.234 0.0000000000
46953  -16.670  -40.158  50.468 0.0000000000
40018  -8.660  -45.354  56.110 0.0000000000
41146  -8.100  -44.286  56.347 0.0000000000
42260  -8.148  -43.007  56.859 0.0000000000
53997  -21.392  -33.771  45.700 0.0000000000
52921  -21.947  -34.404  46.319 0.0000000000
59715  -36.073  -29.157  48.820 0.0000000000
55130  -20.259  -32.114  45.064 0.0000000000
52920  -21.092  -34.574  46.134 0.0000000000
82366  -40.127  -9.456  35.420 0.0000000000
82375  -39.759  -9.725  34.283 0.0000000000
83522  -40.466  -9.183  35.270 0.0000000000
85994  -48.060  -7.576  28.374 0.0000000000
54001  -29.746  -33.875  45.780 0.0000000000
52928  -29.950  -34.301  46.415 0.0000000000
52905  -30.303  -34.615  47.110 0.0000000000
51716  -16.212  -34.727  50.862 0.0000000000
91570  -50.437  -2.198  24.452 0.0000000000
91571  -51.418  -2.423  24.043 0.0000000000
63616  -37.173  -26.373  46.524 0.0000000000
56204  -34.209  -32.068  46.818 0.0000000000
55113  -34.362  -32.455  47.304 0.0000000000
56180  -17.641  -31.296  48.351 0.0000000000
55083  -17.229  -32.650  48.378 0.0000000000
55107  -17.369  -33.182  47.513 0.0000000000
53981  -17.713  -34.122  47.121 0.0000000000
59792  -22.008  -28.301  44.242 0.0000000000
58581  -26.594  -29.219  45.374 0.0000000000
58593  -26.345  -29.255  44.318 0.0000000000
59759  -32.260  -28.611  47.011 0.0000000000
77409  -38.635  -14.336  34.338 0.0000000000
79937  -43.967  -12.675  32.656 0.0000000000
85947  -43.986  -8.010  32.566 0.0000000000
85946  -43.555  -8.239  32.717 0.0000000000
84749  -44.563  -8.351  31.974 0.0000000000
81248  -46.682  -11.465  30.765 0.0000000000
81240  -48.556  -12.294  31.686 0.0000000000
79949  -47.938  -12.388  31.861 0.0000000000
89271  -48.013  -4.167  25.658 0.0000000000
45755  -12.795  -40.025  51.608 0.0000000000
45754  -12.273  -40.619  51.886 0.0000000000
62346  -31.062  -26.407  46.283 0.0000000000
62347  -32.264  -26.577  46.321 0.0000000000
63630  -31.124  -26.380  45.576 0.0000000000
65007  -32.857  -24.889  41.180 0.0000000000
68680  -32.865  -21.711  38.063 0.0000000000
67458  -34.193  -22.554  38.706 0.0000000000
68681  -33.873  -21.513  38.011 0.0000000000
68668  -34.517  -21.991  38.449 0.0000000000
73947  -36.108  -17.351  35.457 0.0000000000
75026  -36.452  -16.885  35.308 0.0000000000
75025  -35.442  -16.673  35.449 0.0000000000
52940  -24.685  -34.551  45.615 0.0000000000
52941  -25.666  -34.733  45.346 0.0000000000
45778  -16.164  -40.740  50.768 0.0000000000
44570  -10.422  -41.054  54.258 0.0000000000
62310  -36.185  -27.432  47.854 0.0000000000
50573  -22.120  -36.742  47.765 0.0000000000
51756  -22.547  -36.412  49.673 0.0000000000
52899  -22.744  -34.903  47.015 0.0000000000
56185  -35.450  -31.734  47.785 0.0000000000
58548  -18.859  -29.277  46.621 0.0000000000
60998  -30.575  -27.994  49.895 0.0000000000
81188  -38.061  -11.344  34.279 0.0000000000
81205  -38.508  -11.786  33.691 0.0000000000
81189  -38.577  -11.195  33.817 0.0000000000
82396  -40.797  -10.647  32.259 0.0000000000
84760  -46.442  -8.840  31.077 0.0000000000
83576  -47.804  -9.790  29.552 0.0000000000
82418  -47.947  -10.758  29.845 0.0000000000
82426  -48.898  -10.558  29.460 0.0000000000
81260  -49.171  -11.166  29.974 0.0000000000
84782  -49.601  -9.077  28.096 0.0000000000
82434  -50.138  -9.970  28.639 0.0000000000
83586  -50.409  -9.679  28.377 0.0000000000
83594  -50.609  -9.231  27.885 0.0000000000
84791  -50.711  -8.565  27.348 0.0000000000
87135  -48.101  -7.162  27.366 0.0000000000
86008  -48.653  -7.457  27.120 0.0000000000
63658  -28.746  -25.215  44.924 0.0000000000
63660  -29.849  -25.959  44.363 0.0000000000
63676  -28.901  -24.996  44.012 0.0000000000
66194  -29.299  -23.413  43.343 0.0000000000
63692  -29.607  -24.702  43.200 0.0000000000
64991  -29.584  -24.311  42.716 0.0000000000
64992  -30.361  -24.890  42.371 0.0000000000
65004  -29.938  -24.222  41.888 0.0000000000
72667  -31.753  -18.503  38.024 0.0000000000
71343  -32.274  -18.927  37.481 0.0000000000
71344  -32.925  -19.140  37.245 0.0000000000
72686  -32.440  -18.388  37.259 0.0000000000
74998  -33.020  -16.612  36.977 0.0000000000
73921  -32.972  -17.408  36.808 0.0000000000
75011  -33.352  -16.952  36.611 0.0000000000
77351  -34.371  -13.849  37.439 0.0000000000
52943  -27.705  -34.536  45.404 0.0000000000
52925  -27.250  -35.040  46.036 0.0000000000
52926  -28.212  -34.852  46.221 0.0000000000
51802  -29.062  -35.459  47.511 0.0000000000
51781  -28.749  -35.734  47.854 0.0000000000
50537  -15.423  -37.077  50.102 0.0000000000
49306  -15.477  -37.776  49.551 0.0000000000
48093  -15.254  -38.435  49.713 0.0000000000
48102  -15.829  -38.446  49.386 0.0000000000
42308  -9.546  -43.970  54.927 0.0000000000
43418  -9.376  -42.860  54.642 0.0000000000
41148  -8.935  -44.792  55.806 0.0000000000
42277  -8.679  -43.615  56.059 0.0000000000
63651  -37.163  -25.860  45.091 0.0000000000
54004  -31.923  -33.178  46.505 0.0000000000
53986  -31.660  -33.582  47.110 0.0000000000
53941  -16.871  -33.214  50.291 0.0000000000
52866  -16.481  -33.825  48.965 0.0000000000
52865  -16.389  -34.795  49.078 0.0000000000
51773  -17.747  -35.800  47.617 0.0000000000
51793  -19.527  -36.026  46.747 0.0000000000
49311  -20.980  -38.111  49.292 0.0000000000
49310  -19.683  -38.386  49.450 0.0000000000
60999  -34.077  -27.901  47.665 0.0000000000
61015  -29.915  -27.447  48.629 0.0000000000
62284  -29.550  -27.146  48.709 0.0000000000
62326  -28.094  -26.295  47.597 0.0000000000
62343  -28.347  -26.278  47.097 0.0000000000
62344  -28.888  -26.423  46.858 0.0000000000
63628  -28.368  -25.807  46.501 0.0000000000
56224  -21.561  -31.376  44.542 0.0000000000
57441  -23.005  -30.197  43.828 0.0000000000
56243  -22.886  -30.830  43.969 0.0000000000
56244  -23.414  -31.043  43.872 0.0000000000
56245  -24.462  -31.486  43.652 0.0000000000
56269  -26.163  -30.696  43.525 0.0000000000
56246  -25.683  -31.579  43.509 0.0000000000
55153  -26.262  -32.497  43.618 0.0000000000
54035  -26.775  -33.333  44.095 0.0000000000
55154  -27.335  -32.406  43.877 0.0000000000
55155  -28.238  -32.438  44.283 0.0000000000
54021  -29.163  -33.633  45.129 0.0000000000
57394  -29.294  -30.708  47.535 0.0000000000
57410  -28.752  -30.568  46.532 0.0000000000
57427  -29.061  -30.672  45.436 0.0000000000
57428  -29.635  -31.131  45.240 0.0000000000
56229  -30.640  -31.679  45.215 0.0000000000
55137  -30.384  -32.542  45.026 0.0000000000
56231  -32.559  -31.545  45.692 0.0000000000
56232  -33.163  -31.732  45.923 0.0000000000
57430  -33.153  -31.103  45.664 0.0000000000
58567  -33.181  -29.396  46.007 0.0000000000
58568  -33.979  -29.858  45.966 0.0000000000
58569  -34.342  -30.390  46.230 0.0000000000
59729  -34.875  -28.862  48.203 0.0000000000
58578  -20.303  -29.316  44.719 0.0000000000
58563  -19.664  -29.206  45.517 0.0000000000
56223  -20.472  -31.321  44.697 0.0000000000
76153  -39.010  -16.466  36.102 0.0000000000
77390  -40.677  -14.849  35.013 0.0000000000
77371  -40.592  -15.636  36.014 0.0000000000
78635  -39.743  -13.240  33.137 0.0000000000
78636  -40.611  -13.667  33.097 0.0000000000
84715  -41.748  -8.453  34.655 0.0000000000
83531  -41.018  -8.910  34.261 0.0000000000
83552  -42.736  -9.272  31.722 0.0000000000
84747  -42.400  -8.985  32.240 0.0000000000
83558  -42.555  -9.919  31.477 0.0000000000
82404  -42.291  -10.655  31.415 0.0000000000
83562  -45.684  -9.326  30.837 0.0000000000
83561  -44.999  -9.440  30.929 0.0000000000
81237  -45.506  -11.656  31.179 0.0000000000
82407  -44.942  -10.790  30.721 0.0000000000
81236  -44.553  -11.545  31.255 0.0000000000
81222  -45.203  -12.099  31.955 0.0000000000
79921  -47.870  -13.023  33.361 0.0000000000
81252  -50.522  -11.059  30.269 0.0000000000
86011  -51.252  -7.077  26.308 0.0000000000
87144  -51.475  -6.152  26.299 0.0000000000
90388  -48.223  -3.316  25.332 0.0000000000
89273  -50.019  -4.405  25.359 0.0000000000
90389  -49.280  -3.351  24.855 0.0000000000
90401  -49.489  -2.756  24.734 0.0000000000
45738  -11.867  -40.510  52.836 0.0000000000
45737  -11.431  -40.790  53.321 0.0000000000
43453  -13.272  -43.190  53.268 0.0000000000
43472  -12.499  -42.594  52.369 0.0000000000
43452  -12.151  -43.251  52.838 0.0000000000
42343  -11.776  -43.854  53.372 0.0000000000
42342  -11.029  -43.825  53.553 0.0000000000
61019  -34.221  -27.617  47.686 0.0000000000
63613  -34.061  -26.468  46.361 0.0000000000
63633  -33.758  -26.019  45.761 0.0000000000
63661  -30.907  -26.088  44.268 0.0000000000
63645  -31.470  -26.417  44.946 0.0000000000
63662  -31.901  -25.943  44.251 0.0000000000
63681  -33.223  -25.774  43.560 0.0000000000
63663  -32.876  -25.893  44.224 0.0000000000
63648  -34.315  -25.860  45.007 0.0000000000
63665  -34.874  -25.742  44.265 0.0000000000
64981  -34.842  -24.839  42.908 0.0000000000
64982  -35.808  -24.751  43.127 0.0000000000
67421  -29.669  -22.230  40.884 0.0000000000
67420  -29.967  -23.178  40.808 0.0000000000
67439  -30.285  -23.057  39.992 0.0000000000
67456  -32.243  -22.884  38.626 0.0000000000
67472  -31.108  -22.080  38.711 0.0000000000
66255  -32.093  -23.703  39.080 0.0000000000
66254  -31.119  -23.740  39.419 0.0000000000
66223  -33.369  -24.728  40.471 0.0000000000
66239  -33.118  -24.217  39.734 0.0000000000
66241  -35.035  -23.180  39.876 0.0000000000
66225  -35.049  -23.768  40.544 0.0000000000
66226  -35.985  -23.581  40.900 0.0000000000
68670  -36.166  -21.736  39.320 0.0000000000
71345  -33.930  -19.420  36.996 0.0000000000
71320  -34.562  -20.219  37.423 0.0000000000
71346  -34.973  -19.694  36.868 0.0000000000
71322  -36.401  -20.069  37.757 0.0000000000
73937  -37.652  -18.154  36.219 0.0000000000
72692  -38.629  -19.239  36.883 0.0000000000
73922  -38.257  -18.632  36.563 0.0000000000
76165  -36.788  -15.767  35.086 0.0000000000
77387  -37.191  -14.909  34.852 0.0000000000
77384  -34.517  -14.409  35.866 0.0000000000
79881  -36.287  -11.848  35.564 0.0000000000
78597  -35.852  -13.041  35.149 0.0000000000
78598  -36.395  -12.561  35.000 0.0000000000
78618  -36.839  -13.163  34.635 0.0000000000
79894  -36.767  -12.305  34.936 0.0000000000
81162  -38.177  -10.578  36.461 0.0000000000
54015  -22.904  -33.358  45.388 0.0000000000
52922  -24.400  -34.721  46.338 0.0000000000
53985  -24.129  -34.671  46.606 0.0000000000
52901  -24.319  -35.122  47.131 0.0000000000
51777  -24.828  -35.809  48.036 0.0000000000
51822  -26.853  -35.594  46.585 0.0000000000
51799  -26.449  -35.939  47.267 0.0000000000
51779  -27.026  -36.064  48.036 0.0000000000
52885  -30.672  -34.955  48.004 0.0000000000
49284  -14.782  -37.346  51.058 0.0000000000
49272  -14.792  -37.170  52.381 0.0000000000
49283  -14.437  -37.958  50.636 0.0000000000
46952  -13.713  -39.036  50.768 0.0000000000
46964  -13.768  -40.149  50.694 0.0000000000
45792  -13.881  -40.591  50.844 0.0000000000
45776  -14.143  -41.032  51.104 0.0000000000
51771  -16.559  -35.984  48.797 0.0000000000
49318  -16.660  -37.386  48.664 0.0000000000
48104  -17.632  -39.051  49.699 0.0000000000
46978  -16.756  -39.294  49.618 0.0000000000
46968  -17.108  -39.663  50.147 0.0000000000
92749  -51.537  -0.910  24.114 0.0000000000
40017  -8.232  -45.188  56.197 0.0000000000
41131  -8.136  -43.688  56.616 0.0000000000
41130  -7.902  -43.499  56.833 0.0000000000
55120  -19.460  -32.141  45.394 0.0000000000
53996  -19.941  -33.338  45.597 0.0000000000
60979  -30.335  -28.234  50.484 0.0000000000
82374  -39.013  -10.560  33.864 0.0000000000
83542  -40.428  -9.488  33.730 0.0000000000
84769  -47.463  -8.911  30.064 0.0000000000
83577  -48.477  -9.677  29.249 0.0000000000
83578  -49.149  -9.915  28.976 0.0000000000
83584  -48.926  -9.306  28.821 0.0000000000
84789  -49.159  -8.259  27.802 0.0000000000
85995  -48.500  -7.792  27.870 0.0000000000
64977  -29.067  -24.503  43.805 0.0000000000
66175  -29.160  -23.909  44.064 0.0000000000
74981  -32.248  -16.942  38.259 0.0000000000
74982  -32.633  -16.478  37.971 0.0000000000
76138  -33.824  -14.602  38.119 0.0000000000
52904  -29.416  -34.977  47.071 0.0000000000
90391  -51.212  -3.967  24.794 0.0000000000
90392  -51.661  -4.132  24.778 0.0000000000
41164  -10.006  -45.140  55.490 0.0000000000
41163  -9.498  -44.834  55.536 0.0000000000
40029  -9.480  -45.373  55.946 0.0000000000
55111  -32.944  -32.894  46.796 0.0000000000
53988  -32.936  -33.118  47.405 0.0000000000
53968  -33.290  -33.173  47.999 0.0000000000
55067  -34.388  -32.950  48.371 0.0000000000
57375  -18.193  -30.278  47.875 0.0000000000
56161  -17.541  -30.931  49.092 0.0000000000
57357  -17.471  -30.715  49.441 0.0000000000
56179  -17.345  -31.975  48.826 0.0000000000
49322  -21.258  -37.657  48.428 0.0000000000
58579  -21.097  -29.452  44.200 0.0000000000
57423  -21.801  -30.404  44.103 0.0000000000
58589  -21.816  -29.356  43.879 0.0000000000
58591  -23.387  -29.402  43.664 0.0000000000
59795  -25.358  -28.496  44.477 0.0000000000
57468  -26.487  -29.996  43.769 0.0000000000
56270  -26.766  -30.527  43.742 0.0000000000
56249  -28.762  -31.701  44.439 0.0000000000
56201  -29.810  -30.831  48.084 0.0000000000
57395  -29.887  -30.811  47.307 0.0000000000
58552  -31.724  -29.171  47.134 0.0000000000
57397  -32.352  -29.622  46.030 0.0000000000
76168  -39.532  -15.671  35.730 0.0000000000
79934  -40.937  -12.522  32.214 0.0000000000
79915  -41.257  -13.344  32.700 0.0000000000
84726  -43.267  -8.088  33.533 0.0000000000
84739  -43.214  -8.336  33.084 0.0000000000
84748  -43.407  -8.628  32.038 0.0000000000
84757  -43.860  -9.248  31.432 0.0000000000
82417  -46.911  -10.731  30.302 0.0000000000
82416  -45.878  -10.726  30.520 0.0000000000
81238  -46.409  -11.868  31.328 0.0000000000
81224  -46.869  -12.280  31.908 0.0000000000
79941  -47.666  -12.546  32.262 0.0000000000
87142  -49.406  -6.492  26.304 0.0000000000
88223  -49.680  -5.558  26.027 0.0000000000
88233  -49.535  -4.886  25.666 0.0000000000
89263  -50.170  -5.047  25.815 0.0000000000
41196  -11.382  -44.779  54.718 0.0000000000
62348  -32.893  -26.558  46.261 0.0000000000
63632  -32.854  -26.299  45.760 0.0000000000
63695  -31.715  -25.651  42.842 0.0000000000
64979  -33.033  -25.648  43.078 0.0000000000
64980  -33.762  -25.449  43.068 0.0000000000
68641  -29.868  -20.983  41.306 0.0000000000
71317  -31.228  -19.951  38.117 0.0000000000
69981  -30.979  -20.957  38.436 0.0000000000
68679  -31.797  -21.635  38.236 0.0000000000
67474  -32.354  -22.230  38.370 0.0000000000
66257  -33.902  -23.029  39.043 0.0000000000
67440  -34.636  -22.899  39.292 0.0000000000
67441  -35.452  -22.558  39.536 0.0000000000
68669  -35.472  -21.726  38.841 0.0000000000
69967  -35.833  -21.217  38.445 0.0000000000
72689  -35.463  -19.013  36.530 0.0000000000
72690  -36.444  -19.123  36.628 0.0000000000
72711  -36.858  -18.553  36.262 0.0000000000
75015  -37.286  -17.363  35.705 0.0000000000
75014  -36.785  -17.343  35.534 0.0000000000
78581  -35.003  -13.155  36.228 0.0000000000
81177  -37.181  -11.098  35.767 0.0000000000
54016  -23.906  -33.841  45.298 0.0000000000
52939  -24.213  -34.393  45.881 0.0000000000
52902  -24.911  -35.455  46.958 0.0000000000
48092  -14.584  -38.432  50.188 0.0000000000
45777  -15.260  -41.194  51.266 0.0000000000
49319  -17.527  -37.563  48.376 0.0000000000
62333  -35.562  -26.896  47.233 0.0000000000
50553  -22.000  -36.826  49.276 0.0000000000
51757  -23.233  -35.810  49.499 0.0000000000
55090  -34.852  -32.554  47.863 0.0000000000
57390  -18.619  -30.238  46.835 0.0000000000
53994  -18.351  -34.375  46.601 0.0000000000
52918  -18.897  -34.737  46.345 0.0000000000
51818  -19.713  -35.343  46.406 0.0000000000
51794  -20.552  -36.057  46.586 0.0000000000
49323  -21.905  -37.147  48.531 0.0000000000
60997  -29.670  -27.500  49.432 0.0000000000
56183  -30.544  -30.997  48.556 0.0000000000
57380  -31.094  -30.116  48.577 0.0000000000
58525  -31.141  -29.441  49.088 0.0000000000
78620  -38.984  -13.475  33.597 0.0000000000
79912  -38.855  -12.445  33.390 0.0000000000
79913  -39.437  -12.425  33.059 0.0000000000
82388  -39.310  -10.996  33.199 0.0000000000
81207  -39.635  -11.614  32.836 0.0000000000
81218  -41.271  -11.752  31.697 0.0000000000
81233  -42.003  -11.351  31.396 0.0000000000
83570  -46.294  -9.782  30.378 0.0000000000
81241  -49.733  -11.884  31.468 0.0000000000
81262  -50.421  -10.721  29.657 0.0000000000
82427  -49.926  -10.301  29.118 0.0000000000
82428  -50.805  -10.435  29.290 0.0000000000
86009  -49.270  -7.387  26.661 0.0000000000
44621  -13.588  -41.489  51.450 0.0000000000
43473  -13.378  -42.589  52.447 0.0000000000
63678  -30.350  -25.736  43.531 0.0000000000
63694  -30.829  -25.496  42.881 0.0000000000
65005  -30.699  -24.752  41.657 0.0000000000
72649  -30.829  -18.527  40.189 0.0000000000
72648  -30.850  -19.042  39.416 0.0000000000
72655  -31.147  -19.146  38.639 0.0000000000
69984  -34.170  -20.833  37.777 0.0000000000
73920  -32.608  -17.897  36.950 0.0000000000
72707  -33.458  -17.804  36.511 0.0000000000
72708  -34.005  -18.043  36.278 0.0000000000
73934  -34.440  -17.415  36.051 0.0000000000
75013  -34.765  -16.810  35.832 0.0000000000
76152  -34.589  -15.960  35.633 0.0000000000
77368  -34.412  -14.015  36.456 0.0000000000
78565  -34.601  -13.462  36.788 0.0000000000
79860  -35.299  -12.335  37.668 0.0000000000
79861  -35.767  -11.995  38.286 0.0000000000
54018  -26.201  -34.127  44.557 0.0000000000
51800  -27.414  -35.783  47.239 0.0000000000
51801  -28.425  -35.411  47.123 0.0000000000
50518  -15.357  -36.715  50.871 0.0000000000
48096  -19.251  -38.810  50.881 0.0000000000
43419  -9.665  -42.527  54.241 0.0000000000
44554  -9.306  -42.389  55.020 0.0000000000
44536  -9.212  -42.017  55.371 0.0000000000
43390  -8.680  -42.583  56.242 0.0000000000
84716  -42.386  -7.939  34.982 0.0000000000
85914  -43.479  -7.798  33.909 0.0000000000
85933  -44.217  -7.709  33.246 0.0000000000
64966  -37.483  -24.869  44.007 0.0000000000
52886  -31.587  -34.122  48.005 0.0000000000
52852  -16.551  -34.100  50.131 0.0000000000
52851  -16.266  -34.766  49.796 0.0000000000
51755  -16.565  -35.440  48.755 0.0000000000
51772  -16.938  -35.788  48.213 0.0000000000
48106  -19.437  -38.620  50.250 0.0000000000
52917  -18.386  -35.016  46.762 0.0000000000
51792  -18.587  -35.778  47.011 0.0000000000
49329  -19.015  -37.119  47.481 0.0000000000
49330  -19.677  -37.309  47.536 0.0000000000
92748  -50.950  -1.296  24.361 0.0000000000
62304  -29.184  -26.822  48.226 0.0000000000
62345  -29.797  -26.475  46.488 0.0000000000
63642  -28.742  -25.382  45.397 0.0000000000
64947  -28.541  -24.952  45.047 0.0000000000
64923  -28.277  -24.719  47.082 0.0000000000
56225  -22.694  -31.396  44.322 0.0000000000
55135  -24.724  -33.328  43.947 0.0000000000
61053  -23.265  -27.652  44.648 0.0000000000
59808  -23.688  -28.933  43.630 0.0000000000
58608  -24.023  -29.416  43.496 0.0000000000
58609  -24.689  -29.291  43.537 0.0000000000
57465  -24.448  -29.888  43.427 0.0000000000
57443  -24.627  -30.473  43.452 0.0000000000
55152  -25.053  -32.663  43.657 0.0000000000
54019  -27.236  -34.018  44.717 0.0000000000
54020  -28.160  -33.864  44.909 0.0000000000
54022  -30.050  -33.296  45.334 0.0000000000
56250  -29.534  -31.810  44.651 0.0000000000
55157  -29.805  -32.372  44.713 0.0000000000
54002  -30.341  -33.594  46.016 0.0000000000
55122  -32.471  -32.742  46.272 0.0000000000
55123  -33.140  -32.363  46.346 0.0000000000
56217  -34.323  -31.497  46.483 0.0000000000
57415  -33.983  -30.898  45.880 0.0000000000
58543  -34.855  -29.613  47.641 0.0000000000
59764  -19.184  -28.726  46.535 0.0000000000
58562  -19.228  -29.081  46.132 0.0000000000
77370  -39.859  -15.627  35.821 0.0000000000
77411  -40.532  -14.366  34.224 0.0000000000
83543  -41.194  -9.269  33.267 0.0000000000
84737  -41.824  -8.991  32.741 0.0000000000
83550  -41.446  -9.728  32.289 0.0000000000
81234  -42.782  -11.425  31.417 0.0000000000
81235  -43.651  -11.463  31.372 0.0000000000
81220  -43.344  -12.216  31.780 0.0000000000
79938  -44.943  -12.515  32.783 0.0000000000
89274  -51.020  -4.398  25.319 0.0000000000
90402  -49.969  -2.904  24.609 0.0000000000
92739  -49.207  -1.309  25.840 0.0000000000
45720  -11.110  -40.494  53.992 0.0000000000
43470  -11.230  -42.317  52.718 0.0000000000
44584  -10.441  -42.659  53.355 0.0000000000
43434  -9.945  -43.076  53.868 0.0000000000
42309  -10.045  -44.504  54.877 0.0000000000
41195  -10.891  -44.884  54.906 0.0000000000
41180  -10.428  -44.995  55.184 0.0000000000
62285  -35.365  -27.905  48.214 0.0000000000
63634  -34.692  -25.997  45.803 0.0000000000
63635  -35.686  -25.931  45.833 0.0000000000
64965  -36.423  -24.994  43.890 0.0000000000
67408  -29.875  -21.872  42.167 0.0000000000
66222  -29.883  -23.603  41.384 0.0000000000
66236  -30.222  -23.939  40.752 0.0000000000
65019  -30.866  -24.566  40.919 0.0000000000
69954  -30.313  -20.319  40.305 0.0000000000
68666  -30.655  -21.700  38.852 0.0000000000
66237  -30.837  -24.126  40.150 0.0000000000
65020  -31.790  -24.763  40.565 0.0000000000
65008  -33.806  -24.703  41.059 0.0000000000
66211  -34.579  -24.403  41.251 0.0000000000
66198  -36.528  -24.000  42.935 0.0000000000
67423  -36.772  -22.772  40.779 0.0000000000
69985  -35.222  -20.961  38.000 0.0000000000
69986  -36.079  -20.766  38.111 0.0000000000
75017  -39.395  -16.799  36.533 0.0000000000
75028  -38.396  -16.388  35.742 0.0000000000
77406  -35.874  -13.899  34.546 0.0000000000
77407  -36.618  -14.090  34.464 0.0000000000
81178  -37.952  -10.754  35.260 0.0000000000
82364  -38.534  -10.558  34.675 0.0000000000
82351  -39.472  -9.847  35.973 0.0000000000
53983  -23.236  -34.478  46.619 0.0000000000
53984  -23.794  -34.569  46.666 0.0000000000
52882  -23.851  -35.056  47.807 0.0000000000
51776  -24.180  -35.357  48.471 0.0000000000
51821  -25.942  -35.659  46.635 0.0000000000
51820  -25.510  -35.573  46.715 0.0000000000
51798  -25.447  -35.755  47.160 0.0000000000
51761  -26.708  -36.371  48.943 0.0000000000
51760  -25.685  -36.065  49.045 0.0000000000
46936  -13.166  -38.461  52.979 0.0000000000
48081  -14.291  -37.744  51.925 0.0000000000
48069  -13.443  -38.787  51.442 0.0000000000
46951  -13.342  -39.493  51.009 0.0000000000
44623  -15.116  -41.625  51.916 0.0000000000
52864  -16.263  -35.097  49.545 0.0000000000
49307  -16.153  -37.780  49.089 0.0000000000
46977  -16.055  -39.084  49.514 0.0000000000
46967  -16.321  -39.663  49.890 0.0000000000
46954  -17.377  -39.959  50.966 0.0000000000
46937  -16.906  -40.505  51.176 0.0000000000
40019  -9.574  -46.073  56.442 0.0000000000
41129  -7.697  -43.288  56.888 0.0000000000
42259  -7.832  -42.863  56.995 0.0000000000
43433  -9.580  -42.982  54.229 0.0000000000
44602  -11.387  -42.032  52.570 0.0000000000
44620  -12.722  -41.194  51.537 0.0000000000
51816  -18.651  -35.405  46.802 0.0000000000
52900  -23.572  -34.813  47.183 0.0000000000
54033  -25.117  -33.460  43.863 0.0000000000
56227  -24.154  -32.181  43.917 0.0000000000
56228  -29.980  -31.515  44.942 0.0000000000
57424  -22.529  -30.592  43.981 0.0000000000
57431  -33.538  -31.385  45.894 0.0000000000
57447  -29.609  -31.394  44.840 0.0000000000
57466  -25.079  -29.918  43.394 0.0000000000
57467  -25.811  -29.999  43.471 0.0000000000
58592  -25.852  -28.856  44.262 0.0000000000
58610  -25.555  -29.186  43.763 0.0000000000
59791  -21.399  -28.827  44.112 0.0000000000
59793  -23.325  -28.341  44.041 0.0000000000
62353  -30.749  -26.331  45.722 0.0000000000
63659  -28.997  -25.403  44.572 0.0000000000
64961  -28.721  -25.086  44.699 0.0000000000
64978  -29.275  -24.370  43.336 0.0000000000
65021  -32.646  -24.834  40.229 0.0000000000
67473  -31.616  -22.215  38.557 0.0000000000
68656  -35.968  -22.028  39.582 0.0000000000
68667  -33.767  -22.137  38.251 0.0000000000
69955  -30.349  -20.007  41.048 0.0000000000
73946  -35.873  -17.129  35.410 0.0000000000
74964  -32.204  -16.643  38.531 0.0000000000
78580  -34.679  -13.638  36.357 0.0000000000
79950  -48.194  -12.499  32.103 0.0000000000
81247  -45.990  -11.409  30.860 0.0000000000
82415  -45.302  -10.356  30.564 0.0000000000
83557  -41.930  -10.046  31.659 0.0000000000
83568  -44.956  -10.028  30.628 0.0000000000
83593  -49.976  -9.324  28.010 0.0000000000
84746  -41.916  -9.254  32.268 0.0000000000
89262  -48.388  -4.777  25.837 0.0000000000
91561  -49.246  -1.796  25.306 0.0000000000
91568  -49.186  -2.625  24.824 0.0000000000
92746  -49.564  -1.501  25.287 0.0000000000
