#!ascii label  , from subject 3020 vox2ras=TkReg
510
16458  -40.579  -67.242  -6.183 0.0000000000
16531  -49.870  -67.499  -9.168 0.0000000000
20619  -41.495  -63.426  -7.350 0.0000000000
16463  -45.543  -67.700  -6.608 0.0000000000
21709  -45.840  -62.213  -9.320 0.0000000000
19554  -36.580  -64.939  -4.745 0.0000000000
25188  -36.937  -59.263  -6.114 0.0000000000
29714  -36.797  -55.404  -0.874 0.0000000000
24000  -42.181  -60.174  -7.782 0.0000000000
21686  -43.829  -62.585  -8.433 0.0000000000
25253  -44.260  -60.068  -8.334 0.0000000000
21647  -36.290  -62.531  -6.014 0.0000000000
23912  -35.341  -60.856  -3.216 0.0000000000
30786  -41.693  -54.793  1.691 0.0000000000
29739  -40.705  -55.179  -1.599 0.0000000000
15468  -40.251  -67.816  -8.514 0.0000000000
16489  -49.179  -67.604  -7.495 0.0000000000
13482  -45.960  -70.136  -7.781 0.0000000000
12538  -48.077  -70.710  -7.878 0.0000000000
18558  -41.424  -65.498  -5.902 0.0000000000
16460  -42.716  -67.345  -6.415 0.0000000000
19595  -45.831  -64.750  -7.967 0.0000000000
19635  -48.564  -64.049  -9.520 0.0000000000
20587  -38.962  -64.071  -6.102 0.0000000000
22803  -38.792  -61.253  -7.556 0.0000000000
26421  -40.053  -58.703  -6.251 0.0000000000
26287  -35.330  -58.569  -1.770 0.0000000000
27542  -36.579  -57.360  -3.197 0.0000000000
27573  -39.889  -57.350  -3.769 0.0000000000
26345  -43.545  -58.425  -3.652 0.0000000000
15471  -43.487  -68.768  -8.424 0.0000000000
20658  -44.062  -63.874  -9.781 0.0000000000
16527  -45.863  -67.368  -9.115 0.0000000000
15542  -46.161  -68.884  -11.419 0.0000000000
26450  -42.372  -58.809  -7.042 0.0000000000
24001  -43.020  -60.081  -7.961 0.0000000000
16483  -41.242  -67.713  -7.288 0.0000000000
17521  -50.372  -66.736  -7.909 0.0000000000
14452  -49.578  -69.582  -7.275 0.0000000000
14488  -50.029  -69.357  -8.239 0.0000000000
13499  -48.485  -70.076  -8.652 0.0000000000
15473  -48.644  -69.040  -8.670 0.0000000000
19583  -41.447  -64.479  -6.557 0.0000000000
19592  -42.145  -64.168  -7.153 0.0000000000
20637  -44.524  -62.744  -8.555 0.0000000000
20622  -44.746  -63.487  -8.394 0.0000000000
19611  -46.453  -63.995  -8.613 0.0000000000
19597  -47.762  -64.811  -8.219 0.0000000000
20640  -46.964  -63.446  -9.245 0.0000000000
19566  -38.623  -64.747  -5.589 0.0000000000
19565  -37.423  -64.745  -5.266 0.0000000000
22786  -36.212  -61.171  -6.346 0.0000000000
21662  -37.720  -62.305  -6.883 0.0000000000
23995  -37.610  -60.615  -7.256 0.0000000000
25229  -39.196  -59.798  -7.136 0.0000000000
26419  -38.451  -58.983  -6.344 0.0000000000
28608  -35.703  -56.745  -1.078 0.0000000000
27541  -35.861  -57.844  -2.837 0.0000000000
28630  -36.609  -56.725  -2.574 0.0000000000
29769  -41.997  -55.613  -1.915 0.0000000000
28634  -40.309  -56.307  -2.739 0.0000000000
28664  -42.002  -56.903  -3.079 0.0000000000
27594  -41.244  -58.005  -3.879 0.0000000000
16462  -44.532  -67.720  -6.618 0.0000000000
15452  -42.980  -68.199  -7.602 0.0000000000
15453  -44.386  -68.497  -7.323 0.0000000000
13520  -43.246  -70.611  -9.693 0.0000000000
20680  -42.438  -63.504  -9.724 0.0000000000
18618  -44.731  -65.627  -9.468 0.0000000000
15540  -44.301  -68.214  -11.530 0.0000000000
22806  -41.365  -61.524  -8.018 0.0000000000
20620  -42.621  -63.473  -7.704 0.0000000000
22827  -42.295  -61.479  -8.232 0.0000000000
22829  -44.009  -61.256  -8.535 0.0000000000
22830  -44.868  -61.271  -8.793 0.0000000000
20578  -36.355  -64.211  -5.037 0.0000000000
22762  -35.317  -61.695  -4.953 0.0000000000
25186  -35.689  -60.095  -5.490 0.0000000000
30795  -38.617  -54.518  0.315 0.0000000000
30834  -38.206  -54.917  -1.202 0.0000000000
30816  -41.171  -54.539  -0.101 0.0000000000
29717  -42.748  -55.023  -0.564 0.0000000000
29743  -44.406  -55.670  -0.904 0.0000000000
16465  -47.344  -67.682  -6.564 0.0000000000
15455  -46.003  -68.836  -7.046 0.0000000000
14469  -47.956  -69.341  -6.908 0.0000000000
13484  -47.641  -70.191  -7.416 0.0000000000
12555  -45.792  -71.652  -8.620 0.0000000000
11686  -47.018  -72.707  -8.671 0.0000000000
12579  -47.356  -71.465  -9.381 0.0000000000
13551  -46.653  -70.517  -10.364 0.0000000000
17491  -40.969  -66.240  -5.670 0.0000000000
16459  -41.752  -67.277  -6.449 0.0000000000
17502  -43.032  -66.690  -6.054 0.0000000000
18571  -45.050  -66.208  -6.741 0.0000000000
19593  -43.294  -64.460  -7.211 0.0000000000
18579  -45.221  -65.636  -7.174 0.0000000000
17516  -45.981  -66.314  -7.096 0.0000000000
18581  -47.388  -65.676  -7.625 0.0000000000
18583  -49.409  -65.821  -7.908 0.0000000000
19638  -50.274  -64.740  -9.559 0.0000000000
18557  -40.410  -65.521  -5.693 0.0000000000
19567  -39.743  -64.639  -5.915 0.0000000000
20603  -39.608  -63.605  -6.499 0.0000000000
20601  -37.304  -63.146  -6.318 0.0000000000
21663  -38.942  -62.724  -7.065 0.0000000000
21664  -40.027  -62.918  -7.150 0.0000000000
22805  -40.331  -61.343  -7.806 0.0000000000
25231  -41.652  -59.454  -7.376 0.0000000000
26423  -42.107  -58.342  -6.085 0.0000000000
25113  -35.287  -59.792  -2.894 0.0000000000
26341  -35.670  -58.924  -3.867 0.0000000000
26365  -36.573  -58.767  -4.912 0.0000000000
28632  -38.445  -56.444  -2.840 0.0000000000
27571  -37.965  -57.518  -3.920 0.0000000000
26367  -38.618  -58.215  -5.086 0.0000000000
26369  -40.463  -58.087  -4.807 0.0000000000
26396  -41.227  -58.361  -5.360 0.0000000000
15451  -41.948  -68.003  -7.671 0.0000000000
15470  -42.362  -68.397  -8.356 0.0000000000
14465  -44.860  -69.280  -8.024 0.0000000000
14511  -42.937  -69.781  -9.528 0.0000000000
21723  -47.513  -62.859  -9.955 0.0000000000
20686  -49.139  -63.968  -10.338 0.0000000000
17565  -48.465  -65.738  -10.318 0.0000000000
18620  -46.719  -65.674  -10.010 0.0000000000
16529  -47.920  -67.442  -9.215 0.0000000000
15501  -47.119  -68.406  -8.871 0.0000000000
14539  -46.409  -69.647  -9.975 0.0000000000
26424  -43.104  -58.460  -6.591 0.0000000000
26451  -43.397  -58.894  -7.303 0.0000000000
16482  -40.137  -67.495  -7.090 0.0000000000
16507  -50.335  -67.425  -8.756 0.0000000000
15476  -50.151  -68.289  -8.383 0.0000000000
16506  -49.988  -68.041  -8.817 0.0000000000
15474  -48.960  -68.951  -8.576 0.0000000000
15503  -49.279  -68.265  -8.894 0.0000000000
20605  -41.314  -63.866  -6.942 0.0000000000
19591  -41.587  -64.003  -7.020 0.0000000000
20638  -45.351  -62.875  -8.776 0.0000000000
20639  -46.221  -63.065  -9.167 0.0000000000
18549  -36.495  -65.895  -3.840 0.0000000000
19555  -37.270  -65.210  -4.894 0.0000000000
18554  -37.622  -65.334  -4.937 0.0000000000
25204  -36.568  -60.183  -6.505 0.0000000000
23975  -36.935  -60.677  -6.904 0.0000000000
25205  -37.377  -59.713  -6.753 0.0000000000
25206  -38.416  -59.447  -6.807 0.0000000000
26418  -37.922  -59.208  -6.506 0.0000000000
30793  -37.035  -54.867  -0.230 0.0000000000
29694  -36.428  -55.233  0.221 0.0000000000
29713  -35.953  -55.686  -0.189 0.0000000000
28588  -35.569  -56.455  -0.103 0.0000000000
28589  -35.933  -56.039  -0.791 0.0000000000
28629  -35.791  -56.929  -1.981 0.0000000000
28609  -36.209  -56.225  -1.582 0.0000000000
28611  -43.151  -55.931  -1.854 0.0000000000
28635  -41.289  -56.284  -2.619 0.0000000000
28665  -42.607  -56.995  -2.864 0.0000000000
27543  -43.214  -57.144  -2.741 0.0000000000
15434  -44.658  -68.209  -6.819 0.0000000000
15435  -45.125  -68.276  -6.787 0.0000000000
17544  -44.290  -66.614  -9.341 0.0000000000
15523  -44.369  -68.375  -10.427 0.0000000000
15539  -43.854  -67.975  -11.327 0.0000000000
24023  -41.893  -60.836  -8.078 0.0000000000
24025  -43.641  -60.490  -8.316 0.0000000000
22828  -43.142  -61.312  -8.370 0.0000000000
24026  -44.544  -60.545  -8.552 0.0000000000
23938  -35.440  -60.696  -5.288 0.0000000000
23928  -35.269  -60.793  -4.317 0.0000000000
30783  -38.855  -54.520  1.220 0.0000000000
30796  -39.549  -54.492  0.497 0.0000000000
30814  -39.311  -54.544  -0.362 0.0000000000
30798  -41.418  -54.584  0.789 0.0000000000
29718  -43.681  -55.267  0.002 0.0000000000
15494  -40.695  -68.311  -9.165 0.0000000000
16488  -48.310  -67.577  -6.898 0.0000000000
15438  -47.659  -68.533  -6.531 0.0000000000
15456  -48.324  -68.550  -6.708 0.0000000000
13486  -49.456  -69.876  -7.462 0.0000000000
13485  -48.516  -69.961  -7.477 0.0000000000
12537  -47.206  -71.023  -7.864 0.0000000000
12556  -46.695  -71.720  -8.438 0.0000000000
11685  -46.234  -72.193  -8.779 0.0000000000
13524  -47.598  -70.615  -9.321 0.0000000000
12580  -47.741  -71.106  -8.882 0.0000000000
13550  -46.980  -71.074  -10.060 0.0000000000
13523  -47.210  -70.956  -9.806 0.0000000000
17492  -41.805  -66.309  -5.738 0.0000000000
17503  -43.986  -66.723  -6.378 0.0000000000
18570  -44.446  -66.022  -6.602 0.0000000000
21685  -43.081  -62.675  -8.192 0.0000000000
20621  -43.788  -63.458  -8.121 0.0000000000
19594  -44.623  -64.428  -7.775 0.0000000000
18580  -46.363  -65.666  -7.515 0.0000000000
17517  -46.913  -66.727  -7.121 0.0000000000
19613  -48.022  -64.258  -9.088 0.0000000000
19598  -48.436  -64.824  -8.493 0.0000000000
18597  -49.064  -65.177  -8.530 0.0000000000
18598  -49.862  -65.209  -8.449 0.0000000000
19637  -49.827  -64.340  -9.444 0.0000000000
20588  -39.528  -64.127  -6.196 0.0000000000
19582  -40.352  -64.226  -6.356 0.0000000000
20585  -36.522  -63.609  -5.578 0.0000000000
20600  -36.690  -62.962  -6.148 0.0000000000
21680  -37.898  -61.738  -7.253 0.0000000000
21681  -38.466  -61.919  -7.381 0.0000000000
21682  -39.523  -62.021  -7.599 0.0000000000
22804  -39.495  -61.112  -7.674 0.0000000000
25208  -39.695  -59.002  -6.539 0.0000000000
25230  -40.296  -59.359  -6.989 0.0000000000
26449  -41.317  -58.786  -6.770 0.0000000000
26422  -40.929  -58.504  -6.114 0.0000000000
25084  -35.315  -59.473  -2.006 0.0000000000
27569  -36.070  -58.217  -3.724 0.0000000000
26342  -36.219  -58.408  -4.137 0.0000000000
27570  -36.770  -57.847  -3.986 0.0000000000
29737  -38.839  -55.298  -1.724 0.0000000000
29764  -37.746  -56.039  -2.377 0.0000000000
29766  -39.572  -55.729  -2.302 0.0000000000
28662  -40.092  -56.860  -3.273 0.0000000000
28661  -39.164  -56.868  -3.342 0.0000000000
27572  -38.957  -57.372  -3.861 0.0000000000
27590  -37.834  -57.990  -4.550 0.0000000000
27591  -38.772  -57.767  -4.481 0.0000000000
26368  -39.539  -58.030  -5.011 0.0000000000
26343  -41.840  -58.250  -3.963 0.0000000000
26370  -41.409  -58.263  -4.503 0.0000000000
26371  -42.373  -58.444  -4.423 0.0000000000
26397  -42.186  -58.363  -5.193 0.0000000000
16484  -42.344  -67.686  -7.063 0.0000000000
15495  -41.735  -68.610  -9.128 0.0000000000
15496  -42.710  -68.954  -9.134 0.0000000000
14467  -46.268  -69.225  -7.224 0.0000000000
14466  -45.423  -69.292  -7.629 0.0000000000
14485  -45.301  -69.954  -8.225 0.0000000000
14512  -43.649  -70.043  -9.327 0.0000000000
21722  -47.060  -62.474  -9.897 0.0000000000
22868  -46.800  -62.171  -10.062 0.0000000000
19658  -47.669  -64.222  -10.507 0.0000000000
19659  -48.669  -64.318  -10.677 0.0000000000
18635  -48.207  -64.985  -10.594 0.0000000000
17545  -45.344  -66.482  -9.269 0.0000000000
18619  -45.851  -65.495  -9.707 0.0000000000
17546  -46.379  -66.438  -9.519 0.0000000000
17547  -47.534  -66.265  -9.945 0.0000000000
16528  -46.858  -67.372  -9.256 0.0000000000
15500  -46.220  -68.269  -9.052 0.0000000000
14558  -45.850  -69.215  -10.799 0.0000000000
14538  -45.965  -69.368  -10.063 0.0000000000
14559  -46.306  -69.344  -10.871 0.0000000000
25232  -42.755  -59.504  -7.541 0.0000000000
25233  -43.887  -59.574  -7.943 0.0000000000
30787  -42.651  -55.085  1.788 0.0000000000
29662  -43.309  -55.597  2.792 0.0000000000
16504  -40.574  -67.743  -7.800 0.0000000000
15457  -48.876  -68.394  -7.119 0.0000000000
16468  -49.826  -68.262  -7.420 0.0000000000
14471  -50.143  -69.045  -7.684 0.0000000000
12560  -49.948  -70.591  -7.985 0.0000000000
12558  -48.376  -70.627  -8.422 0.0000000000
14518  -49.364  -70.007  -8.478 0.0000000000
14517  -47.810  -69.751  -9.037 0.0000000000
19569  -41.315  -64.971  -6.150 0.0000000000
19584  -42.580  -64.780  -6.613 0.0000000000
19585  -43.166  -64.940  -6.626 0.0000000000
19610  -45.529  -63.787  -8.483 0.0000000000
19596  -46.849  -64.839  -8.105 0.0000000000
19612  -47.275  -64.144  -8.756 0.0000000000
20641  -47.527  -63.659  -9.353 0.0000000000
20586  -37.853  -63.985  -5.957 0.0000000000
22772  -36.389  -62.009  -6.268 0.0000000000
21661  -36.828  -62.426  -6.397 0.0000000000
22787  -36.689  -61.540  -6.589 0.0000000000
22788  -37.438  -61.374  -7.130 0.0000000000
22802  -38.056  -61.263  -7.411 0.0000000000
23997  -39.000  -60.516  -7.450 0.0000000000
25228  -38.349  -59.980  -7.235 0.0000000000
25207  -39.216  -59.237  -6.655 0.0000000000
27495  -35.571  -57.378  -0.491 0.0000000000
27517  -35.560  -57.605  -1.487 0.0000000000
29767  -40.515  -55.681  -2.226 0.0000000000
28663  -41.030  -56.934  -3.153 0.0000000000
27574  -40.761  -57.485  -3.605 0.0000000000
27593  -40.585  -57.840  -4.132 0.0000000000
27575  -41.739  -57.676  -3.536 0.0000000000
27576  -42.769  -57.656  -3.251 0.0000000000
26344  -42.569  -58.292  -3.789 0.0000000000
16461  -43.598  -67.406  -6.452 0.0000000000
16485  -43.332  -67.859  -6.896 0.0000000000
16486  -43.955  -67.925  -6.737 0.0000000000
13496  -44.942  -70.551  -8.725 0.0000000000
19631  -42.976  -64.983  -9.624 0.0000000000
19632  -44.072  -64.738  -9.639 0.0000000000
18617  -43.674  -65.749  -9.522 0.0000000000
16526  -44.895  -67.441  -9.226 0.0000000000
15499  -45.398  -68.214  -9.278 0.0000000000
15541  -45.264  -68.849  -11.159 0.0000000000
21683  -40.770  -62.510  -7.591 0.0000000000
21684  -42.028  -62.474  -7.997 0.0000000000
21705  -42.786  -61.999  -8.325 0.0000000000
24024  -42.680  -60.710  -8.188 0.0000000000
21706  -43.513  -61.974  -8.458 0.0000000000
21707  -44.317  -61.977  -8.619 0.0000000000
21708  -45.112  -62.056  -8.885 0.0000000000
20584  -35.762  -63.215  -5.096 0.0000000000
21639  -35.431  -62.708  -4.595 0.0000000000
21646  -35.772  -62.561  -5.417 0.0000000000
22771  -35.861  -61.520  -5.982 0.0000000000
23954  -35.808  -60.489  -5.896 0.0000000000
25187  -36.270  -59.629  -5.809 0.0000000000
30794  -37.725  -54.594  0.072 0.0000000000
30812  -37.519  -54.878  -0.730 0.0000000000
29715  -37.429  -55.157  -1.120 0.0000000000
30813  -38.396  -54.611  -0.528 0.0000000000
30835  -39.087  -54.819  -1.122 0.0000000000
30837  -40.935  -54.705  -0.941 0.0000000000
30799  -42.312  -54.712  0.916 0.0000000000
30817  -42.066  -54.659  0.060 0.0000000000
29741  -42.500  -55.491  -1.545 0.0000000000
29742  -43.468  -55.470  -1.155 0.0000000000
28612  -44.110  -56.089  -1.663 0.0000000000
16464  -46.447  -67.787  -6.558 0.0000000000
15436  -46.112  -68.557  -6.783 0.0000000000
15437  -46.935  -68.439  -6.532 0.0000000000
14450  -46.702  -68.948  -6.837 0.0000000000
14468  -47.137  -69.506  -7.098 0.0000000000
13483  -46.786  -70.248  -7.514 0.0000000000
11687  -47.367  -72.500  -8.925 0.0000000000
9960  -47.238  -73.313  -9.372 0.0000000000
11722  -46.668  -71.994  -9.849 0.0000000000
12637  -46.439  -71.020  -10.836 0.0000000000
17499  -40.663  -66.784  -5.724 0.0000000000
17500  -41.346  -66.842  -5.890 0.0000000000
17501  -42.204  -66.900  -5.932 0.0000000000
18560  -42.782  -66.152  -5.968 0.0000000000
17504  -45.009  -66.826  -6.605 0.0000000000
17515  -45.464  -66.391  -6.818 0.0000000000
17505  -46.016  -67.003  -6.717 0.0000000000
16487  -47.636  -67.159  -6.938 0.0000000000
17518  -47.928  -66.581  -7.321 0.0000000000
18582  -48.427  -65.615  -7.878 0.0000000000
17519  -48.822  -66.716  -7.665 0.0000000000
18584  -50.268  -65.864  -7.937 0.0000000000
18600  -51.002  -66.128  -8.928 0.0000000000
17550  -50.354  -66.606  -9.517 0.0000000000
18556  -39.387  -65.541  -5.440 0.0000000000
19568  -40.791  -64.876  -6.053 0.0000000000
20604  -40.732  -63.563  -6.870 0.0000000000
19564  -36.704  -64.382  -5.174 0.0000000000
20602  -38.399  -63.314  -6.476 0.0000000000
23999  -41.066  -60.408  -7.739 0.0000000000
23998  -39.896  -60.408  -7.498 0.0000000000
26316  -35.386  -58.904  -2.663 0.0000000000
25142  -35.407  -60.019  -3.808 0.0000000000
25166  -35.608  -59.777  -4.815 0.0000000000
25167  -36.031  -59.291  -5.073 0.0000000000
26391  -36.785  -59.091  -5.723 0.0000000000
29735  -36.994  -55.919  -1.979 0.0000000000
29763  -37.202  -56.299  -2.451 0.0000000000
28659  -37.263  -57.153  -3.319 0.0000000000
28633  -39.367  -56.334  -2.815 0.0000000000
28660  -38.224  -56.997  -3.344 0.0000000000
27589  -37.216  -58.275  -4.633 0.0000000000
26366  -37.699  -58.450  -5.144 0.0000000000
26392  -37.492  -58.902  -5.967 0.0000000000
26393  -38.473  -58.613  -5.734 0.0000000000
26394  -39.365  -58.458  -5.627 0.0000000000
26395  -40.265  -58.362  -5.523 0.0000000000
27606  -42.394  -58.301  -5.630 0.0000000000
15469  -41.253  -68.079  -8.124 0.0000000000
15454  -45.568  -68.767  -7.127 0.0000000000
15472  -44.329  -69.089  -8.280 0.0000000000
14484  -44.669  -69.750  -8.570 0.0000000000
14483  -44.016  -69.492  -8.863 0.0000000000
15497  -43.386  -69.354  -9.111 0.0000000000
26452  -44.459  -58.679  -7.603 0.0000000000
24027  -45.358  -60.514  -8.993 0.0000000000
22831  -45.597  -61.354  -9.259 0.0000000000
20659  -46.874  -62.824  -9.592 0.0000000000
20660  -47.361  -63.064  -9.683 0.0000000000
20661  -47.946  -63.522  -9.788 0.0000000000
21741  -47.160  -62.583  -10.186 0.0000000000
20685  -47.993  -63.643  -10.205 0.0000000000
20662  -48.785  -63.815  -9.928 0.0000000000
20687  -49.847  -64.223  -10.177 0.0000000000
18637  -49.863  -65.352  -10.301 0.0000000000
17549  -49.572  -66.724  -9.704 0.0000000000
19633  -45.153  -64.752  -9.808 0.0000000000
18633  -46.491  -65.026  -10.206 0.0000000000
18634  -47.306  -65.133  -10.454 0.0000000000
17564  -47.895  -65.527  -10.411 0.0000000000
17548  -48.651  -66.614  -9.803 0.0000000000
16530  -48.957  -67.490  -9.164 0.0000000000
15502  -48.279  -68.683  -8.766 0.0000000000
14516  -47.084  -69.396  -9.131 0.0000000000
14515  -46.383  -69.113  -9.275 0.0000000000
14540  -46.700  -69.993  -10.052 0.0000000000
9938  -47.609  -73.969  -9.639 0.0000000000
9959  -47.035  -73.587  -9.340 0.0000000000
10828  -47.529  -73.284  -9.352 0.0000000000
10847  -46.826  -72.745  -9.393 0.0000000000
10848  -47.043  -72.756  -9.432 0.0000000000
11672  -47.445  -72.979  -8.701 0.0000000000
11673  -47.705  -73.126  -8.757 0.0000000000
11688  -47.673  -73.006  -9.031 0.0000000000
11703  -47.181  -72.175  -9.410 0.0000000000
11704  -47.185  -72.592  -9.377 0.0000000000
11723  -47.004  -72.379  -9.595 0.0000000000
12539  -48.964  -70.266  -7.928 0.0000000000
12540  -49.709  -70.349  -7.778 0.0000000000
12541  -50.056  -70.367  -7.803 0.0000000000
12559  -49.515  -70.440  -8.162 0.0000000000
12581  -49.698  -70.612  -8.224 0.0000000000
12582  -49.851  -70.717  -8.127 0.0000000000
12611  -46.770  -71.381  -10.121 0.0000000000
12612  -46.652  -70.923  -10.518 0.0000000000
13468  -49.661  -69.816  -7.256 0.0000000000
13469  -49.862  -69.793  -7.229 0.0000000000
13487  -50.094  -69.893  -7.600 0.0000000000
13500  -49.119  -70.176  -8.315 0.0000000000
13501  -50.095  -70.191  -8.098 0.0000000000
13525  -49.592  -70.355  -8.372 0.0000000000
13526  -49.922  -70.569  -8.318 0.0000000000
13552  -46.536  -70.002  -10.690 0.0000000000
14449  -46.387  -68.899  -6.940 0.0000000000
14451  -47.293  -68.976  -6.708 0.0000000000
14453  -49.883  -69.382  -7.298 0.0000000000
14472  -50.213  -68.600  -7.844 0.0000000000
14486  -48.595  -69.391  -8.647 0.0000000000
14487  -49.241  -69.625  -8.430 0.0000000000
14489  -50.231  -68.730  -8.067 0.0000000000
14513  -44.320  -70.278  -9.078 0.0000000000
14519  -49.781  -70.068  -8.495 0.0000000000
14560  -46.598  -69.532  -10.849 0.0000000000
15439  -49.364  -69.094  -7.179 0.0000000000
15440  -49.834  -68.735  -7.348 0.0000000000
15450  -41.486  -67.938  -7.679 0.0000000000
15458  -50.058  -68.416  -7.639 0.0000000000
15459  -50.156  -68.074  -8.040 0.0000000000
15475  -49.647  -68.697  -8.641 0.0000000000
15504  -49.744  -68.167  -8.952 0.0000000000
15522  -43.845  -68.060  -10.884 0.0000000000
15559  -46.580  -68.404  -11.840 0.0000000000
16466  -47.975  -68.073  -6.433 0.0000000000
16467  -49.476  -68.274  -7.340 0.0000000000
16490  -49.969  -67.675  -7.555 0.0000000000
16491  -50.259  -67.483  -8.153 0.0000000000
16505  -41.021  -67.879  -7.710 0.0000000000
16532  -50.383  -67.085  -9.163 0.0000000000
16550  -43.862  -68.022  -10.321 0.0000000000
16564  -43.490  -67.583  -11.274 0.0000000000
16565  -43.862  -67.869  -11.589 0.0000000000
17506  -46.689  -67.318  -6.718 0.0000000000
17520  -49.739  -66.695  -7.639 0.0000000000
17529  -50.645  -66.762  -8.491 0.0000000000
17551  -50.723  -66.748  -9.056 0.0000000000
17566  -49.309  -65.941  -10.181 0.0000000000
17567  -50.062  -66.127  -10.092 0.0000000000
18567  -41.573  -65.049  -6.201 0.0000000000
18585  -50.775  -66.121  -8.292 0.0000000000
18599  -50.559  -65.388  -8.782 0.0000000000
18621  -50.610  -65.645  -9.700 0.0000000000
18622  -50.751  -66.280  -9.327 0.0000000000
18636  -49.057  -65.131  -10.568 0.0000000000
19581  -39.805  -64.155  -6.241 0.0000000000
19614  -48.799  -64.525  -9.038 0.0000000000
19615  -49.497  -64.665  -8.981 0.0000000000
19616  -50.092  -64.762  -8.985 0.0000000000
19634  -45.935  -64.677  -10.113 0.0000000000
19636  -49.196  -64.191  -9.496 0.0000000000
19660  -49.525  -64.574  -10.463 0.0000000000
19661  -50.223  -64.753  -10.159 0.0000000000
20618  -40.892  -63.150  -7.271 0.0000000000
20663  -49.546  -63.983  -9.902 0.0000000000
20664  -50.034  -64.214  -9.822 0.0000000000
20688  -50.183  -64.404  -9.961 0.0000000000
21665  -40.598  -63.052  -7.238 0.0000000000
21721  -46.548  -62.325  -9.656 0.0000000000
21742  -47.695  -63.082  -10.088 0.0000000000
23955  -36.162  -60.355  -6.227 0.0000000000
23973  -36.030  -60.852  -6.231 0.0000000000
23974  -36.398  -60.784  -6.499 0.0000000000
23996  -38.273  -60.621  -7.414 0.0000000000
25227  -37.876  -60.184  -7.256 0.0000000000
26364  -35.914  -59.156  -4.680 0.0000000000
26420  -39.208  -58.789  -6.217 0.0000000000
26448  -40.640  -58.794  -6.561 0.0000000000
27592  -39.716  -57.693  -4.363 0.0000000000
27607  -42.771  -58.288  -5.496 0.0000000000
27623  -42.560  -58.236  -5.793 0.0000000000
28610  -42.710  -55.850  -1.959 0.0000000000
28631  -37.566  -56.598  -2.824 0.0000000000
28636  -42.464  -56.199  -2.365 0.0000000000
29639  -43.652  -56.042  3.218 0.0000000000
29678  -42.911  -55.336  2.396 0.0000000000
29716  -41.840  -54.881  -0.792 0.0000000000
29719  -44.653  -55.673  -0.178 0.0000000000
29736  -37.774  -55.404  -1.631 0.0000000000
29738  -39.787  -55.228  -1.677 0.0000000000
29740  -41.564  -55.252  -1.485 0.0000000000
29765  -38.616  -55.820  -2.334 0.0000000000
29768  -41.429  -55.648  -2.096 0.0000000000
30785  -40.762  -54.582  1.558 0.0000000000
30797  -40.489  -54.511  0.647 0.0000000000
30811  -37.101  -55.029  -0.603 0.0000000000
30815  -40.243  -54.507  -0.232 0.0000000000
30833  -37.717  -55.055  -1.186 0.0000000000
30836  -40.010  -54.752  -1.027 0.0000000000
