#!ascii label  , from subject 3020 vox2ras=TkReg
1132
116858  46.020  23.027  21.499 0.0000000000
121404  49.078  27.462  23.623 0.0000000000
115992  47.337  21.163  31.942 0.0000000000
117699  40.452  22.820  20.704 0.0000000000
116798  41.543  21.955  25.777 0.0000000000
120741  48.477  27.235  17.881 0.0000000000
122107  46.142  29.289  25.219 0.0000000000
125159  46.387  32.944  20.738 0.0000000000
113580  49.427  17.921  28.888 0.0000000000
113593  49.514  18.487  25.871 0.0000000000
118414  49.651  24.792  22.095 0.0000000000
118359  47.788  24.339  27.036 0.0000000000
118337  52.068  24.437  29.399 0.0000000000
115970  46.436  21.771  34.065 0.0000000000
129086  48.147  38.483  18.572 0.0000000000
122201  49.619  29.261  18.224 0.0000000000
115307  44.887  19.911  27.988 0.0000000000
116861  43.524  22.540  21.745 0.0000000000
116065  41.144  21.565  22.945 0.0000000000
116832  43.435  21.983  23.329 0.0000000000
119193  48.207  25.134  20.805 0.0000000000
119184  45.532  25.318  21.969 0.0000000000
124501  44.657  32.182  23.243 0.0000000000
110689  49.532  15.385  26.866 0.0000000000
112603  51.243  17.255  26.758 0.0000000000
109726  52.617  14.636  26.296 0.0000000000
130470  48.481  41.133  15.184 0.0000000000
119948  49.835  26.308  22.805 0.0000000000
118380  49.561  24.131  25.454 0.0000000000
119104  49.516  25.131  26.623 0.0000000000
118316  44.569  23.935  31.982 0.0000000000
118304  47.068  24.294  32.860 0.0000000000
115984  43.723  21.542  33.289 0.0000000000
114435  45.117  19.499  30.956 0.0000000000
123703  48.371  29.596  22.371 0.0000000000
123778  47.431  31.153  18.711 0.0000000000
122173  49.825  27.992  21.142 0.0000000000
119990  51.844  26.068  19.692 0.0000000000
117537  47.351  23.420  30.984 0.0000000000
116756  44.813  22.564  29.234 0.0000000000
115282  45.690  21.392  30.204 0.0000000000
115321  39.523  20.593  25.634 0.0000000000
114492  40.509  19.365  26.581 0.0000000000
122260  49.110  29.715  14.462 0.0000000000
121478  46.920  28.916  17.643 0.0000000000
123649  48.113  29.175  25.788 0.0000000000
119905  47.931  26.673  27.371 0.0000000000
129042  47.624  39.454  24.328 0.0000000000
126990  48.016  36.549  22.332 0.0000000000
124498  46.743  31.269  23.108 0.0000000000
115257  49.206  19.388  31.382 0.0000000000
114452  48.576  20.011  29.110 0.0000000000
113579  50.551  18.728  27.833 0.0000000000
114500  51.464  17.649  25.130 0.0000000000
117681  47.600  23.404  22.150 0.0000000000
117652  46.630  23.334  24.391 0.0000000000
117633  48.329  23.628  25.176 0.0000000000
117588  49.730  23.523  28.410 0.0000000000
117535  49.196  23.542  31.252 0.0000000000
119855  48.929  25.651  30.659 0.0000000000
118287  49.199  24.168  33.788 0.0000000000
115968  48.145  21.661  33.610 0.0000000000
114432  47.994  19.048  31.347 0.0000000000
112589  47.369  17.235  28.319 0.0000000000
129102  46.278  39.249  17.103 0.0000000000
128472  48.828  37.785  15.957 0.0000000000
125180  48.838  33.975  17.427 0.0000000000
123829  50.434  31.540  15.752 0.0000000000
120747  50.082  27.558  17.466 0.0000000000
118464  49.973  24.973  19.210 0.0000000000
117622  44.383  23.470  26.742 0.0000000000
116028  43.200  21.635  27.615 0.0000000000
112610  42.821  17.864  26.158 0.0000000000
113587  47.547  18.764  27.102 0.0000000000
116860  44.537  22.780  21.702 0.0000000000
116848  43.319  21.941  22.305 0.0000000000
116830  45.198  22.358  22.941 0.0000000000
117712  46.539  23.527  21.002 0.0000000000
118431  46.110  24.642  21.352 0.0000000000
117695  44.744  23.648  21.488 0.0000000000
117696  43.711  23.451  21.503 0.0000000000
109720  49.883  14.654  27.526 0.0000000000
109728  51.172  14.851  26.753 0.0000000000
109704  52.582  14.426  28.222 0.0000000000
111633  39.667  16.682  25.070 0.0000000000
120691  49.305  26.848  23.800 0.0000000000
119117  49.266  25.359  25.348 0.0000000000
119902  48.715  26.384  25.697 0.0000000000
116724  42.493  22.594  32.445 0.0000000000
116711  44.053  22.601  33.287 0.0000000000
122884  48.449  28.635  23.307 0.0000000000
122919  48.632  29.307  21.668 0.0000000000
122141  49.296  28.093  22.269 0.0000000000
120704  49.991  26.854  21.907 0.0000000000
116721  47.408  22.895  31.804 0.0000000000
116723  45.909  22.622  30.876 0.0000000000
115993  46.629  21.594  31.508 0.0000000000
117701  38.904  22.612  21.358 0.0000000000
116093  39.708  21.611  21.302 0.0000000000
116052  41.813  21.803  23.754 0.0000000000
116054  40.127  21.386  24.221 0.0000000000
116039  40.978  21.478  25.070 0.0000000000
115314  39.888  20.256  26.190 0.0000000000
116033  41.284  21.204  26.351 0.0000000000
121484  48.602  28.368  16.454 0.0000000000
122233  47.900  29.790  16.116 0.0000000000
121477  47.564  28.175  17.406 0.0000000000
118435  41.839  23.910  21.194 0.0000000000
118437  39.943  23.325  21.207 0.0000000000
122093  47.048  29.012  25.999 0.0000000000
121367  47.280  28.330  26.878 0.0000000000
121382  46.630  28.658  26.538 0.0000000000
122885  45.491  30.838  23.886 0.0000000000
124499  46.064  31.669  23.169 0.0000000000
122869  46.718  29.927  24.265 0.0000000000
123674  47.416  29.747  23.795 0.0000000000
113548  49.497  18.453  30.139 0.0000000000
114450  50.123  19.282  29.442 0.0000000000
112573  50.576  17.892  28.846 0.0000000000
141272  51.911  16.516  25.438 0.0000000000
113583  51.874  17.684  26.332 0.0000000000
141287  52.388  16.658  24.178 0.0000000000
118415  48.897  24.245  22.201 0.0000000000
117666  48.460  23.929  22.905 0.0000000000
117649  48.946  24.143  23.829 0.0000000000
117615  52.105  23.784  26.912 0.0000000000
116784  51.143  22.853  26.550 0.0000000000
116762  51.543  23.185  28.967 0.0000000000
117551  49.992  23.621  30.284 0.0000000000
117550  50.600  23.418  30.603 0.0000000000
119889  47.328  26.652  28.557 0.0000000000
119888  48.257  26.079  28.527 0.0000000000
119856  47.967  25.664  30.495 0.0000000000
116697  46.273  22.624  34.066 0.0000000000
119024  48.439  24.677  33.186 0.0000000000
116688  47.706  22.583  34.311 0.0000000000
116686  48.718  22.954  33.656 0.0000000000
115969  47.650  21.370  34.180 0.0000000000
114401  48.072  19.664  32.322 0.0000000000
115245  46.796  20.653  32.944 0.0000000000
113572  45.182  18.125  29.769 0.0000000000
113571  46.206  18.218  29.803 0.0000000000
129759  47.775  39.082  17.115 0.0000000000
129766  48.207  39.363  16.401 0.0000000000
128461  48.790  37.731  17.115 0.0000000000
125760  46.805  35.291  20.821 0.0000000000
127009  47.525  36.658  20.984 0.0000000000
125773  46.858  34.506  19.762 0.0000000000
122986  48.307  30.109  17.954 0.0000000000
123776  48.286  32.195  17.575 0.0000000000
123794  49.099  31.629  17.304 0.0000000000
124569  49.948  32.970  16.452 0.0000000000
123000  49.967  30.635  16.402 0.0000000000
122222  49.749  29.718  16.370 0.0000000000
121476  50.095  28.726  17.212 0.0000000000
118426  51.128  25.147  21.124 0.0000000000
118462  51.163  24.942  19.108 0.0000000000
117689  49.936  24.262  20.544 0.0000000000
117709  48.808  23.926  20.338 0.0000000000
117619  47.187  24.142  26.102 0.0000000000
117636  45.512  23.652  25.478 0.0000000000
117605  45.957  23.891  27.335 0.0000000000
116022  44.444  21.537  28.774 0.0000000000
116766  43.991  22.183  28.302 0.0000000000
114477  43.909  19.793  27.467 0.0000000000
114478  43.042  19.898  27.256 0.0000000000
113599  44.202  18.602  26.690 0.0000000000
114471  49.460  19.173  27.351 0.0000000000
114463  47.726  19.584  28.311 0.0000000000
114486  48.652  18.716  26.614 0.0000000000
117698  41.544  22.739  20.833 0.0000000000
116092  40.674  21.480  21.160 0.0000000000
116078  42.167  21.784  21.979 0.0000000000
116833  42.629  21.910  23.564 0.0000000000
116815  42.404  22.310  24.492 0.0000000000
119992  48.726  26.272  19.148 0.0000000000
118434  42.884  24.173  21.450 0.0000000000
112598  49.068  17.276  27.656 0.0000000000
112597  50.045  17.357  27.392 0.0000000000
111617  50.619  16.368  26.467 0.0000000000
110699  51.649  15.962  25.869 0.0000000000
119164  50.039  25.400  22.266 0.0000000000
118391  49.335  24.609  24.330 0.0000000000
119130  49.328  25.529  24.091 0.0000000000
118368  50.591  24.641  26.611 0.0000000000
119092  51.203  25.171  27.650 0.0000000000
119059  45.231  24.994  30.750 0.0000000000
119044  46.751  25.120  31.519 0.0000000000
118306  45.515  23.970  32.666 0.0000000000
117512  45.145  23.001  33.485 0.0000000000
115971  45.128  21.909  33.864 0.0000000000
115246  45.564  20.886  32.844 0.0000000000
115261  44.728  20.522  32.254 0.0000000000
113553  44.638  18.791  30.310 0.0000000000
113573  44.158  18.079  29.689 0.0000000000
128443  48.318  38.729  19.343 0.0000000000
123720  47.275  30.958  21.615 0.0000000000
124526  46.692  32.139  20.157 0.0000000000
122936  48.148  29.892  20.816 0.0000000000
122952  48.679  29.234  19.706 0.0000000000
122193  49.454  28.721  19.431 0.0000000000
121462  50.313  28.280  19.056 0.0000000000
120720  50.952  27.122  20.582 0.0000000000
119963  50.672  26.328  21.595 0.0000000000
117573  47.955  23.831  29.159 0.0000000000
117591  46.541  23.883  28.213 0.0000000000
117555  46.329  23.449  29.989 0.0000000000
116012  45.043  21.771  29.602 0.0000000000
115303  45.192  20.379  28.557 0.0000000000
113629  50.378  17.851  24.488 0.0000000000
113631  48.937  17.811  25.032 0.0000000000
115333  37.652  20.593  24.200 0.0000000000
116066  40.245  21.542  23.122 0.0000000000
116055  39.173  21.189  24.422 0.0000000000
116042  38.642  20.497  25.159 0.0000000000
114503  39.039  19.656  26.130 0.0000000000
113603  40.063  18.314  26.222 0.0000000000
112612  40.934  17.754  26.135 0.0000000000
123850  48.289  31.152  15.461 0.0000000000
123017  46.955  30.165  16.294 0.0000000000
122104  48.693  27.905  25.199 0.0000000000
120668  48.313  27.328  26.129 0.0000000000
120659  48.089  27.985  26.410 0.0000000000
120661  47.247  27.488  27.560 0.0000000000
119890  46.800  26.683  29.040 0.0000000000
119859  45.263  25.576  30.143 0.0000000000
119060  44.111  24.709  30.410 0.0000000000
127668  48.659  37.357  23.199 0.0000000000
126361  47.220  36.234  22.030 0.0000000000
125761  46.408  34.234  21.132 0.0000000000
125153  46.783  31.894  21.846 0.0000000000
124496  47.660  30.436  22.683 0.0000000000
123672  48.211  28.965  23.465 0.0000000000
115259  47.876  20.528  31.754 0.0000000000
115280  47.726  20.404  30.660 0.0000000000
115290  49.430  20.106  29.603 0.0000000000
114461  49.674  19.575  28.474 0.0000000000
114470  50.493  18.914  27.318 0.0000000000
113585  51.489  18.189  27.360 0.0000000000
114469  51.431  18.533  26.882 0.0000000000
114501  50.915  18.108  25.042 0.0000000000
117693  46.735  23.000  21.360 0.0000000000
116829  46.023  22.654  22.756 0.0000000000
117667  47.564  23.424  23.219 0.0000000000
117651  47.519  23.414  24.252 0.0000000000
117618  48.164  24.043  26.258 0.0000000000
117632  49.293  23.720  25.165 0.0000000000
117617  49.032  23.412  26.170 0.0000000000
117589  48.690  23.652  28.067 0.0000000000
117572  48.927  23.665  29.249 0.0000000000
117536  48.258  23.392  31.295 0.0000000000
116720  48.012  22.952  32.140 0.0000000000
119095  48.536  25.913  27.319 0.0000000000
119886  49.926  25.547  28.580 0.0000000000
119056  50.723  26.062  30.556 0.0000000000
120607  48.162  25.601  31.930 0.0000000000
119031  49.554  25.258  31.897 0.0000000000
119030  50.444  25.064  31.614 0.0000000000
116706  49.941  23.178  32.846 0.0000000000
116695  48.535  22.764  33.305 0.0000000000
115980  47.611  21.352  32.641 0.0000000000
115258  48.893  20.047  31.846 0.0000000000
114410  48.596  19.257  31.801 0.0000000000
113549  48.609  18.726  30.749 0.0000000000
114433  47.221  19.278  31.220 0.0000000000
113550  47.665  18.837  30.569 0.0000000000
112588  48.447  17.506  28.543 0.0000000000
111601  48.244  16.914  27.882 0.0000000000
130452  47.173  40.492  16.120 0.0000000000
129120  49.690  38.471  15.494 0.0000000000
126429  50.418  35.552  15.107 0.0000000000
125170  47.444  33.512  18.372 0.0000000000
127049  48.370  36.168  17.849 0.0000000000
126413  49.058  35.290  16.750 0.0000000000
125794  50.363  34.590  15.479 0.0000000000
125211  50.636  33.525  15.127 0.0000000000
123029  50.158  30.459  14.940 0.0000000000
121491  49.303  28.368  15.463 0.0000000000
120009  49.276  27.293  17.270 0.0000000000
120739  50.646  27.016  18.160 0.0000000000
120002  50.184  26.563  17.984 0.0000000000
119211  49.419  25.620  18.940 0.0000000000
118455  48.998  24.862  19.752 0.0000000000
117710  48.041  23.951  20.591 0.0000000000
116812  45.046  22.606  23.841 0.0000000000
117655  43.886  23.114  24.925 0.0000000000
116796  43.032  22.825  25.254 0.0000000000
117606  44.989  23.649  27.493 0.0000000000
116777  43.445  22.587  27.651 0.0000000000
116787  42.082  22.164  26.486 0.0000000000
114479  42.265  19.886  27.160 0.0000000000
113601  42.234  18.574  26.551 0.0000000000
115292  47.392  20.160  29.705 0.0000000000
114464  46.670  19.623  28.433 0.0000000000
113589  45.912  18.996  27.236 0.0000000000
113613  47.577  17.930  25.999 0.0000000000
113598  45.252  18.705  26.847 0.0000000000
109702  54.300  14.653  27.949 0.0000000000
108715  53.827  14.208  26.432 0.0000000000
116859  45.428  22.971  21.605 0.0000000000
116847  44.407  22.165  22.222 0.0000000000
116846  45.315  22.436  22.113 0.0000000000
117694  45.867  23.644  21.258 0.0000000000
109705  51.607  14.476  28.360 0.0000000000
120675  48.948  27.053  24.642 0.0000000000
122142  48.950  28.094  22.876 0.0000000000
121425  49.249  27.642  22.967 0.0000000000
121403  49.384  27.410  22.974 0.0000000000
116710  46.948  22.253  32.029 0.0000000000
115260  47.215  20.848  31.307 0.0000000000
117700  39.585  22.712  20.866 0.0000000000
116865  39.357  22.018  20.783 0.0000000000
116874  40.048  21.660  20.684 0.0000000000
116816  41.626  21.990  24.756 0.0000000000
120748  48.462  27.511  17.365 0.0000000000
120755  47.982  27.779  17.070 0.0000000000
120749  48.028  27.613  17.516 0.0000000000
118436  40.766  23.599  21.217 0.0000000000
122106  46.800  29.301  25.037 0.0000000000
122094  46.705  29.033  25.863 0.0000000000
122095  45.968  28.916  25.958 0.0000000000
122121  45.608  29.763  24.645 0.0000000000
122870  45.966  30.367  24.151 0.0000000000
122120  46.275  29.683  24.609 0.0000000000
122858  47.127  29.414  24.613 0.0000000000
112563  49.862  17.975  29.659 0.0000000000
113547  50.133  18.380  29.843 0.0000000000
112575  49.797  17.885  29.029 0.0000000000
141273  52.073  16.596  25.136 0.0000000000
118402  49.061  24.414  22.729 0.0000000000
118351  52.130  24.580  28.675 0.0000000000
116773  51.809  23.113  27.960 0.0000000000
117570  51.891  23.565  29.718 0.0000000000
116752  51.298  23.035  29.863 0.0000000000
117549  51.304  23.478  30.631 0.0000000000
119870  47.238  26.143  29.575 0.0000000000
119869  48.117  25.817  29.506 0.0000000000
119857  46.987  25.626  30.562 0.0000000000
117501  47.277  23.136  34.148 0.0000000000
116689  46.927  22.515  34.268 0.0000000000
115959  47.387  21.983  34.353 0.0000000000
115237  47.190  20.960  33.645 0.0000000000
115238  46.334  21.141  33.476 0.0000000000
112579  45.726  17.495  29.173 0.0000000000
129087  48.034  38.890  18.793 0.0000000000
129094  47.344  38.655  17.755 0.0000000000
129093  47.998  38.563  17.793 0.0000000000
129092  48.438  38.526  17.516 0.0000000000
125768  46.662  34.347  20.309 0.0000000000
122968  49.159  29.855  17.779 0.0000000000
122985  48.909  30.483  17.717 0.0000000000
122984  49.443  30.566  17.163 0.0000000000
123793  49.491  31.452  16.947 0.0000000000
122211  49.778  29.579  17.190 0.0000000000
118413  50.477  25.207  21.670 0.0000000000
118441  51.134  24.480  20.493 0.0000000000
118428  49.657  24.373  21.155 0.0000000000
118370  47.673  24.267  26.654 0.0000000000
117620  46.237  24.006  26.302 0.0000000000
117604  47.139  24.121  27.153 0.0000000000
115304  44.132  20.953  28.135 0.0000000000
115308  44.355  20.227  27.902 0.0000000000
114488  44.446  19.177  27.196 0.0000000000
114485  49.189  18.745  26.563 0.0000000000
113594  48.888  18.449  26.102 0.0000000000
117697  42.648  23.145  21.394 0.0000000000
116862  42.437  22.171  21.525 0.0000000000
116063  42.735  21.754  22.691 0.0000000000
116814  43.265  22.435  24.251 0.0000000000
119192  48.511  25.242  20.519 0.0000000000
119985  48.672  26.174  20.243 0.0000000000
119182  48.021  25.019  21.159 0.0000000000
119183  46.884  25.623  21.981 0.0000000000
111619  49.267  16.127  26.843 0.0000000000
111608  50.085  16.730  26.817 0.0000000000
111618  49.870  16.141  26.596 0.0000000000
109727  51.983  14.753  26.593 0.0000000000
110687  51.422  15.553  26.164 0.0000000000
110686  52.055  15.099  26.092 0.0000000000
110698  52.135  15.603  25.577 0.0000000000
109736  52.707  14.739  25.721 0.0000000000
131149  47.022  42.154  15.376 0.0000000000
130472  46.327  41.287  14.768 0.0000000000
119145  49.874  25.862  22.793 0.0000000000
119131  49.435  25.268  23.417 0.0000000000
119103  50.599  24.946  27.065 0.0000000000
119093  50.104  25.130  27.612 0.0000000000
118326  44.969  24.455  31.604 0.0000000000
119046  45.495  24.583  31.784 0.0000000000
118307  44.921  23.811  32.484 0.0000000000
116700  43.877  22.281  33.480 0.0000000000
117513  44.541  22.872  33.268 0.0000000000
116699  44.613  22.420  33.592 0.0000000000
115983  44.707  21.482  33.411 0.0000000000
115247  44.264  21.009  32.825 0.0000000000
114436  44.061  19.458  30.833 0.0000000000
113554  43.639  18.786  30.206 0.0000000000
123719  47.750  30.431  21.783 0.0000000000
123738  47.342  30.848  21.066 0.0000000000
122920  48.220  30.003  21.555 0.0000000000
122174  49.272  28.543  21.312 0.0000000000
122935  48.900  28.962  20.739 0.0000000000
122951  49.107  28.697  20.143 0.0000000000
122185  49.594  28.308  20.473 0.0000000000
121453  50.329  27.687  20.111 0.0000000000
122184  50.040  27.864  20.724 0.0000000000
120712  50.607  26.977  21.267 0.0000000000
119947  50.084  26.318  22.365 0.0000000000
119163  50.544  25.725  21.891 0.0000000000
117554  47.239  23.640  30.044 0.0000000000
117574  46.947  23.811  29.137 0.0000000000
116006  45.991  21.554  30.820 0.0000000000
116007  45.538  22.145  30.472 0.0000000000
116021  45.039  21.118  29.154 0.0000000000
115294  45.620  20.920  29.537 0.0000000000
116068  38.146  21.185  23.614 0.0000000000
116079  41.315  21.620  22.019 0.0000000000
116080  40.422  21.561  22.090 0.0000000000
116041  39.114  20.804  25.206 0.0000000000
115322  39.002  20.183  25.696 0.0000000000
114493  39.540  19.362  26.373 0.0000000000
113602  41.200  18.530  26.469 0.0000000000
123871  49.775  31.087  14.231 0.0000000000
123030  48.730  30.569  14.900 0.0000000000
122234  47.359  29.319  16.448 0.0000000000
122223  46.649  29.691  17.145 0.0000000000
122224  46.250  29.917  17.719 0.0000000000
122847  48.602  28.297  25.786 0.0000000000
121364  48.620  28.432  26.210 0.0000000000
121350  48.887  29.374  26.963 0.0000000000
120644  46.897  27.322  28.162 0.0000000000
119872  44.949  26.125  29.667 0.0000000000
119068  44.983  25.535  30.103 0.0000000000
129041  48.179  39.159  23.516 0.0000000000
128399  48.199  38.403  24.038 0.0000000000
126346  47.104  36.260  22.467 0.0000000000
126362  46.306  35.772  21.870 0.0000000000
126376  46.667  35.488  21.400 0.0000000000
124509  46.666  31.746  22.420 0.0000000000
125145  46.597  32.216  21.985 0.0000000000
125144  46.788  31.755  22.115 0.0000000000
124508  47.093  31.221  22.263 0.0000000000
124497  47.229  30.929  22.846 0.0000000000
123659  48.003  29.014  24.850 0.0000000000
123673  47.893  29.322  23.606 0.0000000000
122856  48.158  28.732  24.778 0.0000000000
122855  48.487  28.417  24.932 0.0000000000
115279  48.788  20.291  30.776 0.0000000000
115278  49.554  19.691  30.615 0.0000000000
114459  50.421  18.868  28.894 0.0000000000
114451  49.907  19.608  29.181 0.0000000000
114460  50.298  19.104  28.476 0.0000000000
112604  50.797  17.128  26.794 0.0000000000
112596  50.910  17.804  27.585 0.0000000000
112595  51.623  17.823  27.239 0.0000000000
141280  51.696  17.320  25.437 0.0000000000
114468  52.083  18.247  26.799 0.0000000000
114482  51.721  18.066  26.128 0.0000000000
114483  51.151  18.511  26.047 0.0000000000
114515  51.604  17.288  23.645 0.0000000000
117682  46.802  22.978  22.465 0.0000000000
117650  48.390  23.606  24.085 0.0000000000
116764  50.501  23.143  27.829 0.0000000000
116775  50.533  22.956  26.895 0.0000000000
117601  49.638  23.342  27.228 0.0000000000
117552  49.066  23.560  30.273 0.0000000000
117521  48.597  23.349  32.137 0.0000000000
120669  48.032  27.304  26.681 0.0000000000
119903  48.334  26.700  26.550 0.0000000000
119106  48.323  26.305  27.048 0.0000000000
119868  49.131  25.803  29.453 0.0000000000
119887  49.155  25.733  28.355 0.0000000000
119867  50.261  25.818  29.223 0.0000000000
119854  49.949  26.123  30.366 0.0000000000
119033  46.958  24.731  32.194 0.0000000000
119846  47.381  25.331  31.610 0.0000000000
119025  47.757  24.671  32.803 0.0000000000
119015  48.853  24.653  33.598 0.0000000000
119023  49.011  24.984  33.152 0.0000000000
119022  49.269  24.825  32.625 0.0000000000
118303  49.857  24.562  32.162 0.0000000000
117519  50.063  23.725  32.209 0.0000000000
118286  49.765  24.152  33.722 0.0000000000
115957  48.495  22.310  33.992 0.0000000000
115967  48.532  22.430  33.771 0.0000000000
116696  47.895  22.159  33.031 0.0000000000
115244  47.684  20.595  32.622 0.0000000000
114411  47.679  19.356  31.969 0.0000000000
114413  45.625  20.113  31.821 0.0000000000
114412  46.748  19.669  31.897 0.0000000000
114434  46.217  19.480  31.065 0.0000000000
112578  46.729  17.732  29.066 0.0000000000
113570  47.181  18.390  29.775 0.0000000000
112577  47.676  17.843  29.182 0.0000000000
112576  48.242  17.971  29.319 0.0000000000
128465  44.977  38.600  17.031 0.0000000000
129103  45.319  39.131  16.765 0.0000000000
129768  46.801  39.821  16.522 0.0000000000
128473  48.926  38.408  16.322 0.0000000000
129110  49.198  39.089  16.128 0.0000000000
129109  49.398  38.475  15.808 0.0000000000
128482  49.816  37.930  15.547 0.0000000000
127090  50.098  36.359  15.469 0.0000000000
123757  47.099  31.640  19.530 0.0000000000
124533  46.882  32.506  19.309 0.0000000000
124547  47.305  32.094  18.699 0.0000000000
124545  48.098  33.262  17.633 0.0000000000
125776  48.203  34.817  17.722 0.0000000000
125780  48.756  34.686  17.298 0.0000000000
127065  48.682  36.067  17.304 0.0000000000
125779  49.276  34.620  16.859 0.0000000000
124585  50.491  32.649  15.836 0.0000000000
125201  50.258  33.708  15.934 0.0000000000
124605  50.669  32.335  15.094 0.0000000000
124622  50.324  32.085  14.541 0.0000000000
123848  50.419  31.357  15.036 0.0000000000
122232  49.840  29.655  15.505 0.0000000000
121482  49.483  28.763  16.355 0.0000000000
120752  49.479  27.813  16.890 0.0000000000
120008  49.729  27.136  17.444 0.0000000000
120726  51.083  27.249  19.771 0.0000000000
120732  50.912  27.459  18.849 0.0000000000
119991  51.496  26.665  19.360 0.0000000000
117730  50.856  24.758  19.223 0.0000000000
119219  50.725  25.583  18.472 0.0000000000
119210  50.301  25.414  18.722 0.0000000000
119220  49.957  26.000  18.257 0.0000000000
118465  49.452  24.829  19.531 0.0000000000
117691  48.529  23.751  20.974 0.0000000000
117692  47.718  23.476  21.210 0.0000000000
117711  47.102  23.585  20.784 0.0000000000
117668  46.736  23.086  23.456 0.0000000000
116811  45.937  22.741  23.683 0.0000000000
117637  44.583  23.500  25.712 0.0000000000
117654  44.821  23.156  24.711 0.0000000000
117638  43.709  23.265  26.011 0.0000000000
117576  45.179  23.310  29.099 0.0000000000
117592  45.557  23.726  28.287 0.0000000000
117593  44.749  23.439  28.330 0.0000000000
115305  43.630  21.240  27.868 0.0000000000
116778  42.787  22.139  27.078 0.0000000000
116029  42.295  21.423  27.105 0.0000000000
116030  41.845  20.927  27.053 0.0000000000
115310  42.401  20.541  27.273 0.0000000000
113600  43.233  18.589  26.576 0.0000000000
114490  42.671  19.271  26.908 0.0000000000
112611  41.823  17.792  26.165 0.0000000000
115291  48.452  20.153  29.746 0.0000000000
114453  48.045  19.815  29.092 0.0000000000
114473  47.236  19.184  27.704 0.0000000000
114474  46.315  19.316  27.753 0.0000000000
113588  46.749  18.754  27.252 0.0000000000
112640  48.747  17.236  24.296 0.0000000000
112617  48.568  17.640  25.073 0.0000000000
112618  47.993  17.478  25.283 0.0000000000
116831  44.297  22.120  23.097 0.0000000000
118445  47.299  24.172  20.630 0.0000000000
118430  47.015  24.630  21.075 0.0000000000
118446  46.551  24.015  20.795 0.0000000000
118432  45.072  24.540  21.532 0.0000000000
118433  43.892  24.642  21.644 0.0000000000
109729  50.363  14.840  26.893 0.0000000000
109719  50.928  14.604  27.537 0.0000000000
109718  51.867  14.556  27.444 0.0000000000
109717  52.749  14.440  27.253 0.0000000000
119930  49.758  26.542  22.828 0.0000000000
119931  49.579  26.363  23.370 0.0000000000
119913  49.160  26.280  24.466 0.0000000000
117525  43.572  22.990  32.628 0.0000000000
117524  44.096  23.010  32.871 0.0000000000
116712  43.221  22.533  33.064 0.0000000000
122903  48.610  28.896  22.518 0.0000000000
122161  49.030  28.494  22.038 0.0000000000
122160  49.525  28.068  21.781 0.0000000000
121436  49.957  27.480  21.525 0.0000000000
121424  49.505  27.572  22.391 0.0000000000
120690  49.617  26.934  22.907 0.0000000000
117538  46.682  23.361  30.682 0.0000000000
116722  46.525  22.738  31.364 0.0000000000
115994  45.963  22.104  31.163 0.0000000000
115281  46.535  20.813  30.412 0.0000000000
116053  41.017  21.556  23.970 0.0000000000
116040  40.073  21.011  25.422 0.0000000000
116034  40.540  20.700  26.141 0.0000000000
115313  40.891  20.254  26.596 0.0000000000
121500  48.651  28.625  14.990 0.0000000000
122247  48.513  29.311  15.573 0.0000000000
121493  48.266  28.943  16.221 0.0000000000
121494  47.639  28.823  16.530 0.0000000000
118419  41.018  24.562  21.731 0.0000000000
118420  39.850  24.170  21.885 0.0000000000
117683  39.186  23.366  21.572 0.0000000000
122092  47.719  29.043  25.930 0.0000000000
121366  47.980  28.796  26.336 0.0000000000
121381  47.265  28.827  26.343 0.0000000000
123689  45.069  31.307  23.661 0.0000000000
124500  45.400  31.847  23.243 0.0000000000
123688  45.866  31.098  23.597 0.0000000000
123687  46.448  31.038  23.469 0.0000000000
123675  46.930  30.431  23.690 0.0000000000
124491  47.243  30.541  23.328 0.0000000000
122868  47.167  29.698  24.160 0.0000000000
122857  47.522  29.180  24.770 0.0000000000
114431  49.461  19.040  30.815 0.0000000000
114430  49.927  19.009  30.073 0.0000000000
114449  50.286  19.016  29.391 0.0000000000
113578  50.662  18.420  28.132 0.0000000000
111615  51.642  16.595  25.856 0.0000000000
113592  51.856  17.588  26.560 0.0000000000
141281  51.820  17.021  25.236 0.0000000000
141286  52.078  17.053  24.194 0.0000000000
117680  48.362  23.800  21.803 0.0000000000
117630  51.174  23.718  26.023 0.0000000000
116794  51.317  23.117  26.125 0.0000000000
116783  51.916  23.097  26.830 0.0000000000
116774  51.217  22.854  27.392 0.0000000000
116763  51.124  22.925  28.374 0.0000000000
116754  50.492  23.259  28.804 0.0000000000
116739  50.450  23.321  29.541 0.0000000000
116738  50.713  23.100  30.001 0.0000000000
117534  49.964  23.628  31.287 0.0000000000
119898  47.762  26.671  27.768 0.0000000000
118297  46.641  23.836  33.254 0.0000000000
117510  46.935  23.498  33.740 0.0000000000
118289  48.052  23.833  33.672 0.0000000000
118288  48.581  24.023  33.746 0.0000000000
117499  48.684  23.434  33.771 0.0000000000
116687  48.364  22.716  34.109 0.0000000000
115958  48.117  21.969  34.309 0.0000000000
115236  47.900  20.886  33.747 0.0000000000
114402  47.286  19.995  32.418 0.0000000000
113552  45.681  18.837  30.391 0.0000000000
128453  45.992  38.080  18.082 0.0000000000
129101  46.702  38.624  17.658 0.0000000000
129095  46.920  39.322  17.167 0.0000000000
129767  47.469  39.653  16.436 0.0000000000
129758  48.265  38.867  17.159 0.0000000000
129100  48.754  38.726  16.724 0.0000000000
128460  48.762  37.504  16.511 0.0000000000
126375  47.196  36.072  21.463 0.0000000000
126374  47.449  36.313  21.624 0.0000000000
125759  47.179  35.859  20.788 0.0000000000
125766  47.216  35.741  20.320 0.0000000000
122987  47.905  30.069  18.289 0.0000000000
123777  47.668  31.624  17.965 0.0000000000
123795  48.283  31.076  17.524 0.0000000000
124558  48.964  32.818  17.396 0.0000000000
124557  49.462  33.349  16.979 0.0000000000
124570  49.485  32.406  16.896 0.0000000000
123810  49.901  31.764  16.524 0.0000000000
123015  50.160  30.567  15.636 0.0000000000
119191  51.875  25.436  20.544 0.0000000000
119207  51.732  25.566  19.247 0.0000000000
118440  51.731  24.922  20.463 0.0000000000
117706  50.902  24.332  19.907 0.0000000000
117707  50.169  24.245  20.048 0.0000000000
117708  49.502  24.106  20.137 0.0000000000
117690  49.248  23.990  20.732 0.0000000000
117679  49.051  24.139  21.478 0.0000000000
117635  46.448  23.773  25.289 0.0000000000
117653  45.747  23.179  24.564 0.0000000000
117621  45.274  23.745  26.513 0.0000000000
116013  44.601  22.068  29.141 0.0000000000
116765  44.364  22.443  28.721 0.0000000000
115309  43.362  20.704  27.626 0.0000000000
114489  43.589  19.215  27.031 0.0000000000
112609  43.821  17.916  26.204 0.0000000000
114462  48.770  19.748  28.451 0.0000000000
114472  48.343  19.141  27.280 0.0000000000
113595  48.115  18.499  26.482 0.0000000000
116873  40.746  21.719  20.638 0.0000000000
116863  41.575  21.840  20.821 0.0000000000
116091  41.494  21.614  21.316 0.0000000000
116849  42.667  21.901  21.995 0.0000000000
116064  41.990  21.629  22.818 0.0000000000
120734  48.409  27.114  18.599 0.0000000000
119986  48.217  27.100  20.413 0.0000000000
118417  43.087  24.961  21.808 0.0000000000
123690  44.200  31.630  23.650 0.0000000000
123677  45.015  30.939  23.936 0.0000000000
122122  44.744  29.799  24.736 0.0000000000
112587  49.437  17.750  28.378 0.0000000000
112586  50.211  17.847  28.400 0.0000000000
112605  50.402  16.917  26.849 0.0000000000
110688  50.484  15.479  26.501 0.0000000000
111616  51.300  16.494  26.131 0.0000000000
119165  49.832  25.191  22.380 0.0000000000
118401  49.301  24.715  23.198 0.0000000000
118390  49.430  24.765  25.093 0.0000000000
118379  49.990  24.264  26.166 0.0000000000
118378  51.240  24.251  26.354 0.0000000000
118357  51.923  24.892  27.448 0.0000000000
119065  51.916  25.114  28.994 0.0000000000
119058  46.308  25.298  30.978 0.0000000000
119057  46.889  25.328  31.167 0.0000000000
119045  46.116  24.902  31.602 0.0000000000
119034  45.965  24.515  32.254 0.0000000000
118305  46.335  24.199  32.748 0.0000000000
117523  44.867  23.389  32.968 0.0000000000
117522  45.480  23.479  33.210 0.0000000000
118298  45.971  23.757  33.134 0.0000000000
117511  46.037  23.243  33.656 0.0000000000
116698  45.566  22.497  33.853 0.0000000000
115982  45.617  21.470  33.574 0.0000000000
114414  44.456  20.033  31.571 0.0000000000
112580  44.697  17.436  29.139 0.0000000000
124524  46.944  31.691  21.260 0.0000000000
125160  46.491  32.664  20.161 0.0000000000
124525  46.828  31.995  20.647 0.0000000000
123739  47.008  31.498  20.243 0.0000000000
122937  47.388  30.594  20.249 0.0000000000
122953  47.755  29.892  19.674 0.0000000000
122970  48.171  29.725  18.797 0.0000000000
122194  49.090  29.074  19.124 0.0000000000
121461  50.692  27.679  19.452 0.0000000000
119974  51.272  26.354  20.885 0.0000000000
119180  51.200  25.741  21.190 0.0000000000
118412  50.765  25.367  21.557 0.0000000000
117590  47.591  23.956  28.185 0.0000000000
117575  46.009  23.700  29.111 0.0000000000
117556  45.659  23.289  29.707 0.0000000000
116741  45.692  22.967  30.348 0.0000000000
116755  45.267  22.695  29.784 0.0000000000
113610  49.985  18.290  25.243 0.0000000000
113611  49.244  18.182  25.428 0.0000000000
113630  49.543  17.846  24.747 0.0000000000
116098  40.187  21.511  20.886 0.0000000000
116081  39.524  21.641  22.289 0.0000000000
116067  39.272  21.477  23.333 0.0000000000
116056  38.447  20.770  24.619 0.0000000000
115323  38.067  20.022  25.008 0.0000000000
114504  38.502  19.417  25.819 0.0000000000
115315  39.347  19.906  26.168 0.0000000000
113615  39.742  17.712  25.849 0.0000000000
123031  48.310  30.159  15.481 0.0000000000
123016  47.665  30.699  15.998 0.0000000000
120735  47.730  27.737  18.849 0.0000000000
121470  47.311  28.349  18.238 0.0000000000
121390  48.764  27.673  24.785 0.0000000000
120667  48.623  27.428  25.487 0.0000000000
121379  48.640  27.891  25.605 0.0000000000
120658  48.431  27.980  26.051 0.0000000000
120660  47.730  27.836  26.845 0.0000000000
120670  47.782  27.120  27.179 0.0000000000
119858  45.828  25.658  30.207 0.0000000000
118327  44.409  24.356  31.210 0.0000000000
127667  49.055  37.167  22.573 0.0000000000
126950  47.880  36.933  23.700 0.0000000000
126971  48.456  36.172  22.932 0.0000000000
126360  48.149  36.013  22.235 0.0000000000
124511  45.520  32.399  22.864 0.0000000000
125155  46.237  33.684  21.593 0.0000000000
125154  46.381  32.826  21.520 0.0000000000
125158  46.730  32.136  21.445 0.0000000000
124516  47.097  31.306  21.801 0.0000000000
124507  47.495  30.689  22.141 0.0000000000
123704  48.002  30.185  22.302 0.0000000000
124490  47.614  30.187  23.229 0.0000000000
123686  48.096  29.841  22.862 0.0000000000
123685  48.339  29.257  23.023 0.0000000000
122119  48.528  28.037  24.093 0.0000000000
115301  48.932  20.117  29.154 0.0000000000
115289  49.894  19.730  29.811 0.0000000000
115300  49.245  19.998  28.908 0.0000000000
114484  50.170  18.623  26.078 0.0000000000
112585  50.719  17.969  28.623 0.0000000000
113584  52.078  17.807  27.010 0.0000000000
113586  50.932  18.548  27.494 0.0000000000
114502  50.421  18.358  25.319 0.0000000000
113609  50.497  18.157  25.006 0.0000000000
116845  46.079  22.691  21.909 0.0000000000
117634  47.395  23.759  25.208 0.0000000000
118369  48.046  24.330  26.823 0.0000000000
116785  50.619  22.994  26.281 0.0000000000
117616  50.017  23.481  26.350 0.0000000000
117602  48.717  23.540  26.989 0.0000000000
117603  48.145  24.109  27.283 0.0000000000
117553  48.155  23.676  30.194 0.0000000000
117571  49.824  23.626  29.405 0.0000000000
116709  47.579  22.284  32.460 0.0000000000
119105  48.613  25.908  26.748 0.0000000000
119896  48.721  25.813  27.708 0.0000000000
119094  49.162  25.556  27.497 0.0000000000
119085  49.771  25.467  28.108 0.0000000000
119084  50.581  25.439  28.474 0.0000000000
119066  51.131  25.564  29.180 0.0000000000
119054  51.695  25.137  29.783 0.0000000000
119845  47.906  25.619  31.322 0.0000000000
120620  48.501  25.629  31.271 0.0000000000
120612  48.748  25.551  31.745 0.0000000000
119828  48.255  24.908  32.820 0.0000000000
119836  48.887  25.447  32.105 0.0000000000
119843  49.516  25.761  31.262 0.0000000000
119043  50.281  25.840  31.226 0.0000000000
119042  51.036  25.527  30.973 0.0000000000
118314  51.118  24.602  31.174 0.0000000000
117533  50.710  23.796  31.294 0.0000000000
117518  50.335  23.943  31.684 0.0000000000
117520  49.313  23.595  32.255 0.0000000000
116685  49.465  23.250  33.485 0.0000000000
117507  49.141  23.284  32.958 0.0000000000
117508  48.754  23.218  32.756 0.0000000000
116708  48.264  22.748  32.680 0.0000000000
115243  48.390  19.750  32.242 0.0000000000
113537  49.125  18.846  30.909 0.0000000000
113568  48.774  18.208  29.557 0.0000000000
114403  46.445  20.315  32.362 0.0000000000
113551  46.714  18.921  30.418 0.0000000000
113569  48.041  18.368  29.862 0.0000000000
113581  49.060  17.998  28.889 0.0000000000
112599  48.574  17.101  27.808 0.0000000000
110690  48.951  15.854  26.970 0.0000000000
110678  49.211  14.990  27.287 0.0000000000
130460  48.196  40.899  15.655 0.0000000000
130451  47.775  40.097  15.624 0.0000000000
129776  48.588  40.164  15.901 0.0000000000
130469  49.107  40.741  15.162 0.0000000000
128483  49.878  38.394  15.279 0.0000000000
127801  49.988  37.400  14.822 0.0000000000
127100  50.216  36.485  14.904 0.0000000000
128442  47.799  37.808  19.325 0.0000000000
128450  48.193  37.789  18.345 0.0000000000
125164  46.761  33.552  19.453 0.0000000000
124546  47.603  32.624  18.072 0.0000000000
127036  47.940  36.305  18.802 0.0000000000
127735  48.366  36.942  18.156 0.0000000000
127751  48.758  36.653  17.314 0.0000000000
127064  48.889  35.949  16.721 0.0000000000
127078  49.264  36.048  15.823 0.0000000000
125189  49.824  33.878  16.625 0.0000000000
125783  49.937  34.604  16.182 0.0000000000
126425  50.044  35.450  15.767 0.0000000000
125805  50.305  34.611  14.842 0.0000000000
125222  50.504  32.891  14.594 0.0000000000
122258  49.733  30.084  14.467 0.0000000000
120758  49.511  28.454  14.823 0.0000000000
121483  49.101  28.464  16.312 0.0000000000
120753  48.945  27.865  16.812 0.0000000000
120004  48.965  26.909  17.591 0.0000000000
121469  50.257  28.694  18.027 0.0000000000
120740  50.416  27.923  18.047 0.0000000000
119218  51.209  25.681  18.534 0.0000000000
120001  50.786  26.257  18.181 0.0000000000
120003  49.591  26.643  17.705 0.0000000000
119221  49.340  26.241  18.031 0.0000000000
119997  48.844  26.470  18.261 0.0000000000
119201  48.850  25.471  19.775 0.0000000000
118443  48.530  24.835  20.222 0.0000000000
117724  48.711  23.771  20.018 0.0000000000
118456  48.531  24.361  20.169 0.0000000000
118444  48.051  24.465  20.661 0.0000000000
116813  44.137  22.551  24.009 0.0000000000
116797  42.208  22.456  25.542 0.0000000000
116776  44.014  22.715  28.173 0.0000000000
117607  44.102  23.249  27.689 0.0000000000
117623  43.670  23.167  27.010 0.0000000000
116786  42.936  22.767  26.456 0.0000000000
116032  41.801  21.677  26.586 0.0000000000
115311  41.660  20.387  27.005 0.0000000000
114491  41.617  19.450  26.849 0.0000000000
114454  47.232  19.807  28.977 0.0000000000
115293  46.358  20.206  29.199 0.0000000000
115302  45.995  19.920  28.655 0.0000000000
114465  45.892  19.702  28.262 0.0000000000
114475  45.413  19.521  27.759 0.0000000000
113612  48.497  18.006  25.638 0.0000000000
113596  47.203  18.357  26.652 0.0000000000
112641  47.629  16.958  24.823 0.0000000000
113614  46.845  17.970  26.237 0.0000000000
113597  46.316  18.406  26.645 0.0000000000
114487  45.043  19.228  27.345 0.0000000000
109703  53.566  14.713  27.994 0.0000000000
110669  53.859  14.983  27.407 0.0000000000
109715  54.111  14.549  27.072 0.0000000000
110685  53.799  14.524  26.737 0.0000000000
108720  53.632  14.244  25.959 0.0000000000
109714  54.196  14.320  27.140 0.0000000000
109716  53.464  14.512  27.055 0.0000000000
109724  53.642  14.376  26.331 0.0000000000
109725  53.345  14.463  26.360 0.0000000000
110668  54.055  15.054  27.711 0.0000000000
110676  54.156  14.996  27.326 0.0000000000
110677  53.852  14.755  27.035 0.0000000000
110684  54.050  15.265  27.000 0.0000000000
111609  49.491  16.719  27.049 0.0000000000
111610  48.680  16.506  27.315 0.0000000000
111626  51.703  16.196  25.819 0.0000000000
112562  49.945  17.993  29.978 0.0000000000
112574  50.272  17.956  29.300 0.0000000000
112616  51.650  17.235  26.014 0.0000000000
113538  48.905  18.935  31.287 0.0000000000
113546  50.371  18.548  29.565 0.0000000000
113565  50.602  18.456  28.846 0.0000000000
113566  50.494  18.192  29.399 0.0000000000
113567  49.425  18.064  29.380 0.0000000000
113590  45.410  19.112  27.298 0.0000000000
113628  50.697  17.994  24.806 0.0000000000
114400  48.414  19.485  32.211 0.0000000000
114409  49.115  19.043  31.337 0.0000000000
114429  50.084  18.872  29.960 0.0000000000
114467  52.209  17.937  26.681 0.0000000000
114476  44.673  19.637  27.616 0.0000000000
114481  52.192  18.065  26.195 0.0000000000
114494  38.942  19.233  26.236 0.0000000000
115277  49.973  19.478  30.041 0.0000000000
115956  48.593  22.589  33.909 0.0000000000
115972  44.176  21.933  33.714 0.0000000000
115981  47.227  21.702  32.179 0.0000000000
116023  43.805  21.680  28.068 0.0000000000
116077  42.724  21.830  22.238 0.0000000000
116090  41.969  21.758  21.347 0.0000000000
116097  40.393  21.559  20.784 0.0000000000
116684  49.793  23.176  33.597 0.0000000000
116693  49.942  23.084  33.398 0.0000000000
116694  49.173  23.058  33.099 0.0000000000
116707  49.629  23.329  32.728 0.0000000000
116737  51.002  22.996  30.387 0.0000000000
116740  46.163  23.098  30.721 0.0000000000
116753  50.948  22.931  29.272 0.0000000000
116788  41.649  21.786  26.311 0.0000000000
116793  51.683  23.362  26.260 0.0000000000
116795  50.914  22.962  26.086 0.0000000000
116864  41.146  21.552  20.899 0.0000000000
116872  41.144  21.930  20.560 0.0000000000
117497  49.788  23.417  33.641 0.0000000000
117498  49.216  23.566  33.691 0.0000000000
117500  48.054  23.343  34.038 0.0000000000
117502  46.643  23.035  34.046 0.0000000000
117506  50.049  23.592  33.175 0.0000000000
117509  47.573  23.592  33.821 0.0000000000
117532  51.178  23.708  31.059 0.0000000000
117539  44.486  23.492  32.522 0.0000000000
117540  43.911  23.396  32.225 0.0000000000
117577  44.650  23.002  28.794 0.0000000000
117587  52.104  23.799  28.616 0.0000000000
117594  44.321  23.027  28.383 0.0000000000
117600  52.135  23.722  27.582 0.0000000000
117608  43.671  23.084  27.480 0.0000000000
117629  51.844  23.737  26.399 0.0000000000
117631  50.393  23.520  26.065 0.0000000000
117665  48.939  24.321  23.178 0.0000000000
117713  41.301  22.146  20.640 0.0000000000
117714  40.883  22.217  20.567 0.0000000000
117715  40.122  22.148  20.461 0.0000000000
117720  51.021  24.650  19.376 0.0000000000
117721  50.552  24.639  19.461 0.0000000000
117722  49.827  24.506  19.665 0.0000000000
117723  49.104  24.299  19.852 0.0000000000
117729  51.080  24.798  18.925 0.0000000000
117731  49.676  24.696  19.545 0.0000000000
117732  49.490  24.564  19.683 0.0000000000
118293  49.756  24.305  33.051 0.0000000000
118294  49.230  24.694  33.293 0.0000000000
118295  48.315  24.234  33.524 0.0000000000
118296  47.613  24.077  33.349 0.0000000000
118302  50.434  24.281  31.708 0.0000000000
118313  51.323  23.977  31.009 0.0000000000
118315  45.152  24.226  32.166 0.0000000000
118324  51.717  24.335  30.401 0.0000000000
118325  51.412  25.104  30.499 0.0000000000
118356  52.169  24.503  27.968 0.0000000000
118358  48.057  24.352  27.105 0.0000000000
118366  52.073  24.316  27.215 0.0000000000
118367  51.441  24.712  26.917 0.0000000000
118377  51.874  24.199  26.685 0.0000000000
118425  51.527  25.024  20.858 0.0000000000
118427  50.425  24.626  21.074 0.0000000000
118429  47.526  24.534  20.838 0.0000000000
118442  50.563  24.338  20.381 0.0000000000
118451  51.718  24.985  19.531 0.0000000000
118452  51.371  24.572  19.766 0.0000000000
118453  50.409  24.852  19.259 0.0000000000
118454  49.964  24.694  19.525 0.0000000000
118461  51.384  25.266  19.013 0.0000000000
118463  50.747  25.053  18.969 0.0000000000
118470  51.253  25.420  18.728 0.0000000000
118471  51.111  25.281  18.720 0.0000000000
118472  50.940  25.102  18.720 0.0000000000
119016  48.605  24.463  33.605 0.0000000000
119032  49.031  25.166  32.382 0.0000000000
119035  45.522  24.344  32.240 0.0000000000
119055  51.184  25.737  30.077 0.0000000000
119067  50.681  25.636  28.960 0.0000000000
119082  52.080  25.021  28.399 0.0000000000
119083  51.504  25.256  28.434 0.0000000000
119091  51.919  25.126  27.936 0.0000000000
119144  50.254  25.999  22.381 0.0000000000
119146  49.692  25.268  22.700 0.0000000000
119179  51.588  25.292  20.839 0.0000000000
119181  48.355  25.177  20.840 0.0000000000
119200  52.034  25.434  19.980 0.0000000000
119208  51.533  25.860  18.849 0.0000000000
119209  50.652  25.329  18.678 0.0000000000
119217  51.430  25.566  18.853 0.0000000000
119826  48.819  25.480  32.769 0.0000000000
119827  48.579  25.061  32.931 0.0000000000
119835  49.237  25.468  31.671 0.0000000000
119837  48.596  25.434  32.429 0.0000000000
119838  47.965  25.231  32.433 0.0000000000
119844  49.044  25.559  31.480 0.0000000000
119853  50.668  26.101  29.956 0.0000000000
119866  50.885  25.922  29.591 0.0000000000
119897  48.273  26.203  27.627 0.0000000000
119904  48.063  26.725  27.047 0.0000000000
119973  51.630  25.730  20.771 0.0000000000
119975  48.479  25.547  20.891 0.0000000000
119983  51.831  26.004  20.339 0.0000000000
119984  51.518  26.600  20.137 0.0000000000
119995  51.680  26.103  19.119 0.0000000000
119996  51.266  26.396  18.650 0.0000000000
120010  48.814  27.482  17.185 0.0000000000
120605  48.748  25.766  31.892 0.0000000000
120606  48.581  25.540  32.017 0.0000000000
120613  48.448  25.573  31.790 0.0000000000
120614  47.984  25.527  31.936 0.0000000000
120619  48.861  25.598  31.200 0.0000000000
120733  50.469  28.078  18.485 0.0000000000
120742  47.855  27.631  18.037 0.0000000000
120746  50.377  26.787  18.013 0.0000000000
120754  48.409  27.840  16.874 0.0000000000
120759  49.460  28.056  14.912 0.0000000000
120760  49.201  27.902  15.186 0.0000000000
120763  49.351  28.609  14.729 0.0000000000
120764  49.167  28.356  14.802 0.0000000000
120765  48.933  28.004  14.920 0.0000000000
121351  48.615  29.641  27.127 0.0000000000
121365  48.460  28.717  26.335 0.0000000000
121380  47.578  28.986  26.202 0.0000000000
121445  50.379  27.586  20.955 0.0000000000
121454  49.870  28.153  19.762 0.0000000000
121485  47.872  28.311  16.674 0.0000000000
121486  47.253  28.823  16.912 0.0000000000
121490  49.731  28.732  15.172 0.0000000000
121492  48.967  28.465  15.563 0.0000000000
121498  49.543  28.941  14.741 0.0000000000
121499  49.122  28.862  14.689 0.0000000000
121501  48.798  28.865  15.629 0.0000000000
122069  48.821  29.426  27.152 0.0000000000
122070  48.785  29.703  27.375 0.0000000000
122080  48.750  28.687  26.434 0.0000000000
122081  48.840  28.972  26.648 0.0000000000
122082  47.982  29.750  26.983 0.0000000000
122091  48.817  27.930  25.906 0.0000000000
122105  47.213  29.188  25.141 0.0000000000
122202  49.320  29.128  18.840 0.0000000000
122212  46.411  29.534  17.900 0.0000000000
122244  49.773  29.673  14.763 0.0000000000
122245  49.317  29.396  14.565 0.0000000000
122246  48.778  29.557  14.816 0.0000000000
122259  49.457  29.880  14.441 0.0000000000
122828  48.989  29.569  27.039 0.0000000000
122829  48.775  29.524  26.958 0.0000000000
122837  48.640  28.598  26.243 0.0000000000
122838  48.471  28.904  26.332 0.0000000000
122839  47.996  29.060  26.004 0.0000000000
122848  48.282  28.700  25.594 0.0000000000
122849  47.858  29.032  25.528 0.0000000000
122866  48.104  28.584  24.016 0.0000000000
122867  47.913  28.793  24.209 0.0000000000
122871  45.124  30.523  24.216 0.0000000000
122886  45.251  30.899  23.910 0.0000000000
122938  47.184  31.105  19.903 0.0000000000
122954  47.362  30.740  19.479 0.0000000000
122969  48.896  29.478  18.470 0.0000000000
122971  47.609  30.262  18.773 0.0000000000
123045  49.923  30.470  14.499 0.0000000000
123046  49.570  30.425  14.416 0.0000000000
123047  49.089  30.173  14.476 0.0000000000
123650  47.926  28.946  25.728 0.0000000000
123658  48.004  28.994  25.242 0.0000000000
123666  47.850  28.912  24.527 0.0000000000
123667  47.630  29.115  24.291 0.0000000000
123676  46.427  30.590  23.811 0.0000000000
123678  44.561  31.007  23.989 0.0000000000
123718  48.283  29.940  21.919 0.0000000000
123737  47.881  30.263  21.383 0.0000000000
123740  46.806  31.909  20.129 0.0000000000
123758  46.872  31.782  19.950 0.0000000000
123796  47.720  30.631  18.011 0.0000000000
123811  49.514  31.824  16.909 0.0000000000
123872  49.271  30.919  14.547 0.0000000000
124489  47.866  29.970  23.122 0.0000000000
124515  47.401  30.801  21.882 0.0000000000
124534  46.767  32.107  19.819 0.0000000000
125165  46.598  32.615  19.764 0.0000000000
125171  47.179  32.893  18.749 0.0000000000
125179  49.436  33.962  17.026 0.0000000000
125212  50.178  33.668  14.528 0.0000000000
125767  47.035  35.219  20.073 0.0000000000
126344  48.305  35.856  22.583 0.0000000000
126345  47.835  35.863  22.615 0.0000000000
126359  48.044  36.012  22.130 0.0000000000
126414  48.667  35.404  17.335 0.0000000000
126417  49.450  35.314  16.345 0.0000000000
126970  49.046  36.583  22.511 0.0000000000
126972  47.466  36.339  23.096 0.0000000000
126991  48.867  35.950  22.314 0.0000000000
127655  48.103  37.587  23.980 0.0000000000
127750  48.732  36.925  16.379 0.0000000000
127769  49.345  37.032  15.507 0.0000000000
127786  50.115  37.227  15.221 0.0000000000
128462  46.842  38.288  18.047 0.0000000000
128463  46.323  38.414  17.788 0.0000000000
128466  44.429  38.348  16.841 0.0000000000
128495  50.080  37.915  15.099 0.0000000000
129051  47.750  39.831  23.401 0.0000000000
129121  49.513  39.068  15.406 0.0000000000
129757  48.455  38.700  17.166 0.0000000000
129760  47.277  39.379  17.074 0.0000000000
129765  48.508  38.888  16.845 0.0000000000
129775  48.871  39.508  16.443 0.0000000000
129777  46.317  39.864  16.406 0.0000000000
129785  49.179  40.018  15.734 0.0000000000
129786  48.929  40.856  15.676 0.0000000000
130461  47.399  41.153  15.679 0.0000000000
130471  47.705  41.285  15.263 0.0000000000
130481  49.068  40.529  14.839 0.0000000000
130482  48.654  40.879  14.712 0.0000000000
130485  46.311  41.439  14.056 0.0000000000
131137  47.282  41.601  15.694 0.0000000000
131138  47.110  41.762  15.801 0.0000000000
131139  46.691  41.782  15.671 0.0000000000
131148  47.376  41.732  15.506 0.0000000000
131150  46.400  42.030  15.134 0.0000000000
131163  47.597  42.003  15.018 0.0000000000
131164  46.969  42.237  14.663 0.0000000000
131165  46.405  42.094  14.318 0.0000000000
131180  46.978  42.166  13.907 0.0000000000
131181  46.501  41.929  13.748 0.0000000000
141274  51.756  17.051  25.528 0.0000000000
141279  51.697  17.496  25.976 0.0000000000
141282  52.120  16.746  24.832 0.0000000000
