#!ascii label  , from subject 3020 vox2ras=TkReg
1102
57299  3.518  -31.601  64.250 0.0000000000
49168  -0.413  -38.380  46.543 0.0000000000
49056  0.630  -38.664  58.238 0.0000000000
56193  -1.604  -32.182  54.692 0.0000000000
64912  2.837  -25.053  51.041 0.0000000000
51290  1.757  -35.334  61.778 0.0000000000
56086  -2.074  -33.077  62.309 0.0000000000
57283  6.000  -31.421  66.692 0.0000000000
50082  3.532  -36.831  63.880 0.0000000000
43823  1.127  -40.279  59.430 0.0000000000
64848  -2.094  -25.533  56.743 0.0000000000
61288  1.779  -27.818  54.639 0.0000000000
67348  -0.879  -23.540  53.285 0.0000000000
47936  -2.520  -39.888  55.410 0.0000000000
51494  -0.216  -37.571  53.683 0.0000000000
53804  -0.527  -35.202  57.353 0.0000000000
61211  -3.257  -28.553  59.534 0.0000000000
52778  3.665  -35.056  51.885 0.0000000000
57488  3.629  -31.693  49.403 0.0000000000
62543  1.890  -28.493  46.706 0.0000000000
67499  1.614  -23.188  46.569 0.0000000000
54880  1.767  -33.370  63.572 0.0000000000
57303  0.660  -32.124  62.828 0.0000000000
57291  4.958  -31.522  65.905 0.0000000000
52499  5.092  -34.260  65.264 0.0000000000
54873  2.860  -34.127  65.337 0.0000000000
50083  2.115  -36.427  63.719 0.0000000000
67304  -0.703  -24.352  55.171 0.0000000000
49075  -0.977  -38.797  57.547 0.0000000000
50190  -0.699  -37.287  55.955 0.0000000000
51399  0.471  -36.916  57.716 0.0000000000
61150  -2.094  -28.936  63.222 0.0000000000
59959  -2.685  -30.335  61.224 0.0000000000
47844  0.797  -38.972  59.205 0.0000000000
43852  0.313  -41.148  58.244 0.0000000000
46595  -1.072  -40.444  57.465 0.0000000000
45301  -2.216  -41.735  56.958 0.0000000000
53831  1.266  -34.754  55.224 0.0000000000
52781  2.272  -36.571  53.402 0.0000000000
54988  1.341  -33.153  54.951 0.0000000000
62494  2.610  -26.943  52.417 0.0000000000
60055  4.066  -29.838  53.145 0.0000000000
60085  4.763  -28.806  50.577 0.0000000000
61345  2.562  -30.557  47.582 0.0000000000
62528  4.799  -27.298  48.271 0.0000000000
51332  1.417  -36.422  60.389 0.0000000000
53782  -0.115  -34.247  59.793 0.0000000000
53768  -0.165  -33.681  61.774 0.0000000000
58637  -1.114  -31.083  63.107 0.0000000000
56061  7.399  -30.844  64.883 0.0000000000
54892  6.841  -33.061  62.564 0.0000000000
53761  6.169  -33.693  63.603 0.0000000000
50106  4.554  -35.638  63.014 0.0000000000
46499  2.700  -39.856  62.801 0.0000000000
47813  1.484  -37.953  61.194 0.0000000000
60033  -3.011  -28.803  55.743 0.0000000000
58767  -0.327  -29.659  54.883 0.0000000000
62472  -1.217  -27.041  54.574 0.0000000000
63649  -0.154  -25.822  53.965 0.0000000000
66183  0.436  -23.862  52.345 0.0000000000
59897  5.096  -30.075  64.202 0.0000000000
59895  10.107  -28.853  63.331 0.0000000000
61090  11.210  -28.279  65.225 0.0000000000
59831  7.490  -29.519  66.554 0.0000000000
61091  4.991  -29.084  66.507 0.0000000000
45365  -2.372  -41.397  52.653 0.0000000000
48020  -1.521  -40.102  52.169 0.0000000000
49111  -2.362  -38.673  53.596 0.0000000000
52731  0.995  -36.480  55.644 0.0000000000
54947  -2.135  -33.449  56.292 0.0000000000
54914  -2.344  -33.665  59.519 0.0000000000
56135  -2.987  -32.151  58.219 0.0000000000
58733  -3.121  -30.352  56.935 0.0000000000
62427  -3.482  -27.286  57.922 0.0000000000
49126  0.799  -39.122  52.127 0.0000000000
50243  2.222  -38.049  50.662 0.0000000000
51558  3.005  -36.596  48.362 0.0000000000
57440  2.430  -31.572  54.253 0.0000000000
55024  3.696  -33.469  50.155 0.0000000000
140009  2.558  -34.164  47.528 0.0000000000
56312  -1.037  -32.769  47.485 0.0000000000
58883  -1.397  -30.697  46.394 0.0000000000
140253  -1.351  -21.386  52.441 0.0000000000
68692  0.610  -22.481  50.584 0.0000000000
68723  -0.566  -22.306  47.707 0.0000000000
66199  3.213  -24.002  48.965 0.0000000000
63714  3.613  -26.351  46.292 0.0000000000
56067  1.895  -32.822  64.196 0.0000000000
56073  1.682  -32.637  63.679 0.0000000000
57312  3.060  -31.508  63.537 0.0000000000
57292  4.126  -31.765  65.076 0.0000000000
54877  3.536  -33.350  65.421 0.0000000000
54878  2.632  -33.572  65.187 0.0000000000
53758  2.212  -34.233  64.642 0.0000000000
49186  -1.301  -38.639  46.049 0.0000000000
51570  0.097  -36.734  45.585 0.0000000000
49065  -0.602  -39.230  57.420 0.0000000000
50173  0.026  -38.104  57.146 0.0000000000
50166  0.555  -37.881  57.955 0.0000000000
56091  8.173  -30.925  62.087 0.0000000000
49049  0.836  -38.386  59.148 0.0000000000
46575  0.499  -39.900  58.057 0.0000000000
47880  0.322  -39.539  57.780 0.0000000000
47899  -1.491  -39.565  57.606 0.0000000000
54973  -0.406  -32.944  55.074 0.0000000000
54971  1.404  -34.165  54.942 0.0000000000
54990  -0.287  -32.318  55.162 0.0000000000
64899  2.751  -26.001  51.599 0.0000000000
62493  3.225  -27.294  51.944 0.0000000000
62507  4.048  -27.092  50.783 0.0000000000
61335  4.863  -28.297  50.068 0.0000000000
63679  4.650  -26.599  50.005 0.0000000000
51308  1.975  -35.763  60.926 0.0000000000
52581  0.805  -34.082  60.939 0.0000000000
52563  0.982  -34.178  61.593 0.0000000000
58620  -0.500  -31.606  62.859 0.0000000000
61147  0.127  -29.221  62.399 0.0000000000
56060  6.314  -31.179  65.787 0.0000000000
54874  7.033  -32.570  64.160 0.0000000000
54875  6.351  -33.093  64.585 0.0000000000
51249  4.409  -35.871  64.766 0.0000000000
51263  5.120  -35.923  64.037 0.0000000000
50093  3.669  -36.634  62.969 0.0000000000
47779  3.274  -38.199  63.252 0.0000000000
51274  1.595  -36.078  63.062 0.0000000000
48989  1.507  -37.224  62.772 0.0000000000
49006  1.534  -37.001  61.647 0.0000000000
49022  1.489  -37.582  60.953 0.0000000000
62450  -2.344  -27.061  56.189 0.0000000000
61274  -1.689  -27.905  54.818 0.0000000000
63634  -1.661  -26.231  55.583 0.0000000000
67326  -0.471  -24.340  54.463 0.0000000000
64884  -0.707  -25.185  54.358 0.0000000000
66157  -0.235  -24.135  53.485 0.0000000000
66170  0.502  -24.287  52.997 0.0000000000
67367  -0.952  -23.736  52.748 0.0000000000
59830  8.392  -29.173  66.124 0.0000000000
46676  -2.411  -40.594  53.332 0.0000000000
47973  -2.377  -39.610  52.980 0.0000000000
47954  -2.480  -39.699  54.065 0.0000000000
52688  0.358  -35.955  56.958 0.0000000000
51457  0.313  -37.143  55.645 0.0000000000
52706  0.693  -35.898  56.272 0.0000000000
53820  0.129  -34.471  55.910 0.0000000000
53813  -1.319  -34.458  56.902 0.0000000000
53783  -1.192  -33.982  60.677 0.0000000000
53791  -1.450  -34.407  59.773 0.0000000000
56093  -2.473  -32.935  61.278 0.0000000000
61203  -3.108  -28.715  60.479 0.0000000000
58701  -2.774  -30.986  59.922 0.0000000000
58712  -3.377  -30.235  58.980 0.0000000000
57393  -3.098  -31.248  57.732 0.0000000000
59997  -3.300  -29.362  58.773 0.0000000000
61236  -3.439  -28.184  57.337 0.0000000000
62417  -3.567  -27.299  58.764 0.0000000000
53767  6.225  -33.510  62.083 0.0000000000
54906  6.370  -32.664  61.028 0.0000000000
45222  2.288  -40.157  59.627 0.0000000000
43849  2.216  -41.284  58.739 0.0000000000
42537  1.135  -41.372  58.979 0.0000000000
42568  -1.249  -42.451  57.799 0.0000000000
43892  -0.641  -42.398  57.687 0.0000000000
46645  -2.348  -41.015  55.350 0.0000000000
45333  -2.441  -41.835  54.797 0.0000000000
50234  -0.719  -38.326  52.947 0.0000000000
48018  -0.614  -39.944  52.707 0.0000000000
50233  0.351  -38.414  52.884 0.0000000000
51506  2.914  -36.507  52.461 0.0000000000
51523  2.403  -37.035  52.030 0.0000000000
51522  3.261  -36.452  51.678 0.0000000000
50251  3.105  -37.533  49.080 0.0000000000
51537  3.784  -35.656  50.401 0.0000000000
60059  0.445  -28.309  55.122 0.0000000000
58765  0.881  -30.537  55.224 0.0000000000
60045  2.062  -29.357  54.491 0.0000000000
57487  4.162  -31.214  50.365 0.0000000000
57456  3.769  -31.477  52.300 0.0000000000
56271  3.544  -32.673  48.976 0.0000000000
55067  3.259  -33.665  48.875 0.0000000000
56272  2.357  -32.403  48.431 0.0000000000
56310  1.081  -33.564  46.922 0.0000000000
56273  1.248  -32.142  48.193 0.0000000000
61377  1.142  -29.474  47.181 0.0000000000
60129  -0.363  -30.529  47.255 0.0000000000
62560  -0.184  -29.524  46.855 0.0000000000
140260  -1.350  -20.635  51.381 0.0000000000
140238  0.171  -22.382  51.553 0.0000000000
140256  0.130  -21.692  50.297 0.0000000000
69864  0.965  -21.736  46.372 0.0000000000
67476  0.772  -23.000  47.051 0.0000000000
68721  1.052  -22.735  48.626 0.0000000000
67498  2.419  -23.690  47.197 0.0000000000
66207  3.374  -24.198  47.785 0.0000000000
66216  3.157  -24.289  46.658 0.0000000000
52535  1.977  -34.773  62.849 0.0000000000
54886  1.263  -33.312  62.542 0.0000000000
56068  1.608  -33.045  63.175 0.0000000000
140069  4.887  -31.777  67.236 0.0000000000
140056  5.459  -32.544  65.401 0.0000000000
140065  4.406  -33.413  65.599 0.0000000000
54869  3.983  -34.399  65.467 0.0000000000
51251  3.394  -35.791  64.680 0.0000000000
48964  2.793  -36.638  64.160 0.0000000000
52519  2.533  -35.294  64.471 0.0000000000
52534  1.991  -34.848  63.479 0.0000000000
67257  -1.354  -24.205  57.045 0.0000000000
64864  -1.686  -25.478  55.916 0.0000000000
67281  -0.938  -23.702  56.035 0.0000000000
68568  -0.484  -23.941  55.086 0.0000000000
69735  0.147  -22.831  54.449 0.0000000000
47917  -2.369  -39.640  56.771 0.0000000000
49090  -2.289  -38.650  56.090 0.0000000000
50191  -1.463  -37.829  56.558 0.0000000000
51420  0.171  -36.969  57.039 0.0000000000
52669  0.199  -35.943  57.568 0.0000000000
59921  -2.409  -29.933  62.941 0.0000000000
58672  -2.643  -30.970  61.519 0.0000000000
61170  -2.489  -28.882  62.436 0.0000000000
62380  -2.949  -28.101  61.711 0.0000000000
63548  -3.160  -27.329  60.728 0.0000000000
63560  -3.279  -26.839  60.258 0.0000000000
45204  0.971  -39.753  59.484 0.0000000000
42539  0.622  -40.840  58.824 0.0000000000
45225  0.518  -39.930  58.309 0.0000000000
45265  -0.152  -40.997  57.719 0.0000000000
43873  -1.361  -41.866  57.901 0.0000000000
43912  -2.300  -42.707  57.236 0.0000000000
45284  -1.673  -41.287  57.642 0.0000000000
46612  -2.052  -40.537  57.270 0.0000000000
51476  1.354  -36.647  54.600 0.0000000000
51508  1.523  -37.044  53.404 0.0000000000
52729  1.851  -35.948  54.835 0.0000000000
53846  2.109  -34.331  54.661 0.0000000000
53845  2.829  -34.520  53.875 0.0000000000
61324  1.862  -26.777  53.656 0.0000000000
61286  2.593  -28.656  54.061 0.0000000000
61304  3.268  -28.308  52.897 0.0000000000
60086  4.571  -29.394  51.129 0.0000000000
58809  3.853  -30.971  49.529 0.0000000000
58828  2.252  -31.165  48.093 0.0000000000
60112  3.891  -30.374  48.389 0.0000000000
61343  4.019  -29.557  47.850 0.0000000000
61375  2.741  -28.583  46.838 0.0000000000
68755  2.093  -22.660  46.114 0.0000000000
67522  2.601  -23.668  46.242 0.0000000000
68775  2.423  -23.233  45.657 0.0000000000
50156  0.819  -37.616  58.887 0.0000000000
51376  0.693  -36.653  58.594 0.0000000000
52617  0.867  -34.975  59.755 0.0000000000
53774  -0.198  -33.730  60.787 0.0000000000
56085  -1.326  -33.453  62.797 0.0000000000
56076  -0.193  -32.776  62.702 0.0000000000
56079  -0.844  -33.190  63.534 0.0000000000
57316  -1.348  -32.034  63.110 0.0000000000
59901  -1.697  -29.965  63.436 0.0000000000
56077  8.356  -31.500  63.767 0.0000000000
56084  7.826  -31.871  62.595 0.0000000000
56071  7.728  -32.077  64.089 0.0000000000
52530  5.549  -34.251  64.493 0.0000000000
52544  5.468  -34.546  63.663 0.0000000000
51307  4.822  -35.477  61.773 0.0000000000
45181  3.047  -39.579  61.029 0.0000000000
45183  2.322  -39.301  61.072 0.0000000000
47781  2.160  -38.157  63.282 0.0000000000
45164  1.862  -38.903  61.738 0.0000000000
46534  1.713  -38.819  60.719 0.0000000000
47843  1.224  -38.690  59.772 0.0000000000
49036  1.018  -38.020  59.779 0.0000000000
58741  -2.705  -30.040  55.430 0.0000000000
57427  -0.773  -31.296  54.227 0.0000000000
58768  -1.099  -29.737  54.570 0.0000000000
60060  -0.556  -28.621  55.063 0.0000000000
61289  -0.076  -27.440  54.936 0.0000000000
63642  -1.276  -26.120  54.651 0.0000000000
63641  -0.781  -26.296  54.323 0.0000000000
62482  0.357  -26.502  54.032 0.0000000000
63661  0.956  -25.688  52.908 0.0000000000
64901  1.215  -25.379  52.063 0.0000000000
64913  1.792  -24.862  51.500 0.0000000000
58604  4.188  -31.180  64.673 0.0000000000
58629  9.394  -29.990  63.345 0.0000000000
59845  12.819  -27.790  64.844 0.0000000000
61069  12.455  -27.583  65.403 0.0000000000
59863  11.871  -28.667  64.904 0.0000000000
59864  10.857  -28.535  64.794 0.0000000000
59866  8.926  -29.524  64.045 0.0000000000
57298  8.745  -30.819  63.906 0.0000000000
57277  7.130  -30.528  66.326 0.0000000000
58559  7.174  -31.024  67.740 0.0000000000
61075  6.021  -28.945  66.570 0.0000000000
58562  4.911  -30.893  68.373 0.0000000000
58588  4.005  -30.828  67.419 0.0000000000
58603  4.806  -30.891  65.432 0.0000000000
49120  -2.163  -38.774  52.629 0.0000000000
50209  -1.053  -37.259  53.852 0.0000000000
50201  -1.745  -37.758  55.462 0.0000000000
50200  -0.958  -36.960  54.978 0.0000000000
51477  0.424  -37.192  54.690 0.0000000000
52705  0.971  -35.494  55.845 0.0000000000
56177  -2.251  -32.423  55.436 0.0000000000
52652  0.362  -35.706  58.259 0.0000000000
53790  -0.404  -34.718  58.899 0.0000000000
53799  -1.641  -34.480  58.770 0.0000000000
57369  -2.751  -31.734  60.088 0.0000000000
56118  -2.703  -32.495  59.305 0.0000000000
54935  -2.300  -33.944  57.247 0.0000000000
54936  -2.831  -33.010  57.168 0.0000000000
56163  -2.642  -32.472  56.179 0.0000000000
57404  -2.759  -31.317  56.066 0.0000000000
58742  -3.118  -29.759  56.129 0.0000000000
61247  -3.193  -28.105  56.453 0.0000000000
63592  -2.736  -26.126  57.392 0.0000000000
64798  -3.293  -26.098  59.286 0.0000000000
64814  -2.798  -25.304  58.366 0.0000000000
66071  -2.435  -24.834  58.050 0.0000000000
43888  1.692  -41.284  56.984 0.0000000000
43851  0.404  -41.675  58.177 0.0000000000
50232  1.293  -38.144  52.405 0.0000000000
50244  1.551  -38.524  51.432 0.0000000000
50266  1.880  -37.236  47.156 0.0000000000
56211  0.863  -31.815  55.283 0.0000000000
56210  1.850  -32.114  54.691 0.0000000000
54986  3.142  -33.560  53.234 0.0000000000
58764  3.294  -30.429  53.834 0.0000000000
56228  3.296  -32.476  52.797 0.0000000000
53879  3.554  -34.197  51.436 0.0000000000
52821  3.707  -34.646  49.565 0.0000000000
51559  3.014  -35.470  48.352 0.0000000000
51568  1.593  -36.356  46.886 0.0000000000
52849  0.636  -35.293  46.176 0.0000000000
58830  0.332  -31.433  47.545 0.0000000000
57543  -1.726  -31.867  47.665 0.0000000000
70847  -0.399  -22.101  53.235 0.0000000000
140243  -1.120  -20.578  53.203 0.0000000000
140249  -1.303  -21.950  52.840 0.0000000000
140242  -0.670  -22.653  51.394 0.0000000000
67412  0.465  -23.435  51.356 0.0000000000
67432  2.128  -23.709  50.296 0.0000000000
140261  0.478  -22.150  49.067 0.0000000000
67433  2.054  -23.136  49.933 0.0000000000
66198  3.384  -24.738  49.390 0.0000000000
64942  4.508  -25.704  48.730 0.0000000000
62540  4.346  -27.047  47.299 0.0000000000
62542  2.734  -27.977  46.485 0.0000000000
62556  2.903  -27.275  45.767 0.0000000000
56066  2.432  -32.691  64.599 0.0000000000
57300  2.605  -32.028  63.977 0.0000000000
57293  3.183  -32.169  64.609 0.0000000000
56065  3.404  -32.670  65.107 0.0000000000
50269  -0.520  -37.604  45.805 0.0000000000
50268  0.391  -37.481  46.144 0.0000000000
49064  0.144  -38.956  57.429 0.0000000000
57327  8.862  -30.537  62.596 0.0000000000
54974  -1.098  -32.781  54.630 0.0000000000
56192  -0.988  -32.096  54.318 0.0000000000
63657  3.345  -26.776  51.386 0.0000000000
64911  3.532  -26.014  51.089 0.0000000000
63670  4.170  -26.706  50.579 0.0000000000
64922  4.145  -26.062  50.434 0.0000000000
51291  1.434  -34.713  61.596 0.0000000000
52562  1.381  -34.605  61.816 0.0000000000
57289  6.144  -31.481  65.823 0.0000000000
50068  4.197  -36.256  64.442 0.0000000000
50080  4.594  -36.186  64.204 0.0000000000
50081  3.805  -36.636  63.687 0.0000000000
48987  3.515  -37.359  63.068 0.0000000000
47778  3.625  -38.188  62.902 0.0000000000
48975  3.308  -37.298  63.509 0.0000000000
51275  1.710  -35.598  62.684 0.0000000000
50095  1.614  -36.284  62.126 0.0000000000
50109  1.853  -36.270  61.534 0.0000000000
63607  -2.556  -26.420  56.983 0.0000000000
63623  -2.023  -26.156  56.291 0.0000000000
67325  -0.485  -23.892  53.999 0.0000000000
66147  -0.403  -24.524  54.205 0.0000000000
66158  -0.434  -24.046  53.607 0.0000000000
46661  -2.327  -40.779  54.420 0.0000000000
53812  -0.058  -34.811  56.767 0.0000000000
54900  -1.908  -33.871  61.502 0.0000000000
54907  -2.193  -33.796  60.544 0.0000000000
59980  -3.182  -29.656  59.758 0.0000000000
61224  -3.443  -28.222  58.501 0.0000000000
62407  -3.408  -27.587  59.456 0.0000000000
45223  1.813  -40.092  59.599 0.0000000000
43837  1.597  -40.842  59.372 0.0000000000
43822  1.143  -40.733  59.399 0.0000000000
42586  -1.195  -43.076  57.375 0.0000000000
51510  -0.407  -37.841  53.257 0.0000000000
51526  0.065  -38.020  53.230 0.0000000000
52779  3.462  -35.405  52.392 0.0000000000
52802  3.659  -35.759  51.679 0.0000000000
51538  3.418  -36.481  50.637 0.0000000000
52801  3.816  -35.084  51.307 0.0000000000
60058  1.212  -28.640  54.860 0.0000000000
58753  1.173  -29.364  54.860 0.0000000000
61273  1.853  -28.442  54.634 0.0000000000
57471  3.914  -31.755  50.931 0.0000000000
57508  2.890  -32.045  48.762 0.0000000000
57509  1.954  -31.825  48.452 0.0000000000
62544  1.221  -29.055  46.867 0.0000000000
62545  0.756  -29.366  47.022 0.0000000000
62559  0.510  -29.448  46.788 0.0000000000
140257  -1.504  -19.773  51.444 0.0000000000
72005  -1.410  -19.995  50.669 0.0000000000
140259  -1.132  -20.829  50.802 0.0000000000
140268  -1.295  -20.591  49.866 0.0000000000
68733  1.102  -22.542  46.414 0.0000000000
68734  0.240  -22.239  46.886 0.0000000000
67500  0.872  -22.773  46.627 0.0000000000
67475  1.411  -23.266  47.790 0.0000000000
53760  2.064  -34.071  63.227 0.0000000000
54881  1.812  -33.368  62.920 0.0000000000
57301  1.877  -32.074  63.477 0.0000000000
57285  4.717  -31.575  67.160 0.0000000000
56064  4.634  -32.326  65.776 0.0000000000
54872  3.118  -33.924  65.428 0.0000000000
140062  3.872  -34.093  65.520 0.0000000000
53749  3.590  -34.880  65.225 0.0000000000
52502  3.863  -35.175  65.200 0.0000000000
52503  3.478  -35.194  65.035 0.0000000000
51252  2.809  -35.777  64.455 0.0000000000
52518  2.951  -35.117  64.824 0.0000000000
53759  1.895  -34.172  63.954 0.0000000000
52533  2.133  -34.989  64.161 0.0000000000
67256  -0.939  -23.647  56.522 0.0000000000
69718  -0.122  -22.541  55.783 0.0000000000
49082  -1.920  -38.590  57.275 0.0000000000
62379  -2.618  -27.939  62.242 0.0000000000
62388  -3.067  -27.857  61.087 0.0000000000
64761  -2.528  -26.461  61.696 0.0000000000
63547  -2.944  -26.869  61.257 0.0000000000
46555  0.838  -39.361  59.337 0.0000000000
45224  0.538  -40.067  58.703 0.0000000000
46556  0.585  -39.583  58.677 0.0000000000
46594  -0.083  -40.385  57.557 0.0000000000
45266  -0.827  -41.110  57.728 0.0000000000
52730  1.466  -36.003  55.385 0.0000000000
51475  1.651  -36.450  54.564 0.0000000000
54987  2.464  -33.346  54.384 0.0000000000
61323  2.459  -27.186  53.170 0.0000000000
61322  3.007  -27.669  52.656 0.0000000000
61320  4.555  -28.174  51.062 0.0000000000
61321  3.817  -28.257  52.093 0.0000000000
60100  4.303  -30.232  49.622 0.0000000000
60099  4.775  -29.243  49.851 0.0000000000
62516  4.916  -27.444  49.450 0.0000000000
61342  4.633  -28.571  48.647 0.0000000000
61356  3.785  -28.719  47.357 0.0000000000
61355  4.367  -27.951  47.440 0.0000000000
69882  1.858  -21.970  46.262 0.0000000000
68774  2.745  -23.213  45.400 0.0000000000
51354  1.048  -37.014  60.127 0.0000000000
51355  0.913  -36.361  59.666 0.0000000000
53775  -0.999  -34.151  61.590 0.0000000000
54893  -0.754  -34.096  62.884 0.0000000000
56075  0.733  -32.687  62.650 0.0000000000
54887  0.551  -33.201  62.328 0.0000000000
57315  -0.691  -32.197  63.182 0.0000000000
58638  -1.963  -30.992  63.148 0.0000000000
59900  -0.811  -29.936  63.170 0.0000000000
56070  7.911  -31.302  64.274 0.0000000000
56078  7.923  -32.080  63.428 0.0000000000
54883  6.755  -33.301  63.983 0.0000000000
53744  5.221  -33.812  65.349 0.0000000000
54870  5.551  -33.511  65.069 0.0000000000
53747  5.442  -33.973  65.084 0.0000000000
50091  4.893  -35.741  63.459 0.0000000000
51262  5.311  -35.290  63.911 0.0000000000
51272  5.063  -35.287  63.390 0.0000000000
51289  4.836  -35.247  62.586 0.0000000000
50120  4.584  -35.952  62.203 0.0000000000
49033  4.209  -37.630  61.490 0.0000000000
46498  3.262  -39.662  62.573 0.0000000000
46516  2.907  -39.962  61.919 0.0000000000
45182  2.757  -39.513  61.109 0.0000000000
45162  2.457  -39.623  61.941 0.0000000000
48977  2.503  -37.004  63.810 0.0000000000
47768  2.573  -37.697  63.512 0.0000000000
48978  1.869  -37.149  63.406 0.0000000000
49005  1.477  -37.501  62.050 0.0000000000
47797  1.552  -37.927  62.383 0.0000000000
47812  1.551  -38.180  61.605 0.0000000000
46517  1.726  -38.711  61.461 0.0000000000
47825  1.615  -38.527  61.122 0.0000000000
46535  1.446  -39.023  59.914 0.0000000000
47826  1.513  -38.345  60.673 0.0000000000
50134  1.270  -37.276  60.433 0.0000000000
50145  1.056  -37.389  60.128 0.0000000000
50146  0.950  -37.517  59.722 0.0000000000
58754  -2.044  -29.877  54.514 0.0000000000
60032  -2.263  -28.889  55.063 0.0000000000
61290  -0.859  -27.808  54.808 0.0000000000
66122  -1.331  -24.775  55.476 0.0000000000
64877  -1.293  -25.421  55.082 0.0000000000
64883  -0.621  -25.692  54.218 0.0000000000
62497  0.738  -26.000  53.467 0.0000000000
63662  0.429  -25.620  53.366 0.0000000000
64902  0.622  -24.874  52.569 0.0000000000
64915  0.689  -24.400  52.051 0.0000000000
64914  1.011  -24.716  51.757 0.0000000000
58616  4.594  -30.637  64.540 0.0000000000
58631  4.483  -30.640  63.648 0.0000000000
58651  10.004  -29.576  62.699 0.0000000000
62333  10.816  -28.020  65.393 0.0000000000
62332  11.877  -27.772  65.496 0.0000000000
62341  11.588  -28.082  65.396 0.0000000000
61089  12.164  -28.018  65.373 0.0000000000
59847  11.525  -28.504  65.124 0.0000000000
59849  9.021  -29.154  64.681 0.0000000000
58602  8.961  -29.941  63.879 0.0000000000
58601  8.576  -29.965  64.124 0.0000000000
58571  7.387  -29.952  66.218 0.0000000000
58572  7.047  -30.449  67.078 0.0000000000
57278  7.149  -30.806  66.999 0.0000000000
58573  6.975  -30.652  67.679 0.0000000000
62335  5.495  -27.867  66.454 0.0000000000
61076  5.242  -28.955  66.710 0.0000000000
59833  5.463  -29.713  67.315 0.0000000000
59834  4.778  -29.777  67.232 0.0000000000
58563  4.031  -30.735  68.098 0.0000000000
59850  4.456  -30.003  66.812 0.0000000000
59882  5.307  -30.178  65.180 0.0000000000
43988  -2.181  -42.094  52.005 0.0000000000
47989  -2.106  -39.603  52.252 0.0000000000
50220  -1.886  -37.889  53.169 0.0000000000
53821  -1.018  -34.330  56.088 0.0000000000
54960  -1.176  -33.436  55.255 0.0000000000
52634  0.699  -35.271  59.036 0.0000000000
57357  -2.892  -31.892  60.975 0.0000000000
58689  -2.745  -30.843  60.668 0.0000000000
56119  -2.909  -31.950  58.858 0.0000000000
56134  -2.847  -32.497  58.680 0.0000000000
54923  -2.618  -33.364  58.294 0.0000000000
54924  -2.942  -32.681  57.787 0.0000000000
57405  -3.026  -31.451  56.972 0.0000000000
58732  -2.949  -30.380  56.117 0.0000000000
62440  -3.022  -27.149  56.930 0.0000000000
63593  -3.077  -26.358  57.631 0.0000000000
64784  -3.330  -26.359  59.800 0.0000000000
54891  7.280  -32.422  62.174 0.0000000000
42550  1.719  -41.517  58.351 0.0000000000
43868  2.057  -41.316  58.008 0.0000000000
42553  0.596  -41.158  58.572 0.0000000000
43974  -2.398  -42.540  52.938 0.0000000000
48002  0.077  -39.969  52.210 0.0000000000
48001  0.630  -39.954  51.294 0.0000000000
51525  0.819  -37.685  52.932 0.0000000000
51524  1.644  -37.373  52.519 0.0000000000
50231  2.025  -37.736  51.744 0.0000000000
49135  1.684  -38.806  50.603 0.0000000000
49146  2.177  -38.940  49.799 0.0000000000
50257  2.825  -37.516  48.158 0.0000000000
49165  2.099  -38.056  47.403 0.0000000000
51566  2.716  -36.909  47.876 0.0000000000
57444  -0.757  -30.506  54.336 0.0000000000
57443  -0.322  -30.847  54.877 0.0000000000
57425  1.871  -30.978  54.725 0.0000000000
56190  1.383  -31.423  55.106 0.0000000000
56209  2.718  -32.434  53.860 0.0000000000
60056  3.493  -29.527  53.561 0.0000000000
60043  3.110  -29.839  54.015 0.0000000000
58763  3.853  -30.242  53.394 0.0000000000
56240  3.462  -32.456  51.599 0.0000000000
55001  3.221  -33.286  52.081 0.0000000000
55023  3.593  -33.770  50.961 0.0000000000
53903  3.727  -34.256  50.641 0.0000000000
53904  3.586  -34.194  49.833 0.0000000000
140006  2.755  -34.030  48.125 0.0000000000
140002  2.894  -34.360  48.468 0.0000000000
52855  2.457  -34.951  47.700 0.0000000000
51577  2.240  -35.286  47.240 0.0000000000
51578  1.936  -35.545  46.918 0.0000000000
51579  1.401  -35.704  46.652 0.0000000000
53968  1.360  -34.878  46.499 0.0000000000
56311  0.483  -32.852  47.151 0.0000000000
60114  2.077  -30.875  47.728 0.0000000000
58829  1.702  -31.320  48.013 0.0000000000
60115  1.074  -30.891  47.616 0.0000000000
60144  -0.734  -30.059  47.460 0.0000000000
58867  -1.257  -30.967  47.393 0.0000000000
57559  -1.648  -31.868  46.851 0.0000000000
57573  -1.230  -31.808  45.588 0.0000000000
70845  -0.439  -20.501  52.765 0.0000000000
140254  -1.425  -20.723  52.802 0.0000000000
140250  -1.287  -21.692  53.146 0.0000000000
68607  -1.171  -22.535  52.472 0.0000000000
140240  -0.531  -22.299  51.508 0.0000000000
140239  0.366  -22.716  51.390 0.0000000000
68671  0.821  -23.057  50.740 0.0000000000
67411  1.020  -23.929  50.804 0.0000000000
68690  1.702  -23.337  50.306 0.0000000000
68756  -1.297  -21.309  46.951 0.0000000000
69867  -1.294  -21.093  47.626 0.0000000000
140267  -0.532  -21.372  48.640 0.0000000000
140266  0.030  -21.990  48.213 0.0000000000
67474  2.479  -23.579  48.358 0.0000000000
67453  1.761  -23.061  49.100 0.0000000000
67452  2.483  -23.573  49.455 0.0000000000
64932  4.040  -25.139  49.087 0.0000000000
66206  3.731  -24.561  48.645 0.0000000000
64944  3.611  -25.079  46.990 0.0000000000
63703  4.153  -26.050  46.926 0.0000000000
62541  3.672  -27.191  46.465 0.0000000000
66229  3.203  -24.337  45.779 0.0000000000
54879  1.877  -33.362  64.365 0.0000000000
54885  1.545  -33.017  63.870 0.0000000000
56072  2.089  -32.485  63.994 0.0000000000
57313  2.256  -31.618  63.191 0.0000000000
53757  2.671  -34.421  65.076 0.0000000000
50277  -1.185  -37.663  45.360 0.0000000000
51580  -0.809  -36.668  45.606 0.0000000000
50174  -0.530  -38.532  57.281 0.0000000000
49074  -0.364  -38.796  57.321 0.0000000000
47861  0.623  -39.218  58.502 0.0000000000
47881  -0.427  -39.731  57.431 0.0000000000
53832  0.405  -34.021  55.430 0.0000000000
54972  0.695  -33.610  55.184 0.0000000000
54989  0.281  -32.620  55.318 0.0000000000
63659  2.228  -26.334  52.131 0.0000000000
63658  2.822  -26.654  51.814 0.0000000000
62492  3.949  -27.427  51.236 0.0000000000
62491  4.330  -27.684  50.964 0.0000000000
62506  4.481  -27.421  50.553 0.0000000000
63689  4.881  -26.460  49.003 0.0000000000
51333  1.266  -35.202  60.386 0.0000000000
51309  1.510  -34.789  61.179 0.0000000000
53766  0.573  -33.677  62.022 0.0000000000
57304  -0.033  -32.162  62.748 0.0000000000
58636  -0.375  -30.843  62.728 0.0000000000
59899  -0.094  -29.940  62.638 0.0000000000
56059  6.963  -30.698  65.796 0.0000000000
56062  6.959  -31.730  64.749 0.0000000000
51234  4.864  -35.278  64.886 0.0000000000
52516  5.271  -34.648  64.776 0.0000000000
51248  4.903  -35.575  64.643 0.0000000000
50092  4.481  -36.076  63.509 0.0000000000
50107  4.120  -36.457  62.597 0.0000000000
47796  3.655  -39.011  62.950 0.0000000000
46486  2.713  -39.021  63.109 0.0000000000
50084  1.653  -36.524  63.247 0.0000000000
50094  1.499  -36.448  62.718 0.0000000000
48990  1.486  -36.906  62.281 0.0000000000
49021  1.493  -37.657  61.504 0.0000000000
50122  1.698  -36.758  60.971 0.0000000000
61260  -2.818  -27.875  55.975 0.0000000000
61259  -2.366  -27.902  55.414 0.0000000000
62461  -1.781  -27.028  55.190 0.0000000000
66136  -0.755  -24.821  54.810 0.0000000000
64891  -0.270  -24.607  53.926 0.0000000000
64890  -0.137  -25.120  53.789 0.0000000000
64903  0.182  -24.951  53.267 0.0000000000
66171  0.089  -23.790  53.229 0.0000000000
66184  -0.085  -23.326  52.459 0.0000000000
61142  10.864  -28.209  63.957 0.0000000000
58570  8.154  -29.518  65.748 0.0000000000
59814  8.077  -29.035  66.413 0.0000000000
61073  7.747  -28.971  66.512 0.0000000000
61105  4.983  -29.156  65.836 0.0000000000
51439  0.351  -37.017  56.384 0.0000000000
59960  -2.864  -29.717  60.867 0.0000000000
58690  -2.948  -30.364  60.139 0.0000000000
58702  -3.120  -30.657  59.492 0.0000000000
57381  -3.188  -31.159  58.693 0.0000000000
58722  -3.228  -30.267  58.140 0.0000000000
60008  -3.300  -29.247  57.720 0.0000000000
54899  6.634  -32.870  61.819 0.0000000000
53773  6.111  -33.265  61.381 0.0000000000
45221  2.707  -40.217  59.567 0.0000000000
45243  2.254  -40.900  59.294 0.0000000000
43850  1.711  -41.398  58.958 0.0000000000
42551  1.258  -41.590  58.489 0.0000000000
43871  -0.016  -41.961  58.102 0.0000000000
45316  -2.451  -41.814  55.873 0.0000000000
45346  -2.414  -41.677  53.683 0.0000000000
49128  -1.319  -39.031  52.605 0.0000000000
48019  -1.226  -39.898  52.594 0.0000000000
49138  -1.099  -39.433  52.838 0.0000000000
49127  -0.380  -39.221  52.818 0.0000000000
52780  2.792  -36.153  53.124 0.0000000000
51507  2.250  -36.880  52.818 0.0000000000
51539  2.650  -37.138  51.123 0.0000000000
50252  2.676  -38.070  49.815 0.0000000000
50242  3.024  -37.262  50.151 0.0000000000
51548  3.602  -36.019  49.378 0.0000000000
58766  0.566  -29.792  54.980 0.0000000000
58752  1.438  -29.995  54.866 0.0000000000
58751  2.273  -30.084  54.551 0.0000000000
58793  4.391  -30.296  51.796 0.0000000000
58778  4.161  -30.464  52.685 0.0000000000
57470  4.174  -31.045  51.383 0.0000000000
56253  3.765  -32.530  50.383 0.0000000000
55044  3.434  -33.660  49.200 0.0000000000
140008  2.707  -33.446  48.277 0.0000000000
140017  2.433  -33.190  48.146 0.0000000000
140003  1.995  -34.027  46.698 0.0000000000
56291  1.892  -33.140  47.742 0.0000000000
56292  0.146  -32.098  47.688 0.0000000000
61358  2.014  -30.053  47.235 0.0000000000
60127  0.721  -30.469  47.348 0.0000000000
61360  0.521  -30.182  47.141 0.0000000000
61379  -0.361  -29.855  47.058 0.0000000000
60156  -1.184  -29.784  46.928 0.0000000000
140244  -0.596  -21.303  51.072 0.0000000000
140247  0.016  -21.520  50.939 0.0000000000
68722  0.490  -22.523  47.834 0.0000000000
63704  3.684  -25.715  46.388 0.0000000000
52545  1.661  -34.613  62.202 0.0000000000
53763  1.763  -33.978  62.579 0.0000000000
56069  1.377  -32.966  62.879 0.0000000000
140057  5.379  -31.972  67.722 0.0000000000
57284  5.525  -31.372  66.211 0.0000000000
57290  5.313  -31.900  65.702 0.0000000000
140064  5.084  -32.606  65.545 0.0000000000
52487  4.829  -33.597  65.525 0.0000000000
53756  4.015  -33.562  65.548 0.0000000000
52488  4.679  -34.359  65.378 0.0000000000
52501  4.307  -35.167  65.166 0.0000000000
51250  3.930  -36.008  64.768 0.0000000000
50069  3.570  -36.489  64.300 0.0000000000
48962  3.309  -36.947  63.953 0.0000000000
50070  3.047  -36.322  64.353 0.0000000000
50071  2.580  -36.339  64.149 0.0000000000
51264  2.297  -35.774  64.128 0.0000000000
52532  2.502  -34.802  64.653 0.0000000000
51265  1.894  -35.704  63.468 0.0000000000
51266  1.892  -35.262  63.129 0.0000000000
66092  -2.075  -24.795  57.316 0.0000000000
66111  -1.677  -24.765  56.388 0.0000000000
67282  -1.117  -24.072  55.957 0.0000000000
68550  -0.595  -23.458  55.620 0.0000000000
67303  -0.452  -24.083  54.622 0.0000000000
68567  -0.214  -23.572  54.337 0.0000000000
69758  0.116  -22.967  53.278 0.0000000000
50182  -0.894  -38.115  57.291 0.0000000000
50181  -0.378  -37.603  56.675 0.0000000000
57328  -2.096  -31.980  62.730 0.0000000000
57343  -2.628  -31.987  61.940 0.0000000000
58657  -2.455  -30.954  62.401 0.0000000000
59934  -2.603  -29.878  61.851 0.0000000000
62370  -2.265  -28.077  62.857 0.0000000000
61184  -2.771  -29.057  61.839 0.0000000000
59935  -2.797  -29.329  61.486 0.0000000000
61185  -2.974  -28.749  61.365 0.0000000000
62398  -3.174  -27.803  60.251 0.0000000000
42525  0.705  -40.583  59.180 0.0000000000
43824  0.605  -40.346  59.073 0.0000000000
45244  0.447  -40.575  58.323 0.0000000000
45245  0.341  -40.520  58.015 0.0000000000
43853  0.019  -41.010  57.906 0.0000000000
43872  -0.521  -41.631  57.942 0.0000000000
42569  -1.645  -42.448  57.824 0.0000000000
43893  -1.993  -42.213  57.725 0.0000000000
46629  -2.344  -40.769  56.286 0.0000000000
51493  0.851  -37.180  53.951 0.0000000000
51509  0.421  -37.642  53.431 0.0000000000
51492  1.642  -36.594  54.234 0.0000000000
52757  2.427  -35.831  54.123 0.0000000000
53830  1.844  -34.984  54.845 0.0000000000
52756  3.049  -35.314  53.293 0.0000000000
53844  3.289  -34.681  53.037 0.0000000000
61306  2.261  -27.353  54.019 0.0000000000
61287  2.381  -28.111  54.312 0.0000000000
60070  3.116  -28.467  53.297 0.0000000000
60069  3.443  -28.790  53.152 0.0000000000
61303  3.650  -28.646  52.716 0.0000000000
60068  4.101  -29.333  52.608 0.0000000000
58808  4.348  -30.532  50.655 0.0000000000
58810  2.805  -31.292  48.580 0.0000000000
60101  3.433  -30.881  48.747 0.0000000000
60113  3.010  -30.810  47.982 0.0000000000
60111  4.343  -29.612  48.919 0.0000000000
61344  3.163  -30.209  47.537 0.0000000000
61357  2.949  -29.368  47.163 0.0000000000
61376  1.929  -29.128  46.876 0.0000000000
67523  2.351  -23.276  45.931 0.0000000000
49167  0.523  -38.237  46.883 0.0000000000
52601  0.636  -34.279  60.255 0.0000000000
54894  -1.395  -33.949  62.298 0.0000000000
52546  1.128  -34.183  61.967 0.0000000000
54890  -0.197  -33.398  62.497 0.0000000000
56080  -1.514  -32.743  62.861 0.0000000000
61149  -1.311  -28.991  63.148 0.0000000000
56083  8.339  -31.308  63.062 0.0000000000
54888  7.421  -32.614  62.990 0.0000000000
54882  7.320  -32.652  63.686 0.0000000000
53765  6.249  -33.538  62.865 0.0000000000
52580  5.217  -34.792  62.068 0.0000000000
54876  5.821  -33.110  64.934 0.0000000000
54871  5.854  -33.517  64.743 0.0000000000
53754  5.947  -33.908  64.021 0.0000000000
51247  5.238  -35.251  64.339 0.0000000000
52531  5.480  -34.612  64.189 0.0000000000
53762  5.739  -34.045  63.857 0.0000000000
52561  5.255  -34.655  62.910 0.0000000000
50121  4.433  -36.804  61.836 0.0000000000
46533  3.007  -39.435  60.848 0.0000000000
45201  2.806  -39.621  60.209 0.0000000000
45202  2.431  -39.533  60.182 0.0000000000
45203  1.831  -39.366  60.061 0.0000000000
47767  3.022  -37.779  63.477 0.0000000000
47780  2.660  -38.316  63.345 0.0000000000
46487  2.210  -38.709  63.004 0.0000000000
47782  1.702  -37.939  63.043 0.0000000000
46488  1.904  -38.422  62.973 0.0000000000
45163  1.960  -39.090  61.961 0.0000000000
45184  1.918  -39.050  61.168 0.0000000000
49035  1.254  -38.009  60.189 0.0000000000
49048  1.032  -38.441  59.630 0.0000000000
57415  -2.256  -31.168  54.903 0.0000000000
57428  -1.493  -30.995  53.985 0.0000000000
60047  -1.386  -28.808  54.891 0.0000000000
60072  0.858  -27.585  54.739 0.0000000000
62471  -0.499  -26.862  54.359 0.0000000000
61308  0.598  -27.273  54.535 0.0000000000
61307  1.319  -27.146  54.203 0.0000000000
61325  1.481  -26.717  53.819 0.0000000000
62496  1.266  -26.370  53.552 0.0000000000
62495  2.057  -26.509  52.922 0.0000000000
63660  1.572  -26.002  52.525 0.0000000000
64900  2.053  -25.591  51.830 0.0000000000
57311  3.565  -31.346  63.775 0.0000000000
58617  4.020  -31.118  64.028 0.0000000000
57297  9.136  -30.677  63.415 0.0000000000
61088  12.884  -27.645  65.044 0.0000000000
61121  11.014  -28.384  64.453 0.0000000000
59879  10.229  -28.555  64.183 0.0000000000
59848  10.217  -28.661  65.050 0.0000000000
59896  9.553  -29.290  63.602 0.0000000000
58630  9.295  -29.796  63.621 0.0000000000
58613  9.154  -30.589  63.645 0.0000000000
58586  7.751  -29.826  65.693 0.0000000000
57282  7.423  -30.204  65.657 0.0000000000
56058  7.325  -30.516  65.353 0.0000000000
56055  7.056  -30.761  66.602 0.0000000000
56056  6.739  -31.092  66.972 0.0000000000
57272  6.855  -31.540  68.029 0.0000000000
62323  7.295  -27.845  66.395 0.0000000000
61074  7.176  -28.746  66.569 0.0000000000
59832  6.507  -30.081  67.290 0.0000000000
59815  6.181  -30.567  68.111 0.0000000000
58561  5.774  -31.042  68.412 0.0000000000
57273  6.031  -31.576  68.095 0.0000000000
57275  4.377  -31.445  68.273 0.0000000000
57280  3.735  -31.553  67.736 0.0000000000
58587  4.807  -30.859  66.762 0.0000000000
59868  5.148  -30.199  66.100 0.0000000000
46697  -2.256  -40.427  52.442 0.0000000000
49129  -1.823  -39.017  52.202 0.0000000000
50235  -1.562  -38.331  52.510 0.0000000000
50219  -1.049  -37.755  53.082 0.0000000000
49100  -2.368  -38.688  54.811 0.0000000000
50210  -1.901  -37.742  54.282 0.0000000000
53819  0.943  -34.870  55.626 0.0000000000
54959  -0.273  -33.694  55.422 0.0000000000
53798  -0.706  -35.277  58.168 0.0000000000
53805  -1.588  -34.533  57.792 0.0000000000
56103  -2.535  -32.750  60.286 0.0000000000
56150  -3.034  -32.128  57.433 0.0000000000
54948  -2.699  -32.810  56.573 0.0000000000
60021  -3.449  -29.097  56.649 0.0000000000
62451  -2.839  -27.571  56.386 0.0000000000
63568  -3.482  -26.789  59.371 0.0000000000
63579  -3.458  -26.599  58.565 0.0000000000
64797  -2.937  -25.343  59.223 0.0000000000
64815  -3.180  -25.865  58.498 0.0000000000
64831  -3.014  -25.721  57.973 0.0000000000
64830  -2.592  -25.626  57.564 0.0000000000
56092  7.637  -31.584  61.579 0.0000000000
56102  7.639  -31.726  60.470 0.0000000000
42538  0.748  -41.168  58.901 0.0000000000
42552  0.756  -41.482  58.406 0.0000000000
42567  1.024  -41.716  58.197 0.0000000000
45283  0.733  -42.003  57.438 0.0000000000
46714  -0.476  -40.650  52.500 0.0000000000
49136  1.160  -39.243  50.977 0.0000000000
48017  1.137  -39.968  50.377 0.0000000000
49145  2.752  -38.486  49.270 0.0000000000
50267  1.097  -37.267  46.758 0.0000000000
56213  -0.584  -31.884  54.807 0.0000000000
56212  -0.117  -31.741  55.369 0.0000000000
57441  0.895  -31.087  55.451 0.0000000000
53861  3.368  -34.205  52.236 0.0000000000
61271  2.340  -29.012  54.253 0.0000000000
58750  2.826  -30.097  54.248 0.0000000000
57424  2.639  -30.786  54.250 0.0000000000
58779  3.721  -30.891  53.220 0.0000000000
57439  3.174  -31.484  53.578 0.0000000000
53860  3.595  -34.753  51.877 0.0000000000
51547  3.820  -35.440  49.870 0.0000000000
51549  3.343  -35.259  48.854 0.0000000000
53929  3.379  -34.307  49.261 0.0000000000
51567  2.399  -36.189  47.540 0.0000000000
51569  0.785  -36.151  46.306 0.0000000000
52856  -0.128  -35.697  45.812 0.0000000000
57490  1.895  -31.548  48.252 0.0000000000
57510  1.049  -31.672  48.074 0.0000000000
57528  -0.605  -31.838  48.245 0.0000000000
58850  -0.115  -31.005  47.216 0.0000000000
57529  -1.203  -31.696  48.188 0.0000000000
56328  -1.567  -33.015  46.293 0.0000000000
70828  0.057  -22.044  53.747 0.0000000000
70829  0.208  -22.501  53.587 0.0000000000
68586  -0.552  -23.176  53.338 0.0000000000
70846  -0.953  -21.178  53.552 0.0000000000
69779  -1.011  -22.446  53.219 0.0000000000
67391  -0.670  -23.503  51.908 0.0000000000
67413  -0.058  -23.304  52.053 0.0000000000
67347  -0.322  -22.643  51.578 0.0000000000
67390  -0.254  -23.090  51.672 0.0000000000
66182  0.711  -24.183  51.510 0.0000000000
66181  1.344  -24.394  51.120 0.0000000000
66180  2.085  -24.409  50.760 0.0000000000
68708  1.060  -22.703  49.492 0.0000000000
68691  1.337  -23.027  50.105 0.0000000000
66191  2.731  -24.448  49.951 0.0000000000
64924  2.966  -25.017  50.190 0.0000000000
64923  3.542  -25.345  50.069 0.0000000000
64931  4.382  -25.814  49.589 0.0000000000
64943  4.166  -25.169  47.975 0.0000000000
63702  4.621  -26.247  47.989 0.0000000000
61373  3.971  -27.571  46.995 0.0000000000
61374  3.512  -28.026  46.887 0.0000000000
64955  3.645  -25.089  46.087 0.0000000000
62555  3.356  -26.712  46.034 0.0000000000
62558  1.297  -28.729  46.476 0.0000000000
42523  1.013  -41.076  59.278 0.0000000000
42524  0.809  -40.814  59.224 0.0000000000
43838  1.393  -40.507  59.474 0.0000000000
43839  0.525  -40.595  58.584 0.0000000000
43869  1.060  -41.817  57.612 0.0000000000
45263  1.202  -41.963  57.940 0.0000000000
45264  0.838  -41.993  57.659 0.0000000000
45282  0.956  -41.939  57.434 0.0000000000
46485  3.171  -39.290  63.111 0.0000000000
46500  2.268  -39.248  62.577 0.0000000000
46501  1.817  -38.624  62.328 0.0000000000
46735  -0.982  -40.320  52.767 0.0000000000
46737  -1.722  -40.335  51.851 0.0000000000
47766  3.248  -37.770  63.381 0.0000000000
47769  2.134  -37.612  63.447 0.0000000000
48003  -1.355  -39.497  52.521 0.0000000000
48004  -1.684  -39.697  52.155 0.0000000000
48963  3.045  -36.823  64.141 0.0000000000
48974  3.448  -37.125  63.315 0.0000000000
48976  2.975  -37.283  63.782 0.0000000000
48988  3.412  -37.488  63.256 0.0000000000
49137  -0.842  -39.642  52.901 0.0000000000
50067  4.579  -36.021  64.575 0.0000000000
50135  1.070  -37.664  60.090 0.0000000000
50265  2.461  -37.347  47.597 0.0000000000
51235  4.585  -35.451  64.943 0.0000000000
51236  4.107  -35.633  65.008 0.0000000000
51237  3.765  -35.595  64.962 0.0000000000
51273  5.075  -35.737  63.687 0.0000000000
51521  3.698  -35.933  51.143 0.0000000000
52489  4.365  -34.715  65.323 0.0000000000
52490  4.074  -34.891  65.325 0.0000000000
52500  4.825  -34.868  65.081 0.0000000000
52515  5.366  -34.325  64.905 0.0000000000
52517  5.023  -35.073  64.848 0.0000000000
52543  5.714  -34.014  63.612 0.0000000000
52755  3.310  -35.134  52.960 0.0000000000
52820  3.933  -34.885  50.161 0.0000000000
52837  3.796  -35.174  49.581 0.0000000000
52838  3.498  -34.915  49.141 0.0000000000
52862  2.035  -34.451  46.828 0.0000000000
52863  1.604  -35.179  46.616 0.0000000000
52864  1.086  -35.292  46.412 0.0000000000
53745  4.087  -34.618  65.412 0.0000000000
53746  5.642  -33.825  64.823 0.0000000000
53748  3.804  -34.558  65.397 0.0000000000
53750  5.758  -33.858  64.594 0.0000000000
53751  5.525  -34.105  64.864 0.0000000000
53752  3.558  -34.014  65.495 0.0000000000
53753  3.233  -34.540  65.265 0.0000000000
53755  5.660  -34.294  63.859 0.0000000000
53764  1.164  -33.813  62.236 0.0000000000
53769  -0.834  -34.435  62.253 0.0000000000
53880  3.340  -33.732  51.639 0.0000000000
53930  3.231  -34.473  48.978 0.0000000000
54884  1.667  -32.944  64.100 0.0000000000
55008  3.436  -33.734  51.311 0.0000000000
55009  3.477  -33.278  51.174 0.0000000000
55045  3.004  -33.996  48.763 0.0000000000
56052  6.883  -31.555  67.645 0.0000000000
56053  6.310  -31.672  67.595 0.0000000000
56054  4.521  -31.720  67.640 0.0000000000
56057  4.128  -31.642  67.519 0.0000000000
56063  6.018  -32.255  65.246 0.0000000000
56074  1.293  -32.727  63.259 0.0000000000
56164  -2.922  -32.209  56.716 0.0000000000
56191  1.100  -31.304  55.336 0.0000000000
56274  0.538  -31.865  48.057 0.0000000000
56290  3.214  -33.391  48.682 0.0000000000
56293  -0.818  -32.190  48.138 0.0000000000
57271  7.063  -31.300  67.567 0.0000000000
57274  5.089  -31.742  68.261 0.0000000000
57276  3.884  -31.493  68.114 0.0000000000
57279  3.990  -31.575  67.503 0.0000000000
57286  4.002  -31.301  67.465 0.0000000000
57287  3.681  -31.185  67.604 0.0000000000
57370  -2.945  -31.500  59.400 0.0000000000
57426  1.289  -30.871  55.238 0.0000000000
57442  0.380  -30.947  55.376 0.0000000000
57455  4.095  -30.848  52.049 0.0000000000
57489  2.576  -31.587  48.568 0.0000000000
57511  -0.051  -31.683  47.881 0.0000000000
57512  -0.642  -31.428  48.240 0.0000000000
58560  6.635  -30.946  68.155 0.0000000000
58564  3.581  -31.254  68.049 0.0000000000
58574  3.927  -30.647  67.635 0.0000000000
58575  3.633  -31.048  67.823 0.0000000000
58589  3.719  -30.949  67.616 0.0000000000
58614  9.059  -30.199  63.766 0.0000000000
58615  9.108  -30.109  64.012 0.0000000000
58811  2.245  -31.416  48.311 0.0000000000
58831  -0.399  -31.363  47.914 0.0000000000
58851  -0.616  -30.889  47.900 0.0000000000
59816  5.627  -30.315  68.072 0.0000000000
59817  4.847  -30.070  68.055 0.0000000000
59818  4.349  -30.104  67.788 0.0000000000
59835  4.181  -30.234  67.504 0.0000000000
59851  4.119  -30.460  67.349 0.0000000000
59867  8.951  -29.843  64.107 0.0000000000
59880  9.254  -29.392  63.845 0.0000000000
59881  8.999  -29.973  63.929 0.0000000000
60044  2.700  -29.393  54.129 0.0000000000
60046  1.596  -29.069  54.637 0.0000000000
60057  2.991  -28.800  53.601 0.0000000000
60071  1.144  -27.832  54.845 0.0000000000
60102  2.686  -31.042  48.184 0.0000000000
60116  0.415  -30.876  47.308 0.0000000000
60126  1.360  -30.450  47.495 0.0000000000
60128  0.178  -30.510  46.911 0.0000000000
60143  -0.279  -30.161  46.968 0.0000000000
61054  7.656  -28.228  66.446 0.0000000000
61171  -2.822  -28.530  61.954 0.0000000000
61272  2.143  -28.742  54.417 0.0000000000
61305  2.799  -28.049  53.492 0.0000000000
61359  0.963  -30.012  47.372 0.0000000000
61378  0.303  -29.807  46.832 0.0000000000
61390  0.081  -29.582  46.985 0.0000000000
61391  -0.392  -29.529  47.009 0.0000000000
61401  -0.630  -29.150  46.597 0.0000000000
62342  11.095  -28.079  65.322 0.0000000000
62439  -2.620  -26.899  56.709 0.0000000000
62481  0.847  -26.815  54.058 0.0000000000
63531  -2.313  -27.582  62.556 0.0000000000
63608  -2.886  -26.661  57.190 0.0000000000
63671  3.762  -26.747  50.912 0.0000000000
64898  3.103  -26.370  51.510 0.0000000000
64910  3.909  -26.363  50.757 0.0000000000
66190  3.075  -24.956  49.816 0.0000000000
67349  -0.682  -23.862  53.869 0.0000000000
67366  -0.008  -22.759  51.788 0.0000000000
67368  -0.471  -23.649  53.342 0.0000000000
67389  0.281  -22.995  51.548 0.0000000000
67410  1.616  -24.031  50.652 0.0000000000
67414  -0.335  -23.420  52.103 0.0000000000
67477  -1.132  -22.119  47.898 0.0000000000
67478  -1.265  -22.203  47.691 0.0000000000
67501  -1.208  -22.041  47.494 0.0000000000
67502  -1.404  -21.925  47.354 0.0000000000
67524  -1.411  -21.687  47.262 0.0000000000
67525  -1.470  -21.830  47.130 0.0000000000
68551  -0.741  -23.974  55.485 0.0000000000
68626  -0.372  -23.009  51.859 0.0000000000
68648  -0.756  -23.191  51.151 0.0000000000
68649  -1.112  -22.991  51.420 0.0000000000
68669  1.548  -23.656  50.523 0.0000000000
68670  1.147  -23.409  50.596 0.0000000000
68735  -0.806  -21.276  47.457 0.0000000000
68736  -1.282  -21.718  47.699 0.0000000000
68757  -1.432  -21.459  47.190 0.0000000000
69866  -1.088  -21.063  46.630 0.0000000000
69883  -1.356  -21.053  46.921 0.0000000000
69884  -1.439  -21.020  47.087 0.0000000000
71004  -1.323  -20.828  47.216 0.0000000000
140000  3.074  -34.724  48.708 0.0000000000
140001  2.769  -34.660  48.230 0.0000000000
140005  2.866  -34.124  48.466 0.0000000000
140007  1.720  -34.374  46.655 0.0000000000
140010  2.632  -34.454  47.895 0.0000000000
140014  0.770  -33.657  46.778 0.0000000000
140015  0.835  -35.577  46.309 0.0000000000
140016  2.738  -32.997  48.326 0.0000000000
140018  2.089  -34.312  46.724 0.0000000000
140020  1.001  -35.005  46.310 0.0000000000
140054  5.371  -33.258  65.300 0.0000000000
140055  4.967  -32.962  65.574 0.0000000000
140058  4.213  -34.174  65.513 0.0000000000
140059  5.691  -32.827  65.143 0.0000000000
140060  5.736  -31.634  67.299 0.0000000000
140061  4.923  -32.075  67.848 0.0000000000
140063  5.213  -32.308  65.571 0.0000000000
140066  4.768  -32.215  67.739 0.0000000000
140067  4.987  -32.207  65.606 0.0000000000
140068  5.238  -31.541  66.702 0.0000000000
140241  0.163  -21.801  51.190 0.0000000000
140245  0.570  -22.926  51.168 0.0000000000
140251  -1.469  -21.217  53.068 0.0000000000
140263  -1.386  -20.287  50.470 0.0000000000
