#!ascii label  , from subject 3020 vox2ras=TkReg
353
29791  50.955  -55.032  4.929 0.0000000000
20997  53.486  -59.453  5.544 0.0000000000
23351  49.197  -59.376  7.625 0.0000000000
27255  56.852  -56.505  8.209 0.0000000000
17773  52.027  -63.686  6.675 0.0000000000
20937  51.011  -60.957  7.195 0.0000000000
18870  49.082  -62.405  4.292 0.0000000000
23381  55.458  -57.796  6.018 0.0000000000
28548  58.344  -55.242  4.868 0.0000000000
26004  50.812  -57.476  6.720 0.0000000000
25959  53.160  -57.645  7.438 0.0000000000
23326  54.513  -58.932  7.607 0.0000000000
19923  53.388  -61.974  5.928 0.0000000000
17850  51.096  -64.223  1.916 0.0000000000
29819  48.055  -53.915  4.809 0.0000000000
27301  47.808  -56.531  6.133 0.0000000000
24659  46.995  -58.476  7.359 0.0000000000
30993  56.474  -53.559  6.309 0.0000000000
20966  48.662  -61.287  5.083 0.0000000000
22138  54.434  -58.448  5.555 0.0000000000
24689  55.878  -57.356  5.460 0.0000000000
25984  50.301  -57.952  7.123 0.0000000000
24635  50.657  -58.639  7.689 0.0000000000
19882  51.895  -61.953  6.841 0.0000000000
22055  52.965  -59.762  8.014 0.0000000000
19865  53.188  -60.730  7.513 0.0000000000
22104  53.832  -59.728  6.658 0.0000000000
18843  53.381  -62.464  6.772 0.0000000000
18919  51.582  -63.097  1.927 0.0000000000
26010  45.653  -57.204  6.553 0.0000000000
25987  47.574  -57.816  7.048 0.0000000000
24660  45.843  -58.581  6.978 0.0000000000
28508  55.357  -55.559  7.079 0.0000000000
29757  57.433  -54.578  7.197 0.0000000000
28574  58.232  -54.830  3.918 0.0000000000
29786  58.175  -53.588  4.440 0.0000000000
22106  48.118  -60.119  6.800 0.0000000000
22097  50.118  -60.271  7.524 0.0000000000
22121  49.408  -60.784  6.262 0.0000000000
19910  50.321  -61.963  5.942 0.0000000000
17791  50.809  -63.300  5.514 0.0000000000
25981  57.241  -56.956  7.479 0.0000000000
27294  58.104  -55.790  6.691 0.0000000000
26023  57.405  -56.847  5.379 0.0000000000
27342  56.955  -56.547  3.879 0.0000000000
20999  52.599  -60.864  5.342 0.0000000000
27324  50.627  -56.243  5.751 0.0000000000
27276  53.915  -56.723  6.769 0.0000000000
27257  55.097  -56.492  7.636 0.0000000000
24588  52.060  -58.848  8.094 0.0000000000
25940  54.345  -57.520  7.607 0.0000000000
27240  56.046  -56.973  7.819 0.0000000000
24654  55.924  -58.314  6.856 0.0000000000
22119  54.563  -58.702  6.039 0.0000000000
20978  53.378  -60.190  5.732 0.0000000000
16765  52.190  -64.998  4.588 0.0000000000
17824  53.055  -63.882  4.006 0.0000000000
18889  53.159  -62.287  4.411 0.0000000000
19950  52.811  -62.194  4.088 0.0000000000
31024  50.207  -53.349  4.227 0.0000000000
29792  50.050  -54.806  5.080 0.0000000000
28556  47.809  -55.189  5.415 0.0000000000
27326  49.273  -55.966  5.658 0.0000000000
26006  49.160  -57.272  6.568 0.0000000000
25986  48.480  -57.824  7.052 0.0000000000
24638  48.157  -58.852  7.614 0.0000000000
22108  45.823  -60.025  6.926 0.0000000000
22107  46.990  -60.003  6.889 0.0000000000
29756  58.092  -54.114  6.568 0.0000000000
29815  51.496  -54.482  4.448 0.0000000000
31022  51.934  -53.937  3.941 0.0000000000
29814  52.540  -54.593  4.396 0.0000000000
22160  53.867  -59.127  5.576 0.0000000000
23411  54.873  -57.649  5.002 0.0000000000
24636  49.754  -58.871  7.694 0.0000000000
25962  50.795  -58.174  7.361 0.0000000000
18825  52.388  -62.389  7.060 0.0000000000
19880  52.708  -61.679  7.241 0.0000000000
18824  52.870  -62.288  7.182 0.0000000000
18823  53.165  -62.123  7.014 0.0000000000
17772  52.866  -63.875  6.985 0.0000000000
18941  51.759  -63.043  -0.518 0.0000000000
24674  45.404  -57.902  6.624 0.0000000000
28493  56.431  -55.539  7.886 0.0000000000
28507  55.948  -55.357  7.372 0.0000000000
29745  57.019  -55.030  7.610 0.0000000000
29829  57.879  -54.158  3.240 0.0000000000
22105  49.340  -60.389  6.913 0.0000000000
22122  48.615  -60.630  5.974 0.0000000000
19925  49.011  -61.899  4.594 0.0000000000
20965  49.244  -61.548  5.077 0.0000000000
18863  50.351  -62.608  5.377 0.0000000000
18862  50.810  -62.692  5.974 0.0000000000
17792  50.354  -62.992  5.035 0.0000000000
24672  56.149  -57.761  6.316 0.0000000000
26003  57.069  -57.385  6.462 0.0000000000
26024  56.607  -57.337  5.638 0.0000000000
26030  56.491  -57.046  4.568 0.0000000000
27357  56.248  -56.380  3.759 0.0000000000
27356  56.492  -55.601  3.420 0.0000000000
27298  50.909  -56.869  6.291 0.0000000000
27323  51.457  -56.343  5.799 0.0000000000
27297  51.983  -56.728  6.185 0.0000000000
27258  54.392  -56.788  7.275 0.0000000000
27243  54.437  -56.951  7.472 0.0000000000
22096  50.843  -59.941  7.922 0.0000000000
23329  50.980  -59.223  8.207 0.0000000000
22057  51.901  -59.946  8.214 0.0000000000
23307  53.820  -59.022  7.955 0.0000000000
24586  53.399  -58.511  7.827 0.0000000000
25926  54.235  -57.800  8.102 0.0000000000
25939  54.865  -57.520  7.635 0.0000000000
25938  55.457  -57.417  7.634 0.0000000000
24631  56.019  -57.794  7.531 0.0000000000
23347  55.409  -58.357  7.130 0.0000000000
19907  53.276  -60.951  6.190 0.0000000000
22120  54.001  -59.462  6.115 0.0000000000
20950  53.802  -59.917  6.245 0.0000000000
22139  54.103  -59.277  5.876 0.0000000000
19922  53.276  -61.032  5.975 0.0000000000
18945  49.715  -62.107  -0.616 0.0000000000
17859  50.547  -64.350  0.571 0.0000000000
17860  50.005  -64.262  0.631 0.0000000000
16818  50.721  -64.690  1.510 0.0000000000
16804  51.781  -64.859  2.655 0.0000000000
16785  52.597  -64.497  4.156 0.0000000000
17839  52.292  -64.333  2.764 0.0000000000
18928  51.792  -62.700  1.861 0.0000000000
18906  52.989  -62.900  3.053 0.0000000000
19968  52.389  -62.501  3.029 0.0000000000
31025  49.274  -53.331  4.432 0.0000000000
29818  48.812  -53.984  4.760 0.0000000000
29817  49.676  -54.087  4.659 0.0000000000
27302  46.886  -56.528  6.216 0.0000000000
28530  47.340  -55.912  5.707 0.0000000000
28529  48.242  -55.894  5.651 0.0000000000
28528  48.918  -55.816  5.607 0.0000000000
27300  48.913  -56.469  5.966 0.0000000000
26007  48.197  -57.201  6.563 0.0000000000
24658  47.885  -58.387  7.403 0.0000000000
24657  48.720  -58.392  7.393 0.0000000000
24639  47.458  -58.875  7.591 0.0000000000
22126  44.039  -60.190  6.082 0.0000000000
27322  58.182  -55.985  5.649 0.0000000000
28505  58.002  -55.205  7.296 0.0000000000
28523  58.327  -54.816  5.887 0.0000000000
29770  57.963  -53.635  5.111 0.0000000000
23396  54.902  -57.980  5.775 0.0000000000
27279  51.448  -57.249  6.586 0.0000000000
25983  51.303  -57.751  6.993 0.0000000000
25960  52.385  -57.890  7.408 0.0000000000
20936  51.685  -61.382  7.143 0.0000000000
20906  52.007  -60.241  7.843 0.0000000000
20924  52.757  -60.436  7.830 0.0000000000
20904  53.035  -60.008  8.022 0.0000000000
22074  53.838  -59.388  7.622 0.0000000000
22072  55.033  -58.919  7.146 0.0000000000
20935  54.089  -60.333  7.126 0.0000000000
19891  53.361  -61.564  6.805 0.0000000000
19908  53.358  -61.932  6.290 0.0000000000
17849  51.772  -63.712  2.250 0.0000000000
17865  51.378  -63.670  0.754 0.0000000000
20001  52.100  -62.812  0.662 0.0000000000
26009  46.419  -57.177  6.577 0.0000000000
26008  47.259  -57.197  6.585 0.0000000000
25989  46.009  -57.778  6.697 0.0000000000
25988  46.678  -57.854  6.911 0.0000000000
29758  56.407  -54.626  7.060 0.0000000000
30976  57.064  -53.859  6.883 0.0000000000
28547  58.381  -54.357  4.595 0.0000000000
28573  58.407  -54.304  3.971 0.0000000000
29810  58.256  -53.669  3.665 0.0000000000
23365  48.690  -59.784  7.339 0.0000000000
23350  49.943  -59.542  7.829 0.0000000000
23364  49.449  -59.901  7.552 0.0000000000
20945  50.147  -61.147  6.550 0.0000000000
20944  50.782  -61.476  6.719 0.0000000000
19893  51.216  -61.991  6.609 0.0000000000
17775  51.100  -63.039  6.070 0.0000000000
27275  57.374  -56.633  7.922 0.0000000000
28491  57.743  -55.744  7.806 0.0000000000
25980  57.576  -56.599  7.308 0.0000000000
26002  57.683  -56.579  6.697 0.0000000000
26029  57.250  -56.726  4.474 0.0000000000
27341  57.780  -56.018  4.193 0.0000000000
28585  57.265  -54.871  3.300 0.0000000000
28552  51.307  -55.705  5.422 0.0000000000
29790  51.973  -55.225  4.887 0.0000000000
28551  52.418  -55.972  5.590 0.0000000000
28494  55.594  -55.871  7.715 0.0000000000
27256  55.817  -56.364  7.977 0.0000000000
25942  52.769  -58.037  7.556 0.0000000000
23310  52.098  -59.107  8.121 0.0000000000
24607  52.952  -58.206  7.584 0.0000000000
25941  53.510  -57.763  7.587 0.0000000000
27242  55.098  -56.935  7.675 0.0000000000
27241  55.763  -56.905  7.835 0.0000000000
25958  56.447  -57.315  7.745 0.0000000000
24653  56.534  -57.831  7.164 0.0000000000
24673  55.770  -57.982  6.343 0.0000000000
22094  54.856  -58.592  6.883 0.0000000000
23363  55.220  -58.399  6.796 0.0000000000
23382  54.972  -58.067  6.135 0.0000000000
17803  50.723  -64.109  4.686 0.0000000000
17876  49.954  -62.849  -0.321 0.0000000000
16766  51.306  -65.081  4.250 0.0000000000
16725  52.204  -64.185  5.599 0.0000000000
16745  52.678  -64.242  5.183 0.0000000000
17799  53.350  -63.426  5.536 0.0000000000
18867  53.507  -62.789  5.488 0.0000000000
17848  52.593  -63.549  2.610 0.0000000000
18890  53.184  -62.979  4.002 0.0000000000
18875  53.320  -62.412  4.818 0.0000000000
19934  53.198  -61.456  5.517 0.0000000000
19949  52.967  -61.630  4.990 0.0000000000
20998  53.126  -60.183  5.501 0.0000000000
21020  52.113  -62.014  4.033 0.0000000000
32264  50.456  -52.642  3.731 0.0000000000
32244  49.707  -52.733  4.061 0.0000000000
31042  50.745  -53.254  3.938 0.0000000000
31023  51.047  -53.745  4.156 0.0000000000
29816  50.566  -54.265  4.555 0.0000000000
28557  46.900  -55.157  5.487 0.0000000000
29794  48.320  -54.547  5.138 0.0000000000
29793  49.172  -54.671  5.116 0.0000000000
28554  49.468  -55.439  5.447 0.0000000000
28553  50.373  -55.535  5.417 0.0000000000
27299  49.915  -56.712  6.176 0.0000000000
26005  50.081  -57.385  6.652 0.0000000000
25985  49.377  -57.883  7.064 0.0000000000
24656  49.545  -58.418  7.422 0.0000000000
23352  48.380  -59.296  7.552 0.0000000000
23367  46.699  -59.348  7.389 0.0000000000
23353  47.668  -59.221  7.563 0.0000000000
23366  47.737  -59.622  7.298 0.0000000000
28506  57.588  -55.133  7.453 0.0000000000
30975  57.654  -53.815  6.584 0.0000000000
28522  58.309  -54.028  5.211 0.0000000000
30991  57.805  -53.395  5.859 0.0000000000
16726  51.991  -64.277  5.516 0.0000000000
16746  52.354  -64.311  5.311 0.0000000000
16747  51.628  -64.715  5.085 0.0000000000
16764  52.624  -64.365  4.877 0.0000000000
16786  51.931  -65.062  3.405 0.0000000000
16805  51.094  -65.061  2.328 0.0000000000
16826  50.625  -64.568  1.026 0.0000000000
16827  50.296  -64.733  1.081 0.0000000000
17774  51.406  -63.298  6.257 0.0000000000
17787  53.373  -63.404  5.938 0.0000000000
17788  53.044  -63.913  6.178 0.0000000000
17789  52.342  -63.997  5.962 0.0000000000
17800  53.039  -63.942  5.367 0.0000000000
17801  52.697  -64.057  5.735 0.0000000000
17811  52.976  -64.076  4.634 0.0000000000
17825  52.709  -64.405  3.459 0.0000000000
17838  53.088  -63.735  3.176 0.0000000000
17840  51.613  -64.461  2.334 0.0000000000
17857  51.255  -63.576  1.536 0.0000000000
17867  50.308  -64.078  -0.138 0.0000000000
17868  49.854  -63.598  0.096 0.0000000000
17877  49.672  -62.547  -0.250 0.0000000000
18826  52.102  -62.299  6.926 0.0000000000
18844  53.137  -62.958  7.154 0.0000000000
18845  52.513  -63.089  7.102 0.0000000000
18846  51.807  -62.721  6.798 0.0000000000
18847  51.196  -62.735  6.394 0.0000000000
18860  53.527  -62.670  6.231 0.0000000000
18861  53.364  -63.318  6.641 0.0000000000
18868  53.333  -63.420  5.292 0.0000000000
18869  49.744  -62.630  4.627 0.0000000000
18876  53.229  -63.379  4.787 0.0000000000
18918  52.239  -62.987  2.378 0.0000000000
18929  51.692  -63.069  1.178 0.0000000000
18935  51.778  -63.323  0.183 0.0000000000
18936  51.448  -63.399  -0.373 0.0000000000
18942  51.132  -63.098  -0.907 0.0000000000
19866  52.965  -61.003  7.553 0.0000000000
19867  52.454  -61.219  7.416 0.0000000000
19868  52.052  -61.449  7.197 0.0000000000
19878  53.683  -61.134  6.930 0.0000000000
19879  53.316  -61.127  7.171 0.0000000000
19881  52.285  -61.848  7.045 0.0000000000
19883  51.499  -61.689  6.862 0.0000000000
19890  53.530  -60.816  6.863 0.0000000000
19892  51.621  -62.152  6.725 0.0000000000
19894  50.682  -61.788  6.446 0.0000000000
19909  50.851  -62.284  6.315 0.0000000000
19924  49.789  -61.920  5.134 0.0000000000
19933  53.211  -60.855  5.744 0.0000000000
20905  52.979  -60.031  8.163 0.0000000000
20907  51.951  -60.015  7.971 0.0000000000
20921  53.901  -59.822  7.076 0.0000000000
20922  53.492  -60.271  7.409 0.0000000000
20923  52.913  -60.192  8.036 0.0000000000
20925  51.986  -60.791  7.554 0.0000000000
20926  51.609  -60.264  7.826 0.0000000000
20934  53.751  -60.242  6.960 0.0000000000
20938  50.159  -60.672  7.073 0.0000000000
20943  53.783  -60.118  6.611 0.0000000000
20964  53.629  -60.061  5.971 0.0000000000
20979  53.159  -60.646  5.634 0.0000000000
22053  53.706  -59.332  7.823 0.0000000000
22054  53.412  -59.560  7.885 0.0000000000
22056  52.373  -59.832  8.026 0.0000000000
22058  51.829  -59.750  8.054 0.0000000000
22073  54.408  -59.012  7.203 0.0000000000
22075  53.357  -59.913  7.742 0.0000000000
22076  52.718  -60.114  7.960 0.0000000000
22077  52.403  -60.329  7.834 0.0000000000
22078  51.489  -60.036  7.986 0.0000000000
22079  51.459  -59.370  8.172 0.0000000000
22095  54.216  -59.350  6.940 0.0000000000
22103  54.544  -58.845  6.641 0.0000000000
23306  53.866  -58.699  8.052 0.0000000000
23308  53.418  -59.072  8.004 0.0000000000
23309  52.876  -59.172  8.006 0.0000000000
23311  52.202  -59.214  8.346 0.0000000000
23312  51.894  -59.141  8.576 0.0000000000
23325  55.069  -58.789  7.153 0.0000000000
23327  54.103  -59.128  8.117 0.0000000000
23328  50.963  -58.974  7.832 0.0000000000
23330  51.302  -58.995  8.500 0.0000000000
24584  54.099  -58.473  7.987 0.0000000000
24585  53.861  -58.502  7.905 0.0000000000
24587  52.694  -58.735  7.889 0.0000000000
24589  51.473  -58.982  8.616 0.0000000000
24590  51.406  -59.092  9.182 0.0000000000
24604  55.764  -57.779  7.571 0.0000000000
24605  55.429  -58.027  7.503 0.0000000000
24606  54.889  -57.826  7.710 0.0000000000
24608  52.546  -58.419  7.789 0.0000000000
24610  50.992  -59.052  8.598 0.0000000000
24611  51.028  -59.135  9.162 0.0000000000
24632  55.964  -58.160  7.281 0.0000000000
24637  48.945  -58.875  7.616 0.0000000000
24655  50.211  -58.432  7.484 0.0000000000
25927  54.159  -57.995  7.772 0.0000000000
25928  53.998  -57.747  7.916 0.0000000000
25937  55.850  -57.521  7.618 0.0000000000
27244  53.782  -57.300  7.395 0.0000000000
27254  57.566  -56.033  8.098 0.0000000000
27274  57.709  -56.271  7.602 0.0000000000
27325  49.768  -56.086  5.697 0.0000000000
28492  57.374  -55.489  7.881 0.0000000000
28495  55.001  -56.126  7.440 0.0000000000
28555  48.661  -55.257  5.405 0.0000000000
29744  57.350  -55.098  7.517 0.0000000000
29771  58.269  -53.914  5.800 0.0000000000
29811  58.304  -54.270  3.671 0.0000000000
30974  57.899  -53.775  6.394 0.0000000000
30990  57.562  -53.384  4.886 0.0000000000
30992  57.210  -53.366  6.266 0.0000000000
32243  50.109  -52.912  3.988 0.0000000000
