#!ascii label  , from subject 3013 vox2ras=TkReg
859
66412  -20.924  -19.240  62.420 0.0000000000
80431  -46.586  -9.533  51.430 0.0000000000
88833  -50.020  -2.940  44.919 0.0000000000
87602  -58.007  -3.265  39.522 0.0000000000
72922  -44.546  -14.646  51.865 0.0000000000
90119  -53.582  -1.530  41.887 0.0000000000
86443  -59.001  -4.724  31.200 0.0000000000
87726  -63.141  -3.741  29.960 0.0000000000
77916  -48.842  -10.157  50.298 0.0000000000
83950  -51.032  -6.062  48.960 0.0000000000
83957  -48.090  -5.791  48.112 0.0000000000
71386  -23.729  -16.354  63.193 0.0000000000
70052  -28.416  -16.753  61.535 0.0000000000
68867  -33.618  -17.304  60.015 0.0000000000
65282  -36.488  -20.712  57.140 0.0000000000
65288  -41.563  -20.682  55.758 0.0000000000
66525  -45.747  -19.510  54.545 0.0000000000
71583  -47.403  -15.090  51.959 0.0000000000
86248  -53.879  -3.578  45.601 0.0000000000
87746  -65.035  -3.218  28.942 0.0000000000
80418  -47.866  -9.176  51.991 0.0000000000
82798  -48.380  -7.526  50.756 0.0000000000
82820  -47.337  -7.326  49.439 0.0000000000
71434  -23.880  -16.553  61.734 0.0000000000
71405  -26.293  -16.600  62.155 0.0000000000
67715  -42.009  -18.918  54.244 0.0000000000
65312  -43.718  -20.767  55.053 0.0000000000
68942  -43.986  -18.739  54.146 0.0000000000
76681  -44.992  -11.947  51.144 0.0000000000
74206  -46.148  -14.168  52.095 0.0000000000
76671  -47.174  -11.997  51.933 0.0000000000
75489  -47.493  -12.555  51.036 0.0000000000
87461  -50.656  -4.020  47.110 0.0000000000
83959  -51.914  -4.791  46.710 0.0000000000
90021  -52.882  -2.070  45.541 0.0000000000
88895  -55.996  -2.366  40.826 0.0000000000
90087  -56.935  -1.482  43.160 0.0000000000
87571  -59.376  -2.431  41.406 0.0000000000
86331  -60.466  -3.522  39.574 0.0000000000
86404  -60.236  -4.859  32.818 0.0000000000
87678  -57.668  -4.787  33.508 0.0000000000
68991  -44.189  -17.527  51.828 0.0000000000
85179  -55.212  -4.918  39.732 0.0000000000
87723  -60.994  -3.511  31.111 0.0000000000
85287  -62.155  -4.998  32.258 0.0000000000
84240  -65.299  -5.015  29.072 0.0000000000
76721  -49.719  -11.424  48.539 0.0000000000
81649  -49.916  -8.036  49.589 0.0000000000
85063  -49.234  -5.816  49.047 0.0000000000
67548  -22.948  -17.994  63.495 0.0000000000
68880  -29.826  -17.520  60.607 0.0000000000
70073  -31.350  -16.143  61.199 0.0000000000
66447  -32.334  -18.300  59.579 0.0000000000
63919  -34.011  -20.064  58.519 0.0000000000
61450  -35.964  -21.863  58.044 0.0000000000
60291  -38.456  -22.752  56.484 0.0000000000
65285  -39.550  -20.975  55.824 0.0000000000
61506  -43.064  -22.674  55.266 0.0000000000
70162  -45.415  -17.095  53.446 0.0000000000
70182  -46.786  -16.827  53.449 0.0000000000
67756  -47.902  -18.323  51.592 0.0000000000
70242  -48.965  -16.304  50.511 0.0000000000
74282  -48.858  -13.532  49.098 0.0000000000
90069  -54.461  -1.514  44.392 0.0000000000
85267  -55.875  -5.521  35.184 0.0000000000
87638  -58.209  -4.606  38.025 0.0000000000
67546  -21.091  -18.347  63.882 0.0000000000
80417  -47.574  -9.316  52.037 0.0000000000
82786  -47.775  -8.015  51.505 0.0000000000
81635  -46.810  -8.857  50.849 0.0000000000
67735  -42.347  -19.102  53.370 0.0000000000
67697  -42.846  -19.309  54.573 0.0000000000
67736  -43.578  -18.726  53.062 0.0000000000
79173  -46.114  -10.840  51.162 0.0000000000
77880  -46.066  -11.652  51.443 0.0000000000
79154  -46.652  -10.334  52.750 0.0000000000
77896  -47.440  -11.060  52.466 0.0000000000
88764  -51.236  -3.482  46.624 0.0000000000
88799  -51.214  -2.672  45.647 0.0000000000
88913  -56.722  -2.639  40.381 0.0000000000
88897  -57.944  -1.426  40.940 0.0000000000
88898  -59.057  -1.858  40.475 0.0000000000
87585  -60.167  -2.915  40.067 0.0000000000
87604  -59.531  -2.790  39.131 0.0000000000
85270  -59.929  -5.094  33.011 0.0000000000
85253  -58.340  -5.673  33.274 0.0000000000
84160  -57.850  -6.390  33.262 0.0000000000
86490  -60.999  -4.343  29.179 0.0000000000
87742  -62.083  -3.530  29.961 0.0000000000
87700  -61.625  -3.954  31.642 0.0000000000
86446  -62.574  -3.826  31.123 0.0000000000
85288  -62.967  -4.870  31.823 0.0000000000
86447  -63.186  -3.974  30.688 0.0000000000
86470  -65.530  -4.288  29.207 0.0000000000
76707  -49.572  -10.999  49.021 0.0000000000
77927  -50.145  -10.046  49.255 0.0000000000
79190  -49.450  -9.407  50.270 0.0000000000
83938  -48.540  -6.262  49.183 0.0000000000
83939  -48.898  -6.479  49.435 0.0000000000
85075  -48.755  -5.590  48.806 0.0000000000
86224  -49.386  -4.904  47.943 0.0000000000
85095  -48.546  -5.116  47.473 0.0000000000
67560  -24.074  -18.029  62.986 0.0000000000
70033  -24.781  -17.070  63.206 0.0000000000
70051  -27.370  -16.877  61.986 0.0000000000
71443  -33.129  -15.636  60.567 0.0000000000
68850  -32.376  -16.348  60.793 0.0000000000
67577  -31.910  -16.735  60.635 0.0000000000
67593  -32.549  -17.267  60.399 0.0000000000
65250  -33.045  -19.492  58.640 0.0000000000
66434  -33.641  -18.369  59.233 0.0000000000
63941  -36.209  -20.893  57.709 0.0000000000
61452  -36.905  -22.088  57.045 0.0000000000
62677  -37.795  -21.489  56.636 0.0000000000
66508  -41.263  -19.407  56.330 0.0000000000
66493  -40.080  -20.222  55.667 0.0000000000
63986  -40.925  -21.281  56.005 0.0000000000
61478  -40.419  -22.514  56.192 0.0000000000
61480  -40.954  -22.021  55.944 0.0000000000
60313  -42.003  -22.638  55.356 0.0000000000
62715  -42.327  -21.920  55.598 0.0000000000
66524  -44.881  -19.732  54.929 0.0000000000
64019  -44.995  -21.206  55.004 0.0000000000
64020  -45.634  -20.989  54.616 0.0000000000
65328  -46.641  -20.096  53.926 0.0000000000
70180  -44.558  -16.753  53.014 0.0000000000
71543  -44.624  -15.559  52.491 0.0000000000
72923  -47.127  -15.097  52.217 0.0000000000
71545  -46.832  -15.960  52.652 0.0000000000
71547  -47.148  -16.214  53.364 0.0000000000
68961  -47.176  -17.378  52.687 0.0000000000
70201  -47.537  -16.473  51.937 0.0000000000
71584  -47.644  -15.528  51.727 0.0000000000
76692  -48.286  -11.158  50.425 0.0000000000
75516  -48.308  -12.823  50.109 0.0000000000
75517  -48.699  -12.274  49.412 0.0000000000
75528  -49.400  -12.271  48.654 0.0000000000
71418  -22.549  -16.082  62.651 0.0000000000
71384  -22.129  -15.825  63.994 0.0000000000
71362  -22.299  -16.336  64.471 0.0000000000
81661  -51.009  -7.495  48.921 0.0000000000
82829  -51.141  -6.404  47.874 0.0000000000
85097  -52.921  -4.157  46.193 0.0000000000
90097  -52.995  -1.717  42.537 0.0000000000
91294  -53.415  -1.580  44.309 0.0000000000
91308  -54.023  -1.540  43.255 0.0000000000
87550  -58.176  -2.814  43.197 0.0000000000
87536  -57.087  -2.883  44.104 0.0000000000
153128  -56.607  -6.075  34.917 0.0000000000
153122  -56.793  -5.040  33.862 0.0000000000
86367  -57.297  -5.550  36.406 0.0000000000
87637  -56.924  -5.582  37.144 0.0000000000
86368  -58.057  -5.350  37.268 0.0000000000
86369  -59.261  -4.399  37.659 0.0000000000
87770  -63.132  -3.365  28.416 0.0000000000
87727  -63.805  -3.911  29.373 0.0000000000
89033  -64.484  -2.567  27.698 0.0000000000
90262  -64.929  -1.432  27.853 0.0000000000
79176  -48.435  -9.717  51.397 0.0000000000
80434  -49.220  -8.762  50.587 0.0000000000
81621  -48.276  -8.218  51.368 0.0000000000
82797  -48.123  -7.548  50.865 0.0000000000
83948  -47.743  -6.573  48.715 0.0000000000
71419  -23.540  -16.280  62.418 0.0000000000
71387  -24.694  -16.609  62.983 0.0000000000
72793  -27.937  -16.094  61.519 0.0000000000
66510  -42.220  -20.083  55.507 0.0000000000
65300  -42.869  -20.798  55.324 0.0000000000
67681  -42.960  -19.723  54.890 0.0000000000
67698  -44.093  -19.259  54.662 0.0000000000
67699  -45.342  -18.820  54.403 0.0000000000
75486  -44.502  -13.311  51.658 0.0000000000
74204  -44.999  -13.841  52.118 0.0000000000
75458  -45.416  -13.156  51.858 0.0000000000
75474  -46.276  -13.019  51.647 0.0000000000
74227  -47.127  -13.838  51.357 0.0000000000
74242  -47.257  -13.735  51.170 0.0000000000
76672  -47.510  -11.788  51.737 0.0000000000
77906  -48.172  -10.672  51.615 0.0000000000
70086  -23.009  -16.778  61.487 0.0000000000
86213  -50.857  -4.928  47.773 0.0000000000
85080  -51.211  -5.239  47.626 0.0000000000
86227  -51.373  -4.628  47.237 0.0000000000
88766  -52.434  -3.054  46.223 0.0000000000
88782  -53.428  -2.444  45.950 0.0000000000
90140  -55.254  -1.946  41.494 0.0000000000
91310  -55.256  -1.641  42.765 0.0000000000
90123  -57.002  -0.822  41.935 0.0000000000
88867  -58.057  -1.711  42.710 0.0000000000
87697  -59.553  -4.535  32.329 0.0000000000
87696  -58.516  -4.333  32.753 0.0000000000
87679  -58.785  -4.760  33.152 0.0000000000
86402  -57.327  -5.789  33.817 0.0000000000
79197  -46.115  -10.015  50.222 0.0000000000
77924  -45.434  -11.310  50.608 0.0000000000
88835  -51.233  -2.474  44.084 0.0000000000
88892  -53.356  -2.019  41.156 0.0000000000
87582  -54.310  -3.178  40.721 0.0000000000
87583  -55.706  -3.399  40.389 0.0000000000
87600  -56.182  -3.894  39.762 0.0000000000
86444  -60.137  -4.358  31.289 0.0000000000
87699  -61.069  -4.121  31.983 0.0000000000
86405  -61.143  -4.580  32.519 0.0000000000
83027  -60.910  -6.209  32.536 0.0000000000
86449  -64.367  -4.627  29.945 0.0000000000
84222  -64.562  -5.350  30.070 0.0000000000
77936  -50.623  -10.058  48.879 0.0000000000
80453  -50.700  -8.407  49.008 0.0000000000
82821  -50.838  -6.841  49.222 0.0000000000
82800  -49.105  -7.510  50.185 0.0000000000
83941  -49.702  -6.634  49.358 0.0000000000
85065  -50.302  -5.899  48.931 0.0000000000
86211  -49.855  -4.952  48.197 0.0000000000
87475  -49.474  -3.911  46.839 0.0000000000
80466  -46.858  -8.633  48.514 0.0000000000
82828  -47.178  -7.247  48.434 0.0000000000
83975  -48.046  -5.945  46.045 0.0000000000
67558  -22.338  -18.511  63.174 0.0000000000
67573  -23.769  -18.520  62.497 0.0000000000
67623  -30.152  -18.199  59.414 0.0000000000
71439  -28.083  -15.502  61.043 0.0000000000
72795  -29.315  -15.963  61.317 0.0000000000
70054  -30.359  -16.380  61.141 0.0000000000
67608  -31.040  -17.623  59.920 0.0000000000
62673  -34.577  -21.041  57.690 0.0000000000
62674  -34.896  -21.484  57.506 0.0000000000
66491  -37.495  -20.421  56.225 0.0000000000
66492  -38.767  -20.451  55.731 0.0000000000
65284  -38.394  -20.858  56.123 0.0000000000
62679  -39.439  -21.865  56.359 0.0000000000
60292  -39.480  -22.827  56.403 0.0000000000
62730  -43.662  -21.991  55.075 0.0000000000
68958  -44.468  -18.014  53.414 0.0000000000
68959  -45.037  -17.543  53.560 0.0000000000
68944  -45.937  -17.958  53.768 0.0000000000
72890  -45.841  -15.789  53.000 0.0000000000
70164  -46.306  -16.967  53.521 0.0000000000
67701  -46.727  -18.139  53.672 0.0000000000
66538  -47.423  -18.723  53.370 0.0000000000
66549  -47.834  -19.101  53.050 0.0000000000
70258  -49.622  -16.376  50.111 0.0000000000
72938  -48.097  -14.863  51.031 0.0000000000
72957  -48.692  -15.284  50.238 0.0000000000
71629  -49.382  -15.743  49.428 0.0000000000
74296  -49.372  -13.480  48.394 0.0000000000
67528  -21.556  -17.662  64.303 0.0000000000
90053  -52.674  -2.137  44.858 0.0000000000
90055  -53.523  -0.798  45.487 0.0000000000
88803  -54.737  -2.502  45.688 0.0000000000
90071  -55.670  -2.048  43.593 0.0000000000
88822  -55.357  -2.549  44.594 0.0000000000
86250  -55.207  -3.863  45.292 0.0000000000
85217  -55.598  -5.340  38.067 0.0000000000
86349  -56.431  -4.436  38.763 0.0000000000
153125  -57.440  -3.977  32.990 0.0000000000
85285  -55.673  -4.991  32.909 0.0000000000
87635  -56.174  -5.581  37.012 0.0000000000
87622  -56.746  -4.674  38.303 0.0000000000
87624  -58.529  -3.827  38.827 0.0000000000
87625  -59.353  -3.529  38.595 0.0000000000
80416  -47.177  -9.570  51.992 0.0000000000
80432  -47.185  -9.009  51.320 0.0000000000
67716  -43.269  -18.941  53.848 0.0000000000
79174  -46.331  -10.244  51.628 0.0000000000
79153  -46.503  -10.374  52.135 0.0000000000
80415  -46.626  -9.886  52.119 0.0000000000
80399  -46.918  -9.446  53.003 0.0000000000
88818  -50.246  -2.894  45.410 0.0000000000
88819  -51.181  -2.575  44.867 0.0000000000
88914  -57.464  -2.441  40.161 0.0000000000
88915  -58.410  -2.207  39.876 0.0000000000
88916  -59.199  -2.417  39.747 0.0000000000
87603  -58.804  -2.826  39.118 0.0000000000
84183  -59.664  -5.960  32.488 0.0000000000
84161  -58.849  -5.905  32.856 0.0000000000
87743  -62.788  -3.642  29.472 0.0000000000
87725  -62.403  -3.604  30.367 0.0000000000
87714  -62.682  -3.718  30.695 0.0000000000
77926  -49.517  -10.124  49.731 0.0000000000
83949  -48.256  -5.992  48.860 0.0000000000
85086  -48.536  -5.394  48.269 0.0000000000
71370  -23.375  -16.492  63.581 0.0000000000
71371  -24.099  -16.678  63.292 0.0000000000
70087  -33.235  -16.394  60.492 0.0000000000
71428  -32.996  -15.741  61.145 0.0000000000
68866  -33.000  -16.891  60.476 0.0000000000
66433  -33.215  -18.231  59.563 0.0000000000
67594  -33.508  -17.910  59.695 0.0000000000
66477  -35.898  -20.166  57.325 0.0000000000
65265  -35.989  -20.537  57.672 0.0000000000
62675  -37.154  -21.020  57.698 0.0000000000
63983  -36.978  -21.049  56.968 0.0000000000
66495  -41.449  -20.079  55.797 0.0000000000
65287  -41.174  -20.563  55.851 0.0000000000
62699  -41.087  -21.857  55.943 0.0000000000
63987  -41.427  -21.293  55.803 0.0000000000
62714  -41.617  -21.841  55.718 0.0000000000
64003  -41.934  -21.572  55.640 0.0000000000
65314  -45.391  -20.390  54.924 0.0000000000
65327  -46.053  -20.220  54.432 0.0000000000
66536  -46.435  -19.409  54.030 0.0000000000
71566  -47.084  -15.267  53.049 0.0000000000
71567  -46.980  -15.611  52.499 0.0000000000
70200  -47.219  -16.567  52.416 0.0000000000
71568  -47.346  -16.057  52.159 0.0000000000
75502  -48.365  -11.918  50.046 0.0000000000
76693  -48.729  -10.977  49.683 0.0000000000
71402  -23.155  -16.118  62.982 0.0000000000
71401  -22.314  -15.898  63.348 0.0000000000
71385  -22.871  -16.097  63.531 0.0000000000
71369  -22.682  -16.180  64.117 0.0000000000
82822  -51.109  -6.631  48.626 0.0000000000
81662  -51.087  -7.284  48.279 0.0000000000
86239  -53.251  -3.580  45.900 0.0000000000
85098  -53.453  -4.113  45.732 0.0000000000
85103  -54.158  -4.241  45.368 0.0000000000
90098  -53.870  -1.566  42.734 0.0000000000
90099  -54.466  -1.608  42.539 0.0000000000
86442  -58.196  -4.563  31.522 0.0000000000
85235  -57.149  -5.755  35.993 0.0000000000
80419  -48.391  -9.069  51.579 0.0000000000
82796  -47.779  -7.904  51.210 0.0000000000
82810  -47.731  -7.624  50.356 0.0000000000
83937  -47.861  -6.989  49.267 0.0000000000
71423  -27.526  -15.938  61.408 0.0000000000
67696  -41.652  -18.947  55.091 0.0000000000
67680  -42.200  -19.301  55.569 0.0000000000
68943  -45.066  -18.092  53.903 0.0000000000
75487  -44.642  -12.645  51.458 0.0000000000
75457  -45.148  -13.128  51.884 0.0000000000
76658  -45.497  -12.450  51.541 0.0000000000
76670  -46.850  -11.970  51.758 0.0000000000
76660  -46.207  -12.189  51.544 0.0000000000
75475  -46.705  -12.924  51.522 0.0000000000
75476  -47.096  -12.875  51.351 0.0000000000
75488  -47.318  -12.693  51.202 0.0000000000
79156  -47.587  -10.117  52.357 0.0000000000
77905  -47.943  -10.916  52.117 0.0000000000
79175  -48.087  -9.936  51.848 0.0000000000
71433  -22.931  -16.362  62.059 0.0000000000
87451  -50.679  -4.619  47.603 0.0000000000
86226  -51.144  -4.615  47.402 0.0000000000
87462  -51.246  -4.186  47.134 0.0000000000
88779  -51.791  -2.702  46.064 0.0000000000
88765  -51.897  -3.244  46.469 0.0000000000
88780  -52.691  -2.575  45.968 0.0000000000
88781  -53.052  -2.409  45.721 0.0000000000
90022  -53.150  -1.771  45.815 0.0000000000
90121  -55.572  -1.481  41.878 0.0000000000
90141  -56.153  -1.570  41.323 0.0000000000
88882  -59.017  -1.820  41.461 0.0000000000
88881  -58.313  -1.347  41.927 0.0000000000
88868  -58.712  -1.915  42.205 0.0000000000
87559  -58.536  -2.299  42.555 0.0000000000
87561  -59.632  -3.370  41.581 0.0000000000
87680  -59.871  -4.747  32.641 0.0000000000
86403  -59.426  -4.946  33.099 0.0000000000
153120  -56.793  -6.343  34.687 0.0000000000
77925  -45.857  -10.775  50.457 0.0000000000
88912  -53.593  -2.717  40.727 0.0000000000
84040  -54.598  -5.171  40.010 0.0000000000
85165  -54.925  -4.742  40.143 0.0000000000
86329  -55.792  -4.374  39.651 0.0000000000
86466  -61.626  -3.684  30.243 0.0000000000
86465  -60.983  -3.919  30.462 0.0000000000
86464  -60.023  -4.641  30.139 0.0000000000
86445  -60.699  -3.841  31.141 0.0000000000
87711  -60.725  -3.983  31.579 0.0000000000
86406  -61.754  -4.700  32.332 0.0000000000
86424  -61.502  -4.233  31.937 0.0000000000
85272  -61.467  -4.991  32.701 0.0000000000
84163  -61.100  -5.475  32.837 0.0000000000
84164  -61.706  -5.403  32.543 0.0000000000
83028  -61.510  -5.870  32.521 0.0000000000
84185  -62.116  -5.522  32.267 0.0000000000
84187  -63.347  -5.413  31.639 0.0000000000
87745  -64.488  -3.530  28.687 0.0000000000
86468  -63.873  -4.131  29.807 0.0000000000
87728  -64.396  -3.877  29.133 0.0000000000
85320  -65.163  -4.643  29.220 0.0000000000
85319  -64.623  -4.806  29.716 0.0000000000
75540  -49.939  -11.731  47.872 0.0000000000
76735  -50.289  -10.928  47.749 0.0000000000
76722  -50.109  -10.857  48.415 0.0000000000
80443  -50.186  -8.576  49.458 0.0000000000
79199  -50.518  -9.303  49.209 0.0000000000
81650  -50.448  -7.693  49.230 0.0000000000
81638  -48.865  -8.102  50.833 0.0000000000
82799  -48.963  -7.507  50.710 0.0000000000
83940  -49.166  -6.457  49.405 0.0000000000
85064  -49.742  -6.056  49.110 0.0000000000
85078  -50.309  -5.422  48.505 0.0000000000
85077  -49.753  -5.384  48.601 0.0000000000
86237  -48.960  -4.681  47.358 0.0000000000
87459  -49.410  -4.513  47.409 0.0000000000
67572  -22.788  -18.637  62.715 0.0000000000
67559  -23.004  -18.299  63.092 0.0000000000
68827  -24.810  -17.717  62.907 0.0000000000
71388  -25.490  -16.767  62.627 0.0000000000
70050  -26.120  -17.156  62.584 0.0000000000
68878  -28.742  -18.060  60.427 0.0000000000
67606  -29.281  -18.085  59.981 0.0000000000
67622  -29.344  -18.452  59.365 0.0000000000
67607  -30.123  -17.758  59.991 0.0000000000
71440  -28.845  -15.517  60.782 0.0000000000
71425  -28.600  -15.634  61.136 0.0000000000
70055  -30.922  -16.042  61.109 0.0000000000
70072  -30.707  -16.357  61.009 0.0000000000
68848  -31.014  -16.378  60.856 0.0000000000
67609  -31.730  -17.755  60.045 0.0000000000
67592  -31.697  -17.216  60.446 0.0000000000
67625  -31.709  -18.093  59.653 0.0000000000
67624  -31.104  -18.127  59.388 0.0000000000
66461  -32.125  -18.612  59.082 0.0000000000
66475  -32.121  -19.128  58.518 0.0000000000
65230  -33.607  -19.057  58.820 0.0000000000
63937  -33.785  -20.131  58.397 0.0000000000
62660  -34.002  -20.706  57.804 0.0000000000
62661  -34.135  -20.646  58.015 0.0000000000
63922  -35.290  -20.696  58.245 0.0000000000
63921  -35.011  -20.564  58.732 0.0000000000
62651  -35.459  -21.005  58.174 0.0000000000
63959  -34.944  -21.388  57.995 0.0000000000
62662  -35.458  -21.395  57.909 0.0000000000
61461  -36.092  -22.278  57.640 0.0000000000
60290  -37.202  -22.407  56.707 0.0000000000
60301  -37.702  -23.353  56.249 0.0000000000
67662  -39.156  -19.783  55.401 0.0000000000
65267  -38.834  -21.172  56.077 0.0000000000
65268  -39.315  -21.266  56.003 0.0000000000
60304  -40.612  -23.097  56.241 0.0000000000
60293  -40.160  -22.845  56.288 0.0000000000
59202  -39.789  -23.468  56.031 0.0000000000
60314  -42.745  -22.709  55.301 0.0000000000
59222  -41.940  -23.041  55.029 0.0000000000
60325  -42.908  -22.855  54.972 0.0000000000
64005  -43.383  -21.422  55.293 0.0000000000
64018  -44.128  -21.339  54.912 0.0000000000
68975  -44.203  -17.692  52.705 0.0000000000
70181  -44.964  -16.905  53.370 0.0000000000
70163  -45.901  -17.210  53.474 0.0000000000
74205  -45.492  -14.083  52.156 0.0000000000
72907  -45.724  -15.041  52.600 0.0000000000
72908  -46.126  -15.471  52.637 0.0000000000
71525  -46.939  -16.569  53.429 0.0000000000
70165  -46.843  -16.919  53.630 0.0000000000
68945  -46.538  -17.679  53.636 0.0000000000
68946  -46.774  -17.524  53.490 0.0000000000
67718  -47.090  -18.297  53.500 0.0000000000
67737  -47.510  -18.043  52.233 0.0000000000
67719  -47.338  -18.224  53.087 0.0000000000
66560  -47.815  -19.050  51.876 0.0000000000
70220  -48.590  -16.526  50.953 0.0000000000
74243  -47.402  -13.692  50.905 0.0000000000
74281  -48.443  -13.616  49.841 0.0000000000
72974  -48.357  -14.311  50.165 0.0000000000
72975  -48.653  -14.796  49.742 0.0000000000
72994  -48.942  -14.637  48.812 0.0000000000
75529  -49.778  -11.732  48.268 0.0000000000
68806  -22.848  -17.228  63.993 0.0000000000
68800  -22.052  -17.279  64.375 0.0000000000
67529  -22.160  -17.710  64.137 0.0000000000
67547  -22.088  -18.332  63.639 0.0000000000
85088  -51.705  -4.765  46.980 0.0000000000
83958  -51.448  -5.411  47.128 0.0000000000
90066  -51.834  -2.350  43.635 0.0000000000
90052  -51.877  -2.377  44.425 0.0000000000
91281  -53.617  -1.016  44.462 0.0000000000
91268  -53.336  -0.856  44.945 0.0000000000
91269  -53.906  -0.719  44.883 0.0000000000
90041  -54.354  -1.611  45.914 0.0000000000
90056  -54.569  -1.262  45.136 0.0000000000
91311  -55.728  -1.199  42.903 0.0000000000
91298  -55.494  -1.670  43.131 0.0000000000
90086  -56.090  -1.512  43.311 0.0000000000
87535  -56.238  -2.699  44.135 0.0000000000
87520  -55.906  -3.073  44.721 0.0000000000
87500  -55.493  -3.474  45.146 0.0000000000
86264  -55.807  -3.885  45.250 0.0000000000
86348  -56.022  -4.816  38.624 0.0000000000
87695  -57.817  -4.101  33.046 0.0000000000
84158  -55.072  -5.524  33.632 0.0000000000
153123  -56.263  -5.758  36.471 0.0000000000
87636  -56.523  -5.239  37.653 0.0000000000
87623  -57.536  -4.246  38.584 0.0000000000
87639  -58.860  -4.087  38.315 0.0000000000
81620  -47.868  -8.357  51.762 0.0000000000
81619  -47.643  -8.506  51.560 0.0000000000
81636  -47.355  -8.320  50.939 0.0000000000
81648  -46.871  -8.209  50.190 0.0000000000
77904  -45.733  -11.515  51.124 0.0000000000
77892  -45.885  -11.704  51.294 0.0000000000
79152  -46.245  -10.923  51.474 0.0000000000
77894  -46.511  -11.180  51.961 0.0000000000
77895  -46.873  -11.116  52.460 0.0000000000
79155  -47.175  -10.273  52.944 0.0000000000
80400  -47.339  -9.617  52.579 0.0000000000
87476  -50.271  -3.575  46.619 0.0000000000
88763  -50.912  -3.550  46.687 0.0000000000
88778  -50.870  -3.224  46.308 0.0000000000
88800  -52.214  -2.413  45.603 0.0000000000
88896  -56.861  -1.837  40.755 0.0000000000
90142  -56.937  -1.155  41.317 0.0000000000
88883  -59.435  -2.246  40.955 0.0000000000
87572  -59.874  -2.901  41.080 0.0000000000
88899  -59.562  -2.510  40.341 0.0000000000
88917  -59.712  -2.706  39.703 0.0000000000
87605  -60.123  -2.931  39.238 0.0000000000
85255  -60.048  -4.995  33.058 0.0000000000
86387  -59.665  -5.108  33.066 0.0000000000
85254  -59.292  -5.172  33.189 0.0000000000
84145  -58.983  -5.484  33.057 0.0000000000
86491  -61.712  -3.854  29.651 0.0000000000
87724  -61.643  -3.559  30.719 0.0000000000
87712  -61.346  -3.662  31.431 0.0000000000
87713  -62.088  -3.677  31.166 0.0000000000
86425  -62.248  -4.278  31.722 0.0000000000
86426  -63.288  -4.495  31.227 0.0000000000
86427  -63.631  -4.723  30.981 0.0000000000
86492  -65.422  -3.509  29.048 0.0000000000
86493  -66.053  -3.771  29.022 0.0000000000
84257  -65.050  -5.186  28.792 0.0000000000
76708  -50.174  -10.440  48.876 0.0000000000
79198  -49.983  -9.362  49.712 0.0000000000
80442  -49.706  -8.688  50.053 0.0000000000
83923  -48.605  -7.208  50.146 0.0000000000
83924  -48.703  -7.121  49.923 0.0000000000
85062  -48.940  -5.831  49.091 0.0000000000
85076  -49.275  -5.292  48.581 0.0000000000
85087  -48.920  -5.159  48.183 0.0000000000
85096  -48.745  -5.102  47.850 0.0000000000
86246  -48.692  -4.606  46.917 0.0000000000
67539  -23.303  -17.358  63.637 0.0000000000
67549  -23.561  -17.615  63.411 0.0000000000
68815  -23.880  -17.251  63.405 0.0000000000
68814  -24.349  -17.507  63.170 0.0000000000
70032  -24.911  -17.437  63.025 0.0000000000
68863  -30.134  -17.274  60.908 0.0000000000
68849  -31.756  -16.203  60.867 0.0000000000
67578  -32.151  -16.572  60.684 0.0000000000
66432  -32.427  -17.922  59.989 0.0000000000
66448  -32.925  -18.464  59.426 0.0000000000
65211  -33.632  -18.580  59.081 0.0000000000
65212  -33.759  -18.946  58.818 0.0000000000
62664  -36.158  -21.703  57.803 0.0000000000
61451  -36.212  -22.047  57.685 0.0000000000
62676  -36.862  -21.336  57.128 0.0000000000
61462  -37.397  -21.877  56.785 0.0000000000
61463  -38.110  -22.100  56.567 0.0000000000
67664  -41.239  -19.532  56.157 0.0000000000
67663  -40.639  -19.713  55.700 0.0000000000
66494  -41.069  -19.793  55.920 0.0000000000
65286  -40.601  -20.668  55.828 0.0000000000
63985  -40.310  -21.377  56.023 0.0000000000
60305  -40.703  -22.726  55.919 0.0000000000
61494  -41.874  -22.230  55.579 0.0000000000
61495  -42.758  -22.308  55.609 0.0000000000
65313  -44.549  -20.604  55.011 0.0000000000
65342  -47.117  -20.034  53.414 0.0000000000
70199  -44.406  -16.569  52.288 0.0000000000
71544  -44.820  -15.992  53.185 0.0000000000
71522  -45.375  -16.105  53.242 0.0000000000
74207  -46.530  -14.774  52.293 0.0000000000
72909  -46.826  -15.290  52.446 0.0000000000
71546  -47.137  -16.005  53.134 0.0000000000
68960  -47.145  -17.701  53.108 0.0000000000
70183  -46.917  -16.831  52.814 0.0000000000
68976  -47.416  -17.141  52.220 0.0000000000
68977  -47.735  -17.150  51.744 0.0000000000
70219  -48.136  -16.324  51.407 0.0000000000
71599  -48.344  -15.481  51.120 0.0000000000
76683  -48.034  -11.345  50.963 0.0000000000
75501  -47.931  -12.473  50.570 0.0000000000
70066  -21.795  -16.263  62.438 0.0000000000
71417  -21.695  -15.920  63.084 0.0000000000
70021  -23.034  -16.779  63.962 0.0000000000
85089  -52.288  -4.374  46.530 0.0000000000
83968  -52.353  -4.735  46.211 0.0000000000
90082  -52.430  -2.136  43.138 0.0000000000
90067  -52.511  -2.255  44.003 0.0000000000
90083  -53.241  -1.896  43.538 0.0000000000
91295  -53.805  -1.478  43.859 0.0000000000
91283  -54.518  -1.698  43.973 0.0000000000
88854  -57.654  -2.056  43.257 0.0000000000
88853  -56.923  -1.992  43.514 0.0000000000
87659  -57.815  -5.329  33.612 0.0000000000
86467  -63.459  -3.950  29.981 0.0000000000
87744  -63.690  -3.663  28.822 0.0000000000
89010  -64.561  -3.048  28.153 0.0000000000
89057  -64.772  -2.000  27.518 0.0000000000
89011  -64.968  -2.622  28.428 0.0000000000
89035  -65.423  -1.866  28.126 0.0000000000
79189  -48.797  -9.463  50.768 0.0000000000
80433  -48.688  -8.934  51.068 0.0000000000
81622  -48.520  -8.563  51.219 0.0000000000
81637  -48.609  -7.895  51.091 0.0000000000
82788  -48.035  -7.784  51.340 0.0000000000
82811  -48.303  -7.227  49.891 0.0000000000
71403  -24.137  -16.373  62.732 0.0000000000
71404  -25.123  -16.556  62.445 0.0000000000
71422  -26.606  -16.252  61.563 0.0000000000
71406  -27.676  -16.400  61.648 0.0000000000
72794  -28.398  -16.067  61.480 0.0000000000
66490  -36.229  -20.288  56.932 0.0000000000
67679  -41.139  -19.332  55.787 0.0000000000
66509  -41.506  -19.569  56.050 0.0000000000
66496  -41.765  -20.374  55.715 0.0000000000
65299  -42.088  -20.762  55.587 0.0000000000
66511  -43.216  -20.239  54.988 0.0000000000
67682  -43.578  -19.835  54.830 0.0000000000
66523  -44.017  -20.086  54.861 0.0000000000
74241  -44.299  -13.850  51.542 0.0000000000
72905  -44.811  -14.505  52.122 0.0000000000
74224  -44.808  -13.734  52.027 0.0000000000
76659  -45.808  -12.388  51.552 0.0000000000
74225  -46.429  -13.593  51.691 0.0000000000
74226  -46.747  -14.195  51.686 0.0000000000
72937  -47.462  -14.594  51.512 0.0000000000
76682  -47.824  -11.675  51.560 0.0000000000
77915  -48.336  -10.343  50.990 0.0000000000
85079  -50.848  -5.510  48.400 0.0000000000
83951  -51.115  -5.862  48.151 0.0000000000
86214  -51.018  -5.105  47.769 0.0000000000
86228  -52.130  -4.109  46.717 0.0000000000
87463  -51.968  -3.757  46.712 0.0000000000
86238  -52.736  -3.755  46.330 0.0000000000
87478  -53.010  -3.044  45.894 0.0000000000
87479  -53.637  -2.948  45.818 0.0000000000
90120  -54.619  -1.626  42.051 0.0000000000
91324  -54.839  -1.704  42.495 0.0000000000
90101  -56.343  -0.934  42.542 0.0000000000
90102  -57.223  -1.125  42.664 0.0000000000
90143  -57.420  -0.993  41.489 0.0000000000
90103  -57.870  -1.171  42.311 0.0000000000
88866  -57.389  -1.621  43.074 0.0000000000
86422  -59.168  -4.398  31.963 0.0000000000
86386  -58.315  -5.385  33.415 0.0000000000
153121  -56.744  -6.372  35.075 0.0000000000
80440  -46.304  -9.288  50.662 0.0000000000
74262  -43.918  -13.772  50.966 0.0000000000
75500  -44.370  -12.343  51.114 0.0000000000
76691  -44.889  -11.779  50.816 0.0000000000
77914  -45.884  -10.943  50.771 0.0000000000
79188  -46.063  -10.248  50.984 0.0000000000
88849  -50.200  -3.062  44.164 0.0000000000
88834  -50.603  -2.742  44.539 0.0000000000
88851  -51.262  -2.453  43.340 0.0000000000
88865  -51.253  -2.496  42.681 0.0000000000
90118  -52.796  -1.651  41.828 0.0000000000
90138  -53.259  -1.802  41.297 0.0000000000
90139  -54.169  -1.920  41.462 0.0000000000
88894  -54.860  -2.506  41.080 0.0000000000
87584  -56.330  -2.988  40.336 0.0000000000
87601  -56.764  -3.609  39.581 0.0000000000
86463  -59.331  -4.990  30.444 0.0000000000
87710  -60.184  -4.407  31.826 0.0000000000
87698  -60.404  -4.444  32.106 0.0000000000
87681  -60.606  -4.560  32.424 0.0000000000
86388  -60.321  -4.847  32.976 0.0000000000
85271  -60.633  -5.060  32.932 0.0000000000
84162  -60.109  -5.480  32.654 0.0000000000
84184  -60.237  -6.016  32.415 0.0000000000
84186  -62.721  -5.494  32.042 0.0000000000
86448  -63.874  -4.534  30.397 0.0000000000
85307  -64.293  -4.937  30.330 0.0000000000
86469  -64.794  -4.182  29.314 0.0000000000
79209  -50.885  -9.181  48.576 0.0000000000
81639  -49.375  -8.062  50.217 0.0000000000
83925  -49.095  -7.063  50.087 0.0000000000
83926  -49.312  -7.141  49.751 0.0000000000
82812  -49.530  -7.390  49.720 0.0000000000
82813  -50.151  -7.099  49.356 0.0000000000
83942  -50.468  -6.351  49.160 0.0000000000
85066  -50.689  -5.863  48.962 0.0000000000
86212  -50.303  -4.989  48.145 0.0000000000
87450  -50.233  -4.679  47.789 0.0000000000
86210  -49.509  -4.905  48.153 0.0000000000
87460  -49.879  -4.503  47.543 0.0000000000
88817  -49.931  -2.966  45.261 0.0000000000
80441  -46.507  -8.847  50.210 0.0000000000
81660  -47.022  -8.004  49.122 0.0000000000
81672  -46.968  -7.910  48.494 0.0000000000
83956  -47.693  -6.475  47.812 0.0000000000
83966  -48.088  -5.780  47.175 0.0000000000
85102  -48.438  -5.113  46.575 0.0000000000
66401  -21.900  -18.685  63.115 0.0000000000
67571  -22.261  -18.687  62.894 0.0000000000
66414  -23.260  -19.050  62.177 0.0000000000
70049  -25.377  -17.411  62.834 0.0000000000
71424  -28.097  -15.703  61.252 0.0000000000
71407  -28.830  -16.372  61.456 0.0000000000
70053  -29.413  -16.663  61.356 0.0000000000
68865  -31.433  -16.608  60.668 0.0000000000
67590  -30.417  -17.448  60.392 0.0000000000
65249  -32.859  -19.411  58.607 0.0000000000
66435  -33.918  -18.826  58.747 0.0000000000
65231  -34.153  -19.496  58.819 0.0000000000
63920  -34.830  -20.079  58.604 0.0000000000
63958  -34.876  -21.035  57.966 0.0000000000
60289  -36.318  -22.369  57.310 0.0000000000
60300  -36.523  -22.765  56.812 0.0000000000
67660  -36.512  -19.759  56.330 0.0000000000
67661  -37.714  -19.920  55.674 0.0000000000
65283  -37.363  -20.825  56.614 0.0000000000
63984  -37.880  -20.915  56.523 0.0000000000
62678  -38.668  -21.736  56.422 0.0000000000
61464  -39.030  -22.301  56.478 0.0000000000
62697  -40.116  -21.929  56.268 0.0000000000
61465  -39.827  -22.413  56.369 0.0000000000
60302  -39.085  -23.272  56.270 0.0000000000
64004  -42.506  -21.417  55.536 0.0000000000
62716  -43.042  -21.907  55.480 0.0000000000
61496  -43.255  -22.424  55.313 0.0000000000
61507  -43.450  -22.425  54.877 0.0000000000
67700  -46.201  -18.617  53.934 0.0000000000
72906  -45.070  -15.057  52.525 0.0000000000
72889  -45.510  -15.529  52.900 0.0000000000
71523  -45.871  -16.443  53.263 0.0000000000
71524  -46.328  -16.286  53.070 0.0000000000
67717  -46.776  -18.724  53.773 0.0000000000
66537  -47.176  -19.244  53.582 0.0000000000
66548  -47.521  -19.624  53.309 0.0000000000
71600  -48.694  -15.610  50.575 0.0000000000
74263  -47.976  -13.830  50.401 0.0000000000
72956  -48.414  -14.872  50.512 0.0000000000
73009  -49.263  -14.407  48.049 0.0000000000
67536  -21.367  -18.022  64.129 0.0000000000
66388  -21.533  -18.581  63.475 0.0000000000
90037  -51.849  -2.390  44.969 0.0000000000
90038  -52.877  -1.876  45.447 0.0000000000
90068  -52.767  -1.459  44.332 0.0000000000
90054  -52.962  -1.181  45.149 0.0000000000
90039  -52.795  -1.057  46.013 0.0000000000
90040  -53.685  -1.364  46.208 0.0000000000
88802  -54.152  -2.258  46.193 0.0000000000
87498  -54.332  -3.031  45.711 0.0000000000
91309  -54.525  -1.687  42.962 0.0000000000
91297  -54.889  -1.959  43.351 0.0000000000
90070  -54.928  -2.153  43.892 0.0000000000
88837  -55.644  -2.442  44.003 0.0000000000
90057  -55.079  -1.818  44.635 0.0000000000
88821  -55.190  -2.172  45.143 0.0000000000
87499  -55.080  -3.091  45.279 0.0000000000
86249  -54.602  -3.720  45.479 0.0000000000
84070  -55.249  -5.460  38.683 0.0000000000
86330  -56.266  -4.199  39.277 0.0000000000
86421  -57.954  -4.109  32.231 0.0000000000
85286  -57.133  -4.257  32.174 0.0000000000
85303  -56.505  -4.703  31.998 0.0000000000
153127  -57.292  -4.310  33.347 0.0000000000
153124  -56.750  -4.322  33.140 0.0000000000
85251  -54.930  -5.571  35.521 0.0000000000
86377  -55.816  -5.621  36.638 0.0000000000
87621  -56.302  -5.035  38.016 0.0000000000
87626  -59.855  -3.081  38.769 0.0000000000
86350  -59.625  -3.758  38.209 0.0000000000
86351  -60.192  -3.661  38.560 0.0000000000
86332  -61.037  -4.054  39.263 0.0000000000
59212  -41.618  -23.087  55.227 0.0000000000
59223  -42.656  -22.913  54.972 0.0000000000
59232  -42.434  -22.996  54.904 0.0000000000
60281  -36.341  -22.184  57.475 0.0000000000
60282  -36.540  -22.193  57.230 0.0000000000
60288  -35.841  -22.451  57.602 0.0000000000
60303  -40.017  -23.103  56.253 0.0000000000
60324  -42.526  -22.835  55.158 0.0000000000
61460  -35.773  -22.123  57.651 0.0000000000
62652  -35.480  -20.952  58.865 0.0000000000
62663  -35.709  -21.249  57.996 0.0000000000
62694  -37.028  -21.040  57.483 0.0000000000
62695  -36.846  -21.105  57.241 0.0000000000
62696  -37.272  -21.199  56.876 0.0000000000
63936  -33.060  -19.978  58.399 0.0000000000
63938  -34.511  -20.525  58.253 0.0000000000
63960  -36.953  -20.960  57.696 0.0000000000
63961  -36.629  -20.946  57.390 0.0000000000
63962  -38.401  -21.317  56.362 0.0000000000
63963  -39.081  -21.456  56.200 0.0000000000
63964  -39.676  -21.460  56.118 0.0000000000
63982  -37.007  -21.086  57.274 0.0000000000
63988  -41.860  -21.172  55.660 0.0000000000
65213  -34.142  -19.321  58.716 0.0000000000
65229  -32.906  -18.836  58.992 0.0000000000
65266  -38.179  -21.058  56.366 0.0000000000
66389  -21.980  -18.539  63.400 0.0000000000
67537  -22.132  -17.982  63.925 0.0000000000
67538  -22.767  -17.634  63.792 0.0000000000
67540  -23.588  -17.204  63.540 0.0000000000
67550  -23.597  -17.385  63.476 0.0000000000
67561  -24.874  -18.018  62.729 0.0000000000
68801  -22.586  -17.077  64.232 0.0000000000
68805  -22.479  -17.494  64.095 0.0000000000
68847  -30.245  -16.794  61.167 0.0000000000
70015  -22.343  -16.803  64.391 0.0000000000
70016  -22.812  -16.978  64.131 0.0000000000
70020  -22.632  -16.512  64.270 0.0000000000
70048  -25.148  -17.583  62.872 0.0000000000
70075  -32.664  -16.078  61.059 0.0000000000
70241  -48.577  -16.030  50.925 0.0000000000
71441  -29.025  -15.483  60.599 0.0000000000
71453  -28.616  -15.423  60.397 0.0000000000
71454  -28.847  -15.365  60.265 0.0000000000
72805  -28.121  -15.912  61.429 0.0000000000
72806  -28.639  -15.821  61.324 0.0000000000
72891  -45.965  -16.129  53.026 0.0000000000
72924  -47.302  -14.762  51.790 0.0000000000
74203  -44.768  -13.990  52.053 0.0000000000
74223  -44.620  -13.822  51.891 0.0000000000
75459  -45.837  -13.156  51.790 0.0000000000
75472  -44.632  -13.432  51.803 0.0000000000
75473  -44.847  -13.152  51.827 0.0000000000
76669  -45.240  -12.227  51.381 0.0000000000
76706  -44.925  -11.718  50.269 0.0000000000
77878  -45.849  -12.024  51.415 0.0000000000
77879  -45.969  -11.876  51.431 0.0000000000
77893  -46.089  -10.993  51.516 0.0000000000
77913  -45.603  -11.334  50.902 0.0000000000
77934  -45.460  -11.240  50.141 0.0000000000
79187  -46.025  -10.837  50.937 0.0000000000
80397  -46.528  -9.951  52.393 0.0000000000
80398  -46.623  -9.809  52.575 0.0000000000
81647  -46.631  -8.797  50.499 0.0000000000
81673  -51.117  -7.065  47.692 0.0000000000
82787  -47.890  -7.839  51.539 0.0000000000
83029  -61.858  -5.717  32.376 0.0000000000
83969  -53.061  -4.423  45.920 0.0000000000
84055  -55.219  -5.246  39.228 0.0000000000
84146  -59.433  -5.357  32.929 0.0000000000
84223  -64.835  -5.036  29.464 0.0000000000
85178  -54.829  -5.054  39.973 0.0000000000
85195  -55.608  -5.074  39.034 0.0000000000
85289  -63.505  -4.950  31.324 0.0000000000
85306  -63.863  -4.987  30.831 0.0000000000
86225  -49.677  -4.873  48.032 0.0000000000
86236  -48.703  -4.800  47.230 0.0000000000
86423  -59.790  -4.482  31.847 0.0000000000
87449  -49.964  -4.730  47.904 0.0000000000
87464  -52.549  -3.350  46.298 0.0000000000
87477  -50.675  -3.574  46.678 0.0000000000
87519  -55.320  -2.788  44.937 0.0000000000
87549  -57.462  -2.432  43.493 0.0000000000
88777  -50.508  -3.255  46.321 0.0000000000
88801  -53.485  -2.025  46.212 0.0000000000
88820  -54.667  -1.905  45.682 0.0000000000
88836  -55.092  -2.251  44.396 0.0000000000
88893  -53.771  -2.233  41.017 0.0000000000
89034  -65.000  -2.010  27.823 0.0000000000
90023  -53.338  -1.848  46.081 0.0000000000
90081  -51.824  -2.294  42.921 0.0000000000
90084  -53.741  -1.628  43.338 0.0000000000
90085  -55.389  -1.931  43.342 0.0000000000
90100  -55.701  -1.192  42.353 0.0000000000
90122  -56.242  -0.988  41.826 0.0000000000
90124  -57.708  -0.933  41.868 0.0000000000
91267  -53.114  -0.993  44.944 0.0000000000
91280  -53.208  -1.191  44.735 0.0000000000
91282  -54.284  -1.055  44.276 0.0000000000
91296  -54.323  -1.598  43.644 0.0000000000
91325  -55.250  -1.594  42.288 0.0000000000
