#!ascii label  , from subject 3013 vox2ras=TkReg
840
83316  26.464  -8.553  61.327 0.0000000000
92785  49.508  -0.755  39.148 0.0000000000
94057  58.010  1.260  37.471 0.0000000000
78120  51.059  -10.301  47.685 0.0000000000
77938  35.531  -11.430  56.940 0.0000000000
79280  31.881  -10.053  60.465 0.0000000000
96666  53.806  2.672  38.328 0.0000000000
91346  53.888  -1.332  44.034 0.0000000000
78034  46.922  -10.669  50.941 0.0000000000
77933  40.373  -11.559  56.634 0.0000000000
94217  62.200  0.566  26.755 0.0000000000
95428  57.800  1.857  32.199 0.0000000000
87266  46.562  -5.604  46.168 0.0000000000
87286  50.598  -3.997  44.352 0.0000000000
81997  31.471  -8.905  59.464 0.0000000000
80637  29.800  -8.753  61.466 0.0000000000
94059  51.498  1.283  38.748 0.0000000000
96603  53.884  3.016  42.036 0.0000000000
94013  51.817  0.860  42.068 0.0000000000
69476  46.638  -15.860  52.455 0.0000000000
77894  36.998  -11.355  59.220 0.0000000000
77936  37.463  -11.169  56.755 0.0000000000
75038  39.113  -12.803  58.128 0.0000000000
95505  60.452  1.071  26.651 0.0000000000
92906  59.967  0.332  28.708 0.0000000000
96747  59.278  1.527  28.815 0.0000000000
94101  56.402  1.277  35.348 0.0000000000
94153  56.034  0.828  33.046 0.0000000000
95379  57.867  1.835  35.028 0.0000000000
94112  59.968  1.137  33.810 0.0000000000
91460  59.436  -0.367  36.632 0.0000000000
78073  48.989  -10.144  49.802 0.0000000000
83437  47.121  -7.845  49.344 0.0000000000
82125  49.103  -7.650  47.521 0.0000000000
86006  47.930  -5.300  45.000 0.0000000000
83483  50.328  -7.326  44.417 0.0000000000
83481  52.397  -6.666  45.086 0.0000000000
79532  52.874  -9.910  46.011 0.0000000000
80662  33.501  -10.207  58.622 0.0000000000
92811  54.629  0.185  36.136 0.0000000000
96663  55.998  3.517  37.607 0.0000000000
95315  55.445  2.150  40.601 0.0000000000
91384  55.132  -0.587  42.459 0.0000000000
77982  44.111  -10.969  54.246 0.0000000000
75132  46.065  -12.553  52.363 0.0000000000
73747  47.937  -13.757  50.753 0.0000000000
73786  50.047  -13.300  48.950 0.0000000000
72289  50.643  -13.420  47.105 0.0000000000
78010  41.511  -11.156  53.821 0.0000000000
75081  42.841  -12.884  55.473 0.0000000000
90225  62.288  -1.243  25.997 0.0000000000
95465  57.825  1.587  29.691 0.0000000000
95426  58.919  1.203  31.842 0.0000000000
91511  59.806  -0.181  33.157 0.0000000000
91386  50.364  -1.635  42.235 0.0000000000
89954  52.339  -2.325  44.185 0.0000000000
84789  54.730  -5.480  44.645 0.0000000000
80622  27.251  -9.162  61.669 0.0000000000
81936  27.964  -8.817  61.517 0.0000000000
80621  28.164  -9.166  61.733 0.0000000000
94074  50.752  0.609  38.789 0.0000000000
95318  51.317  1.367  39.893 0.0000000000
94048  50.491  0.453  39.897 0.0000000000
76464  37.780  -12.231  59.093 0.0000000000
94238  59.884  0.904  26.323 0.0000000000
95477  59.991  1.293  28.206 0.0000000000
95497  59.658  1.543  27.672 0.0000000000
96675  57.241  2.892  36.361 0.0000000000
95380  57.272  1.839  35.300 0.0000000000
95366  57.991  2.124  35.797 0.0000000000
94084  58.938  1.074  35.766 0.0000000000
78087  50.084  -10.387  48.848 0.0000000000
80799  48.983  -9.292  48.621 0.0000000000
80827  49.977  -8.942  47.463 0.0000000000
82149  49.042  -7.770  45.714 0.0000000000
80843  50.857  -9.193  46.307 0.0000000000
80842  51.427  -9.247  45.955 0.0000000000
79517  51.705  -10.087  46.801 0.0000000000
80664  32.609  -9.088  59.289 0.0000000000
79291  33.005  -10.337  59.431 0.0000000000
77885  33.842  -11.266  59.355 0.0000000000
92813  52.823  0.104  36.816 0.0000000000
91462  53.197  -0.939  36.609 0.0000000000
96679  54.280  2.170  37.819 0.0000000000
95367  55.425  2.196  36.659 0.0000000000
97900  54.889  3.704  38.126 0.0000000000
96631  56.204  2.991  39.470 0.0000000000
97831  54.730  3.580  39.991 0.0000000000
92719  53.833  0.399  42.924 0.0000000000
92735  54.193  0.813  42.125 0.0000000000
91369  54.989  -1.236  43.167 0.0000000000
88629  55.262  -2.536  42.790 0.0000000000
88618  54.928  -2.586  43.755 0.0000000000
76532  44.446  -12.102  54.186 0.0000000000
76555  45.146  -11.925  53.536 0.0000000000
73709  44.970  -13.634  52.986 0.0000000000
72207  47.482  -14.478  52.075 0.0000000000
73768  49.093  -13.443  49.550 0.0000000000
77934  39.435  -11.178  56.753 0.0000000000
77986  40.175  -11.569  55.241 0.0000000000
77958  41.319  -11.127  55.823 0.0000000000
77957  42.250  -11.420  55.713 0.0000000000
77931  41.938  -11.745  56.195 0.0000000000
95513  62.011  0.601  25.672 0.0000000000
91602  62.447  -0.206  26.777 0.0000000000
92907  59.371  -0.168  29.551 0.0000000000
94166  56.601  1.314  32.300 0.0000000000
92890  55.411  0.344  31.080 0.0000000000
94178  56.552  1.494  31.119 0.0000000000
94186  56.932  1.344  29.725 0.0000000000
95453  57.906  1.805  30.935 0.0000000000
96739  58.492  1.596  30.528 0.0000000000
95427  58.327  1.588  31.919 0.0000000000
91482  60.489  -0.397  34.669 0.0000000000
92848  60.055  0.435  33.370 0.0000000000
79439  46.243  -10.176  51.613 0.0000000000
80773  45.885  -9.269  50.382 0.0000000000
85967  46.233  -6.046  48.151 0.0000000000
84759  45.544  -6.260  48.338 0.0000000000
87287  49.546  -4.242  44.321 0.0000000000
88611  48.204  -4.282  43.575 0.0000000000
89958  49.356  -3.218  43.854 0.0000000000
89991  49.230  -2.512  42.434 0.0000000000
91331  50.753  -2.150  43.626 0.0000000000
91349  51.422  -1.525  43.673 0.0000000000
88599  51.157  -3.060  44.392 0.0000000000
80859  53.932  -8.491  45.104 0.0000000000
84791  53.723  -5.355  45.386 0.0000000000
82158  54.440  -7.700  44.569 0.0000000000
82167  55.264  -7.179  43.474 0.0000000000
81968  30.369  -8.510  60.522 0.0000000000
80636  30.556  -9.317  61.296 0.0000000000
77870  30.812  -10.969  60.543 0.0000000000
80619  29.689  -9.873  61.227 0.0000000000
95342  52.532  1.824  38.691 0.0000000000
96634  53.490  3.246  39.738 0.0000000000
95316  52.366  2.376  39.935 0.0000000000
95298  52.459  1.924  41.968 0.0000000000
92696  52.631  -0.216  43.442 0.0000000000
79339  35.940  -11.128  57.791 0.0000000000
77937  36.431  -11.200  56.950 0.0000000000
77916  37.455  -10.935  57.544 0.0000000000
77905  38.519  -11.248  58.201 0.0000000000
76486  40.106  -12.039  57.468 0.0000000000
75069  41.135  -12.865  56.466 0.0000000000
73636  39.602  -13.996  57.553 0.0000000000
95494  61.884  0.771  26.964 0.0000000000
92921  61.241  0.505  27.601 0.0000000000
94219  60.969  1.009  27.716 0.0000000000
95461  59.972  0.804  28.515 0.0000000000
94177  59.308  0.754  29.894 0.0000000000
92836  55.473  -0.282  34.751 0.0000000000
94133  56.330  0.479  34.007 0.0000000000
95411  57.327  1.060  33.766 0.0000000000
95410  57.509  1.197  33.189 0.0000000000
95390  58.230  0.712  33.384 0.0000000000
95378  58.472  1.238  34.346 0.0000000000
92825  59.603  0.714  35.289 0.0000000000
78056  47.677  -10.383  50.416 0.0000000000
80771  47.243  -9.565  50.009 0.0000000000
80786  48.285  -8.790  49.176 0.0000000000
83444  48.667  -7.730  48.623 0.0000000000
84756  47.602  -6.808  47.501 0.0000000000
87264  47.081  -5.007  45.948 0.0000000000
84779  48.135  -6.734  45.764 0.0000000000
84805  49.246  -6.921  44.617 0.0000000000
84794  50.438  -6.106  44.371 0.0000000000
86015  51.073  -4.877  44.567 0.0000000000
83482  51.409  -6.946  44.534 0.0000000000
80860  52.795  -8.631  45.122 0.0000000000
79548  53.246  -9.589  45.360 0.0000000000
79344  31.448  -10.058  58.206 0.0000000000
79342  33.240  -9.918  57.852 0.0000000000
79340  34.879  -10.697  57.902 0.0000000000
79302  35.401  -10.865  58.829 0.0000000000
76447  35.236  -11.960  59.675 0.0000000000
94103  55.176  1.153  36.054 0.0000000000
96689  56.160  2.411  36.296 0.0000000000
96662  57.174  3.106  37.406 0.0000000000
95326  56.839  2.395  39.048 0.0000000000
94033  56.374  1.557  40.016 0.0000000000
92748  56.423  0.249  40.891 0.0000000000
96610  54.983  2.729  41.133 0.0000000000
92749  55.492  0.692  41.182 0.0000000000
79443  42.948  -9.882  52.525 0.0000000000
79419  44.377  -10.444  53.210 0.0000000000
79418  45.222  -10.426  52.538 0.0000000000
78035  46.768  -10.748  51.996 0.0000000000
73707  46.366  -13.969  52.247 0.0000000000
75131  46.785  -12.518  51.624 0.0000000000
76604  47.309  -11.758  51.024 0.0000000000
76635  48.154  -11.487  50.000 0.0000000000
76633  49.841  -11.689  49.133 0.0000000000
75212  50.730  -11.877  48.603 0.0000000000
75231  51.679  -12.232  47.602 0.0000000000
73798  50.537  -13.294  48.369 0.0000000000
79400  42.562  -10.873  54.378 0.0000000000
76533  43.657  -11.918  55.075 0.0000000000
73666  43.333  -13.659  54.532 0.0000000000
73650  41.997  -13.724  55.769 0.0000000000
72157  42.333  -14.338  54.954 0.0000000000
90223  63.523  -0.761  25.001 0.0000000000
94220  58.459  1.535  27.880 0.0000000000
96765  58.991  1.813  29.276 0.0000000000
95451  59.127  1.291  29.836 0.0000000000
94165  59.231  0.723  31.105 0.0000000000
94131  58.630  0.328  32.942 0.0000000000
94151  58.948  0.530  32.053 0.0000000000
92872  58.983  -0.023  32.436 0.0000000000
83439  45.712  -7.639  49.349 0.0000000000
91418  49.189  -2.031  40.309 0.0000000000
92760  49.867  -0.400  40.920 0.0000000000
94000  51.306  -0.360  42.601 0.0000000000
92697  52.101  -0.393  43.496 0.0000000000
91327  52.733  -1.820  43.974 0.0000000000
87284  52.477  -3.740  44.896 0.0000000000
87283  53.361  -3.529  45.051 0.0000000000
88609  54.306  -2.807  44.338 0.0000000000
86025  55.330  -4.350  43.954 0.0000000000
76701  52.390  -11.475  46.678 0.0000000000
76738  52.988  -11.498  45.463 0.0000000000
81937  26.997  -8.796  61.471 0.0000000000
81923  26.322  -9.208  61.769 0.0000000000
92798  50.250  -0.100  38.626 0.0000000000
94061  50.582  0.543  39.178 0.0000000000
92784  49.994  -0.049  39.432 0.0000000000
95507  58.957  1.422  27.338 0.0000000000
96661  57.412  2.699  36.652 0.0000000000
96674  57.542  2.392  36.189 0.0000000000
95352  57.687  2.110  36.753 0.0000000000
94070  58.335  1.217  36.573 0.0000000000
92795  58.518  0.653  37.103 0.0000000000
78104  50.595  -10.561  48.196 0.0000000000
79502  49.995  -9.731  48.200 0.0000000000
79519  50.547  -9.781  47.594 0.0000000000
80826  50.537  -9.301  46.964 0.0000000000
79518  51.144  -9.806  47.057 0.0000000000
78119  51.534  -10.679  47.354 0.0000000000
80634  31.988  -9.743  60.294 0.0000000000
80648  32.302  -9.507  59.996 0.0000000000
79292  32.295  -10.057  59.957 0.0000000000
77886  32.583  -10.909  59.568 0.0000000000
95354  53.502  1.833  38.180 0.0000000000
95369  53.615  1.510  37.487 0.0000000000
96665  54.419  3.174  37.971 0.0000000000
97850  54.911  3.983  39.297 0.0000000000
97876  54.280  3.754  38.695 0.0000000000
91371  53.285  -0.196  43.270 0.0000000000
91370  54.146  -0.664  43.273 0.0000000000
89979  54.472  -1.748  43.618 0.0000000000
75096  44.320  -13.046  54.010 0.0000000000
75116  44.813  -12.841  53.573 0.0000000000
73685  44.371  -13.691  53.506 0.0000000000
77960  39.360  -11.551  56.035 0.0000000000
77959  40.350  -11.382  55.896 0.0000000000
77932  41.393  -11.647  56.260 0.0000000000
95502  62.518  0.410  25.987 0.0000000000
95512  62.428  0.573  25.755 0.0000000000
94235  62.533  0.346  26.231 0.0000000000
92959  62.764  0.122  26.382 0.0000000000
92940  62.338  0.365  26.810 0.0000000000
95429  57.248  1.485  32.725 0.0000000000
95443  57.273  2.013  31.646 0.0000000000
95454  57.307  1.739  30.504 0.0000000000
95442  57.871  1.920  31.623 0.0000000000
96734  57.864  1.931  31.353 0.0000000000
96724  57.912  2.011  31.839 0.0000000000
91473  60.912  -1.180  35.379 0.0000000000
80755  45.618  -9.819  51.066 0.0000000000
79438  46.747  -10.123  50.638 0.0000000000
85981  46.426  -5.830  47.424 0.0000000000
85997  46.145  -5.923  46.916 0.0000000000
88601  49.360  -3.743  44.155 0.0000000000
88600  50.324  -3.276  44.216 0.0000000000
89970  50.147  -2.522  43.572 0.0000000000
89956  50.970  -2.402  44.150 0.0000000000
82144  54.024  -7.215  45.163 0.0000000000
80880  54.381  -8.390  44.446 0.0000000000
79564  54.908  -8.829  44.048 0.0000000000
81951  29.523  -8.428  61.023 0.0000000000
81969  29.459  -8.440  60.337 0.0000000000
81950  30.594  -8.488  61.149 0.0000000000
80620  29.229  -9.343  61.734 0.0000000000
92797  51.121  0.376  38.077 0.0000000000
92814  51.675  0.230  37.528 0.0000000000
92796  51.543  0.521  37.949 0.0000000000
94071  52.410  1.165  38.017 0.0000000000
95356  52.219  1.530  38.466 0.0000000000
96636  52.536  2.237  39.302 0.0000000000
95329  51.934  2.095  39.340 0.0000000000
94035  51.694  1.350  40.708 0.0000000000
95308  51.955  1.693  41.105 0.0000000000
94012  52.241  1.234  42.293 0.0000000000
95287  52.612  1.456  42.494 0.0000000000
93998  52.060  1.080  42.812 0.0000000000
79318  36.253  -10.896  58.430 0.0000000000
79338  36.695  -10.984  57.845 0.0000000000
77906  37.304  -11.067  58.513 0.0000000000
75039  38.440  -12.687  58.616 0.0000000000
76479  38.122  -11.837  58.765 0.0000000000
76478  38.854  -12.178  58.406 0.0000000000
76487  39.447  -12.048  58.026 0.0000000000
75056  39.669  -12.532  57.767 0.0000000000
75055  40.054  -12.865  57.450 0.0000000000
95515  60.725  0.818  25.995 0.0000000000
95504  61.345  0.846  26.599 0.0000000000
95495  61.142  0.883  27.379 0.0000000000
95462  59.532  1.142  28.906 0.0000000000
94184  59.844  0.800  29.120 0.0000000000
92835  55.898  0.300  34.915 0.0000000000
92849  55.752  0.109  34.225 0.0000000000
94114  56.622  1.131  35.072 0.0000000000
95393  57.090  1.340  34.768 0.0000000000
95392  57.527  1.237  34.431 0.0000000000
95391  57.780  1.011  33.946 0.0000000000
92810  59.474  0.125  36.053 0.0000000000
92809  60.144  -0.215  35.885 0.0000000000
91459  60.014  -0.694  36.394 0.0000000000
78074  48.017  -10.608  49.744 0.0000000000
79473  47.703  -10.144  49.858 0.0000000000
79472  48.358  -9.625  49.475 0.0000000000
82112  49.201  -8.448  48.205 0.0000000000
82113  49.089  -8.164  48.456 0.0000000000
83453  48.646  -7.551  48.096 0.0000000000
83454  48.041  -7.425  47.701 0.0000000000
83462  48.459  -7.128  47.094 0.0000000000
84769  47.821  -6.530  46.496 0.0000000000
82136  48.877  -7.425  46.539 0.0000000000
82148  49.829  -8.292  45.256 0.0000000000
82160  49.280  -7.789  45.223 0.0000000000
83493  49.550  -7.420  44.656 0.0000000000
84804  49.665  -6.780  44.418 0.0000000000
82147  51.073  -8.075  44.823 0.0000000000
79533  52.086  -9.794  46.167 0.0000000000
80861  51.843  -8.850  45.367 0.0000000000
79549  52.568  -9.377  45.573 0.0000000000
78130  53.206  -10.520  45.838 0.0000000000
80697  31.006  -9.533  58.652 0.0000000000
80696  31.853  -9.485  58.498 0.0000000000
80663  32.932  -9.693  59.186 0.0000000000
80695  32.676  -9.578  58.413 0.0000000000
80677  33.421  -9.927  58.499 0.0000000000
79341  34.053  -10.024  57.927 0.0000000000
79320  34.175  -10.306  58.336 0.0000000000
79319  35.069  -10.847  58.352 0.0000000000
79303  33.851  -10.683  58.778 0.0000000000
92812  54.087  -0.093  36.313 0.0000000000
91476  54.620  -1.034  35.407 0.0000000000
92827  55.145  0.057  35.679 0.0000000000
96677  55.657  3.044  36.876 0.0000000000
96676  56.532  3.052  36.693 0.0000000000
95341  57.318  2.327  38.151 0.0000000000
96648  56.901  2.990  38.662 0.0000000000
95314  55.991  2.378  40.175 0.0000000000
95327  56.414  2.212  39.606 0.0000000000
94034  55.805  1.724  40.418 0.0000000000
92759  56.561  0.767  40.208 0.0000000000
94021  55.983  1.067  40.577 0.0000000000
96612  53.742  3.109  41.293 0.0000000000
96620  54.292  3.231  40.558 0.0000000000
96602  54.170  2.794  41.905 0.0000000000
92734  55.044  0.427  42.015 0.0000000000
91401  55.700  -0.185  41.559 0.0000000000
90000  55.694  -1.231  41.617 0.0000000000
79420  43.500  -10.049  53.375 0.0000000000
79398  43.803  -10.507  53.710 0.0000000000
76554  45.775  -11.730  52.872 0.0000000000
78008  45.226  -10.994  53.280 0.0000000000
78007  45.941  -10.790  52.443 0.0000000000
76578  46.339  -11.578  52.076 0.0000000000
72185  46.051  -14.597  52.548 0.0000000000
70760  46.427  -15.332  52.632 0.0000000000
73728  47.489  -13.731  51.370 0.0000000000
73729  46.889  -13.704  51.824 0.0000000000
75130  47.128  -13.153  51.366 0.0000000000
75147  47.170  -12.031  51.230 0.0000000000
75146  47.467  -12.584  50.765 0.0000000000
75170  47.902  -11.928  50.344 0.0000000000
73787  49.560  -13.514  49.253 0.0000000000
75168  49.474  -12.534  49.255 0.0000000000
75191  50.496  -12.902  48.613 0.0000000000
73799  50.150  -13.700  48.680 0.0000000000
77962  37.269  -11.495  56.121 0.0000000000
78011  40.798  -11.842  54.458 0.0000000000
78037  41.250  -11.741  53.606 0.0000000000
79444  41.996  -10.382  53.230 0.0000000000
79422  42.065  -10.917  54.024 0.0000000000
76512  42.861  -11.998  55.536 0.0000000000
76534  43.120  -11.575  55.252 0.0000000000
76511  43.213  -12.406  55.313 0.0000000000
75080  43.382  -12.927  55.093 0.0000000000
73651  41.305  -13.615  56.131 0.0000000000
70731  42.450  -14.850  54.384 0.0000000000
91623  62.935  -0.299  26.038 0.0000000000
90224  63.018  -0.968  25.426 0.0000000000
88900  61.559  -1.884  25.601 0.0000000000
92922  60.672  0.280  28.123 0.0000000000
94154  55.374  0.430  32.963 0.0000000000
92891  54.925  -0.136  31.841 0.0000000000
94168  55.220  0.264  32.397 0.0000000000
94185  57.543  1.480  29.403 0.0000000000
94201  56.941  1.008  28.440 0.0000000000
94200  57.837  1.480  28.775 0.0000000000
94221  57.679  0.995  27.564 0.0000000000
95480  58.030  1.580  28.943 0.0000000000
95479  58.709  1.704  28.795 0.0000000000
95441  58.645  1.482  31.303 0.0000000000
96732  58.648  1.484  30.638 0.0000000000
95440  59.028  1.267  30.886 0.0000000000
95439  59.292  0.971  30.802 0.0000000000
95425  59.073  0.981  31.483 0.0000000000
94113  59.005  0.714  33.777 0.0000000000
92871  59.028  0.237  32.937 0.0000000000
82089  47.459  -8.734  49.529 0.0000000000
82075  46.970  -8.778  49.718 0.0000000000
83438  46.414  -7.466  49.275 0.0000000000
87262  47.490  -5.317  45.542 0.0000000000
89973  48.202  -3.691  43.002 0.0000000000
91387  49.831  -1.938  42.019 0.0000000000
90001  49.311  -2.282  41.649 0.0000000000
91403  49.702  -1.508  41.577 0.0000000000
91417  49.472  -1.396  40.906 0.0000000000
91416  49.808  -0.921  41.403 0.0000000000
94025  50.288  0.014  41.189 0.0000000000
92736  51.097  -0.644  42.359 0.0000000000
91329  51.521  -1.834  44.131 0.0000000000
92698  51.695  -0.944  43.383 0.0000000000
91328  52.125  -1.550  43.913 0.0000000000
91348  52.268  -0.835  43.626 0.0000000000
84793  51.701  -5.785  44.866 0.0000000000
86014  52.076  -4.684  45.091 0.0000000000
84792  52.713  -5.562  45.397 0.0000000000
83479  54.264  -6.151  45.101 0.0000000000
86012  54.181  -4.247  45.141 0.0000000000
87282  54.017  -3.268  44.844 0.0000000000
86011  54.808  -4.799  44.632 0.0000000000
86026  54.850  -4.032  44.605 0.0000000000
84803  55.112  -5.382  44.189 0.0000000000
73807  51.734  -12.556  47.299 0.0000000000
75230  52.064  -12.173  47.069 0.0000000000
73819  51.820  -12.689  46.980 0.0000000000
81952  28.518  -8.557  61.100 0.0000000000
81935  28.906  -8.710  61.596 0.0000000000
79270  27.374  -9.553  61.654 0.0000000000
92815  50.542  -0.446  37.842 0.0000000000
94073  51.072  0.754  38.551 0.0000000000
95344  51.460  1.678  38.984 0.0000000000
94060  51.138  1.093  38.997 0.0000000000
94036  51.158  0.955  40.438 0.0000000000
76466  36.440  -11.808  59.509 0.0000000000
76480  37.469  -11.505  58.963 0.0000000000
75019  37.504  -12.675  59.158 0.0000000000
73610  37.841  -13.274  58.808 0.0000000000
95496  60.406  1.255  27.505 0.0000000000
95478  59.489  1.835  28.090 0.0000000000
96763  59.357  1.743  28.490 0.0000000000
96688  56.874  2.499  35.927 0.0000000000
95381  56.565  1.677  35.553 0.0000000000
96687  57.412  2.239  35.826 0.0000000000
96686  57.688  2.116  35.757 0.0000000000
95365  58.538  1.654  35.243 0.0000000000
94085  58.288  1.666  36.003 0.0000000000
94069  58.820  0.594  36.482 0.0000000000
78088  49.467  -10.340  49.269 0.0000000000
79487  48.940  -9.720  49.084 0.0000000000
79486  49.527  -9.686  48.792 0.0000000000
80811  49.327  -8.940  48.250 0.0000000000
82124  49.344  -8.354  47.792 0.0000000000
82135  49.425  -8.187  46.684 0.0000000000
80844  50.180  -8.768  46.425 0.0000000000
80863  50.458  -8.728  45.887 0.0000000000
80862  50.902  -8.756  45.559 0.0000000000
79534  51.423  -9.665  46.422 0.0000000000
80679  32.154  -9.041  58.976 0.0000000000
81982  32.575  -9.090  59.660 0.0000000000
81965  32.725  -9.256  59.791 0.0000000000
79304  33.122  -10.076  59.132 0.0000000000
79290  33.613  -10.884  59.164 0.0000000000
94087  53.671  0.866  36.796 0.0000000000
94086  54.575  0.628  36.331 0.0000000000
95368  54.585  1.650  36.810 0.0000000000
96678  54.869  2.693  37.202 0.0000000000
97899  55.464  3.753  37.988 0.0000000000
96649  56.313  3.439  38.392 0.0000000000
97849  55.661  3.710  38.954 0.0000000000
96632  55.343  3.420  39.618 0.0000000000
96619  55.286  2.908  40.493 0.0000000000
95285  53.525  2.046  42.399 0.0000000000
94011  54.214  1.602  42.020 0.0000000000
91385  54.399  0.034  42.478 0.0000000000
89990  55.299  -1.629  42.499 0.0000000000
89978  55.094  -1.936  43.243 0.0000000000
87305  55.321  -3.399  43.321 0.0000000000
77981  44.856  -11.299  53.954 0.0000000000
75115  45.433  -12.701  52.994 0.0000000000
70773  47.078  -15.293  52.350 0.0000000000
73746  48.538  -13.633  50.259 0.0000000000
72247  49.085  -14.361  50.188 0.0000000000
77935  38.434  -11.114  56.749 0.0000000000
77961  38.375  -11.675  55.959 0.0000000000
76535  39.458  -11.909  54.798 0.0000000000
78012  39.903  -11.824  54.810 0.0000000000
77985  41.316  -11.199  54.882 0.0000000000
79401  42.021  -10.915  54.609 0.0000000000
77984  42.106  -10.944  55.117 0.0000000000
75082  42.491  -12.580  55.821 0.0000000000
94234  63.016  0.143  25.635 0.0000000000
90202  62.587  -0.702  26.230 0.0000000000
94167  55.669  0.801  31.929 0.0000000000
94179  55.988  0.886  30.643 0.0000000000
94187  56.006  0.748  29.781 0.0000000000
95466  57.359  1.578  29.992 0.0000000000
95464  58.419  1.606  30.017 0.0000000000
96740  58.097  1.760  31.139 0.0000000000
96733  58.310  1.671  31.231 0.0000000000
94099  60.062  0.894  34.716 0.0000000000
92834  60.274  0.351  34.267 0.0000000000
91491  60.374  -0.350  33.766 0.0000000000
80756  44.934  -9.724  51.366 0.0000000000
84747  46.613  -6.521  48.537 0.0000000000
84749  45.628  -6.386  48.745 0.0000000000
84758  45.755  -6.036  48.435 0.0000000000
84770  45.729  -6.309  47.771 0.0000000000
86018  48.284  -5.100  44.646 0.0000000000
88602  48.310  -4.742  44.051 0.0000000000
87288  48.470  -4.854  44.446 0.0000000000
89959  48.717  -3.572  43.701 0.0000000000
89972  48.553  -3.396  43.294 0.0000000000
89980  49.164  -2.499  42.994 0.0000000000
89971  49.465  -2.691  43.410 0.0000000000
91352  49.940  -2.270  42.975 0.0000000000
91351  50.640  -2.033  43.209 0.0000000000
92699  51.320  -1.176  42.907 0.0000000000
91330  51.049  -1.986  43.879 0.0000000000
89955  51.634  -2.273  44.221 0.0000000000
88598  51.980  -3.031  44.411 0.0000000000
82145  53.121  -7.530  45.092 0.0000000000
83480  53.391  -6.419  45.299 0.0000000000
83492  54.516  -6.856  44.732 0.0000000000
83491  54.795  -6.136  44.534 0.0000000000
82157  55.017  -7.071  44.289 0.0000000000
81998  30.678  -8.880  59.516 0.0000000000
81985  30.056  -8.657  59.976 0.0000000000
81984  31.024  -8.758  59.963 0.0000000000
81967  31.356  -8.752  60.427 0.0000000000
81949  31.346  -8.845  61.004 0.0000000000
79281  31.311  -10.197  61.022 0.0000000000
79282  30.313  -10.284  60.864 0.0000000000
94088  52.627  0.995  37.593 0.0000000000
95370  53.079  1.483  37.840 0.0000000000
96667  53.195  2.194  38.617 0.0000000000
96651  53.473  3.139  38.915 0.0000000000
96652  52.899  2.299  39.055 0.0000000000
96622  52.805  2.975  40.288 0.0000000000
96613  52.959  2.902  41.179 0.0000000000
95317  51.732  1.768  40.205 0.0000000000
95307  52.409  2.280  40.782 0.0000000000
95297  53.385  2.374  42.162 0.0000000000
95286  53.111  1.606  42.190 0.0000000000
92720  53.035  0.523  43.044 0.0000000000
72187  44.459  -14.512  52.938 0.0000000000
79365  35.489  -11.136  57.489 0.0000000000
77917  36.807  -11.035  57.355 0.0000000000
77915  38.484  -10.977  57.584 0.0000000000
77914  39.436  -11.475  57.518 0.0000000000
77913  40.110  -11.624  57.214 0.0000000000
76496  40.385  -11.764  57.081 0.0000000000
76495  40.810  -12.111  56.882 0.0000000000
76485  40.402  -12.446  57.204 0.0000000000
73635  40.129  -13.708  57.218 0.0000000000
72136  40.213  -14.354  56.765 0.0000000000
95503  62.131  0.563  26.511 0.0000000000
94236  62.103  0.618  26.783 0.0000000000
94218  61.731  0.679  27.205 0.0000000000
94197  61.208  0.764  27.565 0.0000000000
94198  60.719  0.728  28.066 0.0000000000
95476  60.460  1.032  28.144 0.0000000000
94183  59.674  0.731  28.919 0.0000000000
92899  59.476  0.461  29.478 0.0000000000
92900  59.175  0.318  30.454 0.0000000000
92850  55.159  -0.161  33.807 0.0000000000
94134  55.740  0.337  33.608 0.0000000000
94132  56.864  0.915  34.302 0.0000000000
94152  56.808  0.965  33.314 0.0000000000
95409  57.845  1.174  32.723 0.0000000000
94100  59.303  1.224  34.689 0.0000000000
92824  60.181  0.172  35.250 0.0000000000
91474  60.518  -0.734  35.577 0.0000000000
78057  47.473  -10.350  50.513 0.0000000000
79458  47.287  -10.165  50.424 0.0000000000
79457  47.527  -9.965  50.087 0.0000000000
80787  47.804  -9.365  49.576 0.0000000000
82088  48.166  -8.486  48.911 0.0000000000
80800  48.654  -8.928  48.844 0.0000000000
82101  48.412  -8.243  48.799 0.0000000000
83435  47.867  -8.058  48.716 0.0000000000
84746  47.294  -6.962  48.347 0.0000000000
84757  47.174  -6.338  47.590 0.0000000000
85980  46.929  -5.807  47.170 0.0000000000
87265  46.761  -5.301  46.037 0.0000000000
85979  47.349  -6.024  46.845 0.0000000000
85993  47.506  -5.559  45.805 0.0000000000
84780  47.847  -6.028  45.307 0.0000000000
83484  48.582  -7.151  45.639 0.0000000000
84796  48.257  -5.471  44.768 0.0000000000
86017  48.822  -5.086  44.462 0.0000000000
86016  49.878  -5.036  44.308 0.0000000000
82146  52.120  -7.784  44.925 0.0000000000
79547  53.949  -9.591  45.066 0.0000000000
77939  34.455  -11.238  57.136 0.0000000000
77940  33.475  -11.106  57.168 0.0000000000
79367  33.853  -10.536  57.522 0.0000000000
79366  34.724  -10.804  57.533 0.0000000000
77895  36.071  -11.049  59.246 0.0000000000
77896  34.723  -11.147  59.017 0.0000000000
77884  35.025  -11.493  59.411 0.0000000000
77883  35.736  -11.630  59.495 0.0000000000
92826  55.696  0.425  35.348 0.0000000000
94102  55.977  0.946  35.423 0.0000000000
95383  55.255  1.676  36.412 0.0000000000
95382  55.751  1.717  36.039 0.0000000000
95353  57.462  2.429  37.465 0.0000000000
94058  57.576  1.595  38.031 0.0000000000
94045  57.207  1.440  38.734 0.0000000000
94032  56.917  0.948  39.541 0.0000000000
96630  56.656  2.819  39.062 0.0000000000
94046  56.717  1.706  39.368 0.0000000000
97832  54.288  3.455  40.028 0.0000000000
95295  54.428  1.981  41.644 0.0000000000
94010  54.807  1.330  41.581 0.0000000000
94022  55.386  1.525  40.901 0.0000000000
79441  44.678  -9.964  52.253 0.0000000000
78009  44.650  -10.910  53.689 0.0000000000
79417  45.736  -10.299  52.177 0.0000000000
72186  45.268  -14.559  52.729 0.0000000000
73708  45.767  -13.615  52.529 0.0000000000
72208  46.753  -14.563  52.319 0.0000000000
73730  46.374  -13.273  52.114 0.0000000000
76577  47.073  -11.373  51.399 0.0000000000
76576  47.295  -10.919  50.993 0.0000000000
76603  47.613  -11.227  50.671 0.0000000000
76634  49.098  -11.267  49.626 0.0000000000
75169  48.412  -12.513  49.909 0.0000000000
76662  49.843  -10.992  49.210 0.0000000000
76661  50.360  -11.333  48.753 0.0000000000
76684  50.944  -11.432  48.321 0.0000000000
78103  51.156  -10.891  47.918 0.0000000000
75211  51.076  -12.372  48.332 0.0000000000
72277  50.570  -13.659  47.822 0.0000000000
72278  50.078  -14.017  48.411 0.0000000000
77963  36.445  -11.820  56.504 0.0000000000
76515  37.984  -11.950  55.472 0.0000000000
79421  42.708  -10.413  53.575 0.0000000000
79399  43.279  -10.655  54.023 0.0000000000
77983  43.086  -10.987  55.058 0.0000000000
75097  43.888  -12.890  54.536 0.0000000000
73686  43.829  -13.686  53.994 0.0000000000
75068  41.978  -12.903  56.191 0.0000000000
75067  42.384  -13.118  55.765 0.0000000000
72158  41.914  -14.345  55.426 0.0000000000
73667  42.804  -13.685  55.077 0.0000000000
72156  42.794  -14.336  54.479 0.0000000000
83317  25.865  -8.490  61.376 0.0000000000
90236  63.481  -1.067  24.917 0.0000000000
95498  59.069  1.648  27.730 0.0000000000
96764  59.052  2.176  28.963 0.0000000000
96748  58.958  2.072  29.215 0.0000000000
96749  58.951  1.664  29.702 0.0000000000
96738  58.872  1.718  30.038 0.0000000000
95463  59.056  1.523  29.377 0.0000000000
95450  59.269  0.814  30.122 0.0000000000
95408  58.396  0.947  32.417 0.0000000000
95407  58.772  0.631  32.199 0.0000000000
94130  59.237  0.338  33.183 0.0000000000
92888  58.986  0.019  31.744 0.0000000000
92889  58.793  -0.208  32.101 0.0000000000
92799  49.297  -1.335  38.693 0.0000000000
80772  46.556  -9.318  50.204 0.0000000000
82077  45.608  -8.582  49.836 0.0000000000
90002  48.636  -2.873  41.392 0.0000000000
91431  49.378  -1.350  40.018 0.0000000000
92773  49.297  -1.256  39.469 0.0000000000
92772  49.582  -0.675  39.746 0.0000000000
92771  49.917  -0.130  40.163 0.0000000000
94024  50.932  0.321  41.437 0.0000000000
94014  51.213  0.013  42.270 0.0000000000
92721  51.579  -0.688  43.102 0.0000000000
93976  51.693  -0.400  43.187 0.0000000000
93975  51.868  0.001  43.241 0.0000000000
93974  52.379  0.419  43.225 0.0000000000
91347  53.018  -1.001  43.801 0.0000000000
87285  51.571  -3.869  44.608 0.0000000000
86013  53.092  -4.466  45.412 0.0000000000
88597  52.781  -2.996  44.519 0.0000000000
89953  53.042  -2.410  44.161 0.0000000000
88610  53.653  -2.390  44.273 0.0000000000
89968  54.062  -2.017  44.162 0.0000000000
88608  54.794  -2.893  44.142 0.0000000000
84813  55.360  -5.283  43.346 0.0000000000
83499  55.244  -6.215  43.813 0.0000000000
78118  52.116  -10.674  46.816 0.0000000000
78131  52.645  -10.635  46.306 0.0000000000
75250  52.175  -12.279  46.350 0.0000000000
76718  52.885  -11.446  45.995 0.0000000000
76717  53.223  -11.062  45.522 0.0000000000
72137  39.687  -14.508  57.276 0.0000000000
72227  48.585  -14.372  50.869 0.0000000000
73620  39.729  -13.468  57.589 0.0000000000
73649  42.486  -13.490  55.499 0.0000000000
73668  42.287  -13.951  55.334 0.0000000000
73767  49.538  -13.217  49.209 0.0000000000
73785  50.342  -13.149  48.600 0.0000000000
73808  51.296  -13.019  47.543 0.0000000000
75018  37.981  -12.535  58.946 0.0000000000
75037  39.553  -13.057  57.748 0.0000000000
75054  40.528  -12.916  56.949 0.0000000000
75145  47.978  -13.187  50.252 0.0000000000
75192  50.316  -12.305  48.794 0.0000000000
76446  35.821  -12.012  59.592 0.0000000000
76465  37.354  -11.963  59.277 0.0000000000
76494  41.624  -12.184  56.388 0.0000000000
76513  42.285  -12.082  56.092 0.0000000000
76683  51.436  -11.527  47.829 0.0000000000
76702  51.947  -11.475  47.271 0.0000000000
77887  31.870  -10.307  60.018 0.0000000000
77897  33.972  -11.101  59.019 0.0000000000
77904  38.940  -11.665  58.255 0.0000000000
77907  36.453  -10.864  58.811 0.0000000000
77956  42.807  -11.462  55.348 0.0000000000
78033  47.451  -10.632  50.756 0.0000000000
79301  36.125  -10.631  58.953 0.0000000000
79317  36.939  -10.916  58.089 0.0000000000
79440  45.400  -10.097  51.845 0.0000000000
80635  31.679  -9.467  60.760 0.0000000000
80647  32.862  -9.659  59.613 0.0000000000
80678  32.880  -9.457  58.816 0.0000000000
80680  31.282  -9.086  59.009 0.0000000000
80694  33.266  -9.762  58.321 0.0000000000
80698  30.546  -9.547  58.706 0.0000000000
80753  46.708  -9.714  50.409 0.0000000000
80754  46.234  -9.830  50.689 0.0000000000
80770  47.657  -9.798  49.863 0.0000000000
80788  47.589  -9.513  49.722 0.0000000000
80812  48.993  -8.873  48.455 0.0000000000
80879  55.049  -8.212  44.106 0.0000000000
81938  26.062  -8.817  61.615 0.0000000000
82074  47.206  -8.940  49.698 0.0000000000
82076  46.294  -8.700  49.899 0.0000000000
82087  48.273  -8.488  48.969 0.0000000000
82090  47.176  -8.387  49.523 0.0000000000
82102  48.169  -8.117  48.741 0.0000000000
82159  49.383  -7.726  44.977 0.0000000000
83427  46.835  -8.233  49.600 0.0000000000
83428  46.672  -8.172  49.565 0.0000000000
83429  46.131  -8.114  49.563 0.0000000000
83436  47.601  -7.931  48.925 0.0000000000
83445  47.967  -7.790  48.405 0.0000000000
83446  47.496  -7.512  48.649 0.0000000000
83447  45.871  -6.870  49.004 0.0000000000
83463  47.982  -7.006  47.205 0.0000000000
83470  48.452  -7.051  46.336 0.0000000000
83478  54.560  -5.773  44.847 0.0000000000
83494  49.009  -7.330  44.973 0.0000000000
83505  55.392  -6.215  42.889 0.0000000000
84738  47.054  -7.274  48.862 0.0000000000
84739  46.859  -7.140  48.892 0.0000000000
84740  46.362  -6.833  48.873 0.0000000000
84745  47.670  -7.322  48.029 0.0000000000
84748  46.058  -6.255  48.685 0.0000000000
84768  48.210  -6.873  46.450 0.0000000000
84790  54.426  -5.300  45.038 0.0000000000
84795  48.837  -6.274  44.619 0.0000000000
85966  46.719  -6.263  47.874 0.0000000000
85968  45.967  -5.892  48.354 0.0000000000
85994  47.157  -5.436  46.371 0.0000000000
85995  46.764  -5.526  46.624 0.0000000000
85996  46.405  -5.739  46.839 0.0000000000
87263  47.358  -5.177  45.687 0.0000000000
87272  47.661  -5.245  45.147 0.0000000000
87289  47.980  -5.187  44.606 0.0000000000
87297  55.010  -3.326  44.211 0.0000000000
87298  54.487  -3.533  44.643 0.0000000000
88595  53.959  -2.960  44.605 0.0000000000
88596  53.573  -2.896  44.557 0.0000000000
88619  54.471  -2.269  44.005 0.0000000000
89957  50.320  -2.700  43.911 0.0000000000
89969  53.370  -1.819  44.089 0.0000000000
91350  51.221  -1.653  43.522 0.0000000000
91372  50.540  -1.900  42.701 0.0000000000
91373  49.862  -2.173  42.556 0.0000000000
91402  50.080  -1.198  41.827 0.0000000000
92683  51.879  -1.148  43.632 0.0000000000
92684  51.610  -1.346  43.626 0.0000000000
92700  51.076  -1.501  42.820 0.0000000000
92722  51.336  -0.854  42.739 0.0000000000
92723  50.956  -1.319  42.464 0.0000000000
92737  50.640  -0.954  42.033 0.0000000000
92750  50.833  -0.333  41.947 0.0000000000
92751  50.291  -0.445  41.572 0.0000000000
92761  49.608  -0.750  40.345 0.0000000000
92958  63.158  0.006  25.778 0.0000000000
93996  53.585  1.391  42.541 0.0000000000
93997  52.772  1.217  42.887 0.0000000000
93999  51.556  -0.010  42.837 0.0000000000
94023  51.717  1.017  41.186 0.0000000000
94037  50.408  0.238  40.675 0.0000000000
94047  51.006  1.031  39.606 0.0000000000
94072  51.908  0.954  38.225 0.0000000000
94089  52.083  0.704  37.802 0.0000000000
94115  56.398  0.723  34.768 0.0000000000
94176  59.474  0.703  29.429 0.0000000000
94199  58.343  1.647  28.482 0.0000000000
94237  60.433  0.854  26.148 0.0000000000
95296  54.067  2.351  42.103 0.0000000000
95299  52.024  1.391  41.593 0.0000000000
95305  54.961  2.251  41.235 0.0000000000
95306  54.416  2.350  41.554 0.0000000000
95328  52.458  2.316  39.530 0.0000000000
95330  51.392  1.562  39.459 0.0000000000
95340  57.569  1.955  37.559 0.0000000000
95343  51.904  1.705  38.725 0.0000000000
95355  52.651  1.540  38.178 0.0000000000
95452  58.188  1.694  30.655 0.0000000000
95506  59.486  1.324  27.078 0.0000000000
96604  53.262  2.777  41.788 0.0000000000
96611  54.440  2.797  41.391 0.0000000000
96618  55.889  2.814  40.102 0.0000000000
96621  53.543  3.186  40.535 0.0000000000
96633  53.960  3.364  40.080 0.0000000000
96635  52.800  2.750  39.507 0.0000000000
96650  53.968  3.242  38.450 0.0000000000
96653  52.341  2.025  38.993 0.0000000000
96664  55.217  3.377  37.609 0.0000000000
96723  58.043  1.851  31.699 0.0000000000
97851  54.113  3.704  39.560 0.0000000000
97852  53.741  3.450  39.321 0.0000000000
97874  55.742  3.768  38.227 0.0000000000
97875  55.161  3.924  38.535 0.0000000000
97877  53.833  3.655  39.110 0.0000000000
97898  55.740  3.714  37.937 0.0000000000
