#!ascii label  , from subject 3013 vox2ras=TkReg
2157
88773  61.983  -2.974  32.335 0.0000000000
62735  42.299  -19.970  50.279 0.0000000000
70690  26.221  -14.422  59.022 0.0000000000
69361  20.332  -15.652  59.909 0.0000000000
70665  36.274  -14.769  58.622 0.0000000000
65550  32.786  -19.263  50.252 0.0000000000
83625  52.812  -6.089  32.458 0.0000000000
86310  60.569  -3.441  24.353 0.0000000000
83520  54.368  -6.518  40.529 0.0000000000
69594  43.211  -16.340  40.661 0.0000000000
62910  37.287  -21.306  41.955 0.0000000000
74978  27.488  -12.751  61.668 0.0000000000
66815  24.175  -18.013  61.554 0.0000000000
73531  22.797  -13.419  64.764 0.0000000000
68108  30.719  -15.594  59.487 0.0000000000
89999  56.438  -1.480  40.956 0.0000000000
72172  43.794  -14.474  53.405 0.0000000000
69519  48.181  -15.778  49.933 0.0000000000
72332  47.976  -14.366  45.443 0.0000000000
67041  42.775  -18.331  45.572 0.0000000000
64321  40.359  -20.090  40.511 0.0000000000
64232  40.025  -20.667  45.236 0.0000000000
66989  27.331  -17.493  49.168 0.0000000000
65667  30.711  -19.492  44.531 0.0000000000
87516  57.413  -3.514  28.836 0.0000000000
81127  58.553  -8.948  24.566 0.0000000000
69485  24.864  -16.300  53.561 0.0000000000
65429  24.991  -20.115  58.076 0.0000000000
66901  39.323  -17.180  54.070 0.0000000000
61486  37.902  -21.430  50.980 0.0000000000
64085  34.337  -18.796  55.243 0.0000000000
69466  29.672  -16.355  53.997 0.0000000000
83599  57.624  -5.633  32.814 0.0000000000
74941  17.910  -11.290  64.976 0.0000000000
70659  15.195  -14.653  60.412 0.0000000000
92900  59.175  0.318  30.454 0.0000000000
91473  60.912  -1.180  35.379 0.0000000000
86099  58.107  -3.662  37.383 0.0000000000
84900  52.115  -5.637  36.556 0.0000000000
79660  48.275  -9.350  37.524 0.0000000000
78144  54.003  -10.117  44.739 0.0000000000
75392  47.774  -11.692  40.855 0.0000000000
72492  42.606  -14.456  36.670 0.0000000000
68394  38.748  -17.846  37.011 0.0000000000
65636  35.158  -18.844  45.222 0.0000000000
79254  26.827  -10.269  61.685 0.0000000000
74970  24.604  -12.484  62.864 0.0000000000
80593  24.372  -10.105  63.004 0.0000000000
77851  29.318  -11.518  60.871 0.0000000000
66932  43.648  -17.567  52.379 0.0000000000
66974  44.851  -17.453  50.777 0.0000000000
68298  45.046  -16.966  47.743 0.0000000000
64194  42.284  -19.500  47.637 0.0000000000
62857  42.312  -21.185  45.254 0.0000000000
62807  41.138  -21.107  47.543 0.0000000000
66991  25.090  -17.659  49.466 0.0000000000
67032  26.078  -18.750  46.775 0.0000000000
87475  59.257  -3.621  30.844 0.0000000000
86272  59.822  -5.504  29.181 0.0000000000
87472  62.129  -4.210  30.686 0.0000000000
70736  25.142  -14.557  55.957 0.0000000000
66889  24.510  -18.228  55.915 0.0000000000
69414  24.142  -16.305  58.052 0.0000000000
66806  21.840  -17.298  61.373 0.0000000000
64028  22.804  -19.083  58.881 0.0000000000
66876  21.672  -17.733  57.323 0.0000000000
68195  18.599  -16.780  56.100 0.0000000000
70699  40.160  -14.604  56.336 0.0000000000
68155  37.404  -15.778  56.695 0.0000000000
64066  37.049  -18.381  54.846 0.0000000000
66858  35.078  -17.207  57.313 0.0000000000
69358  29.224  -14.661  59.587 0.0000000000
68175  30.523  -16.420  57.879 0.0000000000
70718  28.176  -15.277  56.006 0.0000000000
69482  27.491  -15.664  53.479 0.0000000000
85008  54.942  -5.757  31.944 0.0000000000
82364  56.584  -7.508  30.587 0.0000000000
81091  53.124  -8.182  30.317 0.0000000000
69346  12.867  -16.147  61.589 0.0000000000
87368  60.147  -3.477  37.330 0.0000000000
90020  59.105  -1.608  38.992 0.0000000000
87316  54.205  -4.007  41.035 0.0000000000
87356  53.671  -3.311  39.093 0.0000000000
84868  52.726  -6.043  39.367 0.0000000000
82227  50.886  -7.648  37.275 0.0000000000
80938  51.084  -8.257  39.310 0.0000000000
70909  45.642  -14.827  43.255 0.0000000000
73885  48.439  -12.735  42.940 0.0000000000
72414  45.136  -14.172  40.413 0.0000000000
75419  45.770  -13.017  39.042 0.0000000000
70957  42.633  -15.639  38.721 0.0000000000
69641  40.549  -16.124  36.540 0.0000000000
68385  40.684  -17.399  38.655 0.0000000000
62956  37.681  -21.142  39.664 0.0000000000
64170  34.795  -20.319  50.160 0.0000000000
64199  36.183  -20.329  47.717 0.0000000000
64189  33.612  -20.239  48.028 0.0000000000
65719  32.286  -19.457  42.389 0.0000000000
87629  62.423  -3.210  20.945 0.0000000000
86361  60.989  -3.939  22.194 0.0000000000
72094  26.591  -13.852  60.863 0.0000000000
69375  24.475  -16.181  59.889 0.0000000000
70614  24.576  -14.822  62.082 0.0000000000
68076  23.229  -14.669  62.702 0.0000000000
69320  21.974  -14.753  62.144 0.0000000000
75006  33.876  -12.529  60.095 0.0000000000
69352  33.624  -15.010  58.631 0.0000000000
73594  32.118  -13.258  60.441 0.0000000000
70611  29.636  -14.036  61.312 0.0000000000
91430  57.820  -0.270  39.659 0.0000000000
86035  55.400  -4.312  42.847 0.0000000000
70830  47.914  -14.713  47.727 0.0000000000
69553  45.376  -16.141  45.422 0.0000000000
68351  42.935  -17.273  42.747 0.0000000000
67123  41.333  -18.323  40.693 0.0000000000
64278  41.988  -19.959  42.590 0.0000000000
64280  40.641  -20.561  43.007 0.0000000000
65712  38.853  -19.869  42.526 0.0000000000
66986  30.587  -17.861  49.775 0.0000000000
65579  31.455  -19.485  47.414 0.0000000000
65610  29.045  -18.768  46.809 0.0000000000
87549  58.554  -3.651  26.331 0.0000000000
85101  58.387  -5.528  24.149 0.0000000000
83736  56.680  -6.397  27.083 0.0000000000
65415  24.101  -19.168  59.749 0.0000000000
68204  42.216  -15.721  53.609 0.0000000000
64095  40.906  -18.748  52.179 0.0000000000
61482  40.413  -20.666  50.380 0.0000000000
61382  38.259  -19.117  52.616 0.0000000000
64118  36.104  -20.029  52.881 0.0000000000
65503  34.044  -18.993  52.604 0.0000000000
65413  32.719  -17.522  57.691 0.0000000000
66903  32.638  -17.792  55.233 0.0000000000
66950  31.240  -17.456  52.400 0.0000000000
68262  28.739  -16.828  51.358 0.0000000000
68265  25.629  -16.503  51.554 0.0000000000
84960  60.225  -5.328  33.265 0.0000000000
84981  61.909  -5.719  31.884 0.0000000000
82304  58.781  -6.727  31.811 0.0000000000
73517  20.426  -12.460  64.568 0.0000000000
72063  19.624  -13.730  62.775 0.0000000000
73586  16.824  -13.496  62.500 0.0000000000
70675  17.612  -15.054  59.462 0.0000000000
90205  60.163  -1.493  27.545 0.0000000000
91568  58.269  -1.282  30.216 0.0000000000
88776  58.850  -2.120  32.622 0.0000000000
88747  62.045  -2.520  34.223 0.0000000000
86130  60.489  -4.499  35.350 0.0000000000
84914  57.260  -4.317  34.921 0.0000000000
84937  55.075  -4.526  34.517 0.0000000000
87337  57.184  -3.319  39.369 0.0000000000
86115  54.889  -4.003  36.789 0.0000000000
84940  52.379  -5.759  34.784 0.0000000000
82254  50.808  -7.171  35.065 0.0000000000
80993  47.720  -8.491  34.832 0.0000000000
79604  54.533  -8.756  42.188 0.0000000000
75307  51.143  -12.302  44.636 0.0000000000
76805  51.057  -11.189  42.724 0.0000000000
78237  51.266  -9.563  41.080 0.0000000000
78254  47.883  -10.751  39.137 0.0000000000
76905  45.714  -11.674  37.334 0.0000000000
65796  39.427  -19.288  38.843 0.0000000000
64197  38.823  -20.606  47.742 0.0000000000
65634  37.512  -19.109  45.889 0.0000000000
65689  36.422  -19.100  42.970 0.0000000000
65639  32.445  -19.488  45.239 0.0000000000
65717  34.106  -19.474  42.352 0.0000000000
79255  25.843  -10.208  62.184 0.0000000000
80606  25.654  -9.598  62.193 0.0000000000
65517  43.378  -18.879  51.590 0.0000000000
66960  44.484  -17.863  51.509 0.0000000000
65546  43.767  -18.780  50.283 0.0000000000
65555  43.615  -18.430  49.319 0.0000000000
64183  42.474  -19.457  48.819 0.0000000000
62805  41.875  -19.982  47.437 0.0000000000
62754  41.810  -19.901  49.280 0.0000000000
88791  61.217  -2.914  31.792 0.0000000000
87474  60.732  -4.002  30.954 0.0000000000
88790  62.080  -3.452  31.352 0.0000000000
70721  25.117  -14.438  57.129 0.0000000000
70737  24.372  -15.248  56.462 0.0000000000
70722  24.410  -15.308  57.554 0.0000000000
68128  21.245  -16.354  59.794 0.0000000000
68144  21.968  -17.516  58.938 0.0000000000
69394  20.561  -16.434  57.772 0.0000000000
68178  19.691  -16.653  56.582 0.0000000000
69395  19.569  -15.816  57.929 0.0000000000
75020  36.733  -12.670  59.412 0.0000000000
72128  37.730  -14.210  58.445 0.0000000000
70684  38.632  -14.830  57.718 0.0000000000
69389  36.619  -15.362  57.498 0.0000000000
68156  36.646  -16.070  56.921 0.0000000000
69390  35.982  -15.304  57.622 0.0000000000
70689  27.353  -14.607  58.563 0.0000000000
70688  28.383  -14.904  58.242 0.0000000000
70704  27.330  -14.789  57.496 0.0000000000
70719  27.262  -14.949  56.394 0.0000000000
83624  53.742  -6.002  32.159 0.0000000000
83674  54.276  -6.646  30.781 0.0000000000
83676  52.765  -6.685  31.154 0.0000000000
92795  58.518  0.653  37.103 0.0000000000
90044  59.457  -1.178  37.696 0.0000000000
92782  58.429  0.171  37.967 0.0000000000
84844  54.294  -5.535  40.726 0.0000000000
86058  53.234  -4.542  40.089 0.0000000000
83531  53.103  -6.702  39.694 0.0000000000
82214  52.009  -7.089  38.877 0.0000000000
80936  52.601  -8.028  39.973 0.0000000000
70911  44.131  -15.347  42.282 0.0000000000
72383  45.354  -14.649  42.166 0.0000000000
70941  44.099  -15.285  40.610 0.0000000000
72415  44.323  -14.786  40.066 0.0000000000
69603  43.074  -16.043  39.897 0.0000000000
69616  42.134  -16.138  38.587 0.0000000000
68374  42.051  -16.904  40.043 0.0000000000
65549  33.800  -19.880  50.186 0.0000000000
64178  34.731  -20.475  49.211 0.0000000000
65557  33.658  -20.043  49.421 0.0000000000
86344  62.261  -3.261  22.535 0.0000000000
86327  60.719  -3.632  23.688 0.0000000000
72058  27.229  -13.181  61.643 0.0000000000
72095  25.714  -13.999  61.080 0.0000000000
72059  25.847  -13.426  61.859 0.0000000000
73550  23.907  -12.737  63.588 0.0000000000
70587  23.306  -14.181  63.728 0.0000000000
69295  23.367  -14.975  64.682 0.0000000000
68078  22.766  -15.045  62.381 0.0000000000
70577  22.155  -14.337  64.427 0.0000000000
76449  33.413  -11.785  59.844 0.0000000000
73593  32.535  -12.953  59.957 0.0000000000
76428  31.688  -11.878  59.790 0.0000000000
76414  28.637  -12.225  61.368 0.0000000000
74987  29.654  -12.571  62.055 0.0000000000
73584  28.384  -13.983  62.658 0.0000000000
70613  28.577  -13.648  61.367 0.0000000000
69499  47.255  -16.223  51.323 0.0000000000
70779  48.805  -14.928  50.706 0.0000000000
70808  49.171  -14.851  49.567 0.0000000000
70828  49.389  -14.254  48.453 0.0000000000
69525  48.019  -15.348  49.346 0.0000000000
68300  43.654  -17.629  46.816 0.0000000000
69546  45.273  -16.472  46.371 0.0000000000
68323  43.948  -16.989  45.521 0.0000000000
69561  44.472  -16.542  44.261 0.0000000000
68335  43.239  -17.717  44.242 0.0000000000
65738  42.442  -18.861  42.820 0.0000000000
65685  42.642  -19.402  43.650 0.0000000000
62858  41.665  -21.403  45.343 0.0000000000
62892  41.787  -20.831  43.631 0.0000000000
64263  40.741  -20.677  43.782 0.0000000000
65711  39.445  -20.126  42.519 0.0000000000
65661  39.556  -19.695  44.372 0.0000000000
66987  29.602  -17.697  49.671 0.0000000000
65581  29.668  -18.532  48.129 0.0000000000
67007  28.561  -18.354  47.842 0.0000000000
87536  57.719  -3.399  27.533 0.0000000000
86297  57.423  -4.785  26.075 0.0000000000
86274  57.096  -4.510  28.232 0.0000000000
85073  59.652  -6.772  28.439 0.0000000000
68253  24.765  -16.824  52.509 0.0000000000
66922  24.714  -18.118  54.146 0.0000000000
68125  24.671  -16.980  60.609 0.0000000000
66849  24.794  -17.645  59.962 0.0000000000
66832  24.530  -18.341  60.597 0.0000000000
65447  22.357  -19.108  57.002 0.0000000000
64042  23.355  -20.159  58.300 0.0000000000
68187  39.950  -15.764  55.038 0.0000000000
69429  41.434  -14.766  54.959 0.0000000000
68205  41.153  -15.908  53.950 0.0000000000
66916  41.705  -17.184  52.916 0.0000000000
65484  40.012  -17.952  52.759 0.0000000000
62679  39.324  -18.916  51.832 0.0000000000
64080  38.532  -18.235  53.342 0.0000000000
64068  35.898  -18.661  55.453 0.0000000000
61365  36.799  -19.344  53.918 0.0000000000
64083  35.187  -19.473  54.191 0.0000000000
65502  34.594  -19.529  53.096 0.0000000000
65472  34.372  -19.177  54.508 0.0000000000
69354  32.156  -15.428  59.328 0.0000000000
66826  33.402  -16.588  58.395 0.0000000000
66828  32.008  -16.743  58.658 0.0000000000
69433  30.426  -16.466  55.729 0.0000000000
68191  31.155  -16.924  56.338 0.0000000000
68210  31.082  -16.824  55.359 0.0000000000
68223  32.381  -17.571  53.814 0.0000000000
68240  31.163  -17.162  53.425 0.0000000000
68260  30.311  -17.157  51.870 0.0000000000
69480  29.397  -16.486  52.888 0.0000000000
69484  25.543  -15.797  53.477 0.0000000000
69494  26.674  -16.020  52.648 0.0000000000
68252  25.267  -16.445  52.185 0.0000000000
83575  59.481  -5.332  33.303 0.0000000000
83596  59.795  -5.963  32.790 0.0000000000
83620  57.944  -6.297  32.058 0.0000000000
81087  57.082  -8.142  30.511 0.0000000000
74958  19.162  -12.242  65.039 0.0000000000
73552  20.547  -12.703  63.861 0.0000000000
73536  18.857  -12.335  64.477 0.0000000000
70619  14.878  -14.338  62.021 0.0000000000
72098  15.913  -14.202  61.732 0.0000000000
72096  17.465  -14.241  61.467 0.0000000000
70658  16.267  -14.562  60.220 0.0000000000
69397  17.134  -15.721  58.089 0.0000000000
69380  15.797  -15.489  58.878 0.0000000000
90204  61.125  -1.123  27.117 0.0000000000
91566  59.495  -0.382  29.261 0.0000000000
91551  58.564  -0.734  30.764 0.0000000000
91531  57.812  -1.621  31.820 0.0000000000
91530  58.296  -0.834  32.010 0.0000000000
91490  60.706  -0.824  34.243 0.0000000000
90114  60.956  -1.413  33.433 0.0000000000
88748  61.673  -1.942  34.607 0.0000000000
87416  61.824  -3.598  34.734 0.0000000000
88729  61.469  -2.432  35.484 0.0000000000
86098  59.316  -3.946  37.486 0.0000000000
86114  59.339  -4.187  36.385 0.0000000000
84895  57.899  -3.976  35.682 0.0000000000
84915  56.241  -4.238  35.137 0.0000000000
84897  56.093  -4.038  36.045 0.0000000000
92747  57.037  -0.411  40.751 0.0000000000
90007  58.001  -1.679  40.135 0.0000000000
88653  56.874  -2.284  40.331 0.0000000000
86087  52.545  -4.363  38.204 0.0000000000
86085  54.717  -3.607  38.139 0.0000000000
86117  53.364  -4.588  36.393 0.0000000000
86133  53.446  -4.800  35.605 0.0000000000
84918  52.182  -5.669  35.637 0.0000000000
82253  51.446  -6.730  34.750 0.0000000000
82236  51.284  -6.894  35.681 0.0000000000
80960  49.162  -8.727  37.185 0.0000000000
82239  49.261  -8.114  35.920 0.0000000000
80974  48.288  -8.753  36.123 0.0000000000
78308  46.370  -10.420  36.263 0.0000000000
79577  54.394  -9.375  43.289 0.0000000000
72309  49.952  -13.465  46.418 0.0000000000
73838  51.179  -12.976  45.822 0.0000000000
72345  49.573  -13.166  44.839 0.0000000000
73903  48.004  -12.565  42.154 0.0000000000
75346  49.516  -12.111  43.018 0.0000000000
76824  49.810  -10.831  41.876 0.0000000000
78218  51.475  -10.153  41.760 0.0000000000
78220  49.882  -10.362  41.250 0.0000000000
78251  50.172  -9.490  40.249 0.0000000000
76863  48.159  -10.946  40.235 0.0000000000
73965  44.326  -13.473  37.472 0.0000000000
75458  45.554  -12.317  38.031 0.0000000000
73984  44.110  -13.126  36.718 0.0000000000
75486  44.341  -12.410  35.798 0.0000000000
74004  42.627  -13.735  35.619 0.0000000000
72510  41.618  -14.652  35.649 0.0000000000
68403  39.092  -17.000  36.352 0.0000000000
68414  38.934  -16.621  35.669 0.0000000000
64320  40.987  -19.773  40.886 0.0000000000
65782  40.189  -19.204  39.978 0.0000000000
64337  39.950  -19.787  39.875 0.0000000000
64351  37.339  -20.271  38.552 0.0000000000
61484  39.199  -21.328  50.951 0.0000000000
62782  39.535  -21.002  49.056 0.0000000000
62784  37.882  -21.179  49.314 0.0000000000
65574  35.658  -19.695  46.977 0.0000000000
65602  37.237  -19.531  46.620 0.0000000000
67028  36.528  -18.893  45.971 0.0000000000
67059  37.272  -18.629  44.491 0.0000000000
67061  35.588  -18.695  44.299 0.0000000000
65608  31.416  -19.522  46.394 0.0000000000
65607  32.308  -19.567  46.209 0.0000000000
65666  31.693  -19.485  44.392 0.0000000000
65718  33.224  -19.456  42.362 0.0000000000
64305  34.993  -20.634  41.880 0.0000000000
83757  57.696  -6.993  23.593 0.0000000000
83755  58.730  -6.059  22.842 0.0000000000
83616  61.096  -6.761  31.376 0.0000000000
77836  27.507  -11.426  61.575 0.0000000000
73568  25.697  -12.995  62.196 0.0000000000
76404  25.366  -11.515  62.441 0.0000000000
76392  24.671  -11.842  62.962 0.0000000000
76394  23.423  -11.733  63.652 0.0000000000
77853  28.257  -11.132  61.542 0.0000000000
69463  43.864  -16.036  53.538 0.0000000000
70762  44.828  -15.418  52.950 0.0000000000
68235  45.235  -16.863  52.439 0.0000000000
68258  45.602  -17.001  51.326 0.0000000000
68285  46.547  -16.281  50.374 0.0000000000
69521  46.413  -16.056  49.238 0.0000000000
66994  44.605  -17.305  49.413 0.0000000000
67005  43.973  -17.691  48.090 0.0000000000
65599  42.494  -19.085  46.057 0.0000000000
64245  42.612  -20.177  44.626 0.0000000000
64214  42.035  -20.403  46.247 0.0000000000
62833  41.344  -21.259  46.387 0.0000000000
62834  40.630  -21.327  46.777 0.0000000000
66990  26.231  -17.516  49.114 0.0000000000
67008  27.470  -18.230  47.696 0.0000000000
67010  25.317  -18.690  47.327 0.0000000000
86233  57.677  -3.779  30.140 0.0000000000
86250  58.413  -4.716  29.559 0.0000000000
87498  59.613  -4.361  30.024 0.0000000000
86247  60.984  -5.125  29.996 0.0000000000
70752  25.244  -15.120  54.857 0.0000000000
68227  24.494  -17.427  54.591 0.0000000000
69454  24.246  -16.274  55.878 0.0000000000
68192  24.274  -17.292  56.423 0.0000000000
66861  24.515  -18.338  58.056 0.0000000000
65383  22.443  -18.413  61.515 0.0000000000
65403  23.250  -19.022  60.247 0.0000000000
65405  22.494  -18.586  59.459 0.0000000000
66862  22.104  -18.274  58.063 0.0000000000
68212  19.337  -17.599  54.948 0.0000000000
69409  38.836  -15.396  56.511 0.0000000000
68189  38.210  -16.427  55.616 0.0000000000
65469  37.833  -17.759  54.366 0.0000000000
66870  36.959  -17.085  55.951 0.0000000000
65439  36.392  -17.801  55.962 0.0000000000
64035  34.668  -17.928  56.520 0.0000000000
69356  30.235  -15.627  59.558 0.0000000000
68140  30.737  -16.518  58.693 0.0000000000
69373  29.925  -15.660  58.847 0.0000000000
69413  29.399  -15.655  57.512 0.0000000000
69453  28.884  -15.682  55.530 0.0000000000
69467  28.544  -15.678  54.329 0.0000000000
70733  28.060  -15.248  54.960 0.0000000000
70751  26.324  -15.093  54.662 0.0000000000
84984  56.284  -5.566  32.375 0.0000000000
83647  57.120  -6.638  31.383 0.0000000000
83648  55.963  -6.110  31.546 0.0000000000
82366  54.725  -7.389  30.446 0.0000000000
70602  13.863  -14.483  62.723 0.0000000000
70640  13.925  -15.037  61.595 0.0000000000
69400  14.315  -16.447  58.890 0.0000000000
68129  13.561  -16.702  60.092 0.0000000000
90074  60.481  -1.107  36.140 0.0000000000
88709  60.812  -2.284  36.612 0.0000000000
88710  60.394  -1.947  36.992 0.0000000000
87350  59.875  -2.977  38.012 0.0000000000
87352  58.680  -3.401  38.779 0.0000000000
88655  55.057  -2.588  40.778 0.0000000000
87325  55.462  -2.750  40.063 0.0000000000
87327  53.674  -3.746  40.462 0.0000000000
86071  52.478  -4.469  39.075 0.0000000000
84885  52.093  -5.592  37.494 0.0000000000
82226  51.365  -7.105  36.722 0.0000000000
82215  51.392  -7.242  37.950 0.0000000000
82216  50.818  -7.664  37.899 0.0000000000
79658  49.699  -8.779  38.278 0.0000000000
72348  46.744  -14.634  44.203 0.0000000000
72362  48.849  -13.235  43.884 0.0000000000
72364  47.076  -14.201  43.461 0.0000000000
72398  47.010  -13.461  41.676 0.0000000000
73920  47.174  -12.928  41.006 0.0000000000
75393  47.279  -12.312  40.436 0.0000000000
73922  45.980  -13.521  40.246 0.0000000000
72444  44.533  -14.045  38.649 0.0000000000
70995  42.893  -14.807  37.679 0.0000000000
71012  42.092  -15.012  36.652 0.0000000000
69629  41.426  -16.122  37.579 0.0000000000
69618  40.804  -16.710  38.003 0.0000000000
67152  39.637  -17.939  37.821 0.0000000000
62940  39.649  -20.499  40.778 0.0000000000
62954  39.218  -20.553  40.256 0.0000000000
62942  37.884  -21.313  40.501 0.0000000000
62943  37.178  -21.636  40.203 0.0000000000
61645  36.121  -22.302  39.920 0.0000000000
62761  36.210  -20.924  50.649 0.0000000000
62785  37.194  -21.228  49.664 0.0000000000
64177  35.903  -20.715  49.782 0.0000000000
64200  35.067  -20.103  47.698 0.0000000000
65575  34.627  -19.683  46.863 0.0000000000
65695  30.924  -19.413  43.534 0.0000000000
65745  30.576  -19.555  41.533 0.0000000000
87609  63.647  -2.721  22.269 0.0000000000
86360  61.745  -3.540  21.861 0.0000000000
85134  61.045  -5.255  20.447 0.0000000000
70670  26.679  -14.400  59.611 0.0000000000
70691  25.021  -14.626  59.138 0.0000000000
72109  25.742  -14.277  60.492 0.0000000000
70633  24.657  -15.397  61.090 0.0000000000
68098  24.431  -16.249  61.951 0.0000000000
72045  24.945  -13.360  62.358 0.0000000000
70598  24.123  -14.903  62.515 0.0000000000
66803  23.648  -17.125  62.175 0.0000000000
66793  22.432  -17.001  62.184 0.0000000000
68100  21.790  -16.232  61.220 0.0000000000
69331  21.165  -15.296  61.233 0.0000000000
73613  35.616  -13.636  59.306 0.0000000000
70667  34.538  -14.716  58.606 0.0000000000
72104  33.522  -13.808  59.419 0.0000000000
72105  32.613  -13.885  59.675 0.0000000000
70626  31.512  -13.801  59.981 0.0000000000
74997  30.735  -12.407  60.438 0.0000000000
72074  30.241  -13.497  60.598 0.0000000000
70628  30.209  -14.120  60.161 0.0000000000
70629  29.867  -13.849  60.645 0.0000000000
70651  27.997  -14.175  60.369 0.0000000000
82306  51.188  -6.932  32.052 0.0000000000
82369  51.392  -7.755  30.541 0.0000000000
81067  50.327  -7.885  30.954 0.0000000000
92783  57.737  0.921  38.214 0.0000000000
90000  55.694  -1.231  41.617 0.0000000000
88641  55.314  -2.318  41.624 0.0000000000
86042  55.207  -4.293  41.880 0.0000000000
84843  54.949  -5.612  41.195 0.0000000000
72290  49.694  -13.866  47.594 0.0000000000
70865  48.402  -14.320  46.526 0.0000000000
69532  46.249  -15.880  47.549 0.0000000000
70850  46.523  -15.539  46.195 0.0000000000
70879  46.899  -14.822  45.004 0.0000000000
70881  45.550  -15.683  44.170 0.0000000000
69576  43.667  -16.245  42.694 0.0000000000
69577  43.213  -16.691  42.109 0.0000000000
68366  42.228  -17.302  40.711 0.0000000000
67111  41.910  -18.243  41.927 0.0000000000
65740  41.541  -19.210  41.783 0.0000000000
64299  41.332  -20.135  41.510 0.0000000000
64261  42.285  -20.387  43.482 0.0000000000
62907  41.399  -20.686  42.764 0.0000000000
62924  40.703  -20.633  41.589 0.0000000000
64302  39.520  -20.483  41.740 0.0000000000
64282  39.160  -20.292  42.076 0.0000000000
65713  37.828  -19.715  42.458 0.0000000000
65560  31.490  -18.229  49.882 0.0000000000
65566  31.657  -19.289  48.468 0.0000000000
65567  30.799  -18.430  48.845 0.0000000000
65580  30.484  -19.041  47.728 0.0000000000
65642  29.351  -19.223  45.577 0.0000000000
67030  27.955  -18.516  47.091 0.0000000000
65643  28.110  -19.012  45.483 0.0000000000
87562  60.248  -3.135  25.169 0.0000000000
86329  59.243  -4.623  24.321 0.0000000000
87564  58.622  -4.197  25.550 0.0000000000
85095  57.443  -5.614  25.224 0.0000000000
82417  56.976  -7.335  25.904 0.0000000000
85056  58.337  -5.953  28.740 0.0000000000
82398  57.773  -7.301  27.487 0.0000000000
69393  24.238  -16.289  59.086 0.0000000000
68160  24.294  -17.283  58.676 0.0000000000
65430  24.648  -19.482  58.444 0.0000000000
64019  23.286  -19.356  59.606 0.0000000000
64041  24.073  -20.416  58.575 0.0000000000
70748  42.914  -15.542  54.276 0.0000000000
68220  43.451  -16.222  52.748 0.0000000000
65499  42.228  -18.414  52.357 0.0000000000
62694  41.843  -20.031  51.638 0.0000000000
61481  41.092  -20.435  50.368 0.0000000000
61427  40.580  -20.209  51.559 0.0000000000
60093  39.533  -20.228  51.010 0.0000000000
60121  38.173  -20.834  51.552 0.0000000000
62638  37.451  -18.711  53.842 0.0000000000
61407  37.249  -19.901  52.478 0.0000000000
61460  37.126  -20.956  51.769 0.0000000000
64154  35.566  -20.464  51.524 0.0000000000
65535  34.428  -19.612  51.163 0.0000000000
66961  33.115  -18.736  51.271 0.0000000000
68138  34.748  -16.153  57.968 0.0000000000
65411  33.909  -17.424  57.742 0.0000000000
64055  33.242  -17.934  56.785 0.0000000000
66860  31.520  -17.052  57.962 0.0000000000
65443  32.391  -17.838  56.639 0.0000000000
64086  33.681  -18.400  55.673 0.0000000000
66920  32.980  -17.964  54.255 0.0000000000
66948  32.734  -18.133  52.192 0.0000000000
65538  32.359  -18.534  51.036 0.0000000000
66977  31.254  -17.864  50.597 0.0000000000
66978  30.053  -17.578  50.735 0.0000000000
68278  28.349  -17.054  50.456 0.0000000000
69493  27.635  -16.111  52.509 0.0000000000
68263  27.851  -16.758  51.136 0.0000000000
68289  26.735  -17.126  49.770 0.0000000000
68291  25.302  -17.338  49.842 0.0000000000
86175  61.875  -4.319  33.605 0.0000000000
86197  62.355  -4.651  32.588 0.0000000000
84983  60.446  -5.840  32.810 0.0000000000
82334  57.757  -6.957  31.225 0.0000000000
81086  57.880  -8.041  30.637 0.0000000000
81092  51.987  -8.371  30.380 0.0000000000
80608  24.011  -9.232  62.763 0.0000000000
79239  22.923  -10.314  63.583 0.0000000000
76384  22.044  -11.700  64.174 0.0000000000
77798  21.050  -11.026  65.147 0.0000000000
73515  21.393  -12.134  64.106 0.0000000000
72036  21.504  -13.786  64.647 0.0000000000
70600  21.029  -14.161  62.534 0.0000000000
70634  20.160  -15.041  61.007 0.0000000000
73555  17.425  -12.427  63.542 0.0000000000
73572  18.039  -13.014  62.952 0.0000000000
70618  18.806  -14.435  61.645 0.0000000000
70673  19.315  -15.362  59.567 0.0000000000
69396  18.400  -15.565  58.163 0.0000000000
88911  61.682  -2.018  25.052 0.0000000000
88901  60.635  -2.168  26.260 0.0000000000
88886  59.553  -2.299  27.216 0.0000000000
88863  58.350  -2.282  28.387 0.0000000000
91585  60.592  -0.185  28.062 0.0000000000
90184  58.953  -1.572  28.498 0.0000000000
88845  57.540  -2.694  29.485 0.0000000000
88795  57.557  -2.921  31.028 0.0000000000
88793  58.947  -2.626  31.907 0.0000000000
88792  60.136  -3.129  32.349 0.0000000000
90115  60.077  -1.102  33.109 0.0000000000
88774  61.028  -2.085  32.659 0.0000000000
88762  61.867  -2.740  33.334 0.0000000000
86148  61.805  -4.042  34.109 0.0000000000
86150  60.494  -4.794  34.555 0.0000000000
84933  59.243  -4.757  33.947 0.0000000000
86113  60.348  -4.128  36.568 0.0000000000
84912  59.070  -4.362  34.761 0.0000000000
84935  57.656  -4.729  34.087 0.0000000000
84936  56.544  -4.768  33.929 0.0000000000
84962  55.421  -5.026  33.241 0.0000000000
84987  53.604  -5.599  32.945 0.0000000000
91429  58.431  -0.757  39.145 0.0000000000
88668  58.231  -2.443  39.653 0.0000000000
86082  57.522  -3.535  38.159 0.0000000000
87338  56.103  -3.201  39.135 0.0000000000
86084  55.665  -3.559  38.030 0.0000000000
84882  55.826  -3.862  36.730 0.0000000000
86151  54.700  -4.363  35.454 0.0000000000
84938  53.884  -4.885  34.373 0.0000000000
83601  52.261  -6.149  33.321 0.0000000000
83602  51.657  -6.568  33.521 0.0000000000
82284  49.473  -7.620  33.504 0.0000000000
82237  50.576  -7.583  36.257 0.0000000000
81008  48.884  -8.077  35.123 0.0000000000
83505  55.392  -6.215  42.889 0.0000000000
82183  54.522  -7.914  41.149 0.0000000000
75277  52.794  -11.543  44.608 0.0000000000
73867  49.389  -12.897  43.947 0.0000000000
75326  51.372  -11.629  43.695 0.0000000000
76785  53.268  -10.730  43.510 0.0000000000
78200  52.837  -10.331  42.419 0.0000000000
79606  53.437  -9.448  41.343 0.0000000000
79630  53.443  -8.801  40.480 0.0000000000
79633  50.972  -8.791  39.935 0.0000000000
79635  49.545  -9.349  39.242 0.0000000000
78285  48.033  -9.933  38.206 0.0000000000
76865  47.072  -11.847  39.276 0.0000000000
76903  47.106  -11.094  38.330 0.0000000000
78287  46.626  -10.648  37.162 0.0000000000
76947  45.249  -11.468  35.449 0.0000000000
71031  40.455  -15.434  35.346 0.0000000000
69665  39.180  -15.874  34.730 0.0000000000
67132  41.116  -17.920  39.900 0.0000000000
67143  39.834  -18.315  38.495 0.0000000000
67153  39.092  -18.419  37.777 0.0000000000
64350  38.489  -19.984  38.868 0.0000000000
65798  38.113  -19.607  38.356 0.0000000000
61513  40.499  -20.912  49.050 0.0000000000
62808  40.451  -21.191  47.824 0.0000000000
64215  39.396  -20.448  46.560 0.0000000000
64198  37.499  -20.258  47.512 0.0000000000
64216  38.410  -20.021  46.919 0.0000000000
65632  39.215  -19.766  45.468 0.0000000000
67058  38.095  -18.801  44.424 0.0000000000
65688  37.367  -19.188  43.112 0.0000000000
65714  36.770  -19.720  42.421 0.0000000000
64190  32.997  -19.938  47.746 0.0000000000
65606  33.146  -19.554  46.053 0.0000000000
65605  34.092  -19.421  45.964 0.0000000000
65694  31.948  -19.449  43.378 0.0000000000
65664  33.595  -19.160  44.073 0.0000000000
65663  34.367  -18.895  43.821 0.0000000000
65690  35.554  -19.017  42.907 0.0000000000
64286  35.482  -20.082  42.140 0.0000000000
85108  59.983  -4.518  23.212 0.0000000000
85115  59.358  -5.850  21.868 0.0000000000
83784  60.130  -6.707  20.646 0.0000000000
86215  62.641  -4.975  31.483 0.0000000000
64152  43.198  -19.366  51.243 0.0000000000
64151  43.524  -18.974  51.183 0.0000000000
64168  43.147  -19.635  50.532 0.0000000000
65547  43.358  -19.506  49.994 0.0000000000
64175  42.800  -19.746  49.733 0.0000000000
87445  62.545  -3.890  32.016 0.0000000000
70705  26.259  -14.590  57.845 0.0000000000
70706  25.212  -14.713  58.188 0.0000000000
69376  20.445  -16.043  58.884 0.0000000000
73612  36.418  -13.560  59.266 0.0000000000
73611  37.162  -13.388  59.101 0.0000000000
72115  36.892  -14.188  58.806 0.0000000000
70686  37.207  -14.796  57.997 0.0000000000
70687  36.419  -14.790  57.948 0.0000000000
69370  35.721  -15.019  58.091 0.0000000000
83651  53.152  -6.388  31.600 0.0000000000
83652  52.402  -6.599  31.613 0.0000000000
94057  58.010  1.260  37.471 0.0000000000
84857  54.077  -5.981  40.097 0.0000000000
83530  54.020  -6.737  39.851 0.0000000000
82203  53.512  -7.632  39.912 0.0000000000
69593  43.692  -15.944  41.200 0.0000000000
70926  44.125  -15.335  41.490 0.0000000000
70942  43.586  -15.650  40.040 0.0000000000
69595  42.587  -16.544  40.170 0.0000000000
65558  32.925  -19.667  49.128 0.0000000000
87578  61.291  -3.157  23.964 0.0000000000
86326  61.499  -3.398  23.395 0.0000000000
73567  26.791  -13.007  61.720 0.0000000000
74955  22.966  -12.830  63.666 0.0000000000
72032  24.102  -14.016  64.577 0.0000000000
72033  23.581  -14.201  65.110 0.0000000000
70576  22.350  -14.956  64.909 0.0000000000
72034  22.621  -14.232  65.110 0.0000000000
77886  32.583  -10.909  59.568 0.0000000000
76427  32.504  -11.840  59.717 0.0000000000
77869  31.575  -10.787  60.026 0.0000000000
73565  28.473  -12.945  63.052 0.0000000000
73566  28.034  -13.267  62.318 0.0000000000
72057  28.054  -13.549  62.144 0.0000000000
69513  47.493  -16.138  50.548 0.0000000000
69498  48.072  -16.082  51.097 0.0000000000
69512  48.443  -15.654  50.503 0.0000000000
70792  48.972  -15.253  50.344 0.0000000000
69518  48.916  -15.647  50.041 0.0000000000
69524  48.710  -15.412  49.549 0.0000000000
68315  43.389  -17.550  46.028 0.0000000000
68324  43.265  -17.634  45.096 0.0000000000
67057  42.805  -18.482  44.636 0.0000000000
67075  42.784  -18.590  43.777 0.0000000000
65660  42.688  -19.373  44.243 0.0000000000
64231  40.379  -21.149  45.102 0.0000000000
64247  40.537  -20.998  44.648 0.0000000000
64248  40.256  -20.304  44.091 0.0000000000
66988  28.494  -17.456  49.478 0.0000000000
66998  29.204  -18.014  48.761 0.0000000000
66999  27.994  -17.902  48.541 0.0000000000
68242  24.543  -17.157  53.751 0.0000000000
66814  24.676  -17.541  61.118 0.0000000000
65402  23.839  -18.640  60.889 0.0000000000
64077  22.817  -19.774  56.645 0.0000000000
68207  39.439  -16.484  54.742 0.0000000000
68206  40.146  -16.298  54.371 0.0000000000
66900  40.366  -16.820  53.641 0.0000000000
65485  39.169  -17.848  53.308 0.0000000000
65468  38.398  -17.737  53.792 0.0000000000
64069  35.126  -18.717  55.459 0.0000000000
62625  35.704  -19.157  54.902 0.0000000000
64084  35.137  -19.264  54.697 0.0000000000
65471  34.918  -19.432  54.192 0.0000000000
69355  31.430  -15.512  59.452 0.0000000000
68121  32.106  -16.239  59.140 0.0000000000
68122  31.335  -16.267  59.243 0.0000000000
69451  30.334  -16.533  54.805 0.0000000000
68225  30.910  -16.826  54.298 0.0000000000
68226  30.303  -16.613  53.988 0.0000000000
68241  30.284  -16.800  53.365 0.0000000000
69495  25.649  -16.166  52.573 0.0000000000
69496  25.165  -16.265  53.015 0.0000000000
83598  58.404  -5.782  32.750 0.0000000000
76368  19.258  -11.410  65.541 0.0000000000
74940  18.762  -11.784  65.351 0.0000000000
74959  18.379  -11.808  64.875 0.0000000000
70639  14.938  -14.479  61.449 0.0000000000
72099  15.310  -14.241  61.960 0.0000000000
70638  16.031  -14.402  61.049 0.0000000000
70677  15.474  -14.927  59.520 0.0000000000
91603  61.735  -0.416  27.280 0.0000000000
92941  61.889  0.203  27.294 0.0000000000
91550  58.971  -0.184  30.109 0.0000000000
91529  58.872  -0.224  31.230 0.0000000000
91481  60.868  -0.980  34.861 0.0000000000
90096  61.145  -1.324  34.219 0.0000000000
90088  61.226  -1.529  35.093 0.0000000000
84879  58.542  -3.852  36.493 0.0000000000
84880  57.555  -3.741  36.516 0.0000000000
84896  56.967  -4.109  35.846 0.0000000000
84881  56.633  -3.782  36.601 0.0000000000
91399  57.009  -1.074  40.855 0.0000000000
90008  57.138  -1.600  40.525 0.0000000000
90009  56.603  -1.896  40.643 0.0000000000
86105  52.308  -4.777  37.660 0.0000000000
86104  53.202  -4.249  37.357 0.0000000000
84884  52.585  -4.931  36.884 0.0000000000
84899  52.777  -5.151  36.052 0.0000000000
83554  51.608  -6.283  36.151 0.0000000000
80961  48.594  -8.910  36.791 0.0000000000
79677  48.004  -9.191  36.751 0.0000000000
79678  47.364  -9.455  36.180 0.0000000000
79661  47.570  -9.644  37.036 0.0000000000
79565  54.336  -9.226  44.223 0.0000000000
72331  48.685  -13.946  45.735 0.0000000000
72330  49.642  -13.356  45.351 0.0000000000
75367  47.916  -12.051  41.424 0.0000000000
76807  49.361  -11.489  42.333 0.0000000000
76825  48.862  -11.346  41.704 0.0000000000
76843  49.277  -10.769  41.280 0.0000000000
78239  49.452  -10.249  40.677 0.0000000000
76844  48.486  -11.133  40.873 0.0000000000
73966  43.572  -13.834  37.226 0.0000000000
73985  43.396  -13.562  36.421 0.0000000000
73986  42.725  -13.996  36.193 0.0000000000
72528  42.018  -14.020  35.329 0.0000000000
72509  42.268  -14.257  35.971 0.0000000000
68404  38.048  -17.690  36.457 0.0000000000
61504  38.197  -21.485  50.728 0.0000000000
62758  38.602  -21.336  49.732 0.0000000000
62759  37.812  -21.493  50.275 0.0000000000
65604  35.241  -19.042  45.994 0.0000000000
65603  36.318  -19.212  46.413 0.0000000000
67029  36.116  -18.771  45.861 0.0000000000
67045  35.764  -18.686  45.168 0.0000000000
67046  35.181  -18.768  44.763 0.0000000000
65641  30.487  -19.507  45.518 0.0000000000
65640  31.504  -19.548  45.391 0.0000000000
81128  57.764  -8.388  24.774 0.0000000000
81131  57.966  -8.475  24.187 0.0000000000
79253  27.495  -10.764  61.588 0.0000000000
77837  26.787  -11.189  61.731 0.0000000000
77838  25.987  -10.965  62.141 0.0000000000
79256  24.983  -10.150  62.562 0.0000000000
77839  25.054  -10.941  62.585 0.0000000000
79237  24.418  -10.680  63.054 0.0000000000
76393  24.030  -11.997  63.644 0.0000000000
77825  23.885  -11.201  63.489 0.0000000000
79269  28.061  -9.991  61.591 0.0000000000
68219  44.053  -16.221  52.834 0.0000000000
69479  44.314  -16.128  53.047 0.0000000000
68236  44.333  -16.797  52.704 0.0000000000
65532  44.441  -17.912  51.016 0.0000000000
68259  45.116  -17.366  51.533 0.0000000000
66958  45.191  -17.358  51.094 0.0000000000
68275  45.668  -16.751  50.690 0.0000000000
68276  45.157  -16.848  50.266 0.0000000000
68287  45.146  -16.791  49.585 0.0000000000
66984  44.634  -17.349  50.078 0.0000000000
65564  43.050  -18.697  48.434 0.0000000000
65563  43.548  -18.199  48.795 0.0000000000
67006  43.377  -18.002  47.580 0.0000000000
65572  42.691  -18.856  47.150 0.0000000000
64213  42.174  -19.627  46.546 0.0000000000
62779  41.398  -20.491  48.312 0.0000000000
62806  41.686  -20.564  47.110 0.0000000000
67001  25.696  -17.960  48.289 0.0000000000
86231  58.938  -4.401  30.091 0.0000000000
87473  61.579  -4.082  30.867 0.0000000000
87496  61.260  -4.552  30.503 0.0000000000
87495  61.775  -4.430  30.520 0.0000000000
86230  62.345  -4.894  30.359 0.0000000000
70753  24.572  -15.405  55.511 0.0000000000
69436  24.122  -16.279  56.964 0.0000000000
68176  24.277  -17.313  57.508 0.0000000000
66874  24.465  -18.296  56.893 0.0000000000
66805  21.966  -18.032  61.970 0.0000000000
65394  22.433  -18.447  60.193 0.0000000000
66818  21.915  -17.996  60.802 0.0000000000
68162  21.473  -17.269  57.995 0.0000000000
68161  21.926  -17.834  58.378 0.0000000000
66875  22.051  -18.427  57.147 0.0000000000
66891  21.225  -18.026  56.124 0.0000000000
68193  20.683  -17.277  56.046 0.0000000000
68194  19.822  -17.144  55.810 0.0000000000
68229  18.599  -17.671  54.519 0.0000000000
68213  18.646  -17.358  55.229 0.0000000000
73621  39.191  -13.681  57.885 0.0000000000
69410  38.152  -15.364  56.895 0.0000000000
70701  38.972  -15.029  57.261 0.0000000000
68171  38.544  -15.827  55.891 0.0000000000
68172  37.833  -16.121  56.169 0.0000000000
66869  37.655  -16.841  55.593 0.0000000000
66857  35.808  -16.990  56.990 0.0000000000
66871  36.229  -17.355  56.402 0.0000000000
65440  35.529  -17.731  56.472 0.0000000000
65423  35.238  -17.474  57.002 0.0000000000
69357  29.903  -15.409  59.493 0.0000000000
68124  30.172  -15.905  59.191 0.0000000000
69374  29.361  -14.966  58.853 0.0000000000
70703  28.438  -15.199  57.214 0.0000000000
69435  29.157  -15.611  56.610 0.0000000000
70735  26.245  -14.661  55.591 0.0000000000
84985  55.637  -5.566  32.279 0.0000000000
83622  56.202  -5.693  32.071 0.0000000000
85007  55.345  -5.867  31.764 0.0000000000
82367  53.631  -7.309  30.434 0.0000000000
81090  54.237  -8.160  30.351 0.0000000000
70621  13.521  -15.140  62.253 0.0000000000
69345  13.426  -15.587  61.074 0.0000000000
69363  13.821  -15.945  60.207 0.0000000000
69364  13.153  -16.406  60.788 0.0000000000
90055  60.361  -1.543  36.550 0.0000000000
91450  59.904  -1.171  36.842 0.0000000000
90033  59.468  -1.617  38.143 0.0000000000
90032  60.006  -1.944  37.775 0.0000000000
88681  59.329  -2.447  38.553 0.0000000000
87351  59.179  -3.380  38.318 0.0000000000
87315  54.628  -3.398  41.254 0.0000000000
87326  54.425  -2.827  40.299 0.0000000000
84859  52.653  -5.364  39.511 0.0000000000
86059  52.831  -4.726  39.669 0.0000000000
84869  52.197  -5.445  38.612 0.0000000000
83539  52.023  -6.409  38.161 0.0000000000
80947  51.463  -7.673  39.027 0.0000000000
80948  50.708  -8.043  38.567 0.0000000000
80949  50.166  -8.446  38.209 0.0000000000
79643  50.014  -8.804  38.832 0.0000000000
72365  46.295  -14.672  43.547 0.0000000000
72382  46.115  -14.470  42.524 0.0000000000
72400  45.432  -14.471  41.591 0.0000000000
72399  46.343  -13.815  41.395 0.0000000000
73905  46.957  -13.327  41.256 0.0000000000
72413  46.027  -13.662  40.686 0.0000000000
73921  46.630  -13.220  40.629 0.0000000000
72430  43.852  -14.875  39.038 0.0000000000
72429  44.253  -14.622  39.362 0.0000000000
72445  43.852  -14.657  38.587 0.0000000000
70973  42.993  -15.089  38.212 0.0000000000
70996  42.303  -15.359  37.322 0.0000000000
70974  42.465  -15.696  38.130 0.0000000000
69605  41.795  -16.649  38.976 0.0000000000
69617  41.451  -16.578  38.401 0.0000000000
68392  40.130  -17.330  37.790 0.0000000000
62926  39.146  -20.611  41.232 0.0000000000
62941  38.779  -20.823  40.674 0.0000000000
61622  36.680  -22.146  40.738 0.0000000000
61644  36.675  -21.889  40.118 0.0000000000
61623  36.200  -22.552  40.552 0.0000000000
64169  35.583  -20.594  50.738 0.0000000000
64188  34.442  -20.363  48.313 0.0000000000
64201  34.116  -20.103  47.526 0.0000000000
86345  61.619  -3.554  22.748 0.0000000000
86359  62.249  -3.257  22.085 0.0000000000
86376  61.081  -4.150  21.241 0.0000000000
85121  60.421  -4.609  21.559 0.0000000000
72108  26.688  -14.198  60.349 0.0000000000
72120  26.176  -14.365  59.835 0.0000000000
72080  25.297  -14.028  61.631 0.0000000000
70632  24.936  -14.767  61.119 0.0000000000
69342  24.548  -15.775  61.410 0.0000000000
69328  24.451  -15.586  62.097 0.0000000000
74969  25.419  -12.483  62.384 0.0000000000
73548  24.679  -12.956  62.638 0.0000000000
69318  23.065  -14.125  63.220 0.0000000000
69319  23.541  -14.663  62.798 0.0000000000
68087  23.603  -15.853  62.493 0.0000000000
66792  23.012  -16.763  62.290 0.0000000000
68088  23.164  -15.816  62.434 0.0000000000
69311  22.638  -14.229  62.681 0.0000000000
68090  22.379  -15.854  61.853 0.0000000000
69330  21.823  -15.365  61.536 0.0000000000
69321  21.326  -14.855  61.823 0.0000000000
76448  34.414  -11.864  59.833 0.0000000000
77884  35.025  -11.493  59.411 0.0000000000
75005  34.760  -12.504  59.743 0.0000000000
75004  35.501  -12.441  59.529 0.0000000000
73601  35.162  -13.037  59.419 0.0000000000
73614  34.935  -13.572  59.221 0.0000000000
73602  34.261  -13.253  59.645 0.0000000000
73603  33.060  -13.285  60.113 0.0000000000
73604  32.244  -13.650  60.213 0.0000000000
72106  31.722  -13.675  59.892 0.0000000000
72091  31.909  -14.086  60.881 0.0000000000
77871  29.943  -11.204  60.595 0.0000000000
76430  30.327  -11.864  60.470 0.0000000000
76412  29.410  -12.191  60.782 0.0000000000
72075  29.476  -13.686  61.542 0.0000000000
73582  30.269  -13.358  61.731 0.0000000000
70609  30.328  -13.785  60.341 0.0000000000
70612  29.193  -14.016  61.488 0.0000000000
72078  27.647  -13.509  61.372 0.0000000000
70631  28.151  -13.706  60.853 0.0000000000
72093  27.408  -13.947  60.676 0.0000000000
72107  27.290  -14.257  60.211 0.0000000000
82336  50.829  -7.439  31.224 0.0000000000
89990  55.299  -1.629  42.499 0.0000000000
87310  55.269  -3.370  42.265 0.0000000000
84832  55.093  -5.094  41.617 0.0000000000
84822  55.450  -5.216  42.363 0.0000000000
70761  45.688  -15.398  52.963 0.0000000000
70829  48.768  -14.369  48.027 0.0000000000
70847  48.519  -14.352  47.226 0.0000000000
72310  49.050  -14.016  46.823 0.0000000000
70848  47.801  -14.640  46.896 0.0000000000
69527  46.171  -16.150  48.505 0.0000000000
69528  45.659  -16.514  47.942 0.0000000000
69545  45.988  -15.924  46.708 0.0000000000
69552  45.944  -15.990  46.003 0.0000000000
70867  47.003  -14.980  45.768 0.0000000000
70868  46.257  -15.510  45.384 0.0000000000
70880  46.177  -15.191  44.499 0.0000000000
70869  45.710  -15.732  44.809 0.0000000000
68350  43.500  -16.835  43.311 0.0000000000
69569  44.285  -16.260  43.523 0.0000000000
68357  42.693  -17.376  41.918 0.0000000000
65710  42.334  -19.390  42.860 0.0000000000
65739  42.014  -19.097  42.426 0.0000000000
64298  41.708  -19.648  42.087 0.0000000000
62874  42.590  -20.579  44.997 0.0000000000
64246  42.575  -20.523  44.129 0.0000000000
62891  42.328  -20.836  44.075 0.0000000000
62893  41.128  -20.773  43.318 0.0000000000
62908  40.778  -20.705  42.407 0.0000000000
62923  41.229  -20.696  42.057 0.0000000000
62909  40.279  -20.639  41.913 0.0000000000
64281  39.993  -20.415  42.411 0.0000000000
65686  39.670  -19.882  43.185 0.0000000000
64283  38.168  -20.430  41.927 0.0000000000
65609  30.361  -19.333  46.587 0.0000000000
67031  27.014  -18.570  46.902 0.0000000000
65669  28.459  -19.115  44.469 0.0000000000
87563  59.346  -3.724  25.531 0.0000000000
85085  56.975  -5.336  26.381 0.0000000000
85086  56.872  -5.881  25.966 0.0000000000
83746  57.132  -6.654  25.146 0.0000000000
82410  56.769  -6.964  26.613 0.0000000000
86273  58.861  -5.355  29.037 0.0000000000
85033  57.898  -5.170  29.047 0.0000000000
83719  59.213  -6.696  28.363 0.0000000000
68211  24.356  -17.308  55.404 0.0000000000
66906  24.768  -18.337  55.055 0.0000000000
70692  24.524  -15.443  59.440 0.0000000000
66850  24.506  -18.168  59.486 0.0000000000
64025  24.300  -19.925  58.960 0.0000000000
65417  22.735  -18.937  59.220 0.0000000000
64020  23.035  -19.212  59.727 0.0000000000
64027  23.076  -19.315  59.139 0.0000000000
64059  23.381  -20.391  57.313 0.0000000000
62609  23.910  -20.934  58.037 0.0000000000
73634  40.646  -13.621  56.579 0.0000000000
72146  41.321  -14.222  55.741 0.0000000000
69449  41.918  -15.159  54.389 0.0000000000
70732  41.888  -14.608  54.939 0.0000000000
70731  42.450  -14.850  54.384 0.0000000000
69448  42.882  -15.110  53.864 0.0000000000
69464  43.340  -15.772  53.750 0.0000000000
68203  43.001  -15.613  53.201 0.0000000000
65483  41.154  -18.063  52.350 0.0000000000
65482  41.947  -17.794  52.590 0.0000000000
65500  41.455  -18.821  52.233 0.0000000000
64114  42.474  -19.029  52.070 0.0000000000
62676  41.624  -19.817  51.898 0.0000000000
61426  41.297  -20.334  51.558 0.0000000000
62677  41.098  -19.851  52.050 0.0000000000
61405  38.454  -19.007  51.656 0.0000000000
61428  39.639  -19.659  51.144 0.0000000000
60072  38.157  -19.719  50.988 0.0000000000
60120  38.740  -20.832  51.393 0.0000000000
60073  37.743  -19.774  51.648 0.0000000000
65454  37.441  -17.836  54.935 0.0000000000
64082  37.323  -18.542  54.206 0.0000000000
62660  36.400  -19.651  53.448 0.0000000000
61385  36.773  -19.611  53.269 0.0000000000
62680  36.474  -19.856  52.969 0.0000000000
61431  37.042  -20.665  52.042 0.0000000000
62696  36.544  -20.285  52.439 0.0000000000
62715  36.036  -20.633  51.634 0.0000000000
64136  36.006  -20.291  52.418 0.0000000000
65518  34.531  -19.538  52.163 0.0000000000
65519  34.032  -19.150  51.751 0.0000000000
66947  33.423  -18.652  51.860 0.0000000000
69371  35.028  -15.375  58.258 0.0000000000
69372  34.254  -15.636  58.387 0.0000000000
66846  32.678  -17.197  58.181 0.0000000000
66844  33.986  -17.040  58.094 0.0000000000
65412  33.273  -17.525  57.759 0.0000000000
64037  33.509  -17.844  56.922 0.0000000000
64038  33.114  -17.869  56.964 0.0000000000
68159  30.536  -16.396  58.399 0.0000000000
66848  31.238  -16.771  58.432 0.0000000000
68158  30.968  -16.783  58.073 0.0000000000
66904  32.122  -17.518  55.743 0.0000000000
66887  31.933  -17.547  56.404 0.0000000000
66886  32.382  -17.839  55.959 0.0000000000
65456  32.882  -18.171  55.957 0.0000000000
65473  33.496  -18.563  54.891 0.0000000000
68239  31.865  -17.508  53.338 0.0000000000
66936  32.167  -17.743  53.156 0.0000000000
66949  31.881  -17.713  52.522 0.0000000000
66963  32.022  -18.038  51.273 0.0000000000
66976  31.828  -18.123  50.653 0.0000000000
66964  30.974  -17.514  51.658 0.0000000000
68261  29.674  -17.069  51.476 0.0000000000
66965  30.245  -17.341  51.427 0.0000000000
68277  29.190  -17.201  50.850 0.0000000000
66979  29.147  -17.384  50.230 0.0000000000
69468  27.840  -15.416  54.094 0.0000000000
69481  28.590  -16.038  53.197 0.0000000000
69502  26.763  -16.236  51.932 0.0000000000
68264  26.887  -16.566  51.190 0.0000000000
68279  27.278  -16.881  50.456 0.0000000000
68280  26.203  -16.814  50.465 0.0000000000
68290  25.749  -17.205  49.784 0.0000000000
86176  61.350  -4.909  33.722 0.0000000000
84959  60.940  -5.470  33.272 0.0000000000
83618  59.347  -6.442  32.001 0.0000000000
82303  59.133  -6.916  31.641 0.0000000000
83672  56.268  -6.866  30.858 0.0000000000
83671  56.849  -7.053  30.825 0.0000000000
79789  58.423  -8.670  30.585 0.0000000000
81093  50.705  -8.384  30.501 0.0000000000
81925  24.673  -8.871  62.336 0.0000000000
80595  23.097  -9.707  63.303 0.0000000000
79240  22.349  -10.043  63.707 0.0000000000
79222  22.490  -10.787  63.965 0.0000000000
79223  22.095  -10.427  64.218 0.0000000000
76366  20.713  -11.409  65.116 0.0000000000
74937  21.048  -11.970  64.620 0.0000000000
73516  20.940  -12.512  64.208 0.0000000000
73533  21.237  -13.220  64.465 0.0000000000
73534  20.818  -12.710  64.438 0.0000000000
73570  20.059  -13.048  63.441 0.0000000000
72062  20.850  -13.244  63.304 0.0000000000
70601  20.011  -14.419  62.268 0.0000000000
70616  20.559  -14.771  61.792 0.0000000000
70617  19.646  -14.665  61.681 0.0000000000
73574  15.871  -13.443  63.012 0.0000000000
73539  15.727  -12.565  64.253 0.0000000000
73556  16.337  -12.766  63.613 0.0000000000
73538  16.812  -12.205  64.217 0.0000000000
73573  16.988  -13.005  62.988 0.0000000000
73585  17.462  -13.337  62.638 0.0000000000
70657  17.314  -14.747  60.240 0.0000000000
70636  18.022  -14.469  61.095 0.0000000000
70656  18.362  -15.019  60.259 0.0000000000
70635  19.108  -14.766  60.972 0.0000000000
69378  18.764  -15.365  58.811 0.0000000000
70694  17.859  -15.232  58.712 0.0000000000
69418  17.383  -16.124  57.347 0.0000000000
68163  14.859  -16.881  57.868 0.0000000000
88899  62.559  -1.489  25.304 0.0000000000
88900  61.559  -1.884  25.601 0.0000000000
88884  61.121  -1.712  26.488 0.0000000000
88885  60.524  -1.941  26.966 0.0000000000
90206  59.478  -1.697  27.868 0.0000000000
88887  58.543  -2.586  27.657 0.0000000000
88862  58.970  -2.074  27.921 0.0000000000
91584  61.260  -0.184  27.577 0.0000000000
91565  60.099  -0.063  28.731 0.0000000000
91567  58.986  -0.857  29.830 0.0000000000
90168  59.397  -1.015  29.001 0.0000000000
90169  58.639  -1.383  29.360 0.0000000000
90185  58.341  -1.869  28.983 0.0000000000
90170  57.900  -1.879  29.663 0.0000000000
88823  57.413  -2.804  30.315 0.0000000000
90159  57.359  -2.287  30.821 0.0000000000
90136  58.247  -1.875  32.440 0.0000000000
90137  57.950  -2.251  31.925 0.0000000000
88775  59.590  -2.238  32.844 0.0000000000
91512  58.923  -0.428  32.927 0.0000000000
88763  61.549  -1.922  33.708 0.0000000000
87415  62.037  -3.525  34.083 0.0000000000
86149  61.402  -4.296  34.578 0.0000000000
84911  59.796  -4.706  34.713 0.0000000000
87367  60.732  -2.984  37.019 0.0000000000
87379  61.097  -3.402  36.335 0.0000000000
87380  60.605  -3.519  36.821 0.0000000000
84894  58.867  -3.965  35.588 0.0000000000
84913  58.208  -4.289  34.833 0.0000000000
84934  58.497  -4.725  34.037 0.0000000000
83579  56.831  -5.220  33.339 0.0000000000
84963  54.309  -5.084  33.534 0.0000000000
92770  57.725  0.277  38.993 0.0000000000
87323  57.509  -2.917  40.020 0.0000000000
87336  58.134  -3.329  39.188 0.0000000000
86069  57.027  -3.538  38.770 0.0000000000
87339  54.864  -2.903  39.392 0.0000000000
87355  54.256  -3.171  38.824 0.0000000000
86103  54.272  -3.848  37.440 0.0000000000
86102  55.294  -3.839  37.338 0.0000000000
86101  56.186  -3.655  37.360 0.0000000000
84883  55.363  -3.931  36.801 0.0000000000
84898  55.402  -4.004  36.347 0.0000000000
86131  54.771  -4.149  36.116 0.0000000000
84917  52.907  -5.281  35.262 0.0000000000
86153  53.469  -4.928  34.965 0.0000000000
84939  53.098  -5.311  34.517 0.0000000000
84965  52.627  -5.753  33.977 0.0000000000
83580  51.933  -6.374  34.237 0.0000000000
82265  51.099  -6.824  34.040 0.0000000000
82266  50.193  -7.352  34.292 0.0000000000
82267  49.316  -7.786  34.537 0.0000000000
80992  48.328  -8.371  35.335 0.0000000000
82256  49.352  -7.950  35.449 0.0000000000
81009  48.519  -8.067  34.518 0.0000000000
80893  55.175  -8.090  43.152 0.0000000000
82174  55.263  -7.198  42.500 0.0000000000
82182  54.970  -7.357  41.406 0.0000000000
80915  54.538  -8.301  41.618 0.0000000000
75279  51.512  -12.585  45.373 0.0000000000
75251  51.821  -12.694  45.855 0.0000000000
75278  52.381  -12.009  45.269 0.0000000000
76737  53.201  -11.261  45.007 0.0000000000
75306  52.204  -11.626  44.265 0.0000000000
72363  48.097  -13.422  43.567 0.0000000000
73884  49.150  -12.685  43.406 0.0000000000
75345  50.587  -11.650  43.174 0.0000000000
75344  51.217  -11.417  43.143 0.0000000000
76786  52.494  -11.213  43.672 0.0000000000
76803  52.748  -10.644  43.016 0.0000000000
78199  53.434  -10.262  42.679 0.0000000000
76821  52.293  -10.620  42.542 0.0000000000
78235  52.871  -9.670  41.516 0.0000000000
78236  52.179  -9.607  41.376 0.0000000000
79617  52.974  -9.201  40.947 0.0000000000
79618  52.105  -9.119  40.763 0.0000000000
79632  51.940  -8.629  40.235 0.0000000000
79619  51.439  -9.101  40.486 0.0000000000
78252  49.309  -9.764  39.880 0.0000000000
78266  48.969  -9.750  39.267 0.0000000000
79644  49.211  -9.305  38.686 0.0000000000
78267  48.437  -10.082  38.801 0.0000000000
75418  46.491  -12.573  39.391 0.0000000000
75417  47.139  -12.071  39.694 0.0000000000
75441  45.804  -12.710  38.731 0.0000000000
75473  45.238  -12.146  37.206 0.0000000000
75457  46.218  -11.966  38.286 0.0000000000
76904  46.437  -11.401  37.808 0.0000000000
78286  47.341  -10.342  37.699 0.0000000000
76925  46.076  -11.099  37.033 0.0000000000
76926  45.493  -11.536  36.439 0.0000000000
75487  43.734  -12.825  35.586 0.0000000000
71013  41.371  -15.403  36.338 0.0000000000
71014  40.657  -15.748  36.041 0.0000000000
69654  38.852  -16.390  35.222 0.0000000000
69666  38.405  -16.384  34.565 0.0000000000
67122  41.769  -17.975  41.276 0.0000000000
68367  41.638  -17.507  40.199 0.0000000000
65795  39.903  -18.931  39.273 0.0000000000
67144  39.330  -18.750  38.380 0.0000000000
65809  38.995  -18.973  38.346 0.0000000000
62955  38.566  -20.831  39.970 0.0000000000
64339  38.179  -20.515  39.312 0.0000000000
64352  36.559  -20.642  38.344 0.0000000000
64361  36.949  -19.792  37.889 0.0000000000
61499  41.153  -20.424  49.665 0.0000000000
61500  40.652  -20.689  49.566 0.0000000000
62810  39.119  -20.887  48.465 0.0000000000
62781  40.232  -21.035  48.663 0.0000000000
62809  39.684  -20.980  48.042 0.0000000000
62835  39.970  -21.042  47.137 0.0000000000
64196  39.479  -20.812  47.372 0.0000000000
64186  36.870  -20.759  48.847 0.0000000000
64217  37.799  -19.838  46.866 0.0000000000
65601  38.018  -19.560  46.365 0.0000000000
65600  38.715  -19.766  46.201 0.0000000000
65633  38.341  -19.268  45.553 0.0000000000
65662  38.744  -19.189  44.716 0.0000000000
67042  38.269  -18.942  44.971 0.0000000000
67077  36.863  -18.769  43.712 0.0000000000
67076  37.663  -18.799  43.802 0.0000000000
65565  32.445  -19.695  48.050 0.0000000000
65577  32.979  -19.729  46.877 0.0000000000
65638  33.396  -19.335  45.087 0.0000000000
65720  31.233  -19.440  42.475 0.0000000000
65693  32.918  -19.342  43.252 0.0000000000
65692  33.809  -19.172  43.129 0.0000000000
67080  34.812  -18.800  43.646 0.0000000000
65691  34.691  -18.976  43.039 0.0000000000
64285  35.941  -20.662  42.284 0.0000000000
86373  62.623  -3.519  20.072 0.0000000000
85099  59.866  -4.588  23.682 0.0000000000
85100  59.483  -4.884  23.739 0.0000000000
83761  58.878  -6.258  22.364 0.0000000000
83771  59.407  -6.692  21.313 0.0000000000
83770  59.750  -6.351  20.938 0.0000000000
84982  61.016  -5.821  32.374 0.0000000000
79270  27.374  -9.553  61.654 0.0000000000
80605  26.518  -9.619  61.782 0.0000000000
65497  43.732  -18.005  52.124 0.0000000000
66931  44.273  -17.548  52.155 0.0000000000
65516  43.834  -18.249  51.852 0.0000000000
65533  43.941  -18.376  51.248 0.0000000000
65545  44.223  -18.086  50.763 0.0000000000
66985  44.114  -17.902  49.778 0.0000000000
65556  43.212  -19.181  49.464 0.0000000000
62778  41.845  -19.936  48.099 0.0000000000
88821  60.432  -3.348  31.436 0.0000000000
88820  61.369  -3.564  31.241 0.0000000000
88819  61.833  -3.744  30.994 0.0000000000
87453  62.591  -4.204  31.154 0.0000000000
68112  21.714  -16.883  60.650 0.0000000000
68127  21.931  -17.177  59.840 0.0000000000
68145  21.394  -16.689  58.845 0.0000000000
68177  20.749  -17.020  56.792 0.0000000000
69416  19.616  -16.319  57.162 0.0000000000
68179  19.115  -16.457  56.702 0.0000000000
73622  38.514  -13.524  58.372 0.0000000000
72127  38.576  -14.332  58.059 0.0000000000
70685  38.045  -14.888  57.952 0.0000000000
69388  37.504  -15.320  57.354 0.0000000000
68173  37.045  -16.379  56.425 0.0000000000
68157  35.933  -16.020  57.367 0.0000000000
66842  35.227  -16.549  57.501 0.0000000000
70668  28.409  -14.659  59.149 0.0000000000
70720  26.244  -14.551  56.723 0.0000000000
83623  54.398  -5.952  31.901 0.0000000000
83649  54.869  -6.190  31.446 0.0000000000
83650  53.933  -6.255  31.419 0.0000000000
83675  53.306  -6.669  30.925 0.0000000000
68102  12.505  -16.798  62.196 0.0000000000
94069  58.820  0.594  36.482 0.0000000000
91451  59.430  -0.777  37.184 0.0000000000
92794  59.104  0.074  37.048 0.0000000000
92781  59.034  -0.291  37.608 0.0000000000
91440  59.057  -0.702  38.153 0.0000000000
86050  54.159  -4.576  40.898 0.0000000000
86057  53.760  -4.754  40.491 0.0000000000
84845  53.647  -5.342  40.191 0.0000000000
84858  53.324  -5.956  39.868 0.0000000000
83538  52.478  -6.510  39.029 0.0000000000
82204  52.661  -7.257  39.517 0.0000000000
80946  52.108  -7.634  39.438 0.0000000000
70910  44.991  -14.845  42.710 0.0000000000
70925  44.744  -14.804  41.908 0.0000000000
70940  44.701  -14.799  41.200 0.0000000000
70955  43.968  -15.168  39.843 0.0000000000
70956  43.416  -15.333  39.226 0.0000000000
69604  42.381  -16.247  39.417 0.0000000000
68375  41.619  -17.138  39.546 0.0000000000
65548  34.508  -20.010  50.613 0.0000000000
64171  34.123  -20.262  49.570 0.0000000000
64179  33.792  -20.205  48.856 0.0000000000
87594  62.913  -2.808  22.981 0.0000000000
87595  62.147  -3.237  23.116 0.0000000000
86346  60.719  -3.871  23.034 0.0000000000
72079  26.360  -13.559  61.361 0.0000000000
73549  24.029  -13.066  63.473 0.0000000000
73529  24.009  -13.621  64.273 0.0000000000
70588  23.621  -14.109  64.405 0.0000000000
69308  23.097  -14.205  64.082 0.0000000000
68077  22.977  -15.022  62.528 0.0000000000
69309  22.890  -14.178  63.499 0.0000000000
69297  22.566  -14.727  64.388 0.0000000000
69298  22.884  -14.025  63.649 0.0000000000
74994  32.956  -12.468  60.059 0.0000000000
74995  32.170  -12.593  59.884 0.0000000000
74996  31.472  -12.609  60.449 0.0000000000
76413  29.138  -12.272  61.303 0.0000000000
74988  28.986  -12.459  62.108 0.0000000000
73583  29.168  -13.469  62.625 0.0000000000
72076  29.198  -14.280  62.195 0.0000000000
72077  28.407  -14.100  61.991 0.0000000000
69489  46.981  -16.111  52.050 0.0000000000
70772  47.887  -15.324  52.089 0.0000000000
72228  48.139  -14.429  51.545 0.0000000000
70807  49.532  -14.368  49.159 0.0000000000
72265  50.032  -14.117  49.040 0.0000000000
70818  48.813  -14.781  48.979 0.0000000000
70819  47.978  -14.884  48.573 0.0000000000
68299  44.263  -17.377  47.415 0.0000000000
68313  44.913  -16.905  47.036 0.0000000000
68314  44.307  -17.073  46.431 0.0000000000
69547  44.700  -16.643  45.759 0.0000000000
69554  44.528  -16.486  45.045 0.0000000000
69560  45.126  -16.126  44.601 0.0000000000
68334  43.827  -17.006  44.662 0.0000000000
68342  43.788  -17.030  43.898 0.0000000000
68343  43.072  -17.593  43.532 0.0000000000
67095  42.682  -18.297  43.093 0.0000000000
65709  42.577  -19.090  43.220 0.0000000000
64277  42.452  -19.736  43.263 0.0000000000
62876  42.059  -21.189  44.532 0.0000000000
62877  41.248  -21.159  44.367 0.0000000000
64264  40.322  -20.337  43.266 0.0000000000
65568  29.954  -18.222  48.679 0.0000000000
87550  57.679  -4.116  26.541 0.0000000000
86286  57.118  -4.558  27.019 0.0000000000
85074  56.780  -5.517  27.429 0.0000000000
86271  60.715  -5.589  29.382 0.0000000000
85055  59.405  -6.330  28.648 0.0000000000
68126  24.576  -16.602  60.234 0.0000000000
68142  24.788  -17.396  60.193 0.0000000000
66831  24.818  -17.740  60.360 0.0000000000
65431  22.464  -18.947  57.856 0.0000000000
64043  22.884  -19.308  58.428 0.0000000000
64060  22.926  -19.592  57.605 0.0000000000
69431  39.762  -15.196  55.693 0.0000000000
70716  40.531  -14.605  55.784 0.0000000000
69430  40.712  -15.011  55.204 0.0000000000
69450  41.184  -15.187  54.651 0.0000000000
68222  41.771  -16.394  53.383 0.0000000000
66899  41.126  -16.705  53.307 0.0000000000
66917  40.691  -17.359  52.984 0.0000000000
64096  40.216  -18.596  52.329 0.0000000000
64117  40.580  -18.940  52.120 0.0000000000
62656  39.570  -18.732  52.328 0.0000000000
62657  38.856  -18.836  52.439 0.0000000000
64067  36.501  -18.556  55.227 0.0000000000
62622  36.769  -18.689  54.745 0.0000000000
62624  35.921  -19.108  55.141 0.0000000000
62642  35.826  -19.407  54.453 0.0000000000
64100  35.546  -19.588  53.811 0.0000000000
64119  35.414  -19.845  53.082 0.0000000000
65486  35.101  -19.564  53.760 0.0000000000
65487  34.607  -19.449  53.843 0.0000000000
65488  33.921  -18.884  53.754 0.0000000000
69353  32.840  -15.233  58.931 0.0000000000
68119  33.487  -15.868  58.545 0.0000000000
68120  32.773  -16.057  58.801 0.0000000000
66827  32.703  -16.683  58.501 0.0000000000
69411  30.494  -16.437  56.556 0.0000000000
68174  30.861  -16.782  57.265 0.0000000000
68190  31.681  -17.157  55.825 0.0000000000
68209  31.844  -17.211  55.033 0.0000000000
68208  32.379  -17.501  54.504 0.0000000000
68224  31.822  -17.174  54.065 0.0000000000
68248  31.363  -17.437  52.863 0.0000000000
68249  30.735  -17.205  52.563 0.0000000000
68250  29.859  -16.838  52.332 0.0000000000
69491  29.281  -16.616  52.321 0.0000000000
69483  26.414  -15.728  53.277 0.0000000000
69503  26.151  -16.192  52.157 0.0000000000
83597  59.083  -5.898  32.758 0.0000000000
83619  58.677  -6.308  32.231 0.0000000000
82305  58.454  -6.543  31.922 0.0000000000
81088  56.214  -8.198  30.377 0.0000000000
74939  19.684  -12.048  65.156 0.0000000000
73518  20.034  -12.379  64.762 0.0000000000
73535  19.794  -12.456  64.571 0.0000000000
73553  19.498  -12.577  63.874 0.0000000000
73571  19.103  -12.965  63.184 0.0000000000
72086  14.565  -14.175  62.608 0.0000000000
72065  15.553  -13.872  62.605 0.0000000000
73587  16.115  -13.735  62.475 0.0000000000
72097  16.835  -14.179  61.591 0.0000000000
70637  17.003  -14.376  60.923 0.0000000000
69379  16.840  -15.322  58.763 0.0000000000
69398  16.106  -16.003  58.271 0.0000000000
90226  61.685  -1.416  26.439 0.0000000000
90203  62.079  -0.898  26.742 0.0000000000
90182  60.443  -0.765  27.821 0.0000000000
92907  59.371  -0.168  29.551 0.0000000000
91553  57.499  -1.812  31.275 0.0000000000
91552  57.913  -1.245  31.115 0.0000000000
90116  58.881  -1.447  32.885 0.0000000000
91491  60.374  -0.350  33.766 0.0000000000
90097  60.693  -0.976  33.724 0.0000000000
87395  62.046  -2.998  34.863 0.0000000000
87396  61.580  -3.496  35.346 0.0000000000
86129  61.155  -4.124  35.846 0.0000000000
86097  60.036  -3.992  37.266 0.0000000000
84916  55.393  -4.193  35.612 0.0000000000
92758  57.249  0.153  40.110 0.0000000000
91415  57.693  -0.838  40.215 0.0000000000
88652  57.570  -2.203  40.175 0.0000000000
87324  56.518  -2.937  40.080 0.0000000000
86086  53.426  -3.711  38.512 0.0000000000
86116  54.070  -4.067  36.623 0.0000000000
86132  54.070  -4.380  35.871 0.0000000000
83564  51.764  -6.299  35.177 0.0000000000
80971  50.375  -8.016  37.140 0.0000000000
80972  49.829  -8.185  36.789 0.0000000000
80973  49.117  -8.414  36.381 0.0000000000
80975  47.743  -8.783  35.566 0.0000000000
79702  47.178  -9.106  35.211 0.0000000000
79679  46.729  -9.711  35.540 0.0000000000
79576  54.991  -8.879  43.633 0.0000000000
79590  54.825  -8.819  42.828 0.0000000000
72308  50.723  -13.318  46.590 0.0000000000
73820  51.376  -13.060  46.555 0.0000000000
73821  50.778  -13.245  46.215 0.0000000000
73839  50.459  -13.149  45.670 0.0000000000
73852  50.179  -12.868  44.903 0.0000000000
75347  48.635  -12.026  42.293 0.0000000000
76806  50.191  -11.344  42.548 0.0000000000
76822  51.649  -10.689  42.357 0.0000000000
76823  50.786  -10.707  42.171 0.0000000000
78219  50.584  -10.214  41.521 0.0000000000
78238  50.362  -9.851  40.879 0.0000000000
78250  50.850  -9.354  40.513 0.0000000000
78240  48.731  -10.465  40.295 0.0000000000
78253  48.425  -10.439  39.634 0.0000000000
73948  45.058  -13.323  38.554 0.0000000000
73964  44.918  -12.941  37.904 0.0000000000
75459  44.901  -12.678  37.477 0.0000000000
75474  44.679  -12.555  36.660 0.0000000000
75475  44.025  -12.873  36.263 0.0000000000
74003  43.100  -13.217  35.228 0.0000000000
72511  41.159  -14.899  35.150 0.0000000000
68402  39.952  -16.832  36.923 0.0000000000
69642  39.899  -16.468  36.249 0.0000000000
68415  38.200  -16.876  35.483 0.0000000000
65764  40.792  -19.259  40.580 0.0000000000
67124  40.714  -18.596  40.167 0.0000000000
65783  39.803  -19.523  39.485 0.0000000000
62974  37.245  -21.004  39.125 0.0000000000
62975  36.636  -21.154  38.791 0.0000000000
61483  39.886  -21.040  50.605 0.0000000000
61501  40.007  -20.761  49.894 0.0000000000
61502  39.355  -21.127  49.975 0.0000000000
62757  39.068  -21.116  49.449 0.0000000000
64184  38.708  -20.809  48.438 0.0000000000
65573  36.578  -19.807  47.060 0.0000000000
65635  36.879  -19.070  46.079 0.0000000000
67044  36.786  -18.688  45.422 0.0000000000
67043  37.748  -18.782  45.156 0.0000000000
67060  36.380  -18.626  44.454 0.0000000000
67078  36.015  -18.772  43.633 0.0000000000
65578  32.376  -19.683  47.174 0.0000000000
65743  32.685  -19.778  41.601 0.0000000000
65741  34.349  -19.976  41.820 0.0000000000
83750  58.112  -6.128  23.848 0.0000000000
85110  58.579  -5.842  23.430 0.0000000000
83644  60.296  -6.947  31.361 0.0000000000
76402  27.028  -11.975  61.725 0.0000000000
74979  26.416  -12.504  61.954 0.0000000000
76403  26.057  -11.811  62.197 0.0000000000
76391  25.163  -12.031  62.489 0.0000000000
74971  24.172  -12.557  63.449 0.0000000000
74954  23.681  -12.809  63.641 0.0000000000
79267  29.499  -10.689  60.995 0.0000000000
79268  29.000  -10.341  61.537 0.0000000000
77852  28.976  -11.298  61.281 0.0000000000
76401  27.907  -12.109  61.533 0.0000000000
70746  43.958  -15.478  52.845 0.0000000000
69478  45.073  -16.232  53.156 0.0000000000
69477  46.071  -16.257  52.737 0.0000000000
66930  44.811  -17.411  52.000 0.0000000000
68247  45.265  -17.156  51.836 0.0000000000
68246  46.045  -16.549  52.061 0.0000000000
68257  46.469  -16.409  51.578 0.0000000000
68274  46.500  -16.434  50.963 0.0000000000
69520  47.146  -15.981  49.728 0.0000000000
68286  45.922  -16.323  49.888 0.0000000000
68293  45.782  -16.478  49.167 0.0000000000
68294  45.141  -16.908  48.675 0.0000000000
66995  44.084  -17.660  48.867 0.0000000000
68295  44.524  -17.339  48.164 0.0000000000
67027  42.957  -18.189  46.561 0.0000000000
65631  42.553  -19.298  45.078 0.0000000000
64229  42.371  -20.152  45.507 0.0000000000
64230  42.290  -20.788  45.636 0.0000000000
64195  41.921  -19.990  46.955 0.0000000000
62832  41.997  -21.068  46.026 0.0000000000
62859  40.701  -21.412  45.490 0.0000000000
62860  40.093  -21.127  46.229 0.0000000000
67000  26.852  -17.857  48.360 0.0000000000
67009  26.395  -18.272  47.516 0.0000000000
67011  24.647  -18.979  47.620 0.0000000000
86251  57.553  -4.294  29.367 0.0000000000
86232  58.226  -4.162  30.199 0.0000000000
86249  59.303  -4.829  29.539 0.0000000000
87497  60.373  -4.338  30.240 0.0000000000
86248  60.171  -4.874  29.628 0.0000000000
69469  25.074  -15.697  54.098 0.0000000000
69470  24.486  -16.254  54.653 0.0000000000
65446  24.662  -19.346  57.251 0.0000000000
66816  23.514  -18.056  61.833 0.0000000000
65391  23.685  -18.380  61.482 0.0000000000
65393  22.485  -18.683  60.836 0.0000000000
66833  22.281  -17.998  59.733 0.0000000000
66851  22.193  -18.228  58.906 0.0000000000
66890  21.926  -18.676  56.580 0.0000000000
66892  20.515  -17.498  55.790 0.0000000000
66908  20.207  -17.751  55.334 0.0000000000
72138  39.144  -14.463  57.672 0.0000000000
70700  39.654  -14.933  56.742 0.0000000000
70717  39.847  -14.801  56.201 0.0000000000
69408  39.421  -15.099  56.295 0.0000000000
68188  39.000  -16.174  55.393 0.0000000000
66883  38.834  -16.904  54.748 0.0000000000
66902  38.451  -17.385  54.414 0.0000000000
66884  38.113  -17.179  55.106 0.0000000000
66885  37.402  -17.400  55.401 0.0000000000
65455  36.963  -17.810  55.431 0.0000000000
64050  36.806  -17.924  55.571 0.0000000000
64051  36.053  -18.288  55.850 0.0000000000
64052  35.241  -18.224  56.076 0.0000000000
64053  34.516  -18.176  56.205 0.0000000000
68109  30.406  -15.737  59.603 0.0000000000
68123  30.544  -16.104  59.213 0.0000000000
68141  30.321  -16.151  58.836 0.0000000000
69391  30.049  -15.956  58.178 0.0000000000
69392  29.208  -15.490  58.193 0.0000000000
69412  30.106  -16.052  57.196 0.0000000000
69434  29.778  -16.074  56.136 0.0000000000
69452  29.591  -16.166  55.100 0.0000000000
70749  27.954  -15.334  54.401 0.0000000000
70750  27.272  -15.279  54.297 0.0000000000
70734  27.234  -15.014  55.306 0.0000000000
70764  26.342  -15.449  53.922 0.0000000000
70765  25.681  -15.418  54.190 0.0000000000
83621  56.859  -5.794  32.240 0.0000000000
83673  55.299  -6.740  30.854 0.0000000000
82365  55.722  -7.463  30.494 0.0000000000
81089  55.261  -8.186  30.309 0.0000000000
72068  13.690  -14.305  63.164 0.0000000000
70620  14.213  -14.487  62.301 0.0000000000
70660  14.209  -15.035  60.717 0.0000000000
70678  14.457  -15.218  59.793 0.0000000000
69382  14.050  -16.137  59.527 0.0000000000
68130  13.194  -17.279  60.665 0.0000000000
90073  60.946  -1.505  35.975 0.0000000000
90054  60.714  -1.786  36.381 0.0000000000
88695  60.243  -2.466  37.323 0.0000000000
90043  59.921  -1.577  37.320 0.0000000000
87369  59.684  -3.522  37.845 0.0000000000
86080  59.060  -3.821  38.182 0.0000000000
88640  55.788  -1.775  41.178 0.0000000000
88654  55.970  -2.215  40.681 0.0000000000
87340  53.837  -2.987  39.590 0.0000000000
87328  53.228  -3.929  39.915 0.0000000000
87341  53.395  -3.568  39.510 0.0000000000
83547  51.841  -6.434  37.153 0.0000000000
80958  50.454  -8.024  37.786 0.0000000000
80959  49.868  -8.470  37.622 0.0000000000
79659  49.107  -8.923  37.982 0.0000000000
79547  53.949  -9.591  45.066 0.0000000000
72347  47.763  -14.190  44.670 0.0000000000
72380  47.811  -13.159  42.879 0.0000000000
72381  47.231  -13.606  42.428 0.0000000000
73904  47.424  -12.964  41.680 0.0000000000
75368  47.404  -12.569  41.145 0.0000000000
75394  46.705  -12.830  40.102 0.0000000000
73934  46.337  -13.142  39.963 0.0000000000
73935  45.672  -13.383  39.539 0.0000000000
72428  44.855  -13.844  39.224 0.0000000000
72443  44.785  -13.733  38.791 0.0000000000
72468  44.241  -14.149  38.061 0.0000000000
72469  43.519  -14.364  37.702 0.0000000000
72470  42.868  -14.589  37.330 0.0000000000
70997  41.565  -15.708  37.056 0.0000000000
69640  41.086  -15.920  36.994 0.0000000000
69628  42.025  -16.049  37.964 0.0000000000
69630  40.631  -16.477  37.325 0.0000000000
68393  39.448  -17.579  37.276 0.0000000000
64322  39.658  -20.342  40.283 0.0000000000
62957  36.831  -21.570  39.566 0.0000000000
62760  36.791  -21.264  50.307 0.0000000000
64176  36.684  -21.022  49.654 0.0000000000
64187  35.509  -20.552  48.579 0.0000000000
65696  30.040  -19.364  43.755 0.0000000000
65765  31.058  -19.962  40.747 0.0000000000
65744  31.738  -19.728  41.434 0.0000000000
87628  63.126  -2.780  20.896 0.0000000000
87610  62.699  -3.003  21.976 0.0000000000
87630  61.973  -3.482  21.074 0.0000000000
86375  61.526  -3.861  20.889 0.0000000000
83783  61.099  -6.553  20.361 0.0000000000
72130  25.605  -14.450  59.501 0.0000000000
72131  25.210  -14.573  59.596 0.0000000000
70672  24.652  -15.468  60.145 0.0000000000
70652  24.989  -14.835  60.370 0.0000000000
70653  24.699  -15.379  60.728 0.0000000000
69359  24.514  -16.423  61.031 0.0000000000
68110  24.528  -16.719  61.353 0.0000000000
68111  24.350  -17.073  61.801 0.0000000000
72060  24.734  -13.858  62.270 0.0000000000
72046  24.119  -13.506  62.959 0.0000000000
70597  23.935  -13.982  62.721 0.0000000000
70615  24.338  -15.274  62.306 0.0000000000
69329  24.124  -15.594  62.387 0.0000000000
68099  24.093  -16.434  62.236 0.0000000000
66804  22.868  -17.814  62.147 0.0000000000
66794  22.028  -16.983  61.821 0.0000000000
68089  22.806  -15.974  62.250 0.0000000000
68113  21.240  -16.052  60.541 0.0000000000
69344  20.758  -15.508  60.695 0.0000000000
75003  36.099  -12.359  59.516 0.0000000000
75021  35.932  -12.952  59.435 0.0000000000
72116  36.025  -14.349  59.185 0.0000000000
70666  35.486  -14.804  58.693 0.0000000000
72117  35.182  -14.197  59.049 0.0000000000
72118  34.367  -13.862  58.998 0.0000000000
70647  33.778  -14.253  58.805 0.0000000000
70648  33.033  -14.393  59.061 0.0000000000
70649  32.186  -14.498  59.491 0.0000000000
69337  31.510  -14.620  59.636 0.0000000000
76429  31.121  -11.759  60.261 0.0000000000
74985  30.738  -12.900  60.548 0.0000000000
74986  29.742  -12.833  60.653 0.0000000000
73581  30.103  -13.164  60.626 0.0000000000
73595  31.206  -13.473  60.644 0.0000000000
72092  31.264  -13.776  60.679 0.0000000000
70627  31.000  -13.726  60.258 0.0000000000
69338  30.797  -14.687  59.677 0.0000000000
69339  30.176  -15.018  59.879 0.0000000000
69340  29.600  -14.478  60.016 0.0000000000
69341  29.117  -14.364  60.077 0.0000000000
70630  28.942  -13.791  60.517 0.0000000000
70650  28.548  -14.413  59.944 0.0000000000
70669  27.432  -14.440  59.619 0.0000000000
83626  51.879  -6.594  32.490 0.0000000000
82335  51.679  -6.881  31.550 0.0000000000
94032  56.917  0.948  39.541 0.0000000000
92759  56.561  0.767  40.208 0.0000000000
91400  56.411  -0.685  41.163 0.0000000000
86049  54.572  -4.400  41.397 0.0000000000
84833  54.564  -5.064  41.226 0.0000000000
83519  54.955  -6.350  40.964 0.0000000000
72289  50.643  -13.420  47.105 0.0000000000
69526  47.104  -15.523  48.840 0.0000000000
69531  46.800  -15.572  48.095 0.0000000000
70831  47.142  -15.237  47.395 0.0000000000
69533  45.514  -16.434  47.235 0.0000000000
70832  46.603  -15.509  46.869 0.0000000000
70849  47.152  -15.086  46.513 0.0000000000
70866  47.811  -14.573  46.021 0.0000000000
70878  47.519  -14.603  45.381 0.0000000000
72349  46.260  -14.884  44.026 0.0000000000
70893  45.843  -15.117  43.840 0.0000000000
69568  45.005  -16.123  43.952 0.0000000000
70894  45.102  -15.478  43.497 0.0000000000
70895  44.343  -15.531  43.015 0.0000000000
69584  43.636  -16.012  41.848 0.0000000000
69585  43.228  -16.587  41.481 0.0000000000
68365  42.761  -17.049  41.240 0.0000000000
68358  42.284  -17.591  41.425 0.0000000000
67110  42.430  -18.201  42.512 0.0000000000
67112  41.489  -18.633  41.389 0.0000000000
65763  41.244  -19.286  41.130 0.0000000000
64300  40.755  -20.441  41.094 0.0000000000
64260  42.663  -19.998  43.866 0.0000000000
64262  41.809  -20.470  42.957 0.0000000000
64279  41.556  -20.426  42.356 0.0000000000
62939  40.319  -20.469  41.067 0.0000000000
62925  39.955  -20.554  41.437 0.0000000000
64303  38.828  -20.520  41.602 0.0000000000
65559  31.916  -19.000  49.546 0.0000000000
65611  27.608  -18.791  46.278 0.0000000000
65668  29.665  -19.340  44.560 0.0000000000
86311  59.800  -4.001  24.754 0.0000000000
86312  58.958  -4.305  24.916 0.0000000000
86330  58.703  -4.815  24.591 0.0000000000
86296  58.016  -4.406  25.852 0.0000000000
86313  58.225  -4.873  25.072 0.0000000000
85102  57.817  -5.851  24.512 0.0000000000
82423  57.213  -7.538  24.875 0.0000000000
85034  57.320  -4.915  28.834 0.0000000000
85057  57.332  -5.631  28.480 0.0000000000
83735  57.286  -6.529  27.839 0.0000000000
83720  58.780  -6.579  28.357 0.0000000000
83734  58.312  -6.955  27.980 0.0000000000
82399  57.030  -7.030  27.258 0.0000000000
82409  57.323  -7.479  26.813 0.0000000000
70707  24.454  -15.386  58.565 0.0000000000
68143  24.549  -17.100  59.783 0.0000000000
65416  23.565  -19.330  59.691 0.0000000000
64026  23.658  -19.764  59.205 0.0000000000
64040  24.713  -20.313  58.358 0.0000000000
70715  41.343  -14.557  55.370 0.0000000000
72173  43.226  -14.388  53.931 0.0000000000
70747  43.223  -15.370  53.525 0.0000000000
66914  43.312  -17.216  52.582 0.0000000000
68221  42.489  -16.412  53.078 0.0000000000
66915  42.610  -17.343  52.684 0.0000000000
66933  43.007  -17.886  52.527 0.0000000000
65498  43.130  -18.486  52.076 0.0000000000
64134  42.580  -19.531  51.727 0.0000000000
62711  42.475  -20.058  51.156 0.0000000000
62736  41.837  -20.355  50.715 0.0000000000
62712  41.929  -20.365  51.211 0.0000000000
61454  41.356  -20.463  51.174 0.0000000000
61455  40.639  -20.579  50.973 0.0000000000
61403  40.406  -19.695  51.841 0.0000000000
60092  40.069  -20.248  51.244 0.0000000000
60136  39.980  -21.045  51.056 0.0000000000
60119  39.456  -20.909  51.269 0.0000000000
61458  38.576  -21.160  51.361 0.0000000000
64081  37.789  -18.335  53.753 0.0000000000
62658  37.869  -18.936  53.305 0.0000000000
61383  37.892  -19.372  52.889 0.0000000000
61364  37.008  -19.212  53.934 0.0000000000
61384  37.245  -19.421  53.332 0.0000000000
61406  37.627  -19.537  52.371 0.0000000000
60096  37.594  -20.363  51.772 0.0000000000
61459  37.696  -21.101  51.626 0.0000000000
62713  37.091  -21.135  51.513 0.0000000000
62738  36.654  -21.151  51.125 0.0000000000
62739  36.101  -20.777  51.251 0.0000000000
64120  34.986  -19.872  52.495 0.0000000000
64138  35.006  -19.993  51.770 0.0000000000
64155  34.969  -20.208  51.004 0.0000000000
65536  33.539  -19.057  50.981 0.0000000000
68137  35.405  -15.728  57.749 0.0000000000
68139  34.103  -16.444  58.260 0.0000000000
66843  34.555  -16.945  57.706 0.0000000000
65424  34.597  -17.612  57.126 0.0000000000
64054  33.820  -18.040  56.495 0.0000000000
64070  34.157  -18.375  55.912 0.0000000000
66829  31.312  -16.645  58.773 0.0000000000
66847  31.980  -17.111  58.105 0.0000000000
65414  32.382  -17.522  57.568 0.0000000000
66888  31.415  -17.315  56.969 0.0000000000
66872  31.890  -17.613  57.108 0.0000000000
65428  32.383  -17.725  57.178 0.0000000000
65442  32.858  -17.952  56.726 0.0000000000
64071  33.437  -18.161  56.288 0.0000000000
65489  33.458  -18.435  54.184 0.0000000000
66919  33.347  -18.294  53.707 0.0000000000
66935  32.675  -17.925  53.265 0.0000000000
66934  33.448  -18.387  52.902 0.0000000000
66962  32.742  -18.459  51.400 0.0000000000
65537  32.735  -18.825  50.923 0.0000000000
65551  32.098  -18.570  50.501 0.0000000000
65552  31.751  -18.131  50.366 0.0000000000
69492  28.607  -16.445  52.170 0.0000000000
69501  27.664  -16.424  51.734 0.0000000000
69500  28.220  -16.600  51.586 0.0000000000
68288  27.650  -17.123  49.821 0.0000000000
68281  25.104  -17.188  50.321 0.0000000000
66980  24.869  -17.554  50.046 0.0000000000
66992  24.282  -18.458  49.453 0.0000000000
87435  62.246  -3.636  33.020 0.0000000000
84958  61.637  -5.193  32.964 0.0000000000
83617  60.205  -6.234  31.987 0.0000000000
83646  57.795  -6.705  31.575 0.0000000000
82333  58.286  -6.897  31.527 0.0000000000
82362  58.092  -7.368  30.944 0.0000000000
82361  58.496  -7.302  31.096 0.0000000000
81085  58.649  -7.879  30.731 0.0000000000
82368  52.277  -7.170  30.689 0.0000000000
79795  52.865  -9.161  30.682 0.0000000000
81924  25.458  -9.091  62.073 0.0000000000
80607  24.709  -9.540  62.574 0.0000000000
80594  23.852  -9.832  63.190 0.0000000000
79238  23.785  -10.500  63.394 0.0000000000
77826  23.077  -11.100  63.630 0.0000000000
76383  22.733  -12.009  63.672 0.0000000000
74956  22.240  -12.932  63.507 0.0000000000
79224  21.359  -10.365  64.530 0.0000000000
76385  21.773  -11.277  64.606 0.0000000000
74936  21.679  -11.874  64.320 0.0000000000
73532  21.871  -13.089  64.676 0.0000000000
72035  22.049  -14.119  64.369 0.0000000000
70599  22.004  -13.956  62.773 0.0000000000
72048  21.053  -12.959  63.638 0.0000000000
70590  21.743  -13.386  63.255 0.0000000000
70654  20.209  -15.325  60.451 0.0000000000
74960  17.305  -11.620  64.665 0.0000000000
73537  17.925  -11.903  64.190 0.0000000000
73554  18.503  -12.441  63.681 0.0000000000
72064  18.700  -13.405  62.763 0.0000000000
72082  17.959  -13.954  62.228 0.0000000000
72081  19.211  -14.297  62.165 0.0000000000
70655  19.492  -15.219  60.159 0.0000000000
69362  19.651  -15.434  59.677 0.0000000000
69377  19.403  -15.562  59.045 0.0000000000
69417  18.515  -16.162  56.992 0.0000000000
69381  14.835  -15.729  59.136 0.0000000000
69420  15.475  -16.521  57.831 0.0000000000
87560  62.539  -2.117  24.350 0.0000000000
88910  62.162  -1.896  24.926 0.0000000000
87561  61.383  -2.444  24.721 0.0000000000
87547  60.763  -2.395  25.512 0.0000000000
87548  59.723  -2.809  26.282 0.0000000000
88902  60.123  -2.326  26.697 0.0000000000
87535  58.925  -2.939  27.009 0.0000000000
88888  58.054  -2.771  28.042 0.0000000000
88864  57.766  -2.816  28.555 0.0000000000
91604  61.045  -0.436  27.559 0.0000000000
91586  60.024  -0.569  28.554 0.0000000000
90183  59.719  -1.118  28.183 0.0000000000
88844  57.924  -2.288  29.009 0.0000000000
87499  57.436  -3.396  29.791 0.0000000000
87456  57.781  -3.297  30.863 0.0000000000
87455  58.175  -3.257  31.118 0.0000000000
90138  57.578  -2.349  31.440 0.0000000000
88794  58.072  -2.789  31.550 0.0000000000
88822  59.686  -3.225  31.663 0.0000000000
92888  58.986  0.019  31.744 0.0000000000
84931  60.751  -5.103  33.996 0.0000000000
84932  59.996  -4.765  33.849 0.0000000000
83576  58.788  -5.360  33.416 0.0000000000
83577  58.060  -5.281  33.450 0.0000000000
86112  60.980  -3.960  36.343 0.0000000000
84893  59.626  -4.571  35.646 0.0000000000
83578  57.301  -5.211  33.450 0.0000000000
84961  56.390  -5.326  32.911 0.0000000000
84986  54.564  -5.547  32.561 0.0000000000
91441  58.530  -0.382  38.477 0.0000000000
91414  58.227  -1.219  39.824 0.0000000000
90021  58.509  -1.656  39.529 0.0000000000
88667  58.862  -2.235  39.218 0.0000000000
87335  58.837  -2.948  39.065 0.0000000000
86067  58.140  -3.645  38.852 0.0000000000
87354  55.263  -3.268  38.646 0.0000000000
87353  55.905  -3.408  38.510 0.0000000000
86083  56.526  -3.475  38.189 0.0000000000
86100  57.107  -3.553  37.343 0.0000000000
86152  54.105  -4.597  35.121 0.0000000000
84964  53.394  -5.376  33.768 0.0000000000
84988  52.897  -5.727  33.278 0.0000000000
82282  51.134  -6.867  32.930 0.0000000000
82264  51.543  -6.635  34.300 0.0000000000
82283  50.376  -7.184  33.247 0.0000000000
82255  50.011  -7.607  35.288 0.0000000000
82238  49.690  -7.905  36.049 0.0000000000
82268  48.890  -7.836  34.139 0.0000000000
83511  55.331  -6.155  41.796 0.0000000000
82192  54.328  -7.523  40.592 0.0000000000
78145  53.565  -10.432  45.221 0.0000000000
78160  53.602  -10.677  44.686 0.0000000000
72346  48.967  -13.424  44.557 0.0000000000
73853  49.578  -13.011  44.527 0.0000000000
75308  50.368  -12.559  44.429 0.0000000000
75328  49.562  -12.517  43.563 0.0000000000
75327  50.223  -12.301  43.852 0.0000000000
76762  53.237  -11.126  44.197 0.0000000000
76761  53.709  -10.648  43.804 0.0000000000
78180  53.685  -10.419  43.204 0.0000000000
78198  54.143  -10.022  42.898 0.0000000000
78215  54.026  -9.944  42.226 0.0000000000
78217  52.381  -10.163  41.977 0.0000000000
78216  53.327  -9.924  41.933 0.0000000000
79605  54.131  -9.254  41.638 0.0000000000
79616  53.819  -9.097  40.806 0.0000000000
80925  53.989  -8.456  40.255 0.0000000000
80935  53.323  -8.329  40.252 0.0000000000
80937  51.715  -8.181  39.656 0.0000000000
79634  50.089  -9.086  39.576 0.0000000000
79642  50.586  -8.606  39.246 0.0000000000
79645  48.592  -9.482  38.281 0.0000000000
76845  47.803  -11.473  40.460 0.0000000000
76864  47.607  -11.387  39.739 0.0000000000
76882  47.361  -11.277  38.932 0.0000000000
75440  46.172  -12.299  38.612 0.0000000000
76883  46.698  -11.793  38.665 0.0000000000
78268  47.685  -10.586  38.526 0.0000000000
78307  47.073  -10.117  36.863 0.0000000000
76927  44.907  -12.001  35.903 0.0000000000
72493  41.961  -14.714  36.303 0.0000000000
71030  41.191  -15.141  35.594 0.0000000000
71048  39.785  -15.492  34.716 0.0000000000
69653  39.549  -16.197  35.586 0.0000000000
71032  39.716  -15.711  35.123 0.0000000000
68376  41.023  -17.573  39.314 0.0000000000
67133  40.422  -18.254  39.448 0.0000000000
67154  38.019  -18.499  37.161 0.0000000000
64338  39.327  -20.145  39.590 0.0000000000
64349  39.054  -19.781  38.917 0.0000000000
65797  38.766  -19.460  38.555 0.0000000000
65810  38.408  -19.022  38.023 0.0000000000
61480  41.575  -20.120  50.028 0.0000000000
62755  41.249  -20.437  49.134 0.0000000000
62780  40.880  -20.932  48.696 0.0000000000
61514  40.140  -20.902  49.290 0.0000000000
64185  38.094  -20.776  48.484 0.0000000000
65687  38.562  -19.217  43.496 0.0000000000
64284  37.053  -20.573  42.105 0.0000000000
64180  33.179  -19.956  48.349 0.0000000000
64203  32.950  -19.823  47.352 0.0000000000
64202  33.391  -19.945  47.431 0.0000000000
65576  33.708  -19.747  46.823 0.0000000000
65637  34.485  -19.001  44.900 0.0000000000
65665  32.663  -19.399  44.239 0.0000000000
67062  34.940  -18.753  44.175 0.0000000000
67079  35.268  -18.777  43.596 0.0000000000
65716  35.015  -19.603  42.280 0.0000000000
65715  35.884  -19.625  42.412 0.0000000000
62911  36.334  -21.786  42.481 0.0000000000
86328  60.068  -4.304  23.951 0.0000000000
86347  60.343  -4.052  23.494 0.0000000000
85113  60.374  -4.336  22.542 0.0000000000
85109  59.092  -5.622  23.022 0.0000000000
85114  59.712  -4.976  22.174 0.0000000000
85122  59.840  -5.730  21.060 0.0000000000
85135  60.513  -6.039  20.534 0.0000000000
79826  58.600  -9.156  23.900 0.0000000000
87452  62.704  -4.759  30.938 0.0000000000
60074  37.489  -19.891  52.081 0.0000000000
60094  38.802  -20.318  51.012 0.0000000000
60095  38.119  -20.377  51.319 0.0000000000
60117  40.393  -20.452  51.250 0.0000000000
60118  40.119  -20.684  51.206 0.0000000000
60137  39.693  -21.177  51.025 0.0000000000
61366  36.514  -19.458  53.858 0.0000000000
61386  36.492  -19.544  53.649 0.0000000000
61404  39.824  -19.332  51.559 0.0000000000
61408  36.909  -20.102  52.505 0.0000000000
61429  38.910  -19.604  50.787 0.0000000000
61430  37.284  -20.441  52.044 0.0000000000
61456  40.221  -20.798  50.847 0.0000000000
61457  39.040  -21.124  51.303 0.0000000000
61485  38.395  -21.419  51.076 0.0000000000
61498  41.412  -20.197  49.548 0.0000000000
61503  38.620  -21.449  50.474 0.0000000000
61515  39.766  -20.908  49.545 0.0000000000
62623  36.473  -18.851  54.837 0.0000000000
62639  37.103  -18.926  54.093 0.0000000000
62640  36.609  -19.131  54.391 0.0000000000
62641  36.248  -19.318  54.395 0.0000000000
62659  37.495  -19.194  53.433 0.0000000000
62661  36.130  -19.539  53.900 0.0000000000
62662  35.770  -19.619  53.842 0.0000000000
62678  40.108  -19.139  52.042 0.0000000000
62693  42.323  -19.917  51.512 0.0000000000
62695  41.241  -20.219  51.774 0.0000000000
62714  36.535  -20.715  51.790 0.0000000000
62737  37.327  -21.381  51.013 0.0000000000
62756  40.997  -20.659  49.276 0.0000000000
62783  38.730  -21.030  48.996 0.0000000000
62856  42.510  -20.795  45.213 0.0000000000
62875  42.565  -20.870  44.675 0.0000000000
64036  34.126  -17.857  56.754 0.0000000000
64065  37.428  -18.194  54.420 0.0000000000
64097  39.228  -18.463  52.816 0.0000000000
64098  38.420  -18.629  53.156 0.0000000000
64099  35.985  -19.772  53.343 0.0000000000
64101  35.403  -19.542  54.005 0.0000000000
64115  41.852  -19.432  52.007 0.0000000000
64116  41.022  -19.197  52.112 0.0000000000
64135  42.116  -19.705  51.785 0.0000000000
64137  35.459  -20.224  52.234 0.0000000000
64153  35.916  -20.505  51.938 0.0000000000
64167  43.531  -19.090  50.923 0.0000000000
64301  39.932  -20.558  41.863 0.0000000000
64340  37.618  -20.735  39.168 0.0000000000
65382  22.576  -18.263  61.825 0.0000000000
65392  23.084  -18.558  61.450 0.0000000000
65404  22.758  -18.908  59.849 0.0000000000
65410  34.262  -17.279  57.677 0.0000000000
65418  22.510  -18.804  58.715 0.0000000000
65425  33.755  -17.677  57.267 0.0000000000
65426  33.165  -17.744  57.274 0.0000000000
65427  32.826  -17.780  57.192 0.0000000000
65441  34.979  -17.874  56.527 0.0000000000
65457  32.390  -17.858  56.273 0.0000000000
65470  35.138  -19.511  53.992 0.0000000000
65501  34.925  -19.605  53.471 0.0000000000
65534  43.476  -18.920  51.387 0.0000000000
66791  23.353  -16.442  62.375 0.0000000000
66817  22.153  -18.370  61.338 0.0000000000
66830  30.934  -16.581  58.843 0.0000000000
66845  33.351  -17.151  58.179 0.0000000000
66856  36.501  -16.805  56.514 0.0000000000
66859  31.940  -17.398  57.600 0.0000000000
66863  21.805  -17.786  57.953 0.0000000000
66873  31.435  -17.196  57.532 0.0000000000
66918  39.893  -17.473  53.343 0.0000000000
66945  44.809  -17.573  51.662 0.0000000000
66946  44.383  -17.871  51.742 0.0000000000
66959  44.802  -17.619  51.296 0.0000000000
66973  45.356  -17.203  50.978 0.0000000000
66975  44.280  -17.928  50.377 0.0000000000
66996  43.569  -18.025  48.380 0.0000000000
66997  30.076  -17.943  49.087 0.0000000000
68079  22.466  -14.976  62.207 0.0000000000
68101  21.321  -15.743  60.908 0.0000000000
68147  13.427  -17.425  60.020 0.0000000000
68186  40.614  -15.548  54.636 0.0000000000
68228  19.094  -17.753  54.428 0.0000000000
68234  45.785  -16.564  52.427 0.0000000000
68237  43.812  -16.831  52.642 0.0000000000
68238  32.279  -17.693  53.411 0.0000000000
68245  46.508  -16.366  51.882 0.0000000000
68251  29.242  -16.736  51.916 0.0000000000
68384  41.345  -17.113  38.960 0.0000000000
69296  22.935  -14.781  64.562 0.0000000000
69307  22.988  -14.151  63.971 0.0000000000
69310  22.971  -14.276  63.084 0.0000000000
69343  24.554  -15.666  60.981 0.0000000000
69360  24.467  -16.073  60.639 0.0000000000
69399  15.063  -16.302  58.434 0.0000000000
69415  20.160  -16.580  57.071 0.0000000000
69432  39.055  -15.410  55.947 0.0000000000
69462  44.468  -15.922  53.363 0.0000000000
69465  30.306  -16.577  54.281 0.0000000000
69488  47.905  -15.994  51.695 0.0000000000
69490  46.434  -16.188  52.308 0.0000000000
69511  48.782  -15.531  50.282 0.0000000000
69652  40.229  -16.005  35.948 0.0000000000
70574  23.826  -14.689  64.772 0.0000000000
70575  23.178  -14.956  65.099 0.0000000000
70578  21.960  -13.551  64.006 0.0000000000
70589  22.325  -13.514  63.309 0.0000000000
70610  29.854  -13.899  60.720 0.0000000000
70641  13.277  -15.518  61.798 0.0000000000
70664  36.803  -14.608  58.381 0.0000000000
70671  24.910  -14.871  59.779 0.0000000000
70674  18.674  -15.225  59.345 0.0000000000
70676  16.560  -14.911  59.452 0.0000000000
70693  18.445  -15.294  58.743 0.0000000000
70702  38.300  -15.093  57.481 0.0000000000
70730  42.738  -14.981  53.991 0.0000000000
70763  26.880  -15.507  53.728 0.0000000000
70780  48.353  -15.274  51.172 0.0000000000
70793  48.641  -15.286  50.672 0.0000000000
70817  49.595  -14.514  48.931 0.0000000000
70820  47.401  -15.194  48.128 0.0000000000
72031  23.944  -13.368  64.175 0.0000000000
72047  23.621  -13.739  64.214 0.0000000000
72049  21.127  -13.108  63.971 0.0000000000
72050  13.941  -14.034  63.291 0.0000000000
72061  20.885  -13.043  63.480 0.0000000000
72067  14.110  -14.246  62.893 0.0000000000
72083  16.578  -13.975  62.152 0.0000000000
72084  15.761  -14.049  62.229 0.0000000000
72114  37.407  -13.786  58.786 0.0000000000
72119  26.862  -14.344  59.937 0.0000000000
72121  25.417  -14.526  59.931 0.0000000000
72129  37.172  -14.475  58.428 0.0000000000
72147  40.669  -14.187  56.168 0.0000000000
72266  49.506  -14.015  49.377 0.0000000000
72291  49.015  -14.124  47.418 0.0000000000
72491  43.147  -14.109  37.118 0.0000000000
73530  24.039  -13.457  64.377 0.0000000000
73551  20.826  -12.881  63.647 0.0000000000
73569  20.648  -12.969  63.525 0.0000000000
73576  14.409  -13.896  63.222 0.0000000000
73851  50.908  -12.796  45.285 0.0000000000
73866  49.923  -12.722  44.338 0.0000000000
73868  48.802  -13.020  43.551 0.0000000000
73886  47.718  -12.983  42.445 0.0000000000
73949  44.560  -13.779  38.162 0.0000000000
74938  20.436  -11.934  64.883 0.0000000000
74957  19.647  -12.329  64.963 0.0000000000
74976  28.974  -12.687  62.743 0.0000000000
74977  28.429  -12.823  62.204 0.0000000000
75305  52.756  -11.453  44.317 0.0000000000
75325  51.994  -11.467  43.790 0.0000000000
76364  21.676  -11.588  64.484 0.0000000000
76365  21.334  -11.419  64.761 0.0000000000
76382  23.355  -12.335  63.613 0.0000000000
76763  52.686  -11.384  44.099 0.0000000000
76784  53.717  -10.526  43.523 0.0000000000
76787  51.921  -11.370  43.544 0.0000000000
76802  53.272  -10.489  43.117 0.0000000000
76804  51.842  -11.121  43.066 0.0000000000
77814  22.471  -11.290  63.994 0.0000000000
77815  22.160  -11.017  64.450 0.0000000000
77816  21.574  -10.840  64.781 0.0000000000
77824  24.422  -11.323  63.175 0.0000000000
77868  32.025  -11.309  59.598 0.0000000000
78159  53.943  -10.395  44.228 0.0000000000
78179  54.099  -10.160  43.594 0.0000000000
79591  54.282  -9.334  42.526 0.0000000000
79631  52.774  -8.653  40.481 0.0000000000
79703  46.689  -9.516  34.877 0.0000000000
79831  58.748  -9.327  23.391 0.0000000000
80905  54.999  -8.134  42.256 0.0000000000
80916  54.257  -8.457  40.984 0.0000000000
80991  48.879  -8.278  35.731 0.0000000000
81010  47.900  -8.297  34.038 0.0000000000
81111  57.613  -7.916  26.379 0.0000000000
82191  54.686  -6.945  40.857 0.0000000000
82363  57.365  -7.350  30.778 0.0000000000
82418  56.727  -6.783  26.131 0.0000000000
82428  57.608  -7.743  24.002 0.0000000000
83581  51.582  -6.608  34.053 0.0000000000
83600  57.015  -5.474  32.984 0.0000000000
83721  57.959  -6.393  28.366 0.0000000000
83743  56.672  -6.370  26.352 0.0000000000
83747  56.901  -6.362  25.726 0.0000000000
83751  57.654  -6.459  24.223 0.0000000000
84846  53.079  -5.221  39.964 0.0000000000
85075  56.689  -5.868  26.641 0.0000000000
85094  58.016  -5.334  24.814 0.0000000000
85096  57.053  -5.940  25.630 0.0000000000
85107  60.348  -4.218  22.955 0.0000000000
85123  59.517  -6.065  21.397 0.0000000000
86068  57.752  -3.650  38.837 0.0000000000
86070  52.967  -4.070  39.486 0.0000000000
86081  58.442  -3.623  38.365 0.0000000000
86314  57.738  -4.892  25.539 0.0000000000
86389  61.284  -4.382  20.659 0.0000000000
87454  58.601  -3.052  31.359 0.0000000000
87476  58.053  -3.613  30.664 0.0000000000
87477  57.587  -3.308  30.493 0.0000000000
87534  59.414  -2.700  26.852 0.0000000000
87546  61.210  -2.165  25.231 0.0000000000
87611  62.236  -3.285  21.653 0.0000000000
88680  59.866  -2.288  38.026 0.0000000000
88694  60.611  -2.592  36.988 0.0000000000
88728  61.920  -2.424  34.827 0.0000000000
88898  62.947  -1.331  25.123 0.0000000000
89998  56.862  -1.369  40.778 0.0000000000
90158  57.630  -1.730  30.538 0.0000000000
90171  57.479  -2.255  30.167 0.0000000000
91428  59.085  -1.137  38.655 0.0000000000
91532  57.570  -1.997  31.713 0.0000000000
92769  58.283  -0.171  38.657 0.0000000000
