#!ascii label  , from subject 3013 vox2ras=TkReg
242
85746  27.766  -5.107  -27.057 0.0000000000
76248  28.258  -12.599  -20.835 0.0000000000
90998  26.023  -1.333  -30.776 0.0000000000
99886  22.531  5.500  -32.539 0.0000000000
73432  27.091  -14.095  -20.234 0.0000000000
96271  27.336  2.545  -30.843 0.0000000000
97478  26.025  3.655  -32.240 0.0000000000
83204  26.992  -7.151  -27.038 0.0000000000
80476  28.154  -9.414  -24.289 0.0000000000
84467  29.429  -6.380  -24.542 0.0000000000
90955  29.214  -1.229  -27.190 0.0000000000
88225  30.156  -3.720  -24.608 0.0000000000
89626  26.849  -2.606  -29.319 0.0000000000
93687  28.107  0.415  -29.248 0.0000000000
97482  23.411  3.467  -32.345 0.0000000000
99883  25.462  5.485  -32.666 0.0000000000
79085  29.355  -10.510  -21.976 0.0000000000
94998  25.865  1.518  -31.842 0.0000000000
96309  25.189  2.745  -32.534 0.0000000000
84535  26.890  -6.064  -27.138 0.0000000000
84486  28.175  -6.724  -26.149 0.0000000000
85707  28.553  -5.591  -25.743 0.0000000000
74838  27.556  -13.552  -20.458 0.0000000000
89634  26.529  -2.292  -29.831 0.0000000000
90965  27.122  -1.716  -29.050 0.0000000000
92390  27.219  -0.669  -30.001 0.0000000000
98663  27.270  4.266  -30.026 0.0000000000
96260  28.045  2.407  -29.975 0.0000000000
98676  22.337  5.161  -31.197 0.0000000000
96272  22.220  2.948  -30.937 0.0000000000
98688  23.247  4.528  -32.804 0.0000000000
104824  24.096  9.544  -35.016 0.0000000000
103533  24.832  8.544  -34.057 0.0000000000
101046  25.112  6.746  -33.639 0.0000000000
102256  25.471  7.577  -32.882 0.0000000000
101021  25.673  6.436  -32.260 0.0000000000
81774  29.325  -8.552  -22.922 0.0000000000
80461  28.859  -9.299  -23.173 0.0000000000
73417  26.264  -14.733  -20.001 0.0000000000
93704  26.914  0.490  -30.782 0.0000000000
94987  26.203  1.040  -31.417 0.0000000000
96287  26.789  2.549  -31.600 0.0000000000
98674  26.428  4.467  -31.274 0.0000000000
80499  27.183  -9.424  -25.120 0.0000000000
81825  27.184  -8.258  -26.092 0.0000000000
83160  28.835  -7.255  -24.596 0.0000000000
83143  29.603  -7.113  -23.529 0.0000000000
89607  28.714  -2.858  -26.870 0.0000000000
86969  28.932  -4.195  -26.283 0.0000000000
90938  29.540  -2.406  -26.128 0.0000000000
85771  27.052  -5.163  -28.099 0.0000000000
86992  26.166  -4.236  -28.632 0.0000000000
88257  27.586  -3.601  -28.427 0.0000000000
89615  28.090  -2.397  -28.122 0.0000000000
92375  28.292  -0.673  -28.251 0.0000000000
94935  29.378  1.403  -27.931 0.0000000000
93696  27.797  0.900  -29.836 0.0000000000
96242  28.865  2.042  -28.777 0.0000000000
96311  23.649  2.660  -32.310 0.0000000000
99916  23.052  6.265  -34.379 0.0000000000
98702  23.672  4.838  -33.561 0.0000000000
98687  24.261  4.443  -33.113 0.0000000000
97480  24.730  3.649  -32.577 0.0000000000
98685  25.749  4.468  -32.429 0.0000000000
99872  26.194  5.375  -31.569 0.0000000000
77684  27.929  -11.709  -22.231 0.0000000000
79125  27.775  -10.118  -23.985 0.0000000000
86949  29.627  -4.639  -24.786 0.0000000000
85677  30.758  -5.667  -24.242 0.0000000000
94999  24.822  1.624  -32.374 0.0000000000
95012  24.655  2.316  -32.581 0.0000000000
85723  28.035  -5.507  -26.445 0.0000000000
70478  26.286  -16.197  -18.531 0.0000000000
71921  26.827  -15.772  -18.624 0.0000000000
90983  26.411  -1.660  -30.482 0.0000000000
90973  27.037  -1.423  -29.805 0.0000000000
90982  26.796  -1.272  -30.315 0.0000000000
98666  22.483  4.427  -30.946 0.0000000000
98665  22.675  4.199  -31.246 0.0000000000
99902  22.666  5.768  -33.643 0.0000000000
103532  25.353  8.500  -33.320 0.0000000000
103520  25.867  8.527  -32.707 0.0000000000
81773  30.088  -8.210  -22.648 0.0000000000
74855  26.340  -13.496  -21.420 0.0000000000
93705  26.399  0.491  -31.244 0.0000000000
93714  25.819  0.544  -31.431 0.0000000000
96288  26.094  2.657  -32.172 0.0000000000
94997  26.476  2.031  -31.870 0.0000000000
97465  26.550  3.519  -31.579 0.0000000000
97453  26.602  3.929  -31.061 0.0000000000
101022  22.371  6.271  -32.127 0.0000000000
84468  28.685  -6.449  -25.076 0.0000000000
83178  28.360  -7.211  -25.595 0.0000000000
83144  29.229  -7.401  -24.052 0.0000000000
84450  29.896  -6.679  -24.121 0.0000000000
73433  26.742  -14.292  -20.124 0.0000000000
71936  27.225  -15.162  -19.057 0.0000000000
90948  28.774  -2.326  -27.207 0.0000000000
89606  29.256  -2.909  -26.344 0.0000000000
90947  29.290  -1.910  -26.670 0.0000000000
85749  26.175  -5.630  -27.862 0.0000000000
88259  26.472  -3.103  -29.216 0.0000000000
88258  26.841  -3.461  -28.795 0.0000000000
86991  27.171  -4.445  -28.350 0.0000000000
89624  28.021  -3.062  -28.251 0.0000000000
89625  27.500  -2.666  -28.662 0.0000000000
92383  27.912  -0.371  -28.799 0.0000000000
92376  27.566  -0.974  -28.641 0.0000000000
93673  28.315  -0.050  -28.672 0.0000000000
93672  28.823  0.451  -28.321 0.0000000000
93697  27.432  0.258  -30.087 0.0000000000
94976  27.508  1.379  -30.376 0.0000000000
96259  28.575  2.320  -29.230 0.0000000000
96241  29.263  2.317  -28.302 0.0000000000
97466  22.876  3.623  -31.993 0.0000000000
96292  21.690  2.508  -30.877 0.0000000000
96291  22.575  2.729  -31.513 0.0000000000
96290  23.120  2.538  -31.966 0.0000000000
96312  23.128  2.978  -32.081 0.0000000000
103541  24.244  8.536  -34.845 0.0000000000
103555  23.823  8.814  -35.419 0.0000000000
99915  23.773  6.301  -34.316 0.0000000000
101047  24.375  6.988  -34.341 0.0000000000
99899  25.111  5.965  -33.340 0.0000000000
99884  24.811  5.218  -33.308 0.0000000000
98686  25.086  4.498  -32.758 0.0000000000
97479  25.421  3.698  -32.470 0.0000000000
102241  26.118  7.435  -32.150 0.0000000000
101020  26.099  6.431  -31.689 0.0000000000
101010  26.514  6.311  -31.019 0.0000000000
77685  27.148  -12.223  -22.487 0.0000000000
80498  27.866  -9.060  -25.069 0.0000000000
80477  27.565  -9.892  -24.376 0.0000000000
79106  29.058  -9.923  -22.690 0.0000000000
77683  28.676  -11.199  -21.924 0.0000000000
88234  29.568  -3.771  -25.257 0.0000000000
86959  28.969  -4.720  -25.713 0.0000000000
96289  25.531  2.107  -32.359 0.0000000000
96308  25.695  3.183  -32.372 0.0000000000
83179  27.790  -7.314  -26.312 0.0000000000
84510  27.602  -6.373  -26.562 0.0000000000
84509  28.184  -6.139  -26.137 0.0000000000
85692  28.619  -5.991  -25.366 0.0000000000
74820  28.209  -13.812  -19.973 0.0000000000
74819  28.810  -13.255  -19.644 0.0000000000
92366  29.618  -0.813  -26.825 0.0000000000
90946  30.135  -1.151  -26.219 0.0000000000
89635  25.952  -2.472  -29.771 0.0000000000
90966  26.936  -2.067  -29.736 0.0000000000
92384  27.403  -0.670  -29.290 0.0000000000
93688  27.558  -0.178  -29.676 0.0000000000
97445  27.699  3.363  -30.068 0.0000000000
98653  27.868  4.126  -29.335 0.0000000000
97454  22.537  3.658  -31.095 0.0000000000
104810  24.382  9.420  -34.143 0.0000000000
102267  24.521  7.867  -34.445 0.0000000000
101031  25.351  6.537  -32.861 0.0000000000
102242  25.599  7.015  -32.484 0.0000000000
102255  25.966  8.004  -32.494 0.0000000000
81788  28.992  -8.178  -23.862 0.0000000000
80460  29.781  -9.324  -22.491 0.0000000000
71937  26.566  -15.322  -19.408 0.0000000000
74839  26.613  -13.976  -20.643 0.0000000000
74854  27.020  -13.327  -21.079 0.0000000000
76249  27.531  -12.904  -21.110 0.0000000000
76263  27.822  -12.423  -21.497 0.0000000000
92408  26.367  -0.745  -30.847 0.0000000000
92398  26.546  -0.170  -31.010 0.0000000000
94986  26.750  1.498  -31.318 0.0000000000
97452  27.009  3.548  -30.791 0.0000000000
98664  26.727  4.418  -30.638 0.0000000000
99875  22.038  6.043  -31.351 0.0000000000
99874  22.428  5.495  -31.798 0.0000000000
99917  22.473  6.484  -34.360 0.0000000000
81804  27.620  -8.780  -25.373 0.0000000000
81824  27.902  -7.794  -25.815 0.0000000000
81803  28.176  -8.290  -25.139 0.0000000000
81787  29.396  -7.817  -22.977 0.0000000000
83130  29.932  -7.381  -22.829 0.0000000000
88249  28.370  -3.699  -27.238 0.0000000000
86970  28.379  -4.563  -26.633 0.0000000000
88242  28.841  -3.663  -26.579 0.0000000000
88241  29.346  -3.732  -26.055 0.0000000000
89598  29.671  -2.866  -25.668 0.0000000000
90937  29.967  -1.979  -25.872 0.0000000000
89597  30.345  -2.368  -25.269 0.0000000000
89582  30.619  -2.900  -24.784 0.0000000000
83227  26.600  -6.545  -27.300 0.0000000000
85747  27.322  -5.334  -27.586 0.0000000000
86978  27.427  -4.955  -28.055 0.0000000000
85772  26.502  -5.120  -28.242 0.0000000000
86977  27.909  -4.576  -27.743 0.0000000000
88256  28.133  -3.697  -28.014 0.0000000000
89614  28.405  -2.830  -27.629 0.0000000000
90956  28.653  -1.698  -27.641 0.0000000000
90957  27.812  -1.687  -28.345 0.0000000000
92374  29.138  -0.482  -27.535 0.0000000000
93671  29.580  0.553  -27.541 0.0000000000
92397  26.835  -0.499  -30.558 0.0000000000
94975  28.171  1.482  -29.668 0.0000000000
93686  28.673  0.939  -28.824 0.0000000000
94955  28.989  1.438  -28.567 0.0000000000
95014  23.682  2.008  -32.320 0.0000000000
101065  22.644  6.829  -34.956 0.0000000000
98703  23.200  5.054  -33.630 0.0000000000
99900  24.492  5.927  -33.935 0.0000000000
99885  24.182  5.138  -33.677 0.0000000000
97481  23.990  3.609  -32.543 0.0000000000
96310  24.414  2.836  -32.535 0.0000000000
99873  25.824  5.729  -32.049 0.0000000000
99882  25.966  5.085  -32.201 0.0000000000
98684  26.182  4.416  -31.919 0.0000000000
99860  26.545  5.327  -30.791 0.0000000000
77666  28.269  -12.131  -21.490 0.0000000000
79126  27.034  -10.479  -24.031 0.0000000000
79107  28.173  -10.481  -23.094 0.0000000000
79108  27.440  -11.035  -23.365 0.0000000000
79086  28.514  -10.959  -22.274 0.0000000000
85706  28.803  -5.279  -25.480 0.0000000000
85691  29.011  -5.555  -25.075 0.0000000000
86948  30.658  -4.624  -24.259 0.0000000000
85690  29.971  -5.537  -24.558 0.0000000000
84466  30.214  -6.224  -24.365 0.0000000000
84449  30.610  -6.471  -23.769 0.0000000000
81850  26.750  -7.883  -26.967 0.0000000000
83159  29.420  -6.983  -24.184 0.0000000000
84485  28.444  -6.374  -25.691 0.0000000000
84536  26.330  -6.088  -27.460 0.0000000000
85724  27.421  -5.634  -26.902 0.0000000000
85748  26.695  -5.561  -27.744 0.0000000000
86960  28.472  -5.098  -26.125 0.0000000000
86990  27.749  -4.127  -28.213 0.0000000000
88271  26.279  -3.516  -28.964 0.0000000000
89583  29.964  -3.049  -24.982 0.0000000000
89627  26.374  -2.711  -29.517 0.0000000000
90974  26.736  -1.892  -30.182 0.0000000000
90997  26.476  -1.152  -30.606 0.0000000000
93726  25.545  0.405  -31.429 0.0000000000
94956  28.606  1.448  -29.076 0.0000000000
97464  26.943  3.027  -31.245 0.0000000000
98675  22.692  4.567  -31.716 0.0000000000
98677  22.003  5.461  -30.962 0.0000000000
