#!ascii label  , from subject 3010 vox2ras=TkReg
1112
129489  44.683  12.012  32.581 0.0000000000
124359  50.716  7.648  22.429 0.0000000000
127610  52.682  10.380  21.418 0.0000000000
115988  52.155  -0.081  16.833 0.0000000000
124333  43.345  7.282  26.542 0.0000000000
131390  54.467  13.947  28.430 0.0000000000
119868  55.887  3.026  18.011 0.0000000000
126647  44.680  9.686  14.693 0.0000000000
128539  52.720  11.776  28.911 0.0000000000
126479  47.525  9.655  27.592 0.0000000000
119839  46.995  3.811  22.086 0.0000000000
127631  46.075  10.557  20.876 0.0000000000
124462  50.506  7.665  15.024 0.0000000000
125443  56.337  8.689  22.639 0.0000000000
124456  56.565  7.273  15.683 0.0000000000
129631  44.746  12.693  15.534 0.0000000000
130465  47.665  14.045  29.897 0.0000000000
129543  45.942  12.732  28.714 0.0000000000
122263  44.914  5.378  24.553 0.0000000000
129575  50.392  12.207  24.836 0.0000000000
130511  47.387  13.336  23.306 0.0000000000
127613  49.346  10.058  21.872 0.0000000000
125505  48.724  7.943  18.360 0.0000000000
125502  51.964  8.662  18.458 0.0000000000
126516  52.014  9.405  25.585 0.0000000000
126513  55.060  9.102  26.022 0.0000000000
125446  53.852  8.199  22.987 0.0000000000
115973  55.444  0.219  17.220 0.0000000000
121158  58.077  4.738  17.267 0.0000000000
118577  55.582  2.879  16.302 0.0000000000
121199  52.713  4.391  15.772 0.0000000000
118547  51.490  2.276  17.299 0.0000000000
115967  47.006  0.620  18.631 0.0000000000
127465  42.175  11.033  32.178 0.0000000000
128574  43.342  11.194  27.960 0.0000000000
129567  53.488  11.886  25.755 0.0000000000
121142  50.298  4.099  19.647 0.0000000000
122296  52.286  5.725  18.899 0.0000000000
118491  54.135  2.191  19.941 0.0000000000
114722  53.463  -0.786  19.171 0.0000000000
132253  54.138  15.284  31.940 0.0000000000
131350  51.065  14.698  30.907 0.0000000000
127510  50.459  10.965  28.170 0.0000000000
126528  49.515  9.082  25.288 0.0000000000
125396  45.580  8.205  26.785 0.0000000000
124342  46.995  7.681  24.514 0.0000000000
123320  48.660  5.817  21.309 0.0000000000
118482  49.817  2.297  21.745 0.0000000000
129479  39.628  12.015  32.550 0.0000000000
131459  47.117  14.590  20.011 0.0000000000
129612  45.553  12.806  18.353 0.0000000000
127657  46.600  10.910  17.204 0.0000000000
126635  47.876  9.260  14.006 0.0000000000
122368  48.273  5.910  13.446 0.0000000000
128530  56.346  12.345  30.106 0.0000000000
128586  56.521  10.675  26.458 0.0000000000
127607  55.800  10.008  22.119 0.0000000000
124410  55.576  7.433  18.473 0.0000000000
125484  57.764  8.894  18.990 0.0000000000
126601  54.849  9.590  18.534 0.0000000000
124459  53.700  7.822  15.559 0.0000000000
122352  50.322  5.426  14.657 0.0000000000
129632  43.653  12.604  15.534 0.0000000000
130564  44.664  13.408  15.851 0.0000000000
130467  45.913  13.446  30.718 0.0000000000
129529  44.705  12.800  30.027 0.0000000000
128605  51.477  11.231  23.777 0.0000000000
128607  49.593  11.317  23.585 0.0000000000
127593  50.805  10.473  22.324 0.0000000000
126570  50.449  9.391  20.572 0.0000000000
126568  52.136  9.682  20.291 0.0000000000
125434  51.046  8.380  23.433 0.0000000000
125418  52.708  8.755  24.309 0.0000000000
124358  52.140  7.723  22.136 0.0000000000
114755  54.351  0.042  16.770 0.0000000000
117239  55.611  1.500  16.623 0.0000000000
117240  54.493  1.439  16.554 0.0000000000
118566  52.761  2.195  16.716 0.0000000000
117229  52.231  1.018  17.067 0.0000000000
115977  49.861  0.115  17.601 0.0000000000
114746  50.466  -0.411  17.218 0.0000000000
127516  40.947  10.379  29.030 0.0000000000
130491  52.503  13.903  27.111 0.0000000000
129556  53.836  12.822  27.109 0.0000000000
118494  51.693  2.421  20.548 0.0000000000
118510  52.544  2.682  19.394 0.0000000000
118478  53.292  2.267  20.948 0.0000000000
114712  53.285  -0.449  20.176 0.0000000000
113528  51.613  -1.590  19.263 0.0000000000
113526  53.181  -1.279  18.369 0.0000000000
129541  47.801  12.601  28.538 0.0000000000
130477  49.198  13.226  29.043 0.0000000000
127531  48.913  10.487  27.980 0.0000000000
126502  49.435  9.757  26.890 0.0000000000
126519  48.839  9.194  25.895 0.0000000000
126508  43.143  8.989  26.731 0.0000000000
126482  44.519  9.696  27.166 0.0000000000
125397  44.745  8.130  26.753 0.0000000000
122267  45.653  5.421  23.175 0.0000000000
123301  46.073  6.597  24.118 0.0000000000
123315  46.730  6.161  22.537 0.0000000000
124362  47.429  6.856  22.810 0.0000000000
122272  47.532  5.522  21.724 0.0000000000
121120  48.438  4.166  20.883 0.0000000000
118483  48.716  2.541  21.749 0.0000000000
117145  52.187  2.165  24.576 0.0000000000
128615  46.552  11.542  22.237 0.0000000000
130524  47.077  13.759  21.680 0.0000000000
129595  45.910  12.682  21.290 0.0000000000
130538  45.663  13.609  19.844 0.0000000000
128636  45.615  11.865  19.991 0.0000000000
127658  46.169  11.488  17.606 0.0000000000
126606  46.194  10.090  18.394 0.0000000000
124432  49.056  7.572  16.790 0.0000000000
124448  48.111  8.430  16.458 0.0000000000
125545  49.131  8.403  14.241 0.0000000000
124485  48.499  7.670  12.974 0.0000000000
123415  50.029  7.207  13.208 0.0000000000
130438  53.877  13.316  30.562 0.0000000000
131346  55.371  14.195  31.135 0.0000000000
128537  54.665  11.655  29.437 0.0000000000
125415  56.048  8.598  24.470 0.0000000000
126495  56.540  9.458  26.934 0.0000000000
125403  56.823  9.118  24.824 0.0000000000
127566  56.267  10.436  24.552 0.0000000000
125441  56.857  9.290  22.896 0.0000000000
121163  54.162  4.547  17.689 0.0000000000
124412  53.758  6.728  18.787 0.0000000000
122322  54.936  5.413  17.575 0.0000000000
123382  58.317  6.409  16.340 0.0000000000
124424  57.500  7.718  17.749 0.0000000000
126613  57.594  8.863  16.982 0.0000000000
126599  56.949  9.545  18.278 0.0000000000
126626  56.187  9.045  17.020 0.0000000000
125530  54.187  8.231  16.514 0.0000000000
124457  55.487  7.385  15.422 0.0000000000
121177  51.730  3.899  16.199 0.0000000000
122350  52.314  5.395  15.081 0.0000000000
121179  49.847  4.346  16.073 0.0000000000
121203  48.602  4.763  15.120 0.0000000000
132289  54.930  15.678  29.316 0.0000000000
128667  43.222  11.546  15.107 0.0000000000
128673  44.516  11.156  14.490 0.0000000000
131330  48.724  13.973  32.683 0.0000000000
130441  47.331  13.979  31.219 0.0000000000
130479  47.241  13.360  29.199 0.0000000000
128570  46.988  11.137  28.065 0.0000000000
123298  44.638  6.152  25.865 0.0000000000
129576  49.221  12.637  24.554 0.0000000000
128613  48.049  11.108  22.799 0.0000000000
127615  47.462  10.345  21.638 0.0000000000
126573  47.382  9.134  20.158 0.0000000000
125473  49.262  8.687  19.974 0.0000000000
125504  49.683  8.026  18.502 0.0000000000
124430  51.174  7.438  17.033 0.0000000000
127527  52.955  10.374  27.484 0.0000000000
127526  54.112  10.032  27.488 0.0000000000
126498  53.740  9.525  26.427 0.0000000000
125431  54.389  8.468  23.772 0.0000000000
124355  55.108  8.175  22.485 0.0000000000
117216  57.088  2.038  18.135 0.0000000000
119887  57.390  3.791  17.539 0.0000000000
118561  57.835  2.803  17.198 0.0000000000
119931  57.382  3.746  16.122 0.0000000000
121196  55.867  4.491  15.612 0.0000000000
122347  55.357  5.528  15.294 0.0000000000
119934  54.129  3.823  15.893 0.0000000000
119915  51.915  2.952  16.705 0.0000000000
118548  50.589  2.453  17.525 0.0000000000
115979  48.210  -0.238  17.597 0.0000000000
128518  43.755  11.635  32.509 0.0000000000
128540  43.400  11.886  30.311 0.0000000000
127489  42.152  11.002  30.166 0.0000000000
127538  42.042  10.312  27.678 0.0000000000
125399  42.762  8.189  26.560 0.0000000000
130500  50.905  14.104  26.260 0.0000000000
129569  51.403  12.506  25.499 0.0000000000
128603  53.345  11.081  23.921 0.0000000000
123331  50.260  5.867  20.409 0.0000000000
124383  51.664  6.603  20.414 0.0000000000
121140  51.454  4.235  18.961 0.0000000000
119871  52.585  3.329  18.720 0.0000000000
118527  54.602  2.818  18.673 0.0000000000
115934  54.190  0.986  20.997 0.0000000000
115945  54.579  0.790  20.322 0.0000000000
117206  56.031  1.237  18.955 0.0000000000
114732  54.762  -0.683  18.090 0.0000000000
113537  54.095  -0.968  17.479 0.0000000000
113563  51.775  -1.229  16.922 0.0000000000
114760  49.999  -1.100  16.771 0.0000000000
131326  52.783  14.814  31.508 0.0000000000
130461  52.055  13.444  29.810 0.0000000000
131375  49.309  14.424  30.421 0.0000000000
130475  50.632  12.984  29.116 0.0000000000
128550  51.072  11.582  28.539 0.0000000000
127550  51.263  10.138  26.955 0.0000000000
126527  50.319  9.154  25.083 0.0000000000
125435  50.059  8.365  23.696 0.0000000000
128557  44.677  11.966  28.423 0.0000000000
128572  45.260  11.264  27.787 0.0000000000
126480  46.489  9.551  27.470 0.0000000000
124339  45.338  6.886  25.847 0.0000000000
125411  46.636  7.946  25.699 0.0000000000
126521  47.315  8.597  26.197 0.0000000000
125437  48.183  8.042  23.890 0.0000000000
124349  48.577  7.587  23.201 0.0000000000
124370  49.517  6.553  21.532 0.0000000000
122289  49.499  4.737  20.279 0.0000000000
119848  49.866  3.215  20.177 0.0000000000
118463  51.658  2.410  22.331 0.0000000000
118447  50.732  2.420  23.425 0.0000000000
118427  52.365  2.338  23.803 0.0000000000
129476  42.730  12.323  33.035 0.0000000000
127461  40.935  11.075  33.373 0.0000000000
127469  38.666  10.817  32.733 0.0000000000
131447  48.618  14.734  20.146 0.0000000000
132390  46.594  15.350  18.510 0.0000000000
129622  45.405  12.796  16.214 0.0000000000
128658  46.049  12.132  15.834 0.0000000000
127674  46.829  10.734  14.956 0.0000000000
125507  47.056  8.807  17.827 0.0000000000
126628  47.627  9.743  15.465 0.0000000000
126653  46.566  9.256  13.568 0.0000000000
130472  56.423  13.393  28.995 0.0000000000
126462  55.857  10.012  28.328 0.0000000000
128568  56.318  11.303  27.973 0.0000000000
129554  55.729  11.941  27.526 0.0000000000
128583  54.845  11.569  26.176 0.0000000000
127568  54.794  10.721  24.228 0.0000000000
127590  54.065  10.552  22.514 0.0000000000
124367  52.859  7.514  21.258 0.0000000000
124380  55.032  7.786  20.744 0.0000000000
124379  55.840  8.397  21.088 0.0000000000
123373  56.262  6.419  17.535 0.0000000000
124409  56.877  8.186  18.710 0.0000000000
125471  56.443  8.766  20.626 0.0000000000
126565  56.635  9.452  20.516 0.0000000000
127641  55.677  10.089  20.188 0.0000000000
127628  53.571  10.134  20.493 0.0000000000
125501  53.288  8.861  18.240 0.0000000000
124428  53.249  8.056  16.931 0.0000000000
124460  52.551  7.615  15.308 0.0000000000
123401  53.734  6.730  14.669 0.0000000000
123402  52.615  6.817  14.330 0.0000000000
123413  51.179  7.334  13.749 0.0000000000
122367  49.115  6.028  13.732 0.0000000000
115955  46.324  0.579  19.006 0.0000000000
131491  44.461  13.771  15.834 0.0000000000
131490  44.681  13.910  15.916 0.0000000000
129488  45.297  12.650  33.045 0.0000000000
130444  45.260  12.651  31.688 0.0000000000
129511  44.690  12.370  31.313 0.0000000000
127579  52.180  10.843  23.084 0.0000000000
127580  51.169  10.841  23.044 0.0000000000
127592  51.871  10.576  22.242 0.0000000000
127611  51.490  10.132  21.338 0.0000000000
127629  52.415  10.055  20.708 0.0000000000
125448  51.757  8.136  22.858 0.0000000000
114757  52.732  -0.449  16.686 0.0000000000
115986  53.953  0.566  16.667 0.0000000000
115987  52.767  0.505  16.774 0.0000000000
115974  52.288  0.680  16.967 0.0000000000
114745  51.406  -0.195  17.059 0.0000000000
132295  54.334  15.179  28.693 0.0000000000
131391  53.846  14.459  28.150 0.0000000000
130490  53.554  13.484  27.394 0.0000000000
130489  54.373  13.500  28.001 0.0000000000
118479  52.512  2.369  21.230 0.0000000000
117174  53.523  1.848  22.310 0.0000000000
113529  50.835  -1.804  19.680 0.0000000000
112380  50.212  -2.109  19.202 0.0000000000
113541  50.908  -1.823  18.729 0.0000000000
126637  44.985  9.218  14.930 0.0000000000
127532  47.854  10.589  28.201 0.0000000000
127512  48.628  11.096  28.382 0.0000000000
126478  48.525  9.933  27.565 0.0000000000
126503  48.201  9.383  26.827 0.0000000000
125398  43.774  8.116  26.649 0.0000000000
126507  44.141  8.926  26.887 0.0000000000
121113  46.568  4.336  22.195 0.0000000000
122266  46.280  5.727  22.636 0.0000000000
122273  46.850  5.324  22.060 0.0000000000
121122  47.154  4.312  21.832 0.0000000000
121121  47.747  4.198  21.387 0.0000000000
119838  47.575  3.263  21.945 0.0000000000
128627  46.033  11.380  21.598 0.0000000000
128616  45.963  11.885  21.765 0.0000000000
128628  45.559  11.821  21.120 0.0000000000
129602  45.624  12.711  20.449 0.0000000000
127632  45.611  10.902  20.435 0.0000000000
127644  45.700  11.053  19.461 0.0000000000
126575  45.691  10.470  19.849 0.0000000000
124446  49.721  7.596  15.871 0.0000000000
124475  50.350  7.865  14.196 0.0000000000
124476  49.657  8.209  13.880 0.0000000000
130460  53.195  13.081  29.936 0.0000000000
129509  54.044  12.785  30.297 0.0000000000
128538  53.527  11.732  29.198 0.0000000000
125429  56.264  8.556  23.509 0.0000000000
125404  56.571  8.836  25.134 0.0000000000
125428  56.814  8.837  23.320 0.0000000000
126531  56.892  9.376  23.831 0.0000000000
125442  56.551  9.122  22.444 0.0000000000
119890  54.518  3.892  17.803 0.0000000000
122323  54.428  4.955  17.606 0.0000000000
121161  55.769  4.440  17.516 0.0000000000
123389  57.877  6.410  15.798 0.0000000000
124441  57.981  7.559  16.394 0.0000000000
125526  57.588  8.127  16.552 0.0000000000
126624  57.298  8.597  16.674 0.0000000000
125541  56.257  7.923  16.021 0.0000000000
125542  55.366  8.045  16.013 0.0000000000
119917  50.089  3.783  16.743 0.0000000000
121178  50.803  4.179  16.132 0.0000000000
119918  49.114  3.937  16.727 0.0000000000
128666  44.183  11.877  14.917 0.0000000000
128674  43.777  11.163  14.624 0.0000000000
128665  45.385  11.778  14.982 0.0000000000
131331  47.844  13.529  33.078 0.0000000000
130418  47.151  13.587  32.445 0.0000000000
129528  45.425  13.200  29.723 0.0000000000
130480  46.311  13.351  29.443 0.0000000000
129542  46.883  12.613  28.668 0.0000000000
128555  46.529  11.890  28.253 0.0000000000
130504  49.584  13.751  25.177 0.0000000000
130506  48.971  13.626  24.618 0.0000000000
129571  49.420  13.201  24.953 0.0000000000
127594  49.795  10.451  22.467 0.0000000000
127582  49.364  10.866  23.063 0.0000000000
127595  48.744  10.611  22.586 0.0000000000
127596  47.846  10.683  22.296 0.0000000000
127614  48.380  10.157  21.803 0.0000000000
126552  47.932  9.664  21.114 0.0000000000
126551  48.938  9.593  21.238 0.0000000000
125488  50.895  8.756  19.267 0.0000000000
125472  50.206  8.872  20.000 0.0000000000
125503  50.704  8.280  18.526 0.0000000000
124415  50.414  7.654  17.817 0.0000000000
124414  51.409  7.977  17.841 0.0000000000
127549  52.274  10.093  26.875 0.0000000000
127548  53.266  9.920  26.903 0.0000000000
126499  52.684  9.675  26.246 0.0000000000
125432  53.276  8.444  23.710 0.0000000000
125417  53.792  8.807  24.674 0.0000000000
125445  54.842  8.292  22.992 0.0000000000
124356  54.460  8.030  22.344 0.0000000000
117228  56.934  1.488  17.669 0.0000000000
117227  57.270  2.134  17.783 0.0000000000
117237  57.338  1.983  17.236 0.0000000000
118563  56.224  2.535  16.454 0.0000000000
119932  56.385  3.530  16.053 0.0000000000
121195  56.959  4.506  15.638 0.0000000000
119933  55.215  3.418  16.023 0.0000000000
118546  52.174  1.758  17.152 0.0000000000
119914  53.204  3.306  16.254 0.0000000000
118567  52.103  2.320  17.016 0.0000000000
119893  51.153  2.861  17.124 0.0000000000
117231  50.681  1.578  17.706 0.0000000000
114748  48.604  -0.642  17.041 0.0000000000
115978  48.966  -0.094  17.665 0.0000000000
128519  42.855  11.386  31.889 0.0000000000
128533  42.801  11.401  30.784 0.0000000000
127481  42.259  10.842  31.256 0.0000000000
127515  41.532  10.495  28.456 0.0000000000
126485  41.225  9.531  27.532 0.0000000000
126509  42.135  8.999  26.775 0.0000000000
126510  41.584  8.895  26.926 0.0000000000
130498  52.866  13.159  26.808 0.0000000000
129563  52.320  12.769  26.237 0.0000000000
129568  52.764  12.180  25.718 0.0000000000
128596  52.853  11.456  24.533 0.0000000000
128590  53.271  11.688  25.195 0.0000000000
122288  50.189  5.106  19.981 0.0000000000
122287  51.124  5.456  19.676 0.0000000000
121141  50.868  4.006  19.317 0.0000000000
118492  53.339  2.294  20.123 0.0000000000
118509  53.526  2.510  19.437 0.0000000000
118528  53.645  2.829  18.835 0.0000000000
118508  54.361  2.467  19.305 0.0000000000
115935  53.673  0.931  21.611 0.0000000000
114702  53.056  -0.142  21.116 0.0000000000
114711  54.141  -0.130  19.854 0.0000000000
115946  53.752  0.248  20.621 0.0000000000
117195  55.119  1.166  19.836 0.0000000000
115953  55.532  0.806  19.290 0.0000000000
115961  56.205  0.972  18.735 0.0000000000
114721  54.454  -0.457  18.962 0.0000000000
113539  52.528  -1.539  17.908 0.0000000000
113538  53.341  -1.326  17.617 0.0000000000
113551  52.614  -1.497  17.093 0.0000000000
113550  53.514  -1.098  16.895 0.0000000000
113564  50.484  -1.466  17.080 0.0000000000
131314  51.322  14.965  32.612 0.0000000000
132255  52.324  15.233  32.229 0.0000000000
131327  51.737  14.867  31.666 0.0000000000
131349  52.171  14.336  30.692 0.0000000000
131373  51.410  14.071  30.156 0.0000000000
131376  48.245  14.435  30.765 0.0000000000
131352  48.931  14.480  31.589 0.0000000000
130464  48.721  13.968  29.685 0.0000000000
128551  50.077  11.679  28.524 0.0000000000
130476  50.131  13.090  29.057 0.0000000000
129538  50.690  12.445  28.891 0.0000000000
127509  51.473  10.919  28.132 0.0000000000
127529  50.870  10.507  27.584 0.0000000000
126518  49.935  9.431  25.876 0.0000000000
125420  50.667  8.728  24.333 0.0000000000
125421  49.593  8.688  24.545 0.0000000000
128558  43.597  11.950  28.914 0.0000000000
126506  45.085  8.853  27.096 0.0000000000
127535  44.897  10.486  27.437 0.0000000000
126481  45.492  9.612  27.321 0.0000000000
127534  45.875  10.413  27.563 0.0000000000
126505  46.037  8.771  27.155 0.0000000000
123303  45.027  5.886  25.186 0.0000000000
123297  45.237  6.372  25.355 0.0000000000
124351  46.436  6.953  23.943 0.0000000000
124343  46.210  7.258  24.825 0.0000000000
125424  46.939  7.916  25.033 0.0000000000
125394  46.962  8.361  26.186 0.0000000000
125410  47.333  8.390  25.580 0.0000000000
125409  48.157  8.710  25.276 0.0000000000
125423  47.595  8.155  24.595 0.0000000000
124361  48.060  6.943  22.659 0.0000000000
123313  48.416  6.401  21.940 0.0000000000
124360  49.258  7.052  22.214 0.0000000000
123312  49.074  6.388  21.554 0.0000000000
123319  49.610  5.964  20.849 0.0000000000
122277  48.909  5.066  20.649 0.0000000000
119849  48.949  3.116  20.814 0.0000000000
121132  49.180  4.073  20.397 0.0000000000
118496  49.836  2.539  20.928 0.0000000000
118481  50.731  2.337  21.561 0.0000000000
118448  49.727  2.352  23.593 0.0000000000
115889  52.461  1.893  24.264 0.0000000000
129491  41.971  12.610  32.685 0.0000000000
129478  40.606  12.096  32.992 0.0000000000
129469  41.043  11.895  33.341 0.0000000000
128503  40.008  11.439  33.110 0.0000000000
127484  40.063  10.395  32.514 0.0000000000
127468  39.539  10.717  32.839 0.0000000000
131449  46.872  14.065  20.891 0.0000000000
131448  47.694  14.570  20.568 0.0000000000
131458  47.939  14.843  19.731 0.0000000000
132376  48.188  15.332  19.020 0.0000000000
132377  47.327  15.111  19.227 0.0000000000
132389  47.597  15.662  18.487 0.0000000000
131466  46.632  14.753  19.406 0.0000000000
130544  45.461  13.674  18.773 0.0000000000
130551  45.443  13.660  17.719 0.0000000000
130557  45.345  13.635  16.735 0.0000000000
129617  45.568  12.804  17.302 0.0000000000
128653  46.090  11.989  16.921 0.0000000000
128652  46.623  11.541  16.281 0.0000000000
128657  46.445  11.402  15.407 0.0000000000
127666  47.220  10.760  15.963 0.0000000000
125491  47.988  8.290  19.055 0.0000000000
125492  47.279  8.543  18.649 0.0000000000
125506  47.817  8.090  17.922 0.0000000000
125546  48.460  8.842  14.676 0.0000000000
125532  47.935  9.078  15.970 0.0000000000
126636  47.633  9.626  14.682 0.0000000000
127681  47.075  10.155  14.554 0.0000000000
126652  47.148  9.035  13.340 0.0000000000
125563  46.669  8.649  13.570 0.0000000000
126651  47.545  8.748  13.414 0.0000000000
123417  48.168  6.747  12.978 0.0000000000
132252  54.825  15.531  31.549 0.0000000000
129507  55.815  12.661  30.337 0.0000000000
130416  56.389  14.577  30.951 0.0000000000
130435  56.499  14.124  30.274 0.0000000000
131379  56.400  13.977  29.321 0.0000000000
129521  56.594  12.647  29.263 0.0000000000
127525  54.832  9.835  27.856 0.0000000000
127506  54.911  10.346  28.381 0.0000000000
126463  55.319  9.753  27.977 0.0000000000
127546  56.793  10.136  26.549 0.0000000000
127524  56.522  10.414  27.504 0.0000000000
128580  56.439  10.840  27.144 0.0000000000
129553  56.181  11.744  27.864 0.0000000000
128581  56.157  11.274  26.847 0.0000000000
129560  55.707  11.618  26.913 0.0000000000
128587  56.255  10.943  26.005 0.0000000000
127575  56.172  10.311  23.816 0.0000000000
127567  55.599  10.647  24.501 0.0000000000
127576  55.378  10.459  23.619 0.0000000000
127577  54.272  10.733  23.528 0.0000000000
127589  55.126  10.356  22.740 0.0000000000
123328  52.298  6.378  19.562 0.0000000000
124382  52.429  6.902  20.170 0.0000000000
124398  52.700  6.641  19.526 0.0000000000
124411  54.322  7.017  18.694 0.0000000000
124396  54.666  7.575  19.568 0.0000000000
124395  56.028  8.224  19.820 0.0000000000
121159  57.531  4.678  17.430 0.0000000000
122320  56.956  5.513  17.431 0.0000000000
122319  57.726  5.597  17.359 0.0000000000
125497  57.782  8.656  18.276 0.0000000000
125498  57.536  8.599  18.759 0.0000000000
125486  56.811  8.662  19.899 0.0000000000
125470  57.026  9.050  20.107 0.0000000000
125455  56.386  9.163  21.102 0.0000000000
126564  57.207  9.378  19.694 0.0000000000
126600  55.946  9.662  18.531 0.0000000000
126583  56.627  9.852  19.477 0.0000000000
126584  55.384  9.916  19.326 0.0000000000
127642  54.640  10.107  19.983 0.0000000000
126585  54.342  9.862  19.316 0.0000000000
126586  53.408  9.732  19.596 0.0000000000
125500  54.265  9.129  18.068 0.0000000000
125544  54.031  8.036  16.062 0.0000000000
124427  53.777  8.187  16.762 0.0000000000
124442  53.653  8.029  16.305 0.0000000000
124443  52.899  7.806  16.213 0.0000000000
122348  54.252  5.573  15.180 0.0000000000
123392  54.774  6.560  14.955 0.0000000000
122349  53.289  5.354  15.167 0.0000000000
122351  51.309  5.449  14.857 0.0000000000
122364  51.997  6.141  14.376 0.0000000000
123403  51.567  6.923  13.777 0.0000000000
122365  50.995  6.129  14.134 0.0000000000
123404  50.563  6.698  13.561 0.0000000000
122366  50.017  6.073  13.989 0.0000000000
121181  47.764  4.326  16.172 0.0000000000
117222  47.884  1.553  18.531 0.0000000000
129624  43.051  12.888  16.101 0.0000000000
130565  44.220  13.411  15.737 0.0000000000
130442  46.481  13.592  31.691 0.0000000000
130443  45.741  12.980  32.100 0.0000000000
130468  45.248  12.962  30.951 0.0000000000
128598  50.834  11.635  24.374 0.0000000000
128599  49.901  11.737  24.256 0.0000000000
128606  50.523  11.272  23.681 0.0000000000
127581  50.201  10.823  23.062 0.0000000000
127612  50.339  10.048  21.751 0.0000000000
126550  49.887  9.631  21.228 0.0000000000
126549  50.705  9.734  21.114 0.0000000000
126569  51.353  9.612  20.556 0.0000000000
126604  52.116  9.232  19.235 0.0000000000
125419  51.702  8.747  24.248 0.0000000000
126525  52.324  9.102  24.867 0.0000000000
125433  52.198  8.449  23.570 0.0000000000
125447  52.757  8.121  22.917 0.0000000000
124357  53.370  7.856  22.206 0.0000000000
115984  55.974  0.751  17.029 0.0000000000
115985  54.968  0.541  16.797 0.0000000000
118564  55.049  2.485  16.309 0.0000000000
118565  53.891  2.309  16.477 0.0000000000
117241  53.422  1.385  16.662 0.0000000000
117242  52.662  1.366  16.854 0.0000000000
117230  51.560  1.290  17.387 0.0000000000
115963  50.395  0.761  17.742 0.0000000000
115976  50.762  0.578  17.547 0.0000000000
114747  49.507  -0.598  17.142 0.0000000000
127482  41.549  10.513  31.743 0.0000000000
127490  41.530  10.545  30.634 0.0000000000
127498  40.773  10.389  29.933 0.0000000000
131393  52.228  14.607  27.202 0.0000000000
131392  52.876  14.470  27.563 0.0000000000
130497  53.489  12.915  26.979 0.0000000000
129562  53.755  12.331  26.471 0.0000000000
118512  51.153  2.644  20.101 0.0000000000
118511  51.672  2.660  19.804 0.0000000000
118493  52.518  2.392  20.346 0.0000000000
117197  53.906  2.077  20.574 0.0000000000
114713  52.386  -0.844  20.473 0.0000000000
113517  51.491  -1.402  20.232 0.0000000000
113516  52.185  -1.317  19.744 0.0000000000
113527  52.519  -1.382  18.925 0.0000000000
113540  51.705  -1.658  18.307 0.0000000000
131328  50.659  14.873  31.980 0.0000000000
130478  48.214  13.412  28.966 0.0000000000
129540  48.718  12.530  28.653 0.0000000000
128552  49.137  11.725  28.543 0.0000000000
127511  49.500  11.004  28.283 0.0000000000
127530  49.809  10.421  27.647 0.0000000000
126477  49.159  10.151  27.519 0.0000000000
127537  42.905  10.514  27.580 0.0000000000
127536  43.906  10.527  27.425 0.0000000000
126483  43.519  9.748  27.101 0.0000000000
122262  45.376  5.673  23.986 0.0000000000
123302  45.521  6.255  24.632 0.0000000000
123308  45.795  6.083  23.843 0.0000000000
123307  46.348  6.432  23.298 0.0000000000
124350  47.243  7.338  23.612 0.0000000000
123306  47.003  6.681  22.849 0.0000000000
123314  47.478  6.264  22.239 0.0000000000
123321  48.010  5.848  21.672 0.0000000000
122278  48.046  5.110  21.243 0.0000000000
119837  48.277  3.461  21.361 0.0000000000
118497  49.290  2.556  21.268 0.0000000000
118418  51.468  2.431  25.064 0.0000000000
115880  51.661  1.647  25.339 0.0000000000
130512  47.021  12.759  23.037 0.0000000000
130514  47.172  13.632  22.210 0.0000000000
130515  46.786  13.028  22.522 0.0000000000
130525  46.598  13.404  21.552 0.0000000000
131450  46.447  13.832  20.720 0.0000000000
131460  46.332  14.171  20.152 0.0000000000
129608  45.534  12.771  19.413 0.0000000000
128647  45.859  12.003  17.916 0.0000000000
128642  45.814  11.938  18.942 0.0000000000
127651  46.056  11.010  18.332 0.0000000000
127650  46.343  10.437  17.897 0.0000000000
124417  48.606  7.756  17.552 0.0000000000
124433  48.210  7.944  16.902 0.0000000000
124464  48.752  8.450  15.210 0.0000000000
125555  48.289  8.748  13.681 0.0000000000
125561  47.966  8.394  13.275 0.0000000000
125560  48.658  8.302  13.248 0.0000000000
122375  48.605  6.473  13.103 0.0000000000
131325  53.786  14.686  31.592 0.0000000000
131324  54.737  14.775  31.462 0.0000000000
131347  54.369  14.055  31.152 0.0000000000
129508  54.688  12.811  30.262 0.0000000000
129522  55.810  12.058  30.056 0.0000000000
125405  55.811  8.712  25.634 0.0000000000
126496  55.635  9.066  26.718 0.0000000000
125392  56.693  8.881  26.022 0.0000000000
125391  56.902  9.113  25.517 0.0000000000
127556  56.868  9.847  25.530 0.0000000000
127558  56.311  10.635  25.240 0.0000000000
127573  56.725  9.705  24.335 0.0000000000
127587  56.619  9.877  23.373 0.0000000000
126536  56.515  9.512  22.606 0.0000000000
122306  52.747  5.313  18.427 0.0000000000
123359  53.310  5.970  18.462 0.0000000000
122305  53.863  5.403  17.880 0.0000000000
122304  54.357  5.940  17.864 0.0000000000
123357  54.832  6.510  17.931 0.0000000000
122334  58.406  5.605  16.623 0.0000000000
123371  57.956  6.562  17.333 0.0000000000
123370  58.420  6.479  16.937 0.0000000000
125513  57.896  8.225  17.293 0.0000000000
126598  57.728  9.149  17.816 0.0000000000
126582  57.550  9.316  18.865 0.0000000000
126615  56.211  9.387  17.724 0.0000000000
126627  55.550  9.177  17.336 0.0000000000
125514  54.825  9.105  17.509 0.0000000000
125529  55.085  8.689  16.694 0.0000000000
125543  54.517  8.044  16.040 0.0000000000
124458  54.642  7.708  15.446 0.0000000000
121200  51.574  4.723  15.611 0.0000000000
121201  50.579  4.805  15.417 0.0000000000
121202  49.602  4.814  15.268 0.0000000000
121180  48.891  4.414  16.021 0.0000000000
131371  54.889  14.897  29.181 0.0000000000
129633  42.770  12.154  15.775 0.0000000000
127685  44.041  10.745  14.543 0.0000000000
127684  44.616  10.317  14.455 0.0000000000
131353  48.017  14.044  32.020 0.0000000000
130466  46.773  13.713  30.336 0.0000000000
128554  47.487  11.678  28.348 0.0000000000
123291  44.446  6.577  26.242 0.0000000000
122260  44.183  5.445  25.847 0.0000000000
122259  44.538  5.446  25.333 0.0000000000
122268  45.117  5.128  23.784 0.0000000000
121108  45.242  4.590  23.365 0.0000000000
121114  45.793  4.215  22.708 0.0000000000
119827  46.701  3.291  22.374 0.0000000000
131413  48.586  14.107  24.170 0.0000000000
130507  48.128  13.476  24.116 0.0000000000
128600  49.048  11.838  24.009 0.0000000000
129577  48.135  12.372  23.908 0.0000000000
129578  47.571  12.732  23.687 0.0000000000
128614  47.408  11.271  22.567 0.0000000000
127597  47.129  10.864  22.100 0.0000000000
126553  46.944  9.959  20.984 0.0000000000
126574  46.171  9.961  20.244 0.0000000000
125474  48.313  8.652  19.807 0.0000000000
125490  48.981  8.268  19.220 0.0000000000
126571  49.545  9.240  20.586 0.0000000000
125489  49.948  8.474  19.270 0.0000000000
124416  49.403  7.620  17.686 0.0000000000
124431  50.085  7.436  16.878 0.0000000000
124445  50.822  7.463  15.997 0.0000000000
127508  52.518  10.821  28.114 0.0000000000
127507  53.630  10.616  28.182 0.0000000000
127547  53.849  9.776  26.943 0.0000000000
126514  54.231  9.170  25.876 0.0000000000
126524  53.012  9.034  24.796 0.0000000000
125407  53.983  9.028  25.348 0.0000000000
125406  54.691  8.990  25.340 0.0000000000
125416  55.067  8.731  24.581 0.0000000000
125430  55.428  8.469  23.680 0.0000000000
125444  55.667  8.360  22.758 0.0000000000
118525  56.408  2.611  18.205 0.0000000000
119888  56.495  3.348  17.711 0.0000000000
118544  57.320  2.904  17.655 0.0000000000
118543  57.890  3.452  17.393 0.0000000000
118560  58.152  3.426  17.202 0.0000000000
118562  57.283  2.423  16.730 0.0000000000
119910  57.733  3.192  16.576 0.0000000000
121175  58.193  4.319  16.503 0.0000000000
121194  57.889  4.582  15.966 0.0000000000
122345  57.471  5.494  15.589 0.0000000000
122346  56.459  5.492  15.451 0.0000000000
123391  55.956  6.470  15.371 0.0000000000
121197  54.765  4.556  15.526 0.0000000000
121198  53.763  4.626  15.564 0.0000000000
119913  54.401  3.062  16.241 0.0000000000
119935  53.448  4.036  15.870 0.0000000000
119916  51.005  3.477  16.698 0.0000000000
118530  49.328  2.120  18.086 0.0000000000
115966  48.241  0.518  18.121 0.0000000000
115965  49.316  0.635  18.020 0.0000000000
114734  47.487  -0.230  17.932 0.0000000000
128517  44.245  11.827  33.159 0.0000000000
129490  44.206  11.817  31.773 0.0000000000
128532  43.521  11.652  31.391 0.0000000000
128541  42.744  11.519  29.635 0.0000000000
128559  42.791  11.304  28.604 0.0000000000
127497  41.484  10.689  29.553 0.0000000000
127496  42.120  11.049  29.085 0.0000000000
127514  42.354  10.797  28.216 0.0000000000
126484  42.479  9.719  27.166 0.0000000000
131406  50.565  14.618  25.896 0.0000000000
130503  50.606  13.630  25.828 0.0000000000
130499  51.655  13.682  26.513 0.0000000000
130502  51.299  13.180  26.022 0.0000000000
129574  51.078  11.979  24.857 0.0000000000
128597  51.764  11.650  24.607 0.0000000000
128604  52.457  11.153  23.865 0.0000000000
127578  53.205  10.805  23.208 0.0000000000
123318  50.562  6.350  20.747 0.0000000000
124368  51.449  7.015  21.139 0.0000000000
123317  51.201  6.408  20.461 0.0000000000
122286  51.474  5.613  19.511 0.0000000000
122297  51.730  5.269  19.032 0.0000000000
119856  51.703  3.337  19.173 0.0000000000
121151  52.041  4.274  18.608 0.0000000000
121150  52.773  4.283  18.315 0.0000000000
119870  53.795  3.572  18.219 0.0000000000
118526  55.553  2.706  18.524 0.0000000000
117185  53.875  1.790  21.293 0.0000000000
117184  54.180  1.226  20.920 0.0000000000
117196  54.533  1.601  20.247 0.0000000000
117208  54.845  2.101  19.674 0.0000000000
118507  55.200  2.335  19.096 0.0000000000
117218  55.952  2.205  18.781 0.0000000000
117217  56.631  1.722  18.439 0.0000000000
115971  56.600  0.850  18.123 0.0000000000
114731  55.451  -0.175  17.922 0.0000000000
114733  53.888  -0.922  18.258 0.0000000000
114743  54.714  -0.409  17.156 0.0000000000
114744  54.035  -0.748  16.881 0.0000000000
113561  53.150  -0.790  16.683 0.0000000000
114758  51.969  -0.691  16.733 0.0000000000
114759  51.057  -0.897  16.921 0.0000000000
113565  49.160  -1.813  16.107 0.0000000000
132254  53.280  15.286  32.032 0.0000000000
131348  53.321  14.225  30.905 0.0000000000
130439  52.819  13.760  30.295 0.0000000000
129525  52.601  12.417  29.331 0.0000000000
131316  49.278  14.282  33.201 0.0000000000
131351  49.947  14.871  31.177 0.0000000000
131374  50.390  14.332  30.178 0.0000000000
130463  49.763  13.823  29.537 0.0000000000
130462  50.844  13.471  29.465 0.0000000000
129526  51.445  12.788  29.269 0.0000000000
129537  51.685  12.098  28.923 0.0000000000
129536  52.268  11.937  28.933 0.0000000000
127528  51.885  10.481  27.519 0.0000000000
126500  51.623  9.721  26.320 0.0000000000
127551  50.386  10.124  27.099 0.0000000000
126517  50.960  9.461  25.703 0.0000000000
126526  51.321  9.149  24.945 0.0000000000
129530  44.079  12.300  30.124 0.0000000000
129545  44.378  12.397  29.236 0.0000000000
129544  45.056  12.639  28.940 0.0000000000
128573  44.266  11.315  27.856 0.0000000000
128556  45.607  11.973  28.250 0.0000000000
128571  46.200  11.194  27.860 0.0000000000
127533  46.831  10.403  27.782 0.0000000000
124332  44.478  7.172  26.463 0.0000000000
124331  45.362  7.586  26.472 0.0000000000
124330  45.841  7.858  26.488 0.0000000000
124344  45.567  6.706  25.165 0.0000000000
124338  46.001  7.567  26.020 0.0000000000
125395  46.329  8.188  26.490 0.0000000000
126504  47.145  8.787  26.871 0.0000000000
126520  47.782  8.932  26.082 0.0000000000
125422  48.583  8.467  24.520 0.0000000000
125436  49.091  8.230  23.783 0.0000000000
124348  49.675  7.828  23.085 0.0000000000
124369  50.172  6.775  21.487 0.0000000000
121131  49.780  4.153  19.962 0.0000000000
119858  50.108  3.648  19.826 0.0000000000
118495  50.702  2.567  20.497 0.0000000000
118480  51.647  2.347  21.394 0.0000000000
118444  53.138  2.309  22.709 0.0000000000
118484  48.125  2.602  22.260 0.0000000000
118465  49.741  2.252  22.624 0.0000000000
118464  50.736  2.353  22.498 0.0000000000
118428  51.606  2.437  24.116 0.0000000000
118445  52.472  2.429  23.010 0.0000000000
117162  53.008  2.200  23.503 0.0000000000
129474  44.348  12.403  33.370 0.0000000000
128500  43.726  11.773  33.258 0.0000000000
128501  42.685  11.632  32.995 0.0000000000
129477  41.641  12.094  33.243 0.0000000000
128502  41.594  11.380  33.288 0.0000000000
127466  41.530  10.869  32.761 0.0000000000
127483  40.691  10.321  32.193 0.0000000000
128504  39.118  11.412  32.763 0.0000000000
126424  39.016  10.471  32.559 0.0000000000
126449  39.200  9.652  31.010 0.0000000000
133376  46.418  15.920  17.759 0.0000000000
131467  45.902  14.529  19.061 0.0000000000
132391  45.878  15.080  18.221 0.0000000000
132405  46.060  15.540  17.825 0.0000000000
130558  45.014  13.558  16.093 0.0000000000
129623  44.956  13.120  15.889 0.0000000000
129630  45.428  12.391  15.596 0.0000000000
128672  45.318  10.887  14.407 0.0000000000
127683  45.592  10.247  14.152 0.0000000000
126591  46.532  9.227  18.960 0.0000000000
126605  46.602  9.771  17.662 0.0000000000
126617  47.045  10.015  16.681 0.0000000000
125518  47.608  8.502  16.957 0.0000000000
125533  47.388  9.556  16.392 0.0000000000
126629  47.460  9.906  16.037 0.0000000000
127673  47.350  10.240  15.202 0.0000000000
127682  46.379  10.332  14.289 0.0000000000
126646  45.421  9.450  14.265 0.0000000000
125557  46.050  8.793  14.000 0.0000000000
124486  47.642  7.531  13.327 0.0000000000
131323  55.761  14.818  31.374 0.0000000000
132288  55.407  15.635  29.523 0.0000000000
131370  55.435  14.959  29.333 0.0000000000
130473  55.685  13.423  28.707 0.0000000000
128547  54.196  11.128  28.790 0.0000000000
128546  55.153  11.049  29.082 0.0000000000
127495  56.242  11.345  29.368 0.0000000000
126473  56.395  10.003  27.962 0.0000000000
127504  56.321  10.831  28.394 0.0000000000
128545  56.524  11.707  28.810 0.0000000000
129533  56.242  12.378  28.385 0.0000000000
130474  54.886  13.446  28.505 0.0000000000
129555  54.581  12.702  27.463 0.0000000000
129561  55.072  11.896  26.847 0.0000000000
128589  54.238  11.520  25.501 0.0000000000
127559  55.999  10.760  24.917 0.0000000000
128594  54.813  10.961  24.871 0.0000000000
128595  53.974  11.283  24.489 0.0000000000
127591  52.966  10.601  22.327 0.0000000000
124397  53.429  6.959  19.346 0.0000000000
124381  53.737  7.502  20.422 0.0000000000
124366  54.144  7.772  21.490 0.0000000000
124365  55.325  8.088  21.867 0.0000000000
124364  55.845  8.485  21.707 0.0000000000
122321  56.039  5.394  17.446 0.0000000000
124426  55.972  7.060  17.833 0.0000000000
123372  57.195  6.545  17.467 0.0000000000
124425  56.559  7.310  17.870 0.0000000000
125456  56.183  8.840  21.690 0.0000000000
126547  56.316  9.256  21.601 0.0000000000
126548  56.154  9.577  21.833 0.0000000000
127640  56.341  9.866  20.422 0.0000000000
127626  55.874  9.949  21.128 0.0000000000
127627  54.789  10.264  20.838 0.0000000000
127609  53.840  10.415  21.549 0.0000000000
126567  52.812  9.827  20.148 0.0000000000
126603  52.837  9.280  18.977 0.0000000000
125515  53.970  8.499  17.334 0.0000000000
125516  52.813  8.385  17.650 0.0000000000
125517  52.231  8.279  17.789 0.0000000000
124429  52.250  7.804  17.246 0.0000000000
124444  51.890  7.557  16.136 0.0000000000
124461  51.520  7.541  15.150 0.0000000000
124470  54.677  7.295  15.024 0.0000000000
124471  54.055  7.429  14.934 0.0000000000
122363  52.974  6.056  14.608 0.0000000000
124472  53.138  7.362  14.783 0.0000000000
124473  52.038  7.391  14.416 0.0000000000
124474  51.162  7.629  14.358 0.0000000000
123414  50.774  7.278  13.579 0.0000000000
123405  49.697  6.566  13.394 0.0000000000
122353  49.348  5.401  14.496 0.0000000000
122354  48.451  5.273  14.202 0.0000000000
114761  48.988  -1.206  16.521 0.0000000000
113549  54.140  -0.905  17.054 0.0000000000
113562  52.642  -1.038  16.715 0.0000000000
114720  55.296  -0.101  18.757 0.0000000000
114723  52.811  -1.039  19.731 0.0000000000
114742  55.414  -0.003  17.496 0.0000000000
114756  53.668  -0.346  16.719 0.0000000000
115944  55.133  0.920  19.843 0.0000000000
115952  55.970  1.001  18.988 0.0000000000
115954  54.911  0.120  19.517 0.0000000000
115962  55.948  0.385  18.442 0.0000000000
115964  50.090  0.721  17.843 0.0000000000
115972  56.013  0.334  17.652 0.0000000000
115975  51.888  0.532  17.103 0.0000000000
115983  56.531  0.944  17.473 0.0000000000
117207  55.554  1.649  19.338 0.0000000000
117219  50.366  0.987  17.840 0.0000000000
117238  56.691  1.549  16.941 0.0000000000
118446  51.659  2.432  23.238 0.0000000000
118461  53.230  2.259  21.828 0.0000000000
118462  52.497  2.399  22.128 0.0000000000
118524  56.995  2.319  18.016 0.0000000000
118529  53.039  2.708  18.994 0.0000000000
118545  56.844  2.755  17.882 0.0000000000
118549  49.758  2.666  17.658 0.0000000000
118576  55.853  3.098  16.263 0.0000000000
119826  47.253  2.971  22.287 0.0000000000
119847  50.361  2.921  20.065 0.0000000000
119855  52.231  3.056  19.028 0.0000000000
119857  50.688  3.182  19.750 0.0000000000
119867  56.311  2.929  17.941 0.0000000000
119869  54.983  3.273  18.175 0.0000000000
119872  51.884  3.759  18.782 0.0000000000
119886  57.907  4.089  17.420 0.0000000000
119889  55.428  3.688  17.732 0.0000000000
119891  53.950  4.084  17.815 0.0000000000
119892  51.519  2.706  17.055 0.0000000000
119908  58.212  3.968  17.215 0.0000000000
119909  58.221  3.682  16.846 0.0000000000
119911  57.058  3.052  16.389 0.0000000000
119912  54.895  2.985  16.214 0.0000000000
119930  57.952  3.864  16.387 0.0000000000
121149  53.500  4.522  17.977 0.0000000000
121160  56.741  4.500  17.491 0.0000000000
121162  54.869  4.473  17.607 0.0000000000
121174  58.419  4.659  16.893 0.0000000000
121176  52.387  3.640  16.236 0.0000000000
121193  58.269  4.931  16.390 0.0000000000
122274  46.151  5.032  22.462 0.0000000000
122276  49.532  5.234  20.429 0.0000000000
122279  47.417  4.916  21.585 0.0000000000
122298  50.977  4.762  19.439 0.0000000000
122299  50.558  4.498  19.585 0.0000000000
122307  52.263  4.804  18.515 0.0000000000
122318  58.263  5.603  17.112 0.0000000000
122344  58.175  5.566  16.019 0.0000000000
122362  53.694  5.988  14.824 0.0000000000
122374  48.860  6.359  13.277 0.0000000000
123299  44.133  5.843  26.144 0.0000000000
123329  51.609  6.095  19.790 0.0000000000
123330  50.801  5.904  20.170 0.0000000000
123342  53.403  6.481  18.767 0.0000000000
123343  52.718  6.252  18.973 0.0000000000
123344  52.116  5.947  19.268 0.0000000000
123356  55.597  6.774  17.783 0.0000000000
123358  53.965  6.303  18.350 0.0000000000
123374  55.509  6.127  17.562 0.0000000000
123390  57.015  6.439  15.548 0.0000000000
123393  54.124  6.234  14.864 0.0000000000
123400  54.323  7.056  14.819 0.0000000000
123406  49.207  6.461  13.294 0.0000000000
123407  47.761  6.254  13.432 0.0000000000
123416  49.108  6.895  12.926 0.0000000000
123418  47.673  6.773  13.389 0.0000000000
124340  44.764  6.672  26.163 0.0000000000
124347  50.355  8.087  23.152 0.0000000000
124394  56.811  8.497  19.458 0.0000000000
124408  57.497  8.340  18.378 0.0000000000
124413  51.948  8.203  17.822 0.0000000000
124423  58.159  7.359  17.190 0.0000000000
124440  58.358  7.258  16.665 0.0000000000
124447  48.684  8.193  15.924 0.0000000000
124454  58.124  7.046  16.136 0.0000000000
124455  57.509  7.306  15.944 0.0000000000
124463  49.401  8.122  14.839 0.0000000000
124481  51.418  7.435  13.927 0.0000000000
124482  50.905  7.597  13.820 0.0000000000
124483  50.246  7.743  13.551 0.0000000000
124484  49.393  7.900  13.145 0.0000000000
125393  56.256  8.878  26.405 0.0000000000
125400  41.813  8.267  26.660 0.0000000000
125408  48.942  8.802  25.117 0.0000000000
125413  57.010  9.083  23.998 0.0000000000
125414  56.680  8.817  24.210 0.0000000000
125427  57.012  9.176  23.263 0.0000000000
125457  55.902  8.531  22.142 0.0000000000
125469  57.522  9.093  19.436 0.0000000000
125475  47.747  8.677  19.620 0.0000000000
125485  57.299  8.728  19.362 0.0000000000
125487  51.550  9.064  19.341 0.0000000000
125499  54.822  9.328  18.001 0.0000000000
125512  58.237  7.724  16.998 0.0000000000
125519  47.160  9.227  16.869 0.0000000000
125525  58.088  7.839  16.767 0.0000000000
125527  56.903  8.363  16.406 0.0000000000
125528  56.143  8.530  16.459 0.0000000000
125531  48.492  8.675  15.453 0.0000000000
125540  56.999  7.850  16.086 0.0000000000
125547  47.962  9.374  15.196 0.0000000000
125554  48.956  8.430  13.750 0.0000000000
125562  47.354  8.424  13.428 0.0000000000
125564  46.312  9.008  13.616 0.0000000000
126425  38.477  10.263  32.346 0.0000000000
126440  39.360  10.068  32.156 0.0000000000
126461  56.203  10.379  28.444 0.0000000000
126474  55.849  9.554  27.597 0.0000000000
126475  54.965  9.498  27.364 0.0000000000
126476  54.280  9.630  26.960 0.0000000000
126494  56.993  9.448  26.089 0.0000000000
126497  54.676  9.331  26.567 0.0000000000
126501  50.598  9.749  26.482 0.0000000000
126512  56.871  9.502  25.381 0.0000000000
126515  53.227  9.280  25.451 0.0000000000
126523  56.806  9.402  24.565 0.0000000000
126535  56.880  9.463  23.265 0.0000000000
126537  56.215  9.785  22.365 0.0000000000
126554  46.416  10.293  20.911 0.0000000000
126566  56.271  9.500  21.124 0.0000000000
126572  48.560  9.139  20.512 0.0000000000
126587  52.517  9.523  19.679 0.0000000000
126588  51.791  9.366  19.848 0.0000000000
126589  51.040  9.168  19.943 0.0000000000
126590  47.327  8.690  19.343 0.0000000000
126592  45.881  10.219  19.194 0.0000000000
126602  53.801  9.497  18.740 0.0000000000
126614  57.014  9.254  17.385 0.0000000000
126616  55.376  9.400  17.921 0.0000000000
126625  56.916  8.864  16.765 0.0000000000
126643  47.686  9.043  13.525 0.0000000000
126644  47.096  9.650  13.856 0.0000000000
126645  46.174  9.729  13.884 0.0000000000
126654  46.101  9.260  13.802 0.0000000000
127460  41.189  10.971  33.249 0.0000000000
127467  40.597  10.808  33.050 0.0000000000
127494  56.413  11.275  29.073 0.0000000000
127505  55.964  10.758  28.939 0.0000000000
127513  48.065  11.251  28.394 0.0000000000
127545  56.948  9.842  25.867 0.0000000000
127557  56.728  10.269  25.702 0.0000000000
127564  56.762  9.794  25.074 0.0000000000
127565  56.605  10.146  24.827 0.0000000000
127574  56.575  10.034  24.074 0.0000000000
127586  56.769  9.658  23.744 0.0000000000
127588  56.110  10.146  22.907 0.0000000000
127608  54.951  10.309  21.799 0.0000000000
127616  46.512  10.704  21.493 0.0000000000
127617  45.826  11.008  21.192 0.0000000000
127625  56.310  9.650  20.751 0.0000000000
127630  51.851  9.874  20.722 0.0000000000
127643  53.991  9.969  19.841 0.0000000000
127665  47.420  10.175  15.677 0.0000000000
128491  44.048  11.978  33.623 0.0000000000
128492  43.888  11.923  33.550 0.0000000000
128493  43.488  11.897  33.406 0.0000000000
128494  41.156  11.289  33.396 0.0000000000
128495  40.781  11.466  33.350 0.0000000000
128499  44.144  11.931  33.445 0.0000000000
128531  56.140  12.039  30.042 0.0000000000
128535  56.454  11.933  29.608 0.0000000000
128536  55.784  11.563  29.636 0.0000000000
128548  53.124  11.287  28.593 0.0000000000
128549  52.114  11.488  28.578 0.0000000000
128553  48.303  11.790  28.447 0.0000000000
128569  56.224  11.414  27.482 0.0000000000
128575  42.825  10.985  28.046 0.0000000000
128582  55.639  11.384  26.387 0.0000000000
128588  55.502  11.043  25.460 0.0000000000
128591  52.390  11.875  25.128 0.0000000000
128608  48.545  11.401  23.379 0.0000000000
128609  47.710  11.599  23.119 0.0000000000
128610  47.144  11.798  22.832 0.0000000000
128664  46.045  10.986  14.697 0.0000000000
128671  45.827  10.623  14.346 0.0000000000
129465  44.052  12.133  33.549 0.0000000000
129466  43.773  12.143  33.512 0.0000000000
129468  41.233  11.633  33.398 0.0000000000
129506  56.497  12.978  30.072 0.0000000000
129510  45.216  12.458  32.212 0.0000000000
129512  43.985  12.000  30.987 0.0000000000
129523  55.192  12.215  29.886 0.0000000000
129524  53.946  12.393  29.875 0.0000000000
129527  50.896  12.923  29.160 0.0000000000
129534  55.350  12.763  28.173 0.0000000000
129535  54.805  13.057  28.071 0.0000000000
129539  49.655  12.445  28.741 0.0000000000
129564  51.643  13.007  26.106 0.0000000000
129570  50.041  12.920  25.254 0.0000000000
129580  47.899  11.882  23.512 0.0000000000
129581  47.403  12.333  23.330 0.0000000000
129582  46.790  12.322  22.717 0.0000000000
129584  46.257  12.512  21.955 0.0000000000
129585  45.871  12.220  21.570 0.0000000000
129594  46.204  12.930  21.553 0.0000000000
130417  56.171  14.350  31.155 0.0000000000
130436  56.090  13.769  30.838 0.0000000000
130437  55.073  13.497  30.663 0.0000000000
130440  52.238  13.871  30.239 0.0000000000
130458  56.566  13.629  29.596 0.0000000000
130459  53.744  12.871  30.191 0.0000000000
130492  52.006  14.191  26.925 0.0000000000
130508  47.664  12.966  23.924 0.0000000000
130510  47.859  13.872  23.538 0.0000000000
130526  46.187  13.105  21.316 0.0000000000
130532  46.510  13.670  20.995 0.0000000000
130533  46.123  13.411  20.811 0.0000000000
131329  49.618  14.542  32.322 0.0000000000
131345  55.919  14.262  31.199 0.0000000000
131369  56.262  14.742  29.620 0.0000000000
131372  51.953  13.924  30.219 0.0000000000
131380  55.947  14.183  29.102 0.0000000000
131381  54.790  14.484  28.895 0.0000000000
131382  54.168  14.917  28.581 0.0000000000
131400  51.700  14.632  26.826 0.0000000000
131420  47.782  13.994  23.215 0.0000000000
131438  47.472  14.217  21.551 0.0000000000
131439  47.016  13.846  21.415 0.0000000000
131457  48.672  15.055  19.449 0.0000000000
132238  54.266  15.793  32.161 0.0000000000
132251  55.637  15.586  31.280 0.0000000000
132301  54.244  16.149  28.239 0.0000000000
132302  53.908  15.594  28.224 0.0000000000
133229  55.039  15.984  31.182 0.0000000000
