#!ascii label  , from subject 3069 vox2ras=TkReg
1306
105189  -41.240  11.577  48.719 0.0000000000
104403  -50.406  10.562  36.618 0.0000000000
112669  -48.536  20.053  48.034 0.0000000000
104329  -48.432  10.873  42.422 0.0000000000
100345  -48.115  6.469  49.735 0.0000000000
107061  -41.523  13.733  40.672 0.0000000000
111994  -45.265  19.352  35.768 0.0000000000
116169  -42.888  24.486  38.742 0.0000000000
96269  -42.642  3.193  53.970 0.0000000000
103401  -42.359  9.868  43.584 0.0000000000
107048  -45.114  13.844  41.769 0.0000000000
107017  -43.229  13.601  45.380 0.0000000000
113556  -51.362  22.076  42.020 0.0000000000
112727  -45.812  20.715  41.551 0.0000000000
113615  -49.139  21.612  37.031 0.0000000000
113610  -44.804  21.367  36.580 0.0000000000
117040  -47.671  25.402  34.589 0.0000000000
105330  -47.043  12.066  35.008 0.0000000000
106085  -42.051  12.213  52.618 0.0000000000
106992  -45.744  13.407  49.781 0.0000000000
106128  -51.820  12.831  46.344 0.0000000000
102436  -47.590  8.461  45.791 0.0000000000
100376  -42.407  6.997  46.650 0.0000000000
98284  -42.509  4.995  49.776 0.0000000000
106232  -47.074  12.880  36.990 0.0000000000
107171  -43.132  13.320  34.004 0.0000000000
111202  -42.562  18.522  45.432 0.0000000000
110505  -41.390  17.220  38.144 0.0000000000
109731  -41.463  16.710  32.144 0.0000000000
112020  -40.613  18.901  33.087 0.0000000000
111973  -40.579  19.942  38.161 0.0000000000
104286  -41.208  10.642  45.415 0.0000000000
106150  -42.566  12.260  44.552 0.0000000000
106115  -43.154  12.494  47.235 0.0000000000
115300  -50.431  23.481  38.980 0.0000000000
113590  -50.642  21.849  38.986 0.0000000000
115319  -50.421  23.237  36.789 0.0000000000
115324  -48.962  23.656  35.182 0.0000000000
105319  -49.127  11.602  36.083 0.0000000000
107897  -40.679  14.021  50.851 0.0000000000
107900  -43.940  14.089  51.714 0.0000000000
101428  -47.437  7.116  47.655 0.0000000000
101447  -44.868  7.076  45.704 0.0000000000
100369  -45.006  6.345  47.551 0.0000000000
97268  -42.180  3.996  51.929 0.0000000000
101399  -37.573  7.165  50.605 0.0000000000
102372  -38.773  8.827  51.672 0.0000000000
102370  -37.014  8.558  52.236 0.0000000000
106194  -49.410  12.237  40.280 0.0000000000
107989  -43.534  14.528  41.473 0.0000000000
108014  -46.447  14.418  39.695 0.0000000000
107109  -43.931  12.976  38.986 0.0000000000
106254  -45.008  12.775  35.055 0.0000000000
107125  -41.713  13.242  37.405 0.0000000000
109621  -48.636  16.076  49.562 0.0000000000
109633  -44.464  16.669  48.321 0.0000000000
111898  -45.841  19.179  46.796 0.0000000000
112756  -45.496  20.073  38.113 0.0000000000
111958  -43.230  19.346  40.433 0.0000000000
111270  -43.117  18.353  36.397 0.0000000000
110530  -41.468  17.281  35.273 0.0000000000
111293  -43.083  18.572  33.344 0.0000000000
110563  -41.422  17.982  31.858 0.0000000000
112023  -43.490  19.527  32.872 0.0000000000
114415  -44.839  22.911  38.177 0.0000000000
112765  -42.568  21.022  37.337 0.0000000000
113573  -41.811  21.696  39.249 0.0000000000
111956  -39.837  20.137  39.783 0.0000000000
115284  -41.195  23.222  39.923 0.0000000000
103418  -45.200  9.697  42.244 0.0000000000
105284  -46.180  11.739  40.741 0.0000000000
105260  -43.947  11.953  41.993 0.0000000000
107036  -43.786  13.564  43.433 0.0000000000
107955  -41.707  14.461  44.078 0.0000000000
113508  -49.574  21.658  45.577 0.0000000000
112689  -47.080  20.500  44.852 0.0000000000
113553  -49.324  21.478  41.619 0.0000000000
113587  -47.874  21.116  38.856 0.0000000000
112779  -46.859  19.993  36.206 0.0000000000
112789  -45.814  20.171  35.478 0.0000000000
113612  -47.062  21.498  36.285 0.0000000000
115316  -46.821  23.719  36.855 0.0000000000
117029  -45.268  25.738  36.390 0.0000000000
104420  -44.995  10.912  33.811 0.0000000000
105171  -42.379  10.847  51.557 0.0000000000
106105  -43.956  12.753  49.560 0.0000000000
105168  -45.081  11.966  51.823 0.0000000000
107903  -47.425  14.242  51.405 0.0000000000
111162  -48.616  18.093  50.244 0.0000000000
112651  -46.261  20.092  49.360 0.0000000000
114346  -49.191  21.480  48.682 0.0000000000
105234  -49.970  11.795  44.237 0.0000000000
104288  -49.517  10.457  45.706 0.0000000000
103407  -47.809  9.761  43.918 0.0000000000
102452  -45.297  8.177  44.337 0.0000000000
101466  -42.241  8.246  44.731 0.0000000000
100320  -47.576  6.076  51.462 0.0000000000
98223  -44.778  4.281  53.498 0.0000000000
98251  -44.709  4.902  52.056 0.0000000000
99301  -45.371  5.624  49.523 0.0000000000
99310  -42.707  5.777  48.623 0.0000000000
104246  -39.789  10.319  49.695 0.0000000000
107133  -51.808  12.857  36.804 0.0000000000
108004  -47.517  13.955  40.141 0.0000000000
107114  -48.085  13.808  38.445 0.0000000000
107162  -49.667  13.060  35.064 0.0000000000
107175  -47.221  13.287  34.168 0.0000000000
107188  -45.421  13.206  33.359 0.0000000000
106294  -44.211  12.640  32.715 0.0000000000
107931  -44.095  14.005  47.971 0.0000000000
108797  -41.650  15.632  46.485 0.0000000000
109653  -40.373  16.156  43.324 0.0000000000
111927  -44.843  20.034  43.616 0.0000000000
111240  -42.129  18.609  41.459 0.0000000000
109679  -40.503  16.191  39.624 0.0000000000
108881  -40.714  15.140  35.886 0.0000000000
108064  -42.079  14.503  32.970 0.0000000000
106303  -42.093  13.422  31.369 0.0000000000
112786  -42.581  20.228  35.208 0.0000000000
112001  -40.678  19.466  35.127 0.0000000000
111276  -38.310  18.074  35.920 0.0000000000
111261  -37.304  18.108  38.348 0.0000000000
111237  -37.991  19.088  40.555 0.0000000000
105206  -40.836  11.216  46.852 0.0000000000
105207  -41.514  11.476  46.257 0.0000000000
105196  -41.503  11.673  47.407 0.0000000000
115309  -50.576  23.228  37.875 0.0000000000
116204  -49.779  24.707  35.383 0.0000000000
105320  -49.970  11.533  36.284 0.0000000000
101418  -47.844  6.963  48.351 0.0000000000
100371  -46.746  6.573  47.882 0.0000000000
100359  -46.227  6.181  48.490 0.0000000000
99279  -37.651  5.998  50.800 0.0000000000
101393  -37.355  7.799  50.996 0.0000000000
105261  -48.993  11.380  42.006 0.0000000000
105275  -48.752  11.422  41.221 0.0000000000
107988  -42.337  13.932  41.215 0.0000000000
107077  -43.660  13.698  40.130 0.0000000000
107076  -42.878  13.564  40.036 0.0000000000
106218  -43.204  12.562  38.522 0.0000000000
107090  -41.531  13.521  39.275 0.0000000000
111186  -48.687  18.055  49.007 0.0000000000
111193  -46.727  18.180  48.085 0.0000000000
111894  -47.563  19.044  47.868 0.0000000000
111984  -44.885  19.242  36.760 0.0000000000
111983  -44.189  18.947  37.131 0.0000000000
111272  -44.773  19.128  36.134 0.0000000000
111278  -43.121  18.300  35.289 0.0000000000
111287  -43.976  18.555  34.579 0.0000000000
111303  -43.645  19.041  32.982 0.0000000000
112014  -44.658  19.528  34.270 0.0000000000
116170  -43.769  24.548  38.446 0.0000000000
114413  -42.971  22.191  38.797 0.0000000000
115286  -42.899  23.127  39.219 0.0000000000
114406  -41.741  22.563  39.606 0.0000000000
116168  -41.975  24.433  39.168 0.0000000000
103402  -43.432  9.411  42.918 0.0000000000
103417  -44.141  10.135  42.138 0.0000000000
103416  -43.046  10.321  42.657 0.0000000000
106151  -43.197  12.838  44.974 0.0000000000
106161  -43.268  12.650  43.913 0.0000000000
107944  -43.342  14.002  44.648 0.0000000000
107956  -43.048  14.375  44.080 0.0000000000
107943  -42.741  14.269  45.167 0.0000000000
113529  -50.898  22.066  43.580 0.0000000000
113527  -49.493  21.494  43.618 0.0000000000
113540  -50.244  21.711  42.605 0.0000000000
113601  -49.632  21.698  37.580 0.0000000000
113577  -48.868  21.524  39.628 0.0000000000
112759  -48.300  21.068  37.918 0.0000000000
112768  -47.434  20.558  37.380 0.0000000000
112781  -47.939  20.767  36.959 0.0000000000
113626  -47.135  20.655  36.055 0.0000000000
113613  -47.800  21.485  36.458 0.0000000000
116203  -48.401  24.683  34.876 0.0000000000
115317  -47.873  23.614  36.109 0.0000000000
116201  -46.810  25.118  36.035 0.0000000000
116192  -46.196  24.773  36.914 0.0000000000
117030  -46.161  25.538  36.029 0.0000000000
105342  -45.828  11.702  34.066 0.0000000000
104232  -42.856  10.710  52.009 0.0000000000
105172  -43.647  11.640  51.501 0.0000000000
105165  -43.268  11.669  52.534 0.0000000000
108771  -44.189  15.541  50.700 0.0000000000
107901  -45.244  14.226  51.943 0.0000000000
109605  -46.136  16.278  50.841 0.0000000000
109607  -48.178  16.474  51.097 0.0000000000
110410  -46.994  17.270  50.558 0.0000000000
113489  -45.717  21.382  48.373 0.0000000000
113478  -47.884  20.750  49.143 0.0000000000
114355  -48.904  22.416  48.112 0.0000000000
115210  -49.920  22.532  47.111 0.0000000000
115208  -49.011  23.577  46.881 0.0000000000
105235  -50.757  12.594  44.270 0.0000000000
105223  -50.599  12.139  45.209 0.0000000000
103366  -50.063  9.891  46.762 0.0000000000
103373  -48.969  9.730  45.857 0.0000000000
104302  -48.715  10.193  44.958 0.0000000000
103371  -47.725  9.154  45.078 0.0000000000
102467  -46.435  8.801  43.922 0.0000000000
102453  -46.534  8.424  44.723 0.0000000000
100392  -43.890  6.828  45.988 0.0000000000
101446  -43.896  7.347  45.457 0.0000000000
101435  -42.900  7.187  46.006 0.0000000000
97245  -43.647  3.961  53.291 0.0000000000
98250  -43.542  4.422  52.271 0.0000000000
98264  -43.862  4.662  51.311 0.0000000000
99272  -44.992  5.353  50.850 0.0000000000
99283  -43.944  5.341  50.076 0.0000000000
99299  -43.785  5.479  49.446 0.0000000000
99298  -42.990  5.500  49.405 0.0000000000
103336  -39.643  9.711  50.435 0.0000000000
102385  -39.114  8.953  50.671 0.0000000000
106234  -52.297  12.146  37.337 0.0000000000
106190  -45.799  12.627  40.836 0.0000000000
106191  -46.594  12.600  40.558 0.0000000000
107064  -46.251  13.831  40.856 0.0000000000
107112  -46.447  13.704  38.794 0.0000000000
108025  -47.425  14.151  39.207 0.0000000000
107129  -47.609  13.289  37.395 0.0000000000
107130  -48.579  13.495  37.266 0.0000000000
107143  -47.815  13.539  35.984 0.0000000000
107177  -49.091  13.149  34.526 0.0000000000
107142  -46.976  13.424  35.570 0.0000000000
107156  -44.386  13.147  34.635 0.0000000000
106268  -45.400  13.231  34.463 0.0000000000
107172  -44.210  13.381  33.907 0.0000000000
106281  -44.961  12.664  33.102 0.0000000000
107186  -43.472  13.632  32.877 0.0000000000
106991  -44.981  13.257  49.398 0.0000000000
106117  -44.352  13.072  48.329 0.0000000000
106997  -45.447  13.988  49.043 0.0000000000
110439  -43.724  17.612  47.552 0.0000000000
109631  -42.827  16.892  47.518 0.0000000000
110444  -41.923  17.663  46.329 0.0000000000
109637  -40.579  17.008  45.003 0.0000000000
110452  -41.134  18.022  44.260 0.0000000000
112715  -46.094  20.818  42.594 0.0000000000
112702  -46.132  20.534  43.908 0.0000000000
112714  -45.213  20.381  42.507 0.0000000000
111256  -42.653  18.623  39.021 0.0000000000
111957  -42.648  18.961  40.949 0.0000000000
111246  -41.887  18.116  39.925 0.0000000000
110479  -40.816  17.774  40.965 0.0000000000
110495  -40.798  16.917  38.941 0.0000000000
108867  -40.664  15.190  37.939 0.0000000000
109704  -40.927  16.393  36.738 0.0000000000
109724  -41.208  16.669  33.325 0.0000000000
108898  -41.236  15.514  33.751 0.0000000000
108905  -41.579  15.600  32.421 0.0000000000
108079  -42.761  14.354  31.219 0.0000000000
108078  -42.026  14.785  30.919 0.0000000000
107197  -41.321  13.946  31.379 0.0000000000
108077  -41.339  14.976  30.937 0.0000000000
112031  -40.971  18.767  32.104 0.0000000000
110554  -40.313  17.094  32.176 0.0000000000
113624  -45.486  20.861  35.802 0.0000000000
112788  -45.002  20.436  35.172 0.0000000000
113622  -43.849  20.939  35.911 0.0000000000
112763  -41.061  20.220  37.345 0.0000000000
112776  -41.688  20.157  36.367 0.0000000000
111982  -40.423  19.748  37.333 0.0000000000
111277  -39.065  18.570  35.968 0.0000000000
111981  -39.495  19.061  37.218 0.0000000000
111268  -38.176  18.285  37.204 0.0000000000
111971  -38.927  19.074  38.253 0.0000000000
112724  -39.570  20.999  40.717 0.0000000000
111954  -38.331  19.313  40.401 0.0000000000
111947  -38.271  19.558  40.979 0.0000000000
111946  -36.915  19.586  41.646 0.0000000000
103386  -41.556  9.744  44.545 0.0000000000
104311  -41.919  10.830  43.813 0.0000000000
105220  -41.769  11.668  45.193 0.0000000000
106139  -42.667  12.397  45.476 0.0000000000
106140  -43.196  12.951  45.889 0.0000000000
113580  -51.054  21.850  40.268 0.0000000000
114417  -50.891  22.615  38.750 0.0000000000
114428  -50.415  22.400  37.670 0.0000000000
114449  -49.893  22.709  36.110 0.0000000000
114439  -48.822  22.399  35.899 0.0000000000
115325  -49.646  23.419  35.313 0.0000000000
115333  -49.292  24.204  34.756 0.0000000000
105331  -47.910  12.218  35.028 0.0000000000
106959  -41.231  13.066  52.008 0.0000000000
106961  -42.680  12.854  52.465 0.0000000000
107914  -42.374  14.410  50.833 0.0000000000
102426  -47.908  8.046  46.566 0.0000000000
101448  -46.129  7.460  45.615 0.0000000000
101437  -46.351  7.050  46.581 0.0000000000
100380  -45.572  6.626  46.896 0.0000000000
100368  -44.095  6.322  47.390 0.0000000000
97258  -41.873  3.701  52.609 0.0000000000
98261  -40.604  4.166  51.118 0.0000000000
101400  -38.159  7.540  50.437 0.0000000000
102384  -38.594  8.419  50.964 0.0000000000
101394  -38.069  8.046  50.930 0.0000000000
102371  -37.936  8.459  51.962 0.0000000000
107990  -44.555  14.658  41.540 0.0000000000
108002  -45.472  14.509  40.654 0.0000000000
108001  -44.424  14.345  40.545 0.0000000000
107094  -45.154  13.744  39.492 0.0000000000
106220  -44.924  12.599  38.221 0.0000000000
106243  -45.818  12.825  36.071 0.0000000000
106229  -44.422  12.563  37.347 0.0000000000
106241  -43.761  12.581  36.435 0.0000000000
107140  -42.425  13.185  35.942 0.0000000000
107922  -47.423  14.566  49.664 0.0000000000
108791  -46.053  15.188  49.174 0.0000000000
109627  -46.222  16.257  49.168 0.0000000000
111191  -44.579  18.338  47.362 0.0000000000
111204  -44.177  19.043  45.982 0.0000000000
112746  -45.539  20.590  39.242 0.0000000000
112725  -44.230  20.084  40.900 0.0000000000
112745  -44.491  20.007  39.237 0.0000000000
111965  -43.305  18.999  38.558 0.0000000000
110514  -42.292  17.799  37.294 0.0000000000
110522  -41.467  16.968  36.175 0.0000000000
110523  -42.284  17.568  36.059 0.0000000000
110531  -42.326  17.814  34.824 0.0000000000
110545  -41.564  17.696  33.010 0.0000000000
109738  -41.174  16.832  31.654 0.0000000000
111314  -42.243  18.653  32.009 0.0000000000
111323  -42.818  19.078  31.985 0.0000000000
112816  -42.357  19.788  32.820 0.0000000000
114424  -44.544  22.289  37.871 0.0000000000
113609  -43.665  21.190  36.548 0.0000000000
113586  -43.611  22.001  38.155 0.0000000000
112753  -42.047  20.943  38.261 0.0000000000
111964  -40.704  20.253  38.672 0.0000000000
111963  -40.057  19.952  39.116 0.0000000000
112733  -40.777  21.012  39.830 0.0000000000
114400  -40.496  22.230  40.533 0.0000000000
115271  -40.382  22.960  40.523 0.0000000000
103419  -46.187  9.730  42.436 0.0000000000
104350  -46.606  11.008  40.758 0.0000000000
103431  -45.030  10.329  41.636 0.0000000000
105272  -44.621  11.872  41.471 0.0000000000
106180  -44.458  12.756  41.779 0.0000000000
105245  -42.743  11.875  43.348 0.0000000000
106169  -43.604  12.809  43.105 0.0000000000
107047  -44.570  13.596  42.257 0.0000000000
107977  -43.679  14.647  42.390 0.0000000000
107976  -42.689  14.525  42.262 0.0000000000
107975  -41.634  14.298  42.109 0.0000000000
112675  -49.150  21.141  46.324 0.0000000000
112673  -48.034  20.296  46.653 0.0000000000
112681  -48.779  21.176  45.594 0.0000000000
112717  -48.002  21.219  43.223 0.0000000000
113551  -47.659  21.408  41.557 0.0000000000
113566  -50.031  21.508  40.756 0.0000000000
113564  -48.198  21.417  40.602 0.0000000000
113575  -47.071  21.161  40.076 0.0000000000
112757  -46.564  20.531  38.239 0.0000000000
112767  -46.513  20.149  37.075 0.0000000000
111996  -46.443  19.741  36.088 0.0000000000
112015  -45.235  19.647  34.914 0.0000000000
112790  -46.568  20.029  35.809 0.0000000000
113625  -46.434  20.711  35.894 0.0000000000
113611  -45.969  21.578  36.541 0.0000000000
114438  -47.902  22.397  36.339 0.0000000000
114437  -46.729  22.582  36.674 0.0000000000
113599  -45.708  22.046  37.055 0.0000000000
114416  -45.222  23.135  37.916 0.0000000000
115306  -44.938  24.150  37.897 0.0000000000
117016  -43.862  25.471  37.788 0.0000000000
105184  -41.449  11.459  50.046 0.0000000000
105185  -42.380  11.950  49.457 0.0000000000
105181  -43.327  12.146  50.137 0.0000000000
106101  -44.190  12.515  50.589 0.0000000000
106986  -45.839  13.072  50.679 0.0000000000
106963  -44.733  13.012  52.405 0.0000000000
106965  -46.379  13.345  51.915 0.0000000000
106988  -47.837  13.810  50.637 0.0000000000
107919  -48.933  14.706  50.573 0.0000000000
110428  -49.680  16.723  49.735 0.0000000000
111890  -49.080  18.605  48.968 0.0000000000
111175  -45.694  18.258  49.870 0.0000000000
111879  -47.583  19.291  49.780 0.0000000000
112654  -49.051  19.858  49.301 0.0000000000
112667  -49.052  19.973  48.552 0.0000000000
113501  -49.741  21.796  46.847 0.0000000000
114363  -50.289  22.416  45.659 0.0000000000
115254  -51.203  23.006  43.647 0.0000000000
105248  -49.811  11.683  43.187 0.0000000000
105247  -49.078  11.240  42.906 0.0000000000
104276  -50.565  10.712  46.691 0.0000000000
105209  -50.924  12.056  46.327 0.0000000000
105222  -49.834  11.422  45.153 0.0000000000
104314  -48.467  10.433  43.687 0.0000000000
104328  -47.503  10.280  42.700 0.0000000000
103405  -46.399  9.275  43.369 0.0000000000
102465  -44.914  8.594  43.544 0.0000000000
102464  -43.907  8.666  43.453 0.0000000000
101470  -45.499  7.746  45.033 0.0000000000
101468  -43.643  7.791  44.785 0.0000000000
102449  -42.425  8.738  44.265 0.0000000000
102433  -41.402  8.759  45.180 0.0000000000
98238  -46.826  4.875  53.673 0.0000000000
98234  -43.700  4.253  52.820 0.0000000000
98236  -45.221  4.599  52.966 0.0000000000
98253  -46.266  5.112  52.579 0.0000000000
99262  -46.345  5.434  52.083 0.0000000000
99287  -46.645  5.756  50.927 0.0000000000
100343  -46.337  5.966  49.440 0.0000000000
100358  -45.278  5.832  48.501 0.0000000000
100357  -44.290  5.888  48.155 0.0000000000
100355  -42.453  6.160  47.893 0.0000000000
104255  -40.379  10.825  49.024 0.0000000000
104247  -40.511  10.817  50.149 0.0000000000
104241  -41.388  10.508  51.520 0.0000000000
104224  -40.861  10.422  52.152 0.0000000000
106084  -40.883  12.394  52.304 0.0000000000
103479  -52.226  9.946  37.485 0.0000000000
105323  -52.406  10.882  36.810 0.0000000000
105322  -51.844  11.215  36.430 0.0000000000
105286  -47.890  11.712  40.431 0.0000000000
106193  -48.406  12.679  40.026 0.0000000000
108015  -47.405  14.205  39.764 0.0000000000
108026  -48.235  14.206  39.213 0.0000000000
107115  -49.195  13.825  38.546 0.0000000000
107132  -50.782  13.410  36.948 0.0000000000
107146  -50.639  12.887  36.046 0.0000000000
105334  -50.240  12.026  35.847 0.0000000000
106258  -49.229  12.763  34.890 0.0000000000
106257  -48.424  12.614  34.573 0.0000000000
105344  -47.529  12.489  34.576 0.0000000000
107158  -46.453  13.432  34.799 0.0000000000
107190  -46.511  13.289  33.725 0.0000000000
105354  -46.251  12.619  33.975 0.0000000000
105353  -45.798  12.209  33.472 0.0000000000
104427  -44.633  11.356  33.206 0.0000000000
104434  -43.551  10.875  32.471 0.0000000000
106109  -43.514  12.412  47.896 0.0000000000
106116  -44.008  12.776  47.564 0.0000000000
107005  -43.239  13.746  46.428 0.0000000000
108789  -44.292  15.572  48.497 0.0000000000
107929  -42.759  14.878  47.194 0.0000000000
107934  -42.582  14.512  46.409 0.0000000000
108810  -41.146  14.972  44.886 0.0000000000
108809  -40.686  15.273  44.088 0.0000000000
108826  -40.411  15.185  42.289 0.0000000000
112679  -46.643  20.181  45.595 0.0000000000
111904  -44.731  19.425  45.553 0.0000000000
111913  -43.787  19.435  44.427 0.0000000000
111951  -44.151  19.764  42.024 0.0000000000
111940  -43.024  19.129  42.465 0.0000000000
111216  -42.431  18.820  43.379 0.0000000000
110469  -40.787  17.572  42.883 0.0000000000
109667  -40.205  16.143  41.719 0.0000000000
107998  -40.607  14.712  40.049 0.0000000000
108023  -40.665  14.445  38.538 0.0000000000
107154  -41.861  13.609  35.257 0.0000000000
109711  -40.875  16.545  35.664 0.0000000000
108057  -41.335  14.482  34.644 0.0000000000
107185  -42.732  13.863  33.260 0.0000000000
107199  -43.301  13.696  31.874 0.0000000000
105362  -42.878  11.928  32.256 0.0000000000
109737  -40.719  16.552  31.575 0.0000000000
112797  -44.577  20.132  34.408 0.0000000000
112804  -43.333  20.001  33.339 0.0000000000
112022  -41.990  19.761  33.714 0.0000000000
112777  -42.807  20.811  36.345 0.0000000000
112002  -41.715  19.775  35.143 0.0000000000
112011  -40.611  19.361  34.120 0.0000000000
111285  -39.003  18.475  34.987 0.0000000000
111284  -38.390  17.933  34.980 0.0000000000
109709  -37.502  16.958  36.175 0.0000000000
111245  -38.684  19.201  39.539 0.0000000000
111253  -37.755  18.398  39.162 0.0000000000
117027  -43.167  26.004  36.968 0.0000000000
117014  -41.876  25.585  37.561 0.0000000000
116167  -40.973  24.639  38.942 0.0000000000
116156  -40.295  24.358  39.412 0.0000000000
115270  -39.556  23.320  40.505 0.0000000000
105195  -40.623  11.225  47.684 0.0000000000
101409  -48.774  7.012  49.614 0.0000000000
101419  -48.516  7.196  48.840 0.0000000000
100361  -47.790  6.607  48.983 0.0000000000
100360  -47.103  6.486  48.603 0.0000000000
99270  -37.300  5.565  51.564 0.0000000000
104343  -48.539  11.136  41.780 0.0000000000
104342  -47.963  10.878  41.471 0.0000000000
107999  -42.648  13.760  40.540 0.0000000000
107075  -42.052  13.520  40.176 0.0000000000
107091  -42.310  13.144  39.260 0.0000000000
107074  -41.242  13.764  39.987 0.0000000000
111889  -48.435  19.006  48.333 0.0000000000
111888  -48.019  18.778  48.231 0.0000000000
111895  -48.130  19.879  47.655 0.0000000000
111280  -44.705  19.034  35.587 0.0000000000
111279  -44.042  18.535  35.517 0.0000000000
111288  -44.631  18.929  34.768 0.0000000000
111295  -44.407  18.948  34.115 0.0000000000
112004  -45.103  19.433  35.064 0.0000000000
115296  -43.256  23.591  38.892 0.0000000000
115295  -42.650  24.017  39.150 0.0000000000
115285  -42.295  23.426  39.419 0.0000000000
103415  -42.619  10.565  43.059 0.0000000000
107027  -43.508  13.434  44.424 0.0000000000
113542  -51.422  22.172  42.838 0.0000000000
113541  -50.976  21.871  42.694 0.0000000000
113555  -50.832  21.820  41.820 0.0000000000
113600  -48.762  21.261  37.495 0.0000000000
112769  -48.131  20.933  37.432 0.0000000000
113614  -48.464  21.390  36.751 0.0000000000
116202  -47.633  24.809  35.531 0.0000000000
117039  -46.589  25.724  35.064 0.0000000000
105317  -47.432  11.722  35.758 0.0000000000
105316  -46.585  11.709  35.645 0.0000000000
105329  -45.982  12.031  35.051 0.0000000000
105164  -42.511  11.539  52.574 0.0000000000
104226  -42.966  11.128  52.364 0.0000000000
106086  -43.009  12.222  52.769 0.0000000000
109604  -44.932  16.546  50.408 0.0000000000
108772  -45.136  15.557  51.055 0.0000000000
109606  -47.253  16.549  50.958 0.0000000000
110409  -45.947  17.414  50.240 0.0000000000
114354  -48.184  22.701  47.923 0.0000000000
115198  -48.975  23.066  47.570 0.0000000000
107018  -52.380  13.368  45.922 0.0000000000
106142  -51.771  13.227  45.478 0.0000000000
106127  -51.254  12.677  45.677 0.0000000000
103372  -48.368  9.431  45.510 0.0000000000
102454  -47.319  8.812  44.995 0.0000000000
102435  -46.828  7.952  45.484 0.0000000000
100377  -43.009  6.871  46.469 0.0000000000
100391  -43.340  7.143  45.879 0.0000000000
101434  -42.273  7.304  46.209 0.0000000000
101426  -42.130  7.086  46.737 0.0000000000
97244  -42.624  3.483  53.456 0.0000000000
98273  -43.222  4.919  50.432 0.0000000000
98274  -44.171  5.029  50.648 0.0000000000
98285  -43.028  5.194  49.872 0.0000000000
99282  -43.383  5.298  49.857 0.0000000000
102393  -38.901  8.941  49.782 0.0000000000
107116  -50.515  13.484  38.183 0.0000000000
107063  -45.613  13.558  41.233 0.0000000000
107078  -46.207  13.287  40.714 0.0000000000
107128  -46.871  13.083  37.894 0.0000000000
107113  -47.255  13.645  38.563 0.0000000000
106245  -47.236  13.310  36.403 0.0000000000
106267  -43.812  13.220  34.558 0.0000000000
107187  -44.495  13.336  33.266 0.0000000000
111196  -43.053  18.502  46.217 0.0000000000
110438  -42.801  18.029  47.035 0.0000000000
110449  -42.066  18.037  45.864 0.0000000000
110448  -41.441  17.826  45.386 0.0000000000
111201  -42.112  18.509  44.879 0.0000000000
110497  -42.124  18.059  39.033 0.0000000000
111255  -42.062  18.089  39.334 0.0000000000
110496  -41.487  17.657  39.268 0.0000000000
109696  -41.111  16.578  37.683 0.0000000000
108071  -42.249  14.927  31.685 0.0000000000
108911  -41.481  15.585  31.440 0.0000000000
111300  -40.458  18.453  32.463 0.0000000000
113623  -44.454  20.950  35.828 0.0000000000
111980  -38.685  18.769  37.742 0.0000000000
111972  -39.813  19.445  38.212 0.0000000000
113550  -39.252  21.401  40.934 0.0000000000
112723  -38.950  20.564  40.854 0.0000000000
104301  -41.617  10.795  44.508 0.0000000000
105197  -42.325  12.075  46.875 0.0000000000
105208  -42.329  11.918  45.927 0.0000000000
106125  -42.893  12.445  46.351 0.0000000000
115301  -51.093  22.806  39.736 0.0000000000
114441  -50.171  22.624  36.569 0.0000000000
115326  -49.987  23.332  35.805 0.0000000000
116213  -49.498  24.655  34.675 0.0000000000
116212  -48.915  24.599  34.434 0.0000000000
104402  -49.572  10.908  36.703 0.0000000000
104401  -48.747  11.043  36.648 0.0000000000
105318  -48.289  11.641  35.866 0.0000000000
106984  -41.043  13.872  50.985 0.0000000000
106985  -41.517  13.874  51.188 0.0000000000
107913  -41.307  14.391  50.605 0.0000000000
101429  -48.269  7.565  47.807 0.0000000000
101439  -47.966  7.712  47.068 0.0000000000
101438  -47.302  7.550  46.674 0.0000000000
100370  -46.019  6.446  47.564 0.0000000000
100379  -44.784  6.625  46.658 0.0000000000
99294  -38.883  5.943  49.711 0.0000000000
100339  -38.535  6.549  49.944 0.0000000000
107093  -44.310  13.575  39.681 0.0000000000
107110  -44.691  13.122  38.917 0.0000000000
107111  -45.575  13.259  38.664 0.0000000000
106230  -45.477  12.714  37.417 0.0000000000
106219  -44.104  12.719  38.240 0.0000000000
106227  -42.486  12.655  37.634 0.0000000000
106228  -43.465  12.503  37.464 0.0000000000
106240  -42.885  12.713  36.635 0.0000000000
106252  -43.133  12.848  35.669 0.0000000000
107126  -42.249  13.052  36.787 0.0000000000
108784  -47.932  15.397  49.736 0.0000000000
108783  -46.916  15.464  49.491 0.0000000000
109628  -46.933  16.611  49.348 0.0000000000
111893  -46.433  18.921  47.456 0.0000000000
110441  -45.810  17.631  48.150 0.0000000000
111192  -45.656  18.405  47.515 0.0000000000
111198  -44.636  18.942  46.555 0.0000000000
112755  -44.774  19.870  38.470 0.0000000000
111264  -43.828  18.825  37.311 0.0000000000
111975  -43.882  19.019  37.850 0.0000000000
111263  -43.120  18.584  37.643 0.0000000000
111974  -43.212  18.838  38.272 0.0000000000
111286  -43.119  18.409  34.279 0.0000000000
110539  -42.288  18.115  33.790 0.0000000000
110546  -42.350  18.374  32.975 0.0000000000
111301  -42.026  18.368  32.309 0.0000000000
112024  -43.991  19.463  33.488 0.0000000000
111315  -43.132  19.022  32.103 0.0000000000
112042  -42.861  19.306  32.155 0.0000000000
112817  -42.959  19.796  32.729 0.0000000000
114423  -43.950  22.121  38.054 0.0000000000
113574  -42.594  22.014  38.933 0.0000000000
113585  -42.852  21.689  38.361 0.0000000000
113584  -42.103  21.369  38.684 0.0000000000
112743  -41.739  21.170  38.860 0.0000000000
112742  -41.002  20.717  39.203 0.0000000000
113572  -41.128  21.238  39.618 0.0000000000
114401  -41.135  22.383  40.123 0.0000000000
115272  -40.805  22.705  40.304 0.0000000000
103432  -45.804  10.131  41.781 0.0000000000
104325  -43.543  11.104  42.282 0.0000000000
104326  -44.240  11.085  41.748 0.0000000000
105244  -42.265  11.445  43.730 0.0000000000
106160  -42.777  12.174  43.951 0.0000000000
107046  -44.014  13.366  42.803 0.0000000000
107037  -44.202  13.829  42.796 0.0000000000
107978  -44.489  14.329  42.428 0.0000000000
107968  -43.675  14.315  43.237 0.0000000000
107967  -42.840  14.704  43.207 0.0000000000
107966  -41.956  14.528  42.957 0.0000000000
112682  -49.227  21.398  45.783 0.0000000000
113507  -49.245  21.502  45.480 0.0000000000
113539  -49.490  21.445  42.538 0.0000000000
112704  -48.592  21.281  43.676 0.0000000000
113538  -48.551  21.355  42.582 0.0000000000
112716  -47.317  21.222  42.712 0.0000000000
113537  -47.990  21.503  42.122 0.0000000000
113579  -50.610  21.679  40.037 0.0000000000
113567  -50.744  21.640  40.914 0.0000000000
113578  -49.875  21.579  39.771 0.0000000000
113588  -48.594  21.257  38.506 0.0000000000
113576  -47.764  21.237  39.596 0.0000000000
113563  -47.319  21.242  40.682 0.0000000000
112747  -46.777  20.892  39.442 0.0000000000
112748  -47.518  21.012  39.051 0.0000000000
111986  -46.473  19.870  36.432 0.0000000000
112006  -46.253  19.785  35.791 0.0000000000
112791  -47.092  20.209  36.043 0.0000000000
114447  -49.321  23.015  35.431 0.0000000000
115318  -48.476  22.953  35.822 0.0000000000
114426  -46.334  23.156  37.098 0.0000000000
114425  -45.614  22.725  37.434 0.0000000000
115308  -46.100  23.700  37.383 0.0000000000
116191  -45.483  25.203  37.138 0.0000000000
116181  -45.341  24.609  37.541 0.0000000000
117017  -44.846  25.375  37.350 0.0000000000
116180  -44.592  24.680  37.972 0.0000000000
104412  -44.843  10.983  34.838 0.0000000000
105180  -42.472  11.461  50.649 0.0000000000
105167  -44.625  11.833  51.935 0.0000000000
105173  -44.764  11.999  51.658 0.0000000000
106102  -44.992  12.572  50.778 0.0000000000
106097  -45.412  12.314  51.628 0.0000000000
106975  -43.281  13.445  52.124 0.0000000000
106962  -43.626  12.889  52.564 0.0000000000
106976  -44.165  13.536  52.263 0.0000000000
107902  -46.506  14.353  51.706 0.0000000000
107887  -46.075  13.605  52.111 0.0000000000
107888  -46.629  13.759  51.706 0.0000000000
106978  -46.870  13.462  51.408 0.0000000000
106979  -47.906  13.865  51.205 0.0000000000
107904  -48.393  14.383  51.237 0.0000000000
110412  -48.841  17.132  50.574 0.0000000000
109608  -49.075  16.072  50.987 0.0000000000
110413  -49.515  16.966  50.296 0.0000000000
111179  -49.338  17.698  49.664 0.0000000000
111163  -49.259  17.909  50.146 0.0000000000
112663  -46.017  20.732  48.868 0.0000000000
111877  -45.382  19.268  49.644 0.0000000000
111878  -46.527  19.332  49.713 0.0000000000
111176  -46.779  18.625  49.991 0.0000000000
113492  -48.923  21.216  49.103 0.0000000000
113480  -48.956  20.577  49.283 0.0000000000
113493  -49.247  20.927  48.717 0.0000000000
113500  -49.414  21.278  47.638 0.0000000000
115217  -50.255  22.869  46.366 0.0000000000
115229  -50.428  22.953  45.130 0.0000000000
115230  -50.718  22.717  44.544 0.0000000000
115242  -50.597  23.199  44.284 0.0000000000
106163  -51.817  13.371  43.786 0.0000000000
104315  -49.254  11.279  43.749 0.0000000000
104275  -49.883  10.145  46.382 0.0000000000
104277  -51.312  11.559  46.999 0.0000000000
104289  -50.284  11.366  45.815 0.0000000000
103390  -48.129  9.641  44.567 0.0000000000
104313  -47.765  10.000  43.449 0.0000000000
103406  -47.189  9.663  43.550 0.0000000000
103420  -46.783  9.848  42.921 0.0000000000
102466  -45.879  8.665  43.771 0.0000000000
102451  -44.288  8.112  44.135 0.0000000000
101445  -42.958  7.487  45.462 0.0000000000
101467  -42.743  8.020  44.733 0.0000000000
102450  -43.330  8.298  44.112 0.0000000000
102448  -41.781  8.939  44.496 0.0000000000
102434  -41.902  8.440  44.729 0.0000000000
97230  -44.641  3.817  54.242 0.0000000000
98224  -45.516  4.398  53.777 0.0000000000
98225  -46.414  4.617  54.135 0.0000000000
97259  -42.856  4.010  52.552 0.0000000000
98252  -45.737  5.030  52.434 0.0000000000
99261  -45.600  5.312  51.737 0.0000000000
99285  -45.463  5.551  50.354 0.0000000000
99273  -45.601  5.449  51.022 0.0000000000
99286  -46.265  5.742  50.441 0.0000000000
99302  -45.849  5.761  49.955 0.0000000000
100342  -45.825  5.847  48.978 0.0000000000
99311  -43.578  5.697  48.770 0.0000000000
100356  -43.378  5.956  47.980 0.0000000000
103349  -39.144  9.245  48.245 0.0000000000
104254  -39.576  10.141  48.661 0.0000000000
104263  -39.475  9.890  47.653 0.0000000000
103337  -40.095  9.757  51.050 0.0000000000
104240  -40.597  10.298  50.982 0.0000000000
102373  -39.212  9.016  51.328 0.0000000000
105162  -40.283  11.223  52.541 0.0000000000
103466  -52.088  10.177  37.952 0.0000000000
104374  -52.411  10.619  37.925 0.0000000000
105308  -52.281  11.486  36.932 0.0000000000
106233  -51.888  11.972  36.795 0.0000000000
106247  -51.298  12.237  36.373 0.0000000000
104351  -47.384  10.993  40.753 0.0000000000
105285  -47.015  11.741  40.491 0.0000000000
107079  -46.923  13.501  40.481 0.0000000000
106192  -47.472  12.633  40.372 0.0000000000
108003  -46.427  14.198  40.542 0.0000000000
108027  -48.788  14.086  39.326 0.0000000000
107131  -49.676  13.593  37.135 0.0000000000
107145  -49.810  13.355  35.995 0.0000000000
107163  -50.120  12.954  35.529 0.0000000000
106246  -50.623  12.292  35.996 0.0000000000
106259  -50.036  12.643  35.529 0.0000000000
107178  -49.338  13.074  34.618 0.0000000000
107176  -48.426  13.238  34.382 0.0000000000
106272  -48.782  12.953  34.281 0.0000000000
106271  -47.822  12.865  34.196 0.0000000000
107141  -46.382  13.195  35.498 0.0000000000
106255  -45.858  13.141  34.984 0.0000000000
107189  -46.151  13.249  33.425 0.0000000000
107174  -46.304  13.505  33.931 0.0000000000
106283  -46.410  13.015  33.578 0.0000000000
106282  -45.763  12.799  33.167 0.0000000000
105364  -44.496  12.012  32.877 0.0000000000
104435  -44.125  11.486  32.714 0.0000000000
105363  -43.715  11.859  32.454 0.0000000000
105186  -43.292  12.349  48.996 0.0000000000
105190  -42.595  12.178  48.106 0.0000000000
105191  -43.385  12.371  48.339 0.0000000000
107000  -44.243  13.539  47.923 0.0000000000
106999  -43.850  13.390  47.137 0.0000000000
107930  -43.516  14.341  47.490 0.0000000000
108790  -45.270  15.388  48.847 0.0000000000
109625  -44.363  16.294  48.418 0.0000000000
108793  -41.997  16.273  47.273 0.0000000000
108794  -42.936  15.606  47.555 0.0000000000
108798  -42.298  15.327  47.062 0.0000000000
107933  -41.750  14.965  46.042 0.0000000000
108801  -41.310  15.391  45.629 0.0000000000
109644  -40.473  16.455  44.197 0.0000000000
108819  -40.511  15.221  43.168 0.0000000000
109661  -40.295  15.933  42.590 0.0000000000
112680  -47.702  20.377  46.028 0.0000000000
111907  -47.306  20.035  46.654 0.0000000000
111915  -45.427  20.110  44.910 0.0000000000
111914  -44.678  19.797  44.645 0.0000000000
111903  -44.158  19.518  45.062 0.0000000000
112734  -43.929  19.990  40.343 0.0000000000
111950  -43.701  19.662  41.474 0.0000000000
111949  -42.821  19.059  41.545 0.0000000000
111229  -42.234  18.641  42.439 0.0000000000
111215  -41.667  18.275  43.364 0.0000000000
111228  -41.243  18.112  42.357 0.0000000000
110487  -40.595  17.062  39.950 0.0000000000
110478  -40.502  17.145  41.050 0.0000000000
109673  -40.209  16.223  40.644 0.0000000000
108844  -40.420  15.373  40.316 0.0000000000
108852  -40.554  15.349  39.432 0.0000000000
108011  -40.616  14.609  39.333 0.0000000000
108861  -40.589  15.129  38.747 0.0000000000
108873  -40.669  15.342  36.876 0.0000000000
108040  -40.895  14.519  36.388 0.0000000000
108049  -40.941  14.655  35.514 0.0000000000
107170  -42.199  13.742  34.112 0.0000000000
108065  -42.872  14.109  32.671 0.0000000000
108072  -43.057  14.419  32.090 0.0000000000
107210  -42.698  13.755  31.246 0.0000000000
106292  -42.534  12.957  31.812 0.0000000000
106291  -41.691  12.796  31.886 0.0000000000
110562  -40.921  17.439  31.646 0.0000000000
109729  -39.738  16.484  32.696 0.0000000000
109730  -40.198  16.356  32.013 0.0000000000
112798  -45.289  19.893  34.855 0.0000000000
112787  -43.811  20.631  35.329 0.0000000000
112796  -43.603  20.194  34.242 0.0000000000
112795  -42.787  20.035  34.095 0.0000000000
113608  -43.000  21.145  36.888 0.0000000000
111992  -40.758  19.692  36.239 0.0000000000
111993  -41.514  19.901  35.865 0.0000000000
112012  -41.505  19.608  34.242 0.0000000000
112010  -39.756  18.802  34.103 0.0000000000
112000  -39.790  19.004  35.042 0.0000000000
110529  -37.860  17.401  35.821 0.0000000000
110521  -37.655  17.596  36.732 0.0000000000
111267  -37.446  17.930  37.786 0.0000000000
110511  -37.220  17.557  37.522 0.0000000000
110503  -37.129  17.712  38.034 0.0000000000
111962  -39.132  19.404  39.035 0.0000000000
111244  -38.136  18.863  39.965 0.0000000000
111243  -37.232  18.364  39.896 0.0000000000
117001  -41.466  25.085  38.352 0.0000000000
117000  -40.729  25.073  38.372 0.0000000000
116166  -40.228  24.828  38.761 0.0000000000
115282  -39.565  24.021  39.823 0.0000000000
104274  -40.823  10.824  46.236 0.0000000000
116185  -50.180  24.028  37.240 0.0000000000
116195  -50.105  23.963  36.024 0.0000000000
117042  -49.514  25.536  34.944 0.0000000000
107912  -40.450  14.575  50.422 0.0000000000
100328  -37.877  6.522  50.459 0.0000000000
100327  -37.294  6.636  50.925 0.0000000000
105262  -49.661  11.632  42.300 0.0000000000
105287  -48.683  11.781  40.490 0.0000000000
108000  -43.271  14.014  40.682 0.0000000000
107092  -43.245  13.056  39.403 0.0000000000
106203  -42.673  12.853  39.105 0.0000000000
106216  -42.005  12.880  38.393 0.0000000000
107107  -41.781  13.159  38.469 0.0000000000
110433  -48.246  17.512  49.045 0.0000000000
110432  -47.129  17.358  48.862 0.0000000000
111185  -47.906  18.287  48.481 0.0000000000
111194  -47.413  18.407  48.199 0.0000000000
111977  -45.541  19.754  37.550 0.0000000000
111976  -44.816  19.574  37.914 0.0000000000
111271  -44.115  18.791  36.564 0.0000000000
111294  -43.820  18.805  33.786 0.0000000000
111304  -44.177  19.183  33.678 0.0000000000
115297  -44.487  23.684  38.336 0.0000000000
114414  -43.660  22.584  38.533 0.0000000000
114408  -43.160  22.955  39.026 0.0000000000
114407  -42.673  22.561  39.157 0.0000000000
116158  -41.656  23.803  39.552 0.0000000000
103403  -44.511  9.188  42.811 0.0000000000
107957  -43.520  13.959  43.977 0.0000000000
113516  -50.069  21.913  44.320 0.0000000000
113515  -49.347  21.605  44.840 0.0000000000
113528  -50.380  21.837  43.337 0.0000000000
113602  -50.157  21.877  38.203 0.0000000000
113589  -49.680  21.595  38.748 0.0000000000
112758  -47.654  20.907  38.332 0.0000000000
112780  -47.432  20.609  36.534 0.0000000000
115323  -48.325  24.227  35.443 0.0000000000
116193  -47.157  24.455  36.372 0.0000000000
104413  -45.437  11.499  35.088 0.0000000000
105341  -45.373  11.166  34.236 0.0000000000
105166  -43.860  11.687  52.188 0.0000000000
107916  -44.514  14.822  51.315 0.0000000000
107917  -45.087  14.925  51.441 0.0000000000
108755  -45.491  15.129  51.431 0.0000000000
108757  -47.346  15.096  51.486 0.0000000000
108758  -48.193  14.988  51.370 0.0000000000
109591  -47.360  15.900  51.334 0.0000000000
111161  -47.730  17.945  50.306 0.0000000000
112664  -47.076  20.814  49.052 0.0000000000
113491  -48.012  21.249  48.925 0.0000000000
114344  -48.126  22.147  48.529 0.0000000000
114345  -48.839  21.796  48.659 0.0000000000
115200  -49.702  22.249  47.531 0.0000000000
115199  -49.500  22.576  47.593 0.0000000000
115209  -49.768  23.153  47.056 0.0000000000
106153  -51.811  13.360  44.644 0.0000000000
106141  -51.234  12.903  44.932 0.0000000000
103365  -49.381  9.561  46.464 0.0000000000
104287  -48.867  9.970  45.516 0.0000000000
103389  -47.395  9.179  44.381 0.0000000000
103388  -46.835  9.010  43.945 0.0000000000
100393  -44.374  6.705  46.218 0.0000000000
101444  -41.954  7.935  45.294 0.0000000000
98263  -42.758  4.429  51.485 0.0000000000
98249  -42.960  4.236  52.079 0.0000000000
98265  -44.578  5.047  51.172 0.0000000000
99260  -45.071  5.276  51.400 0.0000000000
98275  -44.608  5.217  50.748 0.0000000000
99284  -44.711  5.398  50.272 0.0000000000
99300  -44.510  5.476  49.569 0.0000000000
102401  -39.213  8.455  48.791 0.0000000000
103343  -39.300  9.503  49.289 0.0000000000
103329  -39.741  9.396  51.186 0.0000000000
106221  -52.733  12.044  38.384 0.0000000000
107118  -52.314  12.737  37.750 0.0000000000
107095  -45.826  14.038  39.347 0.0000000000
108024  -46.917  14.038  39.135 0.0000000000
107144  -48.886  13.636  35.992 0.0000000000
107161  -49.035  13.374  35.052 0.0000000000
107160  -48.153  13.634  34.919 0.0000000000
107159  -47.182  13.575  34.797 0.0000000000
107157  -44.860  13.257  34.353 0.0000000000
107173  -45.253  13.455  33.888 0.0000000000
107201  -44.627  13.072  33.000 0.0000000000
107200  -43.904  13.202  32.710 0.0000000000
106110  -43.909  12.671  48.495 0.0000000000
106111  -44.442  13.123  49.099 0.0000000000
106996  -44.879  13.473  48.815 0.0000000000
107926  -44.544  14.359  48.480 0.0000000000
109632  -43.817  16.424  48.062 0.0000000000
109630  -42.050  17.342  47.076 0.0000000000
109635  -41.499  16.899  46.522 0.0000000000
109638  -41.048  16.448  45.765 0.0000000000
110451  -40.706  17.368  44.186 0.0000000000
112703  -47.537  20.957  43.858 0.0000000000
112701  -45.540  20.484  43.166 0.0000000000
111942  -44.414  19.890  42.598 0.0000000000
111248  -43.159  18.980  39.902 0.0000000000
111247  -42.530  18.679  40.323 0.0000000000
111239  -41.299  18.212  41.066 0.0000000000
110488  -41.067  17.699  40.369 0.0000000000
109687  -40.848  16.072  38.508 0.0000000000
109695  -40.776  15.942  37.467 0.0000000000
108874  -40.652  15.916  36.686 0.0000000000
109717  -41.015  16.995  33.962 0.0000000000
109718  -40.920  16.624  34.463 0.0000000000
107209  -42.142  13.953  30.844 0.0000000000
107198  -41.802  13.567  31.313 0.0000000000
107208  -41.704  14.450  30.806 0.0000000000
111320  -41.000  18.197  31.759 0.0000000000
111312  -40.488  17.980  32.084 0.0000000000
111311  -40.007  17.643  32.416 0.0000000000
112764  -41.921  20.538  37.327 0.0000000000
112775  -40.945  20.003  36.823 0.0000000000
111991  -39.827  19.084  36.037 0.0000000000
111269  -39.168  18.710  36.616 0.0000000000
111262  -38.219  18.574  38.303 0.0000000000
112732  -40.037  20.591  40.259 0.0000000000
111955  -39.073  19.682  40.062 0.0000000000
112731  -39.231  20.192  40.481 0.0000000000
111948  -38.882  19.980  40.633 0.0000000000
111236  -37.205  18.749  40.706 0.0000000000
112722  -37.999  20.458  41.551 0.0000000000
103400  -41.779  10.278  44.048 0.0000000000
105232  -42.023  11.595  44.322 0.0000000000
106149  -42.072  11.984  44.771 0.0000000000
105221  -42.222  12.060  45.442 0.0000000000
106138  -42.175  12.176  45.085 0.0000000000
113568  -51.219  21.936  41.115 0.0000000000
114409  -51.245  22.286  40.439 0.0000000000
114418  -51.105  22.137  39.601 0.0000000000
113591  -50.915  21.846  39.697 0.0000000000
114427  -50.015  22.184  37.015 0.0000000000
114440  -49.552  22.115  36.491 0.0000000000
114448  -49.605  22.793  35.749 0.0000000000
116214  -49.898  24.040  34.908 0.0000000000
115334  -49.653  23.953  34.943 0.0000000000
117041  -48.340  25.231  34.304 0.0000000000
106960  -41.796  12.902  52.237 0.0000000000
106974  -42.394  13.393  51.953 0.0000000000
107898  -42.153  13.794  51.451 0.0000000000
107899  -42.942  13.923  51.491 0.0000000000
107915  -43.534  14.640  50.973 0.0000000000
101449  -46.898  7.629  45.974 0.0000000000
101436  -45.576  6.893  46.245 0.0000000000
101427  -46.771  6.962  47.269 0.0000000000
100378  -43.892  6.569  46.645 0.0000000000
100367  -43.177  6.458  47.275 0.0000000000
97267  -41.223  3.933  51.888 0.0000000000
98262  -41.636  4.291  51.232 0.0000000000
102392  -38.665  8.272  50.142 0.0000000000
102383  -38.168  8.311  51.358 0.0000000000
107991  -45.378  14.274  41.476 0.0000000000
108013  -45.392  14.383  39.960 0.0000000000
108012  -44.841  14.113  39.938 0.0000000000
107127  -46.153  13.123  38.012 0.0000000000
106231  -46.383  12.816  37.126 0.0000000000
106242  -44.754  12.699  36.286 0.0000000000
106253  -44.022  12.976  35.375 0.0000000000
106266  -43.326  13.094  34.893 0.0000000000
107155  -42.640  13.264  34.956 0.0000000000
107921  -46.318  14.393  49.437 0.0000000000
109626  -45.057  16.493  48.580 0.0000000000
110442  -46.409  17.565  48.392 0.0000000000
110431  -45.975  17.105  48.613 0.0000000000
110440  -44.764  17.400  48.076 0.0000000000
111190  -43.757  18.425  46.977 0.0000000000
111197  -43.750  18.738  46.317 0.0000000000
112736  -45.641  20.698  40.435 0.0000000000
112735  -44.734  20.287  40.275 0.0000000000
112744  -43.770  19.728  39.775 0.0000000000
111967  -44.426  19.680  38.690 0.0000000000
111966  -43.629  19.332  39.095 0.0000000000
110506  -42.176  17.992  38.413 0.0000000000
110513  -41.629  17.053  37.028 0.0000000000
110538  -41.392  17.476  34.156 0.0000000000
110555  -41.544  17.825  32.012 0.0000000000
111313  -41.997  18.158  32.036 0.0000000000
110556  -41.954  18.020  32.042 0.0000000000
111302  -42.874  18.672  32.486 0.0000000000
111322  -42.336  18.884  31.927 0.0000000000
112040  -41.782  19.022  31.922 0.0000000000
112032  -41.802  19.434  32.475 0.0000000000
112815  -41.973  19.776  32.933 0.0000000000
113598  -45.147  21.852  37.256 0.0000000000
113597  -43.959  21.713  37.556 0.0000000000
113596  -43.091  21.346  37.412 0.0000000000
112754  -42.639  21.238  37.842 0.0000000000
112752  -41.192  20.454  38.159 0.0000000000
112741  -40.234  20.333  39.616 0.0000000000
113562  -41.426  22.042  39.827 0.0000000000
113561  -40.900  21.560  40.101 0.0000000000
113560  -40.016  21.482  40.698 0.0000000000
114399  -39.525  22.272  40.919 0.0000000000
104327  -46.787  10.081  42.425 0.0000000000
104341  -46.771  10.376  41.603 0.0000000000
104340  -45.779  10.817  41.146 0.0000000000
103430  -44.557  10.616  41.681 0.0000000000
104339  -44.846  11.012  41.281 0.0000000000
105273  -45.379  11.781  41.099 0.0000000000
106181  -45.146  12.672  41.360 0.0000000000
107062  -44.970  13.340  41.671 0.0000000000
104312  -42.373  10.963  43.323 0.0000000000
104324  -42.806  11.226  42.775 0.0000000000
105259  -43.295  12.009  42.723 0.0000000000
105246  -43.201  12.384  43.260 0.0000000000
106170  -43.944  12.789  42.411 0.0000000000
107979  -44.942  14.089  42.036 0.0000000000
107987  -41.223  13.994  41.265 0.0000000000
111901  -48.181  20.162  47.228 0.0000000000
112674  -48.434  20.440  46.886 0.0000000000
112690  -48.041  21.135  44.772 0.0000000000
112691  -48.890  21.414  44.396 0.0000000000
112728  -46.757  21.149  41.631 0.0000000000
113554  -50.133  21.622  41.689 0.0000000000
113565  -49.141  21.516  40.641 0.0000000000
113552  -48.480  21.467  41.525 0.0000000000
112737  -46.540  21.009  40.633 0.0000000000
112766  -45.878  19.874  37.374 0.0000000000
111985  -45.864  19.679  36.850 0.0000000000
111995  -45.851  19.576  36.039 0.0000000000
112005  -45.728  19.775  35.443 0.0000000000
114436  -46.026  22.197  36.931 0.0000000000
115298  -44.996  23.333  38.094 0.0000000000
116182  -45.784  24.207  37.465 0.0000000000
115307  -45.321  23.675  37.766 0.0000000000
106106  -44.811  12.996  49.965 0.0000000000
106107  -45.396  12.933  50.465 0.0000000000
106087  -43.851  12.274  52.443 0.0000000000
106088  -44.725  12.216  52.219 0.0000000000
107886  -45.496  13.373  52.230 0.0000000000
106964  -45.788  12.806  52.107 0.0000000000
106977  -45.995  12.940  51.290 0.0000000000
106987  -46.592  13.393  50.633 0.0000000000
106993  -47.028  13.859  49.964 0.0000000000
106994  -47.868  14.166  49.963 0.0000000000
107923  -48.100  14.764  49.931 0.0000000000
108785  -48.802  15.250  49.822 0.0000000000
108759  -48.897  15.096  51.195 0.0000000000
108786  -49.435  15.516  50.048 0.0000000000
110427  -49.195  16.659  49.449 0.0000000000
110435  -49.364  17.055  49.448 0.0000000000
112666  -48.827  19.406  48.538 0.0000000000
111159  -46.332  18.109  50.101 0.0000000000
111177  -47.622  18.535  50.040 0.0000000000
111178  -48.158  18.361  50.085 0.0000000000
112652  -47.481  20.252  49.410 0.0000000000
112653  -48.429  19.950  49.510 0.0000000000
111865  -49.001  18.448  50.012 0.0000000000
111881  -49.013  18.681  49.447 0.0000000000
112670  -49.073  20.739  47.355 0.0000000000
113504  -49.515  21.425  46.640 0.0000000000
113505  -49.855  21.970  46.065 0.0000000000
114357  -49.755  21.995  47.301 0.0000000000
113509  -50.189  22.059  45.089 0.0000000000
113517  -50.473  22.023  44.316 0.0000000000
114379  -51.073  22.518  43.850 0.0000000000
114385  -51.449  22.600  43.124 0.0000000000
115253  -50.718  23.307  43.382 0.0000000000
106152  -51.352  13.075  44.243 0.0000000000
105249  -50.513  12.274  43.394 0.0000000000
105263  -50.313  12.011  42.476 0.0000000000
104303  -49.208  11.003  44.618 0.0000000000
103404  -45.524  9.153  43.009 0.0000000000
102463  -43.053  8.926  43.604 0.0000000000
101469  -44.592  7.693  44.901 0.0000000000
103387  -42.009  9.303  44.201 0.0000000000
103370  -41.027  9.639  45.486 0.0000000000
104285  -40.684  10.203  45.976 0.0000000000
98216  -46.869  4.462  54.683 0.0000000000
98226  -47.307  4.986  54.217 0.0000000000
97246  -44.312  4.134  53.509 0.0000000000
98235  -44.261  4.375  52.925 0.0000000000
98237  -46.292  4.755  53.129 0.0000000000
99251  -47.237  5.268  53.221 0.0000000000
99250  -46.666  5.252  52.663 0.0000000000
99263  -47.170  5.688  52.263 0.0000000000
99275  -46.854  5.772  51.438 0.0000000000
99274  -46.226  5.550  51.281 0.0000000000
100330  -47.204  6.036  50.534 0.0000000000
100329  -46.764  5.978  49.989 0.0000000000
100344  -47.224  6.240  49.541 0.0000000000
99312  -44.388  5.579  48.910 0.0000000000
100366  -42.188  6.760  47.172 0.0000000000
99297  -42.072  5.354  49.098 0.0000000000
99309  -41.794  5.863  48.476 0.0000000000
99308  -41.164  6.169  48.465 0.0000000000
104264  -39.954  10.746  48.024 0.0000000000
105188  -40.528  11.129  48.363 0.0000000000
104256  -40.888  11.211  49.596 0.0000000000
104248  -40.919  11.226  50.087 0.0000000000
105179  -41.485  10.924  51.067 0.0000000000
104239  -40.076  10.324  50.368 0.0000000000
105178  -40.875  10.797  50.731 0.0000000000
105170  -41.835  10.542  51.578 0.0000000000
104225  -42.150  10.822  52.236 0.0000000000
105163  -41.480  11.388  52.456 0.0000000000
106972  -40.700  13.432  51.491 0.0000000000
106094  -39.953  12.804  51.899 0.0000000000
106971  -39.531  13.393  51.398 0.0000000000
107896  -39.970  14.027  50.923 0.0000000000
103478  -51.810  9.298  37.212 0.0000000000
105309  -52.594  11.229  37.523 0.0000000000
104389  -52.475  10.398  37.110 0.0000000000
103489  -52.284  9.722  36.878 0.0000000000
104405  -52.190  10.233  36.496 0.0000000000
104404  -51.331  10.319  36.283 0.0000000000
105321  -50.862  11.473  36.219 0.0000000000
104352  -47.892  11.170  40.813 0.0000000000
107992  -45.965  14.082  41.100 0.0000000000
107147  -51.318  12.743  36.342 0.0000000000
105333  -49.548  12.188  35.663 0.0000000000
105332  -48.703  12.303  35.393 0.0000000000
106273  -49.200  12.949  34.452 0.0000000000
105343  -46.705  12.574  34.475 0.0000000000
106269  -45.896  13.405  34.320 0.0000000000
106270  -46.912  12.996  34.016 0.0000000000
104421  -45.380  11.533  33.555 0.0000000000
105352  -45.210  12.129  33.188 0.0000000000
104428  -45.316  11.773  33.347 0.0000000000
104426  -44.094  10.314  33.176 0.0000000000
106126  -43.531  12.886  46.699 0.0000000000
107927  -45.524  14.625  49.010 0.0000000000
107925  -43.880  14.838  48.281 0.0000000000
108795  -43.587  15.322  48.099 0.0000000000
107935  -43.175  14.215  46.731 0.0000000000
107016  -42.905  13.986  45.945 0.0000000000
107942  -41.828  14.668  45.414 0.0000000000
108800  -40.745  15.878  44.985 0.0000000000
107954  -40.941  14.782  43.589 0.0000000000
107965  -41.054  14.570  42.902 0.0000000000
107974  -40.750  14.460  41.841 0.0000000000
111900  -47.812  20.043  47.052 0.0000000000
111899  -46.899  19.675  47.140 0.0000000000
112688  -46.211  20.277  45.106 0.0000000000
111905  -45.871  19.828  45.746 0.0000000000
111897  -45.286  19.272  46.118 0.0000000000
111203  -43.637  19.073  45.508 0.0000000000
111208  -43.167  19.015  44.930 0.0000000000
112726  -44.688  20.256  41.484 0.0000000000
111941  -43.704  19.548  42.558 0.0000000000
111926  -43.871  19.570  43.405 0.0000000000
111912  -43.370  19.333  43.882 0.0000000000
111207  -42.765  18.979  44.332 0.0000000000
111206  -41.890  18.448  44.276 0.0000000000
110460  -40.959  17.803  43.427 0.0000000000
111238  -40.740  17.694  41.431 0.0000000000
110468  -40.590  17.096  42.298 0.0000000000
108835  -40.348  15.276  41.296 0.0000000000
107986  -40.616  14.512  40.836 0.0000000000
107059  -40.723  14.326  40.356 0.0000000000
107089  -40.867  13.954  39.265 0.0000000000
107106  -41.076  13.754  38.480 0.0000000000
107124  -41.277  13.582  37.842 0.0000000000
108882  -40.655  15.841  36.146 0.0000000000
108890  -40.858  15.508  35.096 0.0000000000
108056  -40.884  14.872  35.098 0.0000000000
106293  -43.416  12.763  32.348 0.0000000000
108910  -40.947  15.836  31.120 0.0000000000
108904  -40.411  15.828  31.691 0.0000000000
112805  -44.120  19.916  33.580 0.0000000000
112803  -42.477  19.899  33.330 0.0000000000
112021  -41.662  19.645  33.331 0.0000000000
112778  -43.514  20.935  36.010 0.0000000000
112785  -41.876  20.024  35.652 0.0000000000
112013  -42.183  19.803  34.152 0.0000000000
111291  -38.673  17.707  34.588 0.0000000000
110535  -38.426  17.288  35.014 0.0000000000
110512  -37.704  17.781  37.167 0.0000000000
110520  -36.879  17.140  37.064 0.0000000000
111254  -38.526  18.816  39.076 0.0000000000
110476  -36.288  18.021  40.596 0.0000000000
117048  -46.904  25.851  34.038 0.0000000000
117028  -44.143  25.934  36.726 0.0000000000
117003  -43.186  25.130  38.317 0.0000000000
117026  -42.418  25.969  37.110 0.0000000000
117015  -42.832  25.565  37.702 0.0000000000
117002  -42.383  25.113  38.361 0.0000000000
116157  -41.091  24.057  39.544 0.0000000000
115283  -40.377  23.722  40.059 0.0000000000
97260  -43.418  4.182  52.747 0.0000000000
97269  -42.683  4.155  52.013 0.0000000000
99313  -44.901  5.527  49.110 0.0000000000
104227  -43.378  11.372  52.321 0.0000000000
104233  -43.394  11.175  52.122 0.0000000000
105174  -45.161  12.057  51.610 0.0000000000
105183  -41.014  11.101  50.467 0.0000000000
105233  -42.488  11.862  43.986 0.0000000000
105258  -42.887  11.729  42.901 0.0000000000
105274  -48.252  11.349  40.837 0.0000000000
105328  -45.496  11.459  34.577 0.0000000000
105373  -43.229  11.375  32.153 0.0000000000
106089  -45.208  12.094  51.999 0.0000000000
106095  -44.565  12.267  51.254 0.0000000000
106096  -45.140  12.238  51.344 0.0000000000
106103  -45.556  12.550  51.013 0.0000000000
106204  -42.855  12.700  38.962 0.0000000000
106217  -42.349  12.786  38.603 0.0000000000
106226  -41.979  12.821  38.101 0.0000000000
106244  -46.677  13.059  36.243 0.0000000000
106256  -47.966  12.501  34.424 0.0000000000
106304  -42.366  13.587  31.257 0.0000000000
106973  -41.617  13.405  51.737 0.0000000000
106980  -48.507  13.987  51.028 0.0000000000
106989  -48.630  14.228  50.733 0.0000000000
107004  -42.950  14.092  46.250 0.0000000000
107060  -40.942  13.992  40.535 0.0000000000
107073  -40.768  14.171  39.935 0.0000000000
107108  -42.119  13.003  38.796 0.0000000000
107134  -52.177  12.627  37.267 0.0000000000
107905  -48.925  14.529  50.956 0.0000000000
107918  -48.477  14.548  50.276 0.0000000000
107969  -44.034  14.044  42.956 0.0000000000
108016  -48.237  13.981  39.679 0.0000000000
108034  -41.212  13.686  37.377 0.0000000000
108756  -46.314  15.341  51.434 0.0000000000
108773  -45.743  15.601  51.227 0.0000000000
108774  -49.049  15.039  50.221 0.0000000000
108775  -49.291  15.410  50.540 0.0000000000
108776  -49.785  15.867  50.283 0.0000000000
108787  -49.645  15.676  50.210 0.0000000000
108889  -40.772  15.022  35.370 0.0000000000
108903  -39.936  15.823  32.383 0.0000000000
109590  -46.764  16.047  51.190 0.0000000000
109592  -48.194  15.697  51.394 0.0000000000
109593  -48.654  15.468  51.289 0.0000000000
109609  -49.742  16.140  50.343 0.0000000000
109619  -46.893  16.201  49.456 0.0000000000
109620  -47.621  16.410  49.455 0.0000000000
109622  -49.406  15.978  49.704 0.0000000000
109623  -49.978  15.870  49.984 0.0000000000
109688  -41.060  16.681  38.178 0.0000000000
109703  -40.668  15.939  36.960 0.0000000000
109723  -41.114  17.029  33.726 0.0000000000
110411  -47.972  17.261  50.640 0.0000000000
110425  -47.925  17.056  49.158 0.0000000000
110426  -48.508  16.837  49.275 0.0000000000
110430  -45.372  17.181  48.384 0.0000000000
110434  -48.967  17.277  49.256 0.0000000000
110437  -42.255  17.803  46.712 0.0000000000
110445  -42.399  18.130  46.295 0.0000000000
110447  -40.906  17.597  44.735 0.0000000000
110459  -40.594  17.094  43.401 0.0000000000
110504  -40.983  16.757  38.427 0.0000000000
110537  -41.137  17.206  33.907 0.0000000000
110544  -41.239  17.240  33.632 0.0000000000
110564  -41.871  18.484  31.987 0.0000000000
111160  -46.893  18.048  50.307 0.0000000000
111184  -47.323  18.070  48.387 0.0000000000
111187  -49.204  17.546  49.415 0.0000000000
111189  -43.317  18.434  46.657 0.0000000000
111199  -45.140  18.822  47.139 0.0000000000
111227  -40.820  17.918  41.793 0.0000000000
111257  -43.001  18.892  39.608 0.0000000000
111321  -41.554  18.642  31.884 0.0000000000
111864  -48.775  18.480  50.036 0.0000000000
111880  -48.505  18.867  49.812 0.0000000000
111892  -45.960  18.844  47.246 0.0000000000
111906  -46.717  19.897  46.331 0.0000000000
111925  -43.161  19.267  43.344 0.0000000000
111928  -45.247  20.148  44.274 0.0000000000
112003  -42.353  19.940  34.631 0.0000000000
112033  -42.614  19.508  32.379 0.0000000000
112034  -43.034  19.383  32.298 0.0000000000
112039  -41.100  18.905  31.933 0.0000000000
112041  -42.427  19.194  32.080 0.0000000000
112665  -47.626  20.779  49.115 0.0000000000
112678  -46.227  20.136  45.499 0.0000000000
112705  -49.016  21.403  43.879 0.0000000000
112802  -42.169  19.843  33.075 0.0000000000
113479  -48.343  20.682  49.227 0.0000000000
113526  -49.070  21.283  43.101 0.0000000000
113530  -51.313  22.311  43.338 0.0000000000
114356  -49.473  21.870  48.099 0.0000000000
114360  -49.992  22.265  46.569 0.0000000000
114369  -50.632  22.422  44.603 0.0000000000
114370  -50.860  22.633  44.289 0.0000000000
114378  -50.818  22.249  44.071 0.0000000000
115243  -50.911  23.007  44.247 0.0000000000
115335  -49.958  23.741  35.106 0.0000000000
116205  -50.074  24.020  35.142 0.0000000000
