#!ascii label  , from subject 3069 vox2ras=TkReg
393
82234  -26.748  -11.673  5.699 0.0000000000
86417  -24.627  -7.691  4.505 0.0000000000
99789  -28.650  5.629  2.247 0.0000000000
94726  -29.753  0.250  1.892 0.0000000000
90492  -28.656  -3.969  0.261 0.0000000000
87456  -29.555  -6.908  3.138 0.0000000000
101892  -28.503  7.543  1.504 0.0000000000
92641  -29.582  -2.064  1.242 0.0000000000
91549  -27.040  -2.453  4.211 0.0000000000
83355  -25.864  -10.582  3.536 0.0000000000
86430  -27.506  -7.741  1.374 0.0000000000
84369  -28.413  -9.637  4.411 0.0000000000
77023  -23.312  -16.646  6.572 0.0000000000
81203  -24.527  -12.445  4.531 0.0000000000
107489  -27.054  14.068  -1.679 0.0000000000
106569  -29.237  12.335  -0.980 0.0000000000
104754  -30.666  10.252  -1.070 0.0000000000
101915  -30.895  7.419  -1.619 0.0000000000
99828  -30.102  4.673  -1.952 0.0000000000
97826  -30.154  3.200  1.716 0.0000000000
95856  -29.632  1.103  -3.389 0.0000000000
93726  -29.891  -0.888  -3.488 0.0000000000
91610  -30.359  -2.849  -2.407 0.0000000000
90525  -32.106  -3.287  0.225 0.0000000000
88442  -27.600  -5.858  3.074 0.0000000000
88482  -28.944  -5.245  0.966 0.0000000000
92618  -26.536  -1.460  3.910 0.0000000000
91547  -25.110  -2.566  3.879 0.0000000000
82264  -26.400  -11.261  4.228 0.0000000000
84368  -27.612  -9.827  3.792 0.0000000000
83327  -27.890  -10.639  5.151 0.0000000000
73522  -22.595  -19.557  9.252 0.0000000000
74705  -23.828  -18.634  9.196 0.0000000000
74738  -24.066  -17.792  8.323 0.0000000000
82262  -24.416  -11.598  4.356 0.0000000000
81202  -23.534  -12.511  4.239 0.0000000000
105680  -30.437  11.026  -1.369 0.0000000000
100847  -28.087  6.624  1.935 0.0000000000
101902  -30.089  7.580  0.819 0.0000000000
100862  -30.415  6.457  0.369 0.0000000000
99839  -30.459  5.835  -2.196 0.0000000000
99815  -30.621  5.379  -0.175 0.0000000000
96816  -29.806  2.274  2.192 0.0000000000
96838  -30.364  2.192  -0.339 0.0000000000
95836  -30.300  1.020  -1.321 0.0000000000
94768  -29.722  0.206  -3.179 0.0000000000
94756  -29.905  -0.130  -1.238 0.0000000000
91574  -28.934  -3.013  0.225 0.0000000000
92672  -29.485  -2.444  -1.518 0.0000000000
91601  -28.910  -3.403  -1.496 0.0000000000
91603  -31.075  -3.038  -1.072 0.0000000000
89519  -29.877  -4.144  -0.320 0.0000000000
87452  -24.051  -6.322  4.390 0.0000000000
88426  -25.630  -5.515  4.642 0.0000000000
87454  -26.447  -6.604  3.972 0.0000000000
86432  -28.852  -7.287  2.762 0.0000000000
87487  -27.788  -6.519  0.894 0.0000000000
87475  -29.581  -5.943  2.036 0.0000000000
88462  -30.848  -4.969  2.175 0.0000000000
87458  -30.788  -5.811  2.857 0.0000000000
77024  -24.239  -16.168  6.694 0.0000000000
78092  -23.858  -15.323  5.409 0.0000000000
78077  -24.557  -15.430  6.555 0.0000000000
80142  -25.101  -13.849  5.764 0.0000000000
93675  -28.894  -0.169  3.088 0.0000000000
93701  -30.136  -1.021  1.078 0.0000000000
93684  -28.988  -0.977  3.119 0.0000000000
91561  -28.720  -2.865  2.627 0.0000000000
90476  -28.137  -3.738  2.706 0.0000000000
85405  -26.405  -8.730  3.394 0.0000000000
86429  -26.587  -7.752  2.401 0.0000000000
84396  -27.097  -8.755  2.443 0.0000000000
85419  -28.057  -8.497  2.588 0.0000000000
86407  -28.905  -7.914  4.192 0.0000000000
77006  -24.259  -16.786  7.403 0.0000000000
85403  -23.856  -8.664  4.447 0.0000000000
84366  -24.889  -10.046  4.474 0.0000000000
82263  -25.504  -11.328  4.103 0.0000000000
81205  -26.126  -12.075  4.807 0.0000000000
109179  -26.402  15.708  -3.141 0.0000000000
106561  -27.211  12.731  -0.416 0.0000000000
106568  -28.295  13.114  -1.370 0.0000000000
106579  -29.364  12.647  -3.235 0.0000000000
105689  -30.127  11.268  -3.229 0.0000000000
104771  -30.222  9.909  -4.116 0.0000000000
102916  -29.866  8.579  0.268 0.0000000000
102926  -30.926  8.496  -1.790 0.0000000000
102942  -29.905  8.381  -3.961 0.0000000000
100911  -29.455  6.610  -3.584 0.0000000000
99848  -29.258  5.265  -3.460 0.0000000000
98838  -28.666  4.312  -3.834 0.0000000000
98786  -29.307  4.452  2.208 0.0000000000
97840  -30.363  3.293  -0.533 0.0000000000
96856  -29.732  2.875  -2.745 0.0000000000
96872  -28.424  2.454  -4.575 0.0000000000
94792  -29.073  0.787  -5.673 0.0000000000
93738  -31.943  -0.399  -4.254 0.0000000000
93715  -29.610  -1.155  -1.064 0.0000000000
93721  -30.517  -1.732  -2.950 0.0000000000
89469  -25.921  -4.319  4.584 0.0000000000
89471  -28.094  -4.861  2.964 0.0000000000
89483  -27.989  -4.676  1.679 0.0000000000
87486  -26.875  -6.600  0.939 0.0000000000
88481  -28.095  -5.467  0.743 0.0000000000
89501  -28.554  -4.703  0.501 0.0000000000
89503  -30.166  -4.512  0.764 0.0000000000
90495  -31.605  -3.731  1.546 0.0000000000
80165  -24.329  -13.477  4.697 0.0000000000
80155  -25.641  -13.211  5.590 0.0000000000
80156  -26.289  -13.084  5.931 0.0000000000
82265  -26.940  -11.137  4.743 0.0000000000
83342  -27.491  -10.549  4.499 0.0000000000
82253  -27.304  -11.119  5.279 0.0000000000
83311  -27.886  -10.779  5.700 0.0000000000
73511  -23.826  -19.659  10.175 0.0000000000
73523  -23.567  -19.057  9.414 0.0000000000
73524  -24.459  -19.148  9.773 0.0000000000
100848  -28.937  6.237  1.735 0.0000000000
100861  -29.774  6.478  1.060 0.0000000000
99804  -29.753  5.776  1.254 0.0000000000
99791  -29.928  5.329  1.302 0.0000000000
95803  -29.574  1.376  2.538 0.0000000000
95802  -28.883  1.551  3.246 0.0000000000
95810  -29.869  1.198  1.492 0.0000000000
95811  -30.106  1.462  0.862 0.0000000000
95822  -29.991  0.749  0.591 0.0000000000
94740  -29.898  -0.072  -0.180 0.0000000000
90493  -28.723  -3.586  -0.332 0.0000000000
91590  -28.813  -3.221  -0.730 0.0000000000
90513  -28.767  -3.930  -0.752 0.0000000000
90522  -29.285  -3.913  -1.329 0.0000000000
89524  -29.239  -4.107  -0.787 0.0000000000
87453  -25.381  -6.770  4.427 0.0000000000
86418  -26.139  -7.738  3.911 0.0000000000
87474  -28.795  -6.481  2.018 0.0000000000
87457  -30.035  -5.976  2.813 0.0000000000
87435  -30.910  -5.926  3.462 0.0000000000
87434  -30.237  -6.470  3.876 0.0000000000
93673  -27.065  -0.332  3.756 0.0000000000
93674  -28.184  -0.428  3.532 0.0000000000
92628  -27.558  -1.459  3.809 0.0000000000
91560  -27.990  -2.633  3.567 0.0000000000
84383  -25.685  -9.827  3.728 0.0000000000
84384  -26.745  -9.500  3.258 0.0000000000
84385  -27.542  -9.421  3.228 0.0000000000
84386  -28.142  -9.307  3.540 0.0000000000
86406  -28.504  -8.286  3.706 0.0000000000
85392  -28.474  -8.740  4.011 0.0000000000
86394  -29.255  -8.045  4.984 0.0000000000
84370  -28.940  -9.264  5.082 0.0000000000
73521  -21.703  -19.966  9.133 0.0000000000
72378  -22.308  -20.278  9.799 0.0000000000
75848  -23.934  -17.384  7.845 0.0000000000
76986  -24.516  -16.930  7.933 0.0000000000
85391  -24.550  -9.654  4.491 0.0000000000
81204  -25.502  -12.094  4.581 0.0000000000
108361  -26.763  14.856  -2.112 0.0000000000
108364  -27.099  15.096  -3.421 0.0000000000
108362  -27.270  14.377  -2.131 0.0000000000
106563  -29.062  11.938  -0.433 0.0000000000
106562  -28.421  12.357  -0.467 0.0000000000
107494  -28.249  13.863  -2.351 0.0000000000
106572  -28.793  13.364  -2.070 0.0000000000
107495  -28.943  13.375  -2.800 0.0000000000
106573  -29.265  12.707  -2.066 0.0000000000
105684  -30.417  11.210  -2.403 0.0000000000
104758  -30.794  10.360  -2.050 0.0000000000
104763  -30.442  10.424  -3.344 0.0000000000
103834  -30.781  9.434  -2.576 0.0000000000
101893  -29.349  8.026  1.293 0.0000000000
101907  -31.124  7.225  -0.777 0.0000000000
102921  -30.784  8.278  -0.612 0.0000000000
102931  -30.456  8.463  -2.993 0.0000000000
101930  -30.496  7.631  -2.569 0.0000000000
101947  -29.965  7.627  -3.339 0.0000000000
100912  -30.105  7.135  -3.009 0.0000000000
99838  -29.932  5.054  -2.461 0.0000000000
100901  -29.945  5.875  -2.861 0.0000000000
99847  -28.578  4.986  -4.238 0.0000000000
98829  -29.455  4.286  -3.134 0.0000000000
97812  -28.474  3.313  2.963 0.0000000000
98774  -28.631  4.019  2.664 0.0000000000
98787  -30.067  4.538  1.283 0.0000000000
97827  -30.298  3.323  0.534 0.0000000000
96846  -30.190  2.197  -1.394 0.0000000000
96857  -29.773  2.266  -2.467 0.0000000000
96864  -29.387  2.364  -3.412 0.0000000000
95855  -29.405  1.580  -3.504 0.0000000000
95880  -28.443  1.546  -5.350 0.0000000000
95865  -29.102  1.142  -4.189 0.0000000000
94777  -29.520  0.220  -4.193 0.0000000000
93736  -30.396  -0.488  -4.581 0.0000000000
93737  -31.384  -0.622  -4.607 0.0000000000
93727  -30.933  -1.204  -3.868 0.0000000000
93702  -29.910  -1.039  -0.059 0.0000000000
92660  -29.691  -1.760  -0.753 0.0000000000
92677  -30.024  -2.508  -2.475 0.0000000000
92678  -30.926  -2.386  -2.551 0.0000000000
93722  -31.858  -1.545  -2.968 0.0000000000
91604  -32.188  -2.950  -0.534 0.0000000000
91591  -32.557  -2.692  0.472 0.0000000000
89467  -24.104  -4.353  3.654 0.0000000000
88441  -26.964  -5.874  3.909 0.0000000000
89470  -26.949  -4.817  3.959 0.0000000000
85424  -26.921  -7.794  1.235 0.0000000000
87485  -26.548  -7.018  1.594 0.0000000000
86455  -26.714  -7.132  0.965 0.0000000000
87488  -28.502  -5.893  1.145 0.0000000000
88480  -27.600  -5.929  0.922 0.0000000000
89502  -29.133  -4.652  0.482 0.0000000000
88483  -29.539  -4.882  1.042 0.0000000000
89486  -31.342  -4.478  2.230 0.0000000000
89504  -30.988  -4.297  1.435 0.0000000000
90478  -31.972  -3.750  2.537 0.0000000000
80143  -25.742  -13.704  6.183 0.0000000000
91548  -26.024  -2.436  4.377 0.0000000000
83356  -26.238  -10.666  3.582 0.0000000000
84367  -27.184  -9.751  3.487 0.0000000000
83341  -26.892  -10.255  3.776 0.0000000000
83343  -28.263  -10.278  4.901 0.0000000000
84352  -28.695  -9.843  5.208 0.0000000000
83328  -28.332  -10.328  5.499 0.0000000000
83312  -28.482  -10.534  6.244 0.0000000000
72379  -23.124  -19.891  9.826 0.0000000000
74737  -23.481  -17.875  7.979 0.0000000000
74715  -23.730  -18.415  8.730 0.0000000000
74716  -24.704  -18.134  8.728 0.0000000000
83338  -23.271  -10.632  4.352 0.0000000000
82261  -23.402  -11.573  4.334 0.0000000000
106566  -26.650  13.705  -1.372 0.0000000000
105679  -29.907  11.818  -1.634 0.0000000000
105676  -29.823  11.404  -0.505 0.0000000000
104751  -30.308  10.359  -0.319 0.0000000000
101901  -29.239  7.196  1.168 0.0000000000
101903  -30.651  7.340  -0.046 0.0000000000
100871  -31.148  6.702  -0.905 0.0000000000
100885  -30.878  6.482  -1.478 0.0000000000
100870  -30.881  6.385  -0.566 0.0000000000
99829  -30.476  5.279  -1.407 0.0000000000
98806  -30.433  4.303  -0.824 0.0000000000
96826  -30.346  2.218  0.738 0.0000000000
95848  -30.049  1.094  -2.372 0.0000000000
94763  -29.754  -0.101  -2.366 0.0000000000
92659  -29.532  -2.238  -0.225 0.0000000000
92671  -28.946  -2.864  -1.157 0.0000000000
91602  -29.884  -3.234  -1.886 0.0000000000
91611  -30.961  -2.690  -1.882 0.0000000000
90523  -30.256  -3.697  -0.823 0.0000000000
90524  -31.422  -3.523  -0.290 0.0000000000
88425  -24.935  -5.236  4.769 0.0000000000
87431  -25.036  -5.952  4.694 0.0000000000
88427  -26.304  -5.782  4.343 0.0000000000
87455  -27.115  -6.479  3.239 0.0000000000
86431  -28.201  -7.617  1.956 0.0000000000
86443  -27.771  -7.302  1.133 0.0000000000
87473  -28.214  -7.042  1.305 0.0000000000
88460  -29.187  -5.785  1.583 0.0000000000
88461  -30.095  -5.313  1.852 0.0000000000
88444  -31.175  -5.393  2.735 0.0000000000
89472  -31.892  -4.366  3.393 0.0000000000
88428  -31.540  -5.375  4.001 0.0000000000
77039  -23.346  -16.012  5.770 0.0000000000
78076  -24.026  -15.871  6.068 0.0000000000
78093  -24.223  -15.042  6.051 0.0000000000
79099  -24.449  -14.439  5.497 0.0000000000
79085  -24.898  -14.449  6.367 0.0000000000
94719  -28.497  0.676  3.409 0.0000000000
94720  -29.280  0.500  2.873 0.0000000000
93685  -29.445  -0.754  2.293 0.0000000000
92629  -28.524  -1.699  3.351 0.0000000000
92640  -29.014  -1.869  2.328 0.0000000000
91573  -29.132  -3.071  1.416 0.0000000000
90477  -28.354  -3.817  1.506 0.0000000000
85417  -26.904  -8.268  2.075 0.0000000000
84397  -27.486  -8.957  2.674 0.0000000000
85418  -27.460  -8.299  1.981 0.0000000000
86419  -28.463  -7.897  3.196 0.0000000000
86420  -29.092  -7.433  3.502 0.0000000000
87433  -29.640  -7.203  4.086 0.0000000000
87416  -29.576  -7.525  4.773 0.0000000000
84353  -29.067  -9.384  5.710 0.0000000000
72364  -21.882  -20.690  10.387 0.0000000000
75847  -23.379  -17.275  7.279 0.0000000000
77005  -23.711  -16.980  7.009 0.0000000000
77007  -24.969  -16.206  7.664 0.0000000000
85404  -25.071  -8.985  4.274 0.0000000000
83339  -24.226  -10.816  4.443 0.0000000000
83340  -25.167  -10.738  4.146 0.0000000000
82275  -26.017  -11.119  3.700 0.0000000000
109172  -25.970  15.597  -1.802 0.0000000000
106557  -26.397  12.261  0.078 0.0000000000
106567  -27.198  13.461  -1.264 0.0000000000
107490  -27.704  13.763  -1.709 0.0000000000
108366  -28.121  14.202  -2.950 0.0000000000
105683  -29.786  11.887  -2.723 0.0000000000
105688  -29.671  11.734  -3.829 0.0000000000
104762  -30.119  11.057  -3.821 0.0000000000
104770  -29.616  10.612  -4.616 0.0000000000
103824  -29.876  9.493  -0.061 0.0000000000
103825  -30.828  9.350  -0.572 0.0000000000
102917  -30.311  7.969  0.095 0.0000000000
103826  -31.067  8.833  -0.712 0.0000000000
103829  -30.993  9.506  -1.509 0.0000000000
103838  -30.362  9.300  -3.614 0.0000000000
103847  -29.805  9.259  -4.543 0.0000000000
102941  -29.279  8.127  -4.422 0.0000000000
100923  -29.076  7.062  -4.297 0.0000000000
98785  -28.208  4.856  2.627 0.0000000000
98797  -30.369  4.395  0.215 0.0000000000
98819  -30.059  4.203  -1.644 0.0000000000
97850  -30.080  3.286  -1.466 0.0000000000
97862  -29.696  3.441  -2.965 0.0000000000
97870  -28.954  3.397  -3.675 0.0000000000
96871  -28.098  3.074  -4.991 0.0000000000
94785  -29.772  0.142  -5.216 0.0000000000
94778  -31.373  -0.027  -5.160 0.0000000000
94779  -31.918  0.228  -4.429 0.0000000000
94739  -29.937  0.047  0.805 0.0000000000
93720  -29.770  -1.386  -2.271 0.0000000000
92673  -32.466  -2.298  -1.135 0.0000000000
90465  -25.459  -3.383  4.443 0.0000000000
90466  -26.483  -3.483  4.348 0.0000000000
89455  -25.508  -4.891  4.690 0.0000000000
90467  -27.505  -3.655  3.730 0.0000000000
89484  -28.177  -4.683  0.802 0.0000000000
87471  -26.766  -7.076  2.862 0.0000000000
87472  -26.915  -6.385  2.073 0.0000000000
88458  -27.540  -5.675  1.665 0.0000000000
88459  -27.846  -5.303  1.027 0.0000000000
89517  -28.826  -4.247  0.166 0.0000000000
89518  -29.195  -4.200  -0.122 0.0000000000
90514  -30.810  -4.072  0.070 0.0000000000
90515  -31.546  -3.619  0.584 0.0000000000
89485  -30.676  -4.679  1.736 0.0000000000
90494  -31.026  -4.032  0.884 0.0000000000
90516  -32.205  -3.192  1.037 0.0000000000
80164  -23.597  -13.432  4.410 0.0000000000
80154  -24.882  -13.513  5.183 0.0000000000
81192  -24.899  -12.787  4.869 0.0000000000
81193  -25.503  -12.629  5.129 0.0000000000
81194  -26.241  -12.402  5.452 0.0000000000
76987  -24.926  -16.742  8.137 0.0000000000
82252  -26.708  -11.713  4.945 0.0000000000
82274  -25.898  -10.942  3.582 0.0000000000
84398  -28.019  -9.096  2.938 0.0000000000
85393  -28.875  -8.694  4.717 0.0000000000
85406  -28.323  -8.687  3.289 0.0000000000
85425  -27.090  -7.982  1.337 0.0000000000
86441  -26.742  -7.468  1.264 0.0000000000
86442  -27.102  -7.386  0.878 0.0000000000
86454  -26.686  -7.308  0.951 0.0000000000
87432  -25.790  -6.144  4.503 0.0000000000
87498  -26.688  -7.059  0.989 0.0000000000
87499  -26.733  -6.911  0.814 0.0000000000
88443  -30.624  -5.682  2.563 0.0000000000
89456  -26.162  -5.108  4.452 0.0000000000
89457  -26.599  -5.387  4.178 0.0000000000
89525  -29.610  -3.962  -0.837 0.0000000000
90464  -24.498  -3.409  3.978 0.0000000000
90512  -28.751  -4.092  -0.217 0.0000000000
91612  -31.806  -2.695  -1.354 0.0000000000
94718  -27.615  0.764  3.584 0.0000000000
94776  -29.182  0.529  -4.452 0.0000000000
94784  -29.069  0.577  -4.866 0.0000000000
95823  -30.241  1.047  -0.111 0.0000000000
95866  -29.357  0.732  -3.936 0.0000000000
95879  -27.969  2.108  -5.580 0.0000000000
96825  -30.070  2.083  1.442 0.0000000000
96865  -29.536  1.817  -3.150 0.0000000000
96885  -28.004  2.149  -5.256 0.0000000000
97813  -29.301  3.293  2.495 0.0000000000
97863  -29.763  3.393  -2.193 0.0000000000
97876  -28.346  3.534  -4.489 0.0000000000
98818  -29.759  4.192  -2.322 0.0000000000
99790  -29.494  5.462  1.701 0.0000000000
99805  -30.213  5.492  0.814 0.0000000000
100849  -29.426  6.124  1.430 0.0000000000
100859  -28.685  6.808  1.542 0.0000000000
100860  -29.146  6.648  1.360 0.0000000000
100886  -31.139  6.751  -1.164 0.0000000000
100902  -30.422  6.689  -2.528 0.0000000000
101894  -29.760  8.270  0.962 0.0000000000
101908  -31.354  6.938  -0.979 0.0000000000
101916  -31.183  7.015  -1.256 0.0000000000
102920  -30.269  8.905  -0.260 0.0000000000
102922  -31.119  8.614  -0.837 0.0000000000
102927  -31.141  8.511  -1.088 0.0000000000
102957  -29.487  8.564  -4.523 0.0000000000
103830  -31.270  8.912  -1.032 0.0000000000
105677  -30.384  10.799  -0.756 0.0000000000
106560  -26.282  13.271  -1.118 0.0000000000
107493  -27.574  14.093  -2.118 0.0000000000
108375  -28.109  14.443  -3.324 0.0000000000
