#!ascii label  , from subject 3069 vox2ras=TkReg
334
88707  27.220  -6.242  -0.377 0.0000000000
79709  19.911  -15.087  7.804 0.0000000000
94887  25.677  0.310  -0.484 0.0000000000
105464  23.735  11.853  -1.148 0.0000000000
77427  18.604  -16.653  7.938 0.0000000000
96924  26.002  2.135  -2.550 0.0000000000
99860  25.077  4.859  -1.637 0.0000000000
85513  23.232  -9.034  1.093 0.0000000000
83592  22.365  -10.592  4.097 0.0000000000
86516  24.684  -7.686  2.667 0.0000000000
91932  29.504  -3.772  -0.999 0.0000000000
89800  28.993  -5.759  1.408 0.0000000000
91943  26.593  -2.697  -0.533 0.0000000000
93920  28.557  -0.707  -2.665 0.0000000000
103675  24.787  9.280  0.269 0.0000000000
101777  22.850  7.218  -4.072 0.0000000000
81664  21.797  -12.577  7.053 0.0000000000
98897  25.366  4.152  0.133 0.0000000000
100808  25.099  5.824  -0.974 0.0000000000
86551  25.266  -8.399  0.449 0.0000000000
85511  24.743  -9.204  1.154 0.0000000000
86541  26.833  -8.101  0.944 0.0000000000
78622  19.524  -15.893  8.121 0.0000000000
93892  25.708  -1.411  -0.213 0.0000000000
92966  27.605  -1.530  -1.871 0.0000000000
93918  27.160  -0.148  -1.825 0.0000000000
98912  27.208  4.245  -3.411 0.0000000000
97929  27.671  3.323  -3.738 0.0000000000
105457  23.956  11.994  1.060 0.0000000000
103654  24.352  8.822  1.976 0.0000000000
104610  24.553  10.313  -0.145 0.0000000000
106388  23.346  12.016  -5.116 0.0000000000
104658  23.523  10.452  -5.289 0.0000000000
102747  22.835  8.411  -4.446 0.0000000000
103726  23.279  9.076  -5.259 0.0000000000
100854  23.862  6.891  -5.181 0.0000000000
84537  22.758  -9.963  4.505 0.0000000000
82649  22.119  -11.202  5.443 0.0000000000
76224  18.277  -17.827  9.022 0.0000000000
95915  25.897  1.377  -1.413 0.0000000000
96925  25.702  2.308  -1.186 0.0000000000
98905  25.973  3.732  -2.341 0.0000000000
99877  26.039  4.785  -3.110 0.0000000000
83608  21.480  -10.853  2.938 0.0000000000
84562  23.555  -10.200  1.598 0.0000000000
85493  23.624  -8.949  2.920 0.0000000000
85478  23.843  -8.614  4.208 0.0000000000
89828  28.747  -5.547  -0.424 0.0000000000
87621  28.512  -6.813  0.310 0.0000000000
90913  30.356  -4.783  -0.090 0.0000000000
88692  25.277  -5.889  0.338 0.0000000000
90916  25.342  -3.909  0.461 0.0000000000
90932  27.034  -4.774  -0.618 0.0000000000
91942  28.328  -3.354  -1.243 0.0000000000
91952  29.451  -1.897  -2.227 0.0000000000
94893  29.617  -0.017  -1.512 0.0000000000
95922  27.237  1.288  -3.319 0.0000000000
95914  29.265  1.509  -2.559 0.0000000000
101740  24.847  7.386  1.258 0.0000000000
104628  22.285  11.235  -3.331 0.0000000000
103695  23.442  9.903  -2.661 0.0000000000
102722  24.529  7.780  -1.719 0.0000000000
102721  24.897  7.084  -1.539 0.0000000000
100817  24.484  5.864  -2.922 0.0000000000
100843  25.066  6.296  -4.253 0.0000000000
79742  20.428  -14.202  5.813 0.0000000000
82660  21.694  -11.813  4.137 0.0000000000
88660  26.558  -6.613  2.114 0.0000000000
87571  25.075  -7.076  3.391 0.0000000000
99837  25.364  5.233  0.972 0.0000000000
87624  25.928  -7.578  0.065 0.0000000000
86550  26.226  -8.317  0.452 0.0000000000
87623  27.151  -7.413  0.064 0.0000000000
75144  17.566  -18.603  9.289 0.0000000000
93893  25.707  -0.810  0.200 0.0000000000
93904  25.886  -1.231  -0.685 0.0000000000
94896  25.790  -0.056  -1.086 0.0000000000
99868  27.116  5.103  -3.262 0.0000000000
99867  27.578  4.924  -2.619 0.0000000000
106304  24.022  12.179  0.235 0.0000000000
105447  23.729  11.257  1.646 0.0000000000
104605  24.609  10.255  0.891 0.0000000000
105473  23.870  11.185  -1.427 0.0000000000
103736  23.236  9.556  -5.256 0.0000000000
103725  23.906  9.290  -5.201 0.0000000000
84529  22.822  -9.950  5.478 0.0000000000
83572  22.546  -10.517  6.053 0.0000000000
78659  18.714  -15.474  6.524 0.0000000000
96910  25.427  2.332  -0.081 0.0000000000
98906  25.623  4.080  -1.265 0.0000000000
98914  25.675  4.313  -2.284 0.0000000000
98923  26.077  4.537  -2.791 0.0000000000
99869  25.427  4.802  -2.630 0.0000000000
107218  23.493  13.406  -0.504 0.0000000000
83616  22.926  -10.335  1.583 0.0000000000
84567  23.237  -9.997  1.177 0.0000000000
86533  24.851  -8.643  1.564 0.0000000000
86534  24.393  -8.865  1.798 0.0000000000
86517  24.226  -8.586  2.268 0.0000000000
86502  24.032  -8.191  3.190 0.0000000000
76242  18.745  -17.245  8.666 0.0000000000
90923  29.452  -5.023  -0.452 0.0000000000
90914  29.795  -4.393  -0.688 0.0000000000
87614  24.584  -6.836  0.472 0.0000000000
91944  25.787  -3.131  -0.020 0.0000000000
90915  25.828  -4.847  -0.071 0.0000000000
90925  26.753  -4.335  -0.593 0.0000000000
93916  28.248  -1.052  -2.306 0.0000000000
91953  28.685  -1.853  -2.238 0.0000000000
92967  29.063  -1.230  -2.535 0.0000000000
92964  29.515  -1.307  -2.346 0.0000000000
94908  29.064  -0.205  -2.898 0.0000000000
95923  26.597  1.164  -2.496 0.0000000000
96934  26.761  1.832  -3.117 0.0000000000
96932  28.603  2.409  -3.199 0.0000000000
102677  23.984  8.275  2.135 0.0000000000
102690  24.558  8.248  1.622 0.0000000000
101726  24.465  7.421  2.033 0.0000000000
102698  24.887  8.179  0.665 0.0000000000
105500  22.913  11.581  -4.656 0.0000000000
106375  22.350  12.398  -4.546 0.0000000000
104637  22.417  10.660  -3.926 0.0000000000
104636  22.713  10.005  -3.574 0.0000000000
102733  23.479  8.040  -3.649 0.0000000000
103702  23.707  8.603  -3.038 0.0000000000
102732  23.902  7.855  -2.842 0.0000000000
101770  24.093  6.728  -2.823 0.0000000000
101769  24.713  6.595  -2.118 0.0000000000
100829  23.264  6.524  -4.078 0.0000000000
101797  24.644  7.366  -5.615 0.0000000000
100853  24.849  6.609  -5.240 0.0000000000
101796  25.771  7.167  -5.319 0.0000000000
101795  26.183  6.770  -5.026 0.0000000000
83607  22.103  -10.452  3.063 0.0000000000
82676  21.417  -11.602  3.257 0.0000000000
82675  21.923  -11.152  3.816 0.0000000000
81679  21.607  -12.228  6.249 0.0000000000
81692  21.374  -12.269  5.424 0.0000000000
80722  21.233  -13.119  6.491 0.0000000000
88690  28.354  -6.450  1.113 0.0000000000
88691  27.793  -6.957  1.047 0.0000000000
88677  28.027  -5.727  1.818 0.0000000000
97891  25.613  3.234  0.683 0.0000000000
99851  25.184  5.023  -0.416 0.0000000000
85515  24.612  -8.737  0.631 0.0000000000
85512  24.130  -9.478  0.917 0.0000000000
86543  25.502  -8.928  0.888 0.0000000000
86542  26.251  -8.385  1.194 0.0000000000
86532  25.461  -7.684  1.963 0.0000000000
77414  19.392  -16.646  8.777 0.0000000000
78606  19.904  -15.949  8.958 0.0000000000
77413  20.213  -16.601  9.503 0.0000000000
91941  29.794  -2.818  -1.203 0.0000000000
91931  30.478  -3.583  -0.533 0.0000000000
91934  25.522  -2.591  0.415 0.0000000000
91933  25.757  -2.249  -0.201 0.0000000000
92961  26.537  -1.713  -0.873 0.0000000000
93910  27.129  -1.246  -1.820 0.0000000000
94903  27.538  -0.140  -2.477 0.0000000000
97930  26.924  3.715  -3.537 0.0000000000
97915  27.060  2.771  -3.619 0.0000000000
98911  28.003  4.119  -2.777 0.0000000000
103667  24.515  9.314  1.428 0.0000000000
105510  23.538  11.492  -5.290 0.0000000000
104649  22.737  10.398  -4.801 0.0000000000
103713  22.546  9.530  -3.990 0.0000000000
102748  22.555  8.966  -5.030 0.0000000000
101799  23.034  7.575  -4.967 0.0000000000
100845  23.084  6.869  -4.664 0.0000000000
101798  23.709  7.575  -5.237 0.0000000000
102760  24.269  8.274  -5.231 0.0000000000
82659  22.100  -11.226  4.571 0.0000000000
83583  22.489  -10.604  5.026 0.0000000000
82637  22.205  -11.428  6.279 0.0000000000
76225  17.675  -18.083  8.590 0.0000000000
76243  18.085  -17.530  8.163 0.0000000000
78640  18.867  -15.833  7.369 0.0000000000
79710  19.431  -15.514  7.581 0.0000000000
79725  20.153  -14.607  6.973 0.0000000000
94876  25.622  0.356  0.872 0.0000000000
95907  25.680  1.112  -0.654 0.0000000000
95916  25.483  1.697  -0.627 0.0000000000
97902  25.720  3.213  -0.574 0.0000000000
97917  25.851  3.098  -1.884 0.0000000000
98913  26.408  4.042  -3.007 0.0000000000
99876  26.677  4.735  -3.420 0.0000000000
100826  26.995  5.231  -4.057 0.0000000000
106305  23.780  12.603  0.816 0.0000000000
107217  23.953  12.751  -0.161 0.0000000000
106317  23.466  12.582  -1.260 0.0000000000
83606  22.897  -10.384  2.132 0.0000000000
84553  23.224  -9.968  2.647 0.0000000000
85505  24.114  -9.283  1.708 0.0000000000
84554  22.665  -10.030  3.620 0.0000000000
84536  23.195  -9.459  3.801 0.0000000000
84528  23.331  -9.377  4.947 0.0000000000
88706  28.198  -6.322  -0.417 0.0000000000
87628  28.116  -6.967  -0.104 0.0000000000
88701  28.806  -6.146  -0.205 0.0000000000
88700  28.942  -6.355  0.115 0.0000000000
89816  29.770  -5.674  0.713 0.0000000000
89799  29.814  -5.377  1.717 0.0000000000
87625  24.872  -7.407  0.315 0.0000000000
88703  25.479  -6.479  0.201 0.0000000000
88702  26.408  -6.718  -0.118 0.0000000000
89819  25.421  -5.267  0.382 0.0000000000
89829  26.134  -5.568  -0.197 0.0000000000
89836  27.038  -5.196  -0.569 0.0000000000
90931  27.414  -4.837  -0.598 0.0000000000
90924  28.501  -4.549  -0.597 0.0000000000
91950  27.802  -2.228  -1.601 0.0000000000
91949  29.078  -2.525  -1.934 0.0000000000
91948  29.688  -2.122  -1.686 0.0000000000
93909  29.524  -0.779  -1.179 0.0000000000
94895  26.243  0.310  -1.487 0.0000000000
94904  27.150  0.400  -2.419 0.0000000000
94910  27.690  0.199  -3.151 0.0000000000
96933  27.492  2.195  -3.449 0.0000000000
95921  28.306  1.155  -3.474 0.0000000000
94909  28.431  0.112  -3.275 0.0000000000
94902  29.214  0.511  -3.025 0.0000000000
100795  25.224  6.738  0.962 0.0000000000
106344  22.559  12.456  -2.455 0.0000000000
105480  22.294  11.735  -2.833 0.0000000000
105474  23.279  11.760  -2.079 0.0000000000
104621  23.665  10.512  -2.113 0.0000000000
104620  24.320  10.355  -1.289 0.0000000000
103684  24.616  9.219  -0.937 0.0000000000
103703  23.210  9.290  -3.350 0.0000000000
103694  24.000  9.206  -2.262 0.0000000000
102712  24.977  8.259  -0.463 0.0000000000
102697  25.043  7.538  -0.130 0.0000000000
101751  24.967  7.121  0.428 0.0000000000
100794  25.483  6.179  0.221 0.0000000000
100816  24.875  5.591  -2.175 0.0000000000
100844  23.879  6.384  -4.524 0.0000000000
100827  25.307  5.137  -3.573 0.0000000000
100842  26.111  5.787  -4.632 0.0000000000
100851  26.373  6.453  -4.779 0.0000000000
81704  20.842  -12.905  4.293 0.0000000000
82650  21.655  -11.729  4.984 0.0000000000
81703  21.357  -12.383  4.604 0.0000000000
81693  21.085  -12.952  5.109 0.0000000000
80723  20.852  -13.375  5.736 0.0000000000
79724  20.712  -13.766  6.916 0.0000000000
87612  27.320  -7.568  0.931 0.0000000000
87603  26.503  -7.482  1.614 0.0000000000
86515  25.215  -7.372  2.551 0.0000000000
88645  26.236  -6.027  3.011 0.0000000000
87583  25.638  -6.899  2.621 0.0000000000
87584  25.137  -7.246  2.838 0.0000000000
86501  24.464  -7.571  4.009 0.0000000000
77428  18.062  -17.095  7.715 0.0000000000
79741  20.767  -13.597  6.252 0.0000000000
82638  21.691  -11.707  5.705 0.0000000000
83621  22.818  -10.151  1.360 0.0000000000
83622  22.456  -10.199  1.614 0.0000000000
85504  24.581  -9.105  1.431 0.0000000000
85514  24.904  -9.047  0.784 0.0000000000
86549  26.808  -8.078  0.686 0.0000000000
86552  24.608  -8.179  0.393 0.0000000000
87602  27.039  -7.252  1.442 0.0000000000
87610  28.449  -6.662  0.652 0.0000000000
87611  28.065  -6.958  0.668 0.0000000000
87613  26.804  -8.025  1.176 0.0000000000
87622  28.036  -7.222  0.248 0.0000000000
87626  24.338  -7.790  0.398 0.0000000000
87627  28.562  -6.964  0.004 0.0000000000
87629  27.715  -6.778  -0.224 0.0000000000
88659  27.104  -5.859  2.407 0.0000000000
88678  27.365  -6.682  1.544 0.0000000000
88679  26.841  -7.008  1.652 0.0000000000
88689  28.837  -6.333  0.603 0.0000000000
88704  24.898  -6.701  0.404 0.0000000000
88705  28.585  -6.636  -0.158 0.0000000000
89817  29.031  -6.104  0.956 0.0000000000
89818  25.781  -5.216  0.030 0.0000000000
89827  29.432  -5.648  -0.117 0.0000000000
89830  25.576  -5.784  0.190 0.0000000000
89835  27.855  -5.461  -0.567 0.0000000000
90926  25.971  -3.519  -0.346 0.0000000000
91940  29.802  -2.185  -1.243 0.0000000000
91951  26.947  -2.107  -1.177 0.0000000000
91954  28.062  -1.757  -1.939 0.0000000000
91955  29.174  -1.603  -2.419 0.0000000000
91956  28.914  -1.535  -2.450 0.0000000000
92945  25.562  -1.750  0.115 0.0000000000
92954  25.934  -1.850  -0.436 0.0000000000
92959  29.751  -1.446  -1.849 0.0000000000
92960  27.042  -1.642  -1.513 0.0000000000
92965  28.145  -1.390  -2.127 0.0000000000
92968  28.621  -1.310  -2.397 0.0000000000
93905  25.775  -0.518  -0.865 0.0000000000
93911  26.488  -0.851  -1.489 0.0000000000
93912  25.977  -0.295  -1.286 0.0000000000
93915  29.687  -0.739  -2.037 0.0000000000
93917  27.616  -0.847  -2.205 0.0000000000
93919  29.313  -0.729  -2.553 0.0000000000
93921  27.944  -0.346  -2.920 0.0000000000
94886  25.700  0.758  -1.054 0.0000000000
94901  29.452  -0.088  -2.378 0.0000000000
94911  27.346  0.513  -3.039 0.0000000000
95927  28.013  0.529  -3.450 0.0000000000
95928  27.582  0.734  -3.354 0.0000000000
95929  27.056  0.754  -3.061 0.0000000000
96923  26.703  2.412  -3.304 0.0000000000
97916  26.433  3.147  -3.216 0.0000000000
98921  26.937  4.518  -3.347 0.0000000000
98922  26.606  4.511  -3.192 0.0000000000
99875  27.160  4.591  -3.311 0.0000000000
100781  24.927  6.510  1.641 0.0000000000
100828  23.942  5.947  -3.684 0.0000000000
100852  25.782  6.446  -5.034 0.0000000000
100855  23.336  7.150  -5.087 0.0000000000
101750  25.126  6.765  -0.458 0.0000000000
101764  25.031  6.550  -1.377 0.0000000000
101776  23.453  6.913  -3.529 0.0000000000
101789  22.872  7.448  -4.532 0.0000000000
102711  25.101  7.358  -0.962 0.0000000000
102759  25.244  7.962  -5.266 0.0000000000
102761  23.184  8.541  -5.196 0.0000000000
102762  22.761  9.142  -5.210 0.0000000000
102768  23.026  9.091  -5.292 0.0000000000
102769  22.914  9.324  -5.263 0.0000000000
103714  22.440  9.525  -4.625 0.0000000000
104648  23.107  10.511  -5.002 0.0000000000
105463  24.195  11.389  -0.530 0.0000000000
105499  23.250  10.829  -4.864 0.0000000000
105511  23.186  11.825  -4.962 0.0000000000
106316  23.845  12.363  -0.555 0.0000000000
106373  23.815  12.362  -4.826 0.0000000000
106374  22.944  12.337  -4.596 0.0000000000
106389  22.894  12.047  -4.836 0.0000000000
107208  23.891  12.911  0.247 0.0000000000
