#!ascii label  , from subject 3003 vox2ras=TkReg
633
65612  21.659  -22.730  -4.924 0.1428571492
65613  20.714  -22.744  -4.819 0.1428571492
66768  21.358  -21.351  -6.528 0.1428571492
64462  22.669  -22.899  -4.505 0.1428571492
66749  21.847  -21.966  -6.186 0.2857142985
65633  21.276  -22.389  -5.544 0.1428571492
65631  22.875  -22.331  -5.331 0.1428571492
67940  22.505  -20.765  -7.011 0.5714285970
66748  23.110  -21.757  -6.056 0.1428571492
67938  24.497  -20.154  -6.362 0.2857142985
67925  24.299  -20.756  -5.999 0.2857142985
69055  25.563  -19.446  -6.427 0.1428571492
67937  25.029  -19.883  -6.276 0.2857142985
71494  25.533  -17.026  -8.734 0.2857142985
71481  25.419  -17.953  -8.076 0.1428571492
74037  26.561  -15.355  -9.508 0.2857142985
72743  26.427  -15.924  -8.993 0.2857142985
75230  26.493  -14.477  -10.397 0.2857142985
74047  26.254  -15.067  -9.963 0.2857142985
77678  27.070  -12.902  -11.976 0.2857142985
79971  26.997  -10.755  -13.958 0.8571428657
78804  27.429  -11.589  -12.851 0.4285714328
76494  27.098  -13.140  -11.467 0.2857142985
81101  27.447  -9.412  -14.874 0.7142857313
81086  27.840  -9.730  -14.061 0.7142857313
79982  27.311  -10.173  -14.215 0.7142857313
78817  27.149  -11.130  -13.574 0.7142857313
83198  28.040  -7.440  -15.292 0.8571428657
82119  27.978  -8.328  -14.642 0.5714285970
82120  27.490  -8.270  -15.508 0.8571428657
85484  28.385  -5.437  -15.893 0.4285714328
83214  27.939  -7.065  -15.736 0.7142857313
83199  27.659  -7.723  -15.580 0.8571428657
87624  28.309  -3.487  -15.667 0.2857142985
87634  27.714  -3.496  -16.282 0.5714285970
85504  27.956  -5.978  -16.426 0.8571428657
85485  27.831  -4.938  -16.324 0.7142857313
84354  27.470  -6.579  -16.538 0.8571428657
89817  28.015  -1.571  -15.354 0.1428571492
88702  28.620  -2.565  -14.993 0.1428571492
88703  27.913  -2.602  -15.820 0.4285714328
86553  27.990  -4.366  -16.011 0.5714285970
92024  27.378  0.336  -15.293 0.1428571492
89825  27.528  -1.907  -15.989 0.4285714328
86566  27.390  -4.428  -16.668 0.8571428657
93212  27.939  1.361  -14.716 0.1428571492
90942  27.730  -0.559  -15.342 0.1428571492
90943  27.072  -0.574  -15.822 0.4285714328
88710  27.441  -2.570  -16.692 0.5714285970
88724  27.223  -3.059  -17.159 0.7142857313
86584  26.781  -4.533  -17.387 0.8571428657
93213  26.849  1.253  -15.241 0.1428571492
94359  26.082  2.238  -15.412 0.1428571492
92025  26.626  0.276  -15.822 0.5714285970
88711  27.273  -1.986  -17.101 0.8571428657
87652  27.073  -3.562  -17.406 0.8571428657
88725  27.003  -2.596  -17.567 0.8571428657
95509  26.703  3.431  -14.812 0.1428571492
93214  26.047  1.063  -15.742 0.1428571492
94371  25.626  1.579  -15.789 0.8571428657
90948  26.658  -0.541  -16.647 0.8571428657
89826  27.211  -1.456  -16.497 0.7142857313
90949  26.204  -0.183  -17.133 0.8571428657
96654  25.425  4.538  -15.240 0.1428571492
97799  25.917  5.516  -15.041 0.1428571492
95510  25.629  3.447  -15.391 0.4285714328
94372  25.016  2.053  -15.865 0.8571428657
92035  25.647  0.388  -17.185 0.8571428657
90956  25.850  -0.536  -17.764 0.8571428657
95511  25.103  3.933  -15.550 0.4285714328
93227  24.878  1.258  -17.258 0.8571428657
93239  24.812  0.863  -18.033 0.8571428657
98880  25.440  6.269  -15.423 0.1428571492
99958  24.895  6.871  -15.702 0.2857142985
97800  25.033  5.365  -15.382 0.5714285970
97809  24.316  5.270  -15.908 0.8571428657
96662  24.715  4.436  -15.672 0.8571428657
95523  24.592  3.289  -15.826 0.8571428657
94373  24.146  2.363  -16.850 0.8571428657
94374  23.668  2.936  -16.927 0.8571428657
93228  24.362  1.766  -17.563 0.8571428657
99970  25.151  7.713  -15.985 0.2857142985
99959  24.442  6.609  -15.874 0.7142857313
98881  24.678  6.106  -15.663 0.5714285970
98889  24.185  6.149  -16.196 0.8571428657
95532  23.458  3.514  -17.044 0.8571428657
95540  23.308  3.601  -18.064 0.8571428657
94384  24.054  2.147  -17.918 0.8571428657
98890  23.747  6.311  -16.922 0.8571428657
96671  23.313  4.463  -17.311 0.8571428657
97819  22.873  5.224  -18.076 0.7142857313
96684  23.106  4.306  -18.053 0.7142857313
99972  23.608  7.245  -17.161 0.8571428657
98899  23.319  6.414  -17.713 0.8571428657
97818  23.289  5.486  -17.505 0.8571428657
98912  22.896  6.321  -18.370 0.8571428657
99981  22.994  7.312  -18.079 0.8571428657
103002  23.507  9.944  -17.655 0.7142857313
101026  22.714  8.362  -17.982 0.8571428657
102028  22.664  9.393  -18.282 0.8571428657
101035  22.567  8.370  -18.879 0.8571428657
103026  22.162  10.343  -19.653 0.7142857313
97831  22.990  5.782  -18.055 0.8571428657
99982  22.706  7.824  -18.499 0.8571428657
105077  24.806  12.756  -20.001 0.1428571492
103015  22.665  10.321  -18.921 0.7142857313
104111  22.650  11.377  -19.483 0.7142857313
102038  22.308  9.309  -19.422 0.8571428657
106911  24.333  14.442  -21.350 0.1428571492
105069  23.094  12.011  -19.493 0.5714285970
105078  23.218  12.912  -19.905 0.5714285970
105080  22.119  12.430  -20.366 0.5714285970
106001  23.642  13.514  -20.022 0.1428571492
108712  23.826  16.222  -23.114 0.1428571492
106003  21.785  13.209  -20.744 0.5714285970
106927  21.946  15.227  -23.204 0.1428571492
106023  20.676  13.718  -23.645 0.1428571492
106902  22.034  14.111  -20.874 0.1428571492
106936  19.969  13.788  -24.035 0.1428571492
106022  21.226  14.057  -23.367 0.1428571492
106928  20.541  14.351  -22.881 0.1428571492
141349  20.216  16.520  -25.428 0.1428571492
107841  19.533  14.922  -23.524 0.1428571492
64464  21.192  -23.109  -4.279 0.1428571492
64465  20.312  -23.042  -4.074 0.1428571492
66731  23.281  -22.169  -5.339 0.1428571492
66746  24.701  -21.024  -5.572 0.2857142985
67926  23.777  -21.144  -6.137 0.2857142985
70281  25.841  -18.160  -7.522 0.2857142985
70282  25.169  -18.634  -7.472 0.1428571492
76495  26.413  -13.679  -11.879 0.2857142985
76484  26.539  -13.939  -10.964 0.2857142985
77694  26.692  -12.683  -12.665 0.5714285970
85483  28.943  -4.903  -15.417 0.1428571492
84369  26.919  -6.789  -17.077 0.8571428657
87651  27.329  -3.521  -16.886 0.7142857313
94358  27.218  2.352  -14.749 0.1428571492
92034  26.104  0.338  -16.473 0.8571428657
89834  26.332  -1.255  -17.747 0.8571428657
92045  25.228  0.332  -18.058 0.8571428657
99971  24.208  7.205  -16.276 0.8571428657
101025  23.609  8.326  -17.379 0.8571428657
103014  23.221  10.471  -18.046 0.8571428657
104110  23.229  11.861  -19.259 0.7142857313
106901  23.058  14.260  -20.750 0.1428571492
107840  22.599  15.769  -22.903 0.1428571492
141318  21.188  14.550  -25.428 0.1428571492
64466  19.775  -22.951  -3.811 0.1428571492
66766  22.863  -21.182  -6.711 0.4285714328
69057  24.135  -19.809  -6.887 0.2857142985
67939  23.463  -20.577  -6.756 0.4285714328
67954  22.637  -20.321  -7.362 0.2857142985
69069  25.091  -19.156  -6.924 0.1428571492
71493  26.263  -16.757  -8.335 0.2857142985
74022  26.922  -15.635  -8.925 0.2857142985
72744  25.730  -16.074  -9.528 0.2857142985
71512  25.217  -16.712  -9.443 0.2857142985
74038  26.055  -15.456  -9.835 0.2857142985
78805  26.658  -12.051  -13.152 0.7142857313
92023  28.167  0.302  -14.858 0.1428571492
94357  28.210  2.479  -14.473 0.1428571492
96653  26.300  4.528  -14.837 0.1428571492
89850  26.519  -1.911  -17.881 0.8571428657
88743  26.321  -2.665  -18.265 1.0000000000
99957  25.637  7.048  -15.661 0.1428571492
99969  26.179  7.665  -16.005 0.1428571492
101010  24.538  8.444  -16.696 0.2857142985
95541  23.050  4.043  -18.561 0.8571428657
103001  23.966  10.145  -17.565 0.5714285970
104099  23.004  10.954  -18.763 0.7142857313
105068  23.626  12.485  -19.346 0.4285714328
104097  24.441  11.837  -18.668 0.2857142985
105067  24.594  12.564  -19.322 0.2857142985
105991  24.254  13.109  -19.696 0.1428571492
106900  23.959  14.374  -20.558 0.1428571492
106912  23.573  14.814  -21.438 0.1428571492
106914  21.263  14.262  -21.726 0.2857142985
107838  23.885  15.387  -22.401 0.1428571492
107829  20.018  15.193  -22.737 0.1428571492
141323  22.959  16.163  -23.209 0.1428571492
141358  19.221  15.718  -24.337 0.1428571492
108704  19.709  16.559  -23.408 0.1428571492
141355  20.164  17.844  -25.685 0.1428571492
101999  25.183  9.173  -16.806 0.4285714328
102012  24.566  9.453  -17.237 0.4285714328
103000  24.730  10.257  -17.672 0.4285714328
103013  24.169  10.996  -17.966 0.4285714328
105058  23.891  12.147  -18.810 0.5714285970
65632  22.211  -22.357  -5.528 0.1428571492
66767  22.229  -21.332  -6.666 0.4285714328
66750  20.933  -21.849  -6.054 0.2857142985
66747  24.141  -21.376  -5.646 0.1428571492
69070  24.483  -19.269  -7.275 0.1428571492
81102  26.828  -9.831  -15.576 0.7142857313
84336  28.310  -6.535  -15.644 0.8571428657
83215  27.519  -7.479  -16.003 0.8571428657
89818  27.456  -1.230  -15.773 0.1428571492
89833  26.867  -1.466  -17.332 0.8571428657
93226  25.528  1.092  -16.363 0.8571428657
97810  23.826  5.323  -16.711 0.8571428657
96663  23.967  4.222  -16.375 0.8571428657
94385  23.644  2.821  -17.560 0.8571428657
106000  24.764  13.477  -20.504 0.1428571492
106002  22.662  13.280  -20.321 0.5714285970
141305  23.813  15.946  -24.260 0.1428571492
106903  21.502  13.729  -21.074 0.4285714328
106926  22.519  15.519  -22.621 0.1428571492
106939  20.530  13.785  -24.491 0.1428571492
141296  21.604  13.864  -24.336 0.1428571492
106913  22.578  14.967  -21.866 0.1428571492
107842  19.621  14.306  -23.948 0.1428571492
71465  26.879  -18.131  -6.869 0.1428571492
101024  24.104  8.924  -17.153 0.5714285970
67953  23.131  -20.147  -7.423 0.4285714328
106915  20.373  14.545  -21.802 0.1428571492
72758  24.560  -16.426  -10.665 0.5714285970
72759  23.479  -16.590  -10.872 0.5714285970
71527  23.021  -16.950  -10.445 0.2857142985
74062  24.724  -15.414  -11.830 0.5714285970
74050  24.280  -16.110  -11.290 0.5714285970
70315  22.716  -17.952  -9.359 0.4285714328
72760  22.425  -16.524  -10.683 0.2857142985
72770  23.049  -16.201  -11.363 0.4285714328
76496  25.694  -14.158  -12.271 0.4285714328
75241  25.125  -14.915  -12.225 0.5714285970
74085  23.946  -15.338  -12.312 0.5714285970
75261  23.550  -14.768  -12.557 0.4285714328
76513  25.361  -13.718  -12.932 0.5714285970
75260  24.606  -14.748  -12.570 0.4285714328
77709  25.500  -12.583  -13.574 0.7142857313
77710  24.656  -12.722  -13.798 0.4285714328
74063  23.511  -15.890  -11.761 0.4285714328
74064  22.445  -15.721  -11.410 0.2857142985
74052  21.850  -15.947  -10.862 0.2857142985
76514  24.037  -14.061  -13.037 0.4285714328
77695  26.030  -12.977  -13.073 0.7142857313
78831  26.080  -11.279  -14.789 0.7142857313
78852  24.220  -11.315  -15.546 0.4285714328
79998  25.379  -10.757  -15.862 0.7142857313
79999  24.525  -10.749  -16.056 0.5714285970
80017  24.997  -10.200  -16.653 0.7142857313
81130  24.470  -9.537  -17.023 0.2857142985
78818  26.295  -11.556  -13.861 0.5714285970
79984  25.966  -11.004  -15.311 0.7142857313
81113  26.452  -9.477  -16.378 0.7142857313
81150  25.228  -8.558  -17.252 0.7142857313
82162  25.595  -8.175  -17.359 0.7142857313
82163  24.960  -8.104  -17.488 0.7142857313
81151  24.741  -8.748  -17.205 0.4285714328
83241  24.560  -7.532  -17.765 0.4285714328
81112  27.083  -9.120  -15.813 0.5714285970
79997  26.231  -10.348  -15.796 0.5714285970
82133  26.815  -8.403  -16.444 0.5714285970
82145  26.226  -8.319  -17.062 0.5714285970
83240  25.356  -7.322  -17.868 0.7142857313
84385  25.517  -6.389  -18.249 0.7142857313
85533  25.209  -5.542  -18.479 0.7142857313
83262  24.716  -6.947  -18.083 0.7142857313
84386  24.863  -6.266  -18.348 0.5714285970
85552  24.377  -4.737  -18.714 0.5714285970
85505  27.509  -5.518  -16.644 0.7142857313
84370  26.546  -6.485  -17.541 0.5714285970
83239  26.225  -7.491  -17.450 0.5714285970
84384  26.093  -6.183  -18.067 0.7142857313
84371  26.021  -6.854  -17.993 0.7142857313
86597  25.490  -4.693  -18.594 0.8571428657
83263  24.277  -7.071  -17.862 0.4285714328
87668  25.911  -3.688  -18.646 0.7142857313
87680  25.148  -3.459  -18.729 0.7142857313
88744  25.535  -2.596  -18.590 0.7142857313
87681  24.381  -3.408  -18.752 0.5714285970
85506  26.822  -5.550  -17.175 0.5714285970
88757  24.779  -2.497  -18.817 0.7142857313
88758  23.986  -2.390  -18.978 0.5714285970
90992  24.252  -0.430  -19.429 0.2857142985
87667  26.679  -3.625  -18.060 0.7142857313
92073  23.700  0.569  -19.646 0.7142857313
89851  25.879  -1.592  -18.255 0.7142857313
89870  25.156  -1.601  -18.773 0.8571428657
89871  24.462  -1.528  -19.121 0.8571428657
93240  24.425  1.363  -18.268 0.8571428657
90991  24.830  -0.835  -19.007 0.8571428657
92054  24.508  0.686  -19.204 0.8571428657
93248  23.809  1.564  -19.018 0.8571428657
93261  23.249  1.615  -19.667 0.7142857313
90970  25.319  -0.569  -18.595 0.8571428657
92046  24.872  0.710  -18.526 0.8571428657
93249  23.409  2.072  -19.318 0.8571428657
94393  23.915  1.863  -18.466 0.8571428657
94394  23.504  2.512  -18.677 0.8571428657
94403  23.143  2.692  -19.832 0.7142857313
99993  22.750  6.772  -18.641 0.7142857313
98924  22.268  6.220  -19.749 0.7142857313
99994  22.539  7.224  -19.107 0.5714285970
100006  22.280  6.990  -20.052 0.7142857313
101047  22.288  8.059  -19.948 0.8571428657
102049  21.945  8.956  -20.234 0.7142857313
100015  21.791  7.225  -20.617 0.7142857313
101059  21.074  8.613  -21.358 0.7142857313
102062  20.892  9.616  -21.468 0.7142857313
101070  20.440  8.876  -21.486 0.5714285970
102039  21.896  9.684  -20.084 0.7142857313
103039  21.334  10.485  -21.099 0.7142857313
102063  20.186  9.725  -21.643 0.5714285970
103027  21.763  10.385  -20.338 0.5714285970
101071  19.980  8.992  -21.325 0.5714285970
103052  20.588  10.553  -21.488 0.5714285970
103053  19.926  10.576  -21.492 0.5714285970
102064  19.683  9.741  -21.295 0.5714285970
101060  19.390  8.662  -20.107 0.5714285970
101072  19.662  8.882  -20.904 0.4285714328
103040  19.561  10.579  -20.064 0.5714285970
102051  19.486  9.670  -20.575 0.5714285970
104135  20.297  11.466  -21.383 0.5714285970
102040  19.345  9.561  -19.550 0.4285714328
100007  19.103  7.597  -19.572 0.4285714328
103016  18.898  10.597  -17.955 0.4285714328
79970  27.749  -10.500  -13.510 0.2857142985
83228  26.815  -7.481  -16.862 0.5714285970
103028  19.416  10.561  -18.932 0.2857142985
102015  18.678  9.718  -17.395 0.2857142985
72746  24.229  -16.896  -10.216 0.5714285970
70314  23.240  -18.094  -9.306 0.5714285970
75231  25.800  -14.743  -10.947 0.2857142985
74061  25.409  -15.234  -11.213 0.4285714328
75239  26.137  -14.269  -11.172 0.2857142985
75240  25.592  -14.633  -11.758 0.5714285970
71528  22.775  -17.080  -10.255 0.2857142985
74086  23.280  -15.319  -12.190 0.4285714328
76530  24.368  -13.321  -13.429 0.5714285970
75242  22.248  -15.224  -11.774 0.2857142985
76515  22.977  -14.005  -12.718 0.2857142985
77728  25.001  -12.220  -14.132 0.5714285970
81085  28.509  -9.438  -13.454 0.2857142985
80000  23.570  -10.735  -15.873 0.2857142985
97832  22.684  5.404  -18.709 0.7142857313
97843  22.383  5.319  -19.607 0.7142857313
101058  21.598  8.286  -20.722 0.7142857313
100028  20.049  8.236  -21.331 0.5714285970
101048  19.064  8.537  -19.096 0.2857142985
104112  22.015  10.904  -19.917 0.5714285970
104122  21.806  11.419  -20.423 0.5714285970
104134  21.080  11.454  -21.279 0.5714285970
103054  19.559  10.580  -20.987 0.5714285970
104123  19.709  11.525  -20.524 0.2857142985
76531  23.372  -13.375  -13.304 0.4285714328
74048  25.727  -15.359  -10.390 0.2857142985
79983  26.693  -10.593  -14.829 0.5714285970
86567  27.034  -5.010  -16.889 0.7142857313
86596  26.189  -4.602  -18.201 0.7142857313
85521  26.333  -5.491  -17.778 0.7142857313
92053  25.149  0.275  -18.843 0.7142857313
77708  26.237  -12.377  -13.264 0.5714285970
95550  23.057  3.567  -19.229 0.7142857313
74049  25.035  -15.841  -11.003 0.5714285970
71514  23.442  -17.430  -9.813 0.5714285970
72771  22.826  -16.328  -11.146 0.4285714328
74087  22.921  -15.499  -11.931 0.4285714328
77729  24.308  -12.296  -14.367 0.4285714328
78819  25.461  -11.970  -14.097 0.5714285970
78832  25.229  -11.759  -15.019 0.7142857313
78851  24.857  -11.167  -15.653 0.5714285970
78833  23.865  -11.882  -14.989 0.4285714328
80016  25.825  -10.136  -16.528 0.7142857313
80018  24.000  -10.305  -16.650 0.2857142985
81129  25.568  -9.169  -17.014 0.7142857313
82134  26.294  -8.881  -16.791 0.7142857313
82144  26.541  -8.021  -16.867 0.5714285970
86598  25.016  -4.992  -18.634 0.7142857313
85532  25.820  -5.508  -18.291 0.5714285970
86611  25.371  -4.072  -18.741 0.7142857313
86613  24.031  -4.332  -18.787 0.2857142985
89872  23.654  -1.383  -19.365 0.5714285970
90971  24.930  -0.152  -19.153 0.8571428657
102050  21.540  9.435  -20.840 0.8571428657
102029  18.927  9.390  -18.386 0.4285714328
76516  22.030  -13.873  -12.629 0.1428571492
77712  22.758  -12.778  -13.723 0.4285714328
75203  27.497  -14.988  -9.124 0.1428571492
75220  26.611  -14.833  -9.859 0.1428571492
75229  27.019  -14.189  -10.213 0.1428571492
77693  27.366  -12.392  -12.276 0.1428571492
78786  27.755  -12.067  -12.203 0.1428571492
76483  27.334  -13.565  -10.566 0.1428571492
76473  27.732  -13.947  -9.844 0.1428571492
78785  28.371  -11.602  -12.024 0.1428571492
77677  27.685  -12.521  -11.524 0.1428571492
78803  28.197  -11.149  -12.517 0.1428571492
83185  28.580  -7.503  -14.372 0.1428571492
95551  22.881  4.136  -18.944 0.5714285970
141375  20.711  19.750  -23.710 0.1428571492
141356  20.695  18.805  -22.933 0.1428571492
96717  22.531  4.456  -20.473 0.4285714328
97854  22.016  5.312  -20.254 0.5714285970
97855  21.463  5.392  -20.611 0.4285714328
107821  19.875  15.702  -20.794 0.2857142985
105091  19.962  12.507  -21.026 0.2857142985
106014  19.944  13.725  -21.272 0.2857142985
96701  19.935  4.475  -20.272 0.1428571492
98936  21.253  6.377  -20.782 0.5714285970
105081  19.576  12.626  -20.049 0.2857142985
97857  20.179  5.582  -20.500 0.4285714328
100017  20.188  7.356  -21.257 0.5714285970
97844  19.608  5.514  -19.952 0.4285714328
98925  19.373  6.570  -19.810 0.2857142985
104113  19.469  11.612  -19.512 0.1428571492
104100  18.987  11.633  -18.498 0.1428571492
105070  19.097  12.680  -19.048 0.1428571492
105992  19.189  13.709  -19.645 0.1428571492
98914  18.730  6.519  -18.950 0.2857142985
104088  18.839  11.621  -17.515 0.2857142985
102992  18.786  10.625  -15.995 0.1428571492
105059  18.608  12.682  -18.054 0.1428571492
105051  19.004  12.547  -17.135 0.1428571492
69058  21.548  -19.948  -6.954 0.4285714328
70285  21.232  -18.752  -7.886 0.2857142985
74036  27.181  -15.216  -9.194 0.1428571492
77665  28.153  -12.681  -10.736 0.1428571492
79953  28.129  -10.807  -12.836 0.1428571492
96734  23.128  4.083  -21.105 0.2857142985
104121  22.342  11.897  -20.034 0.4285714328
106013  20.531  13.425  -21.405 0.2857142985
105982  18.803  13.750  -18.652 0.2857142985
69074  21.087  -19.024  -7.254 0.2857142985
70266  26.162  -18.580  -6.908 0.1428571492
70267  25.488  -18.933  -6.908 0.1428571492
72729  26.867  -16.258  -8.341 0.1428571492
72728  27.667  -16.010  -7.980 0.1428571492
82102  28.637  -8.420  -13.952 0.1428571492
97833  19.066  5.503  -19.116 0.1428571492
95565  23.071  3.467  -20.243 0.4285714328
96686  19.151  4.510  -19.352 0.2857142985
105089  21.445  12.355  -20.930 0.4285714328
106904  19.598  14.709  -20.200 0.2857142985
106916  19.807  14.647  -21.153 0.2857142985
107830  20.152  15.699  -21.966 0.1428571492
108697  20.159  16.701  -21.426 0.1428571492
106894  19.189  14.780  -19.264 0.2857142985
108705  20.232  16.706  -22.335 0.1428571492
141360  20.368  17.743  -23.520 0.1428571492
84309  29.014  -6.824  -14.116 0.2857142985
106012  21.150  13.239  -21.152 0.4285714328
107820  19.797  16.026  -20.384 0.2857142985
67955  22.159  -20.324  -7.176 0.4285714328
67941  21.681  -20.499  -6.881 0.4285714328
81100  28.198  -9.127  -14.286 0.4285714328
98935  21.861  6.250  -20.382 0.5714285970
100027  20.546  8.101  -21.363 0.5714285970
105090  20.706  12.400  -21.243 0.2857142985
96699  22.685  4.382  -19.491 0.5714285970
100016  21.038  7.451  -21.190 0.5714285970
100018  19.627  7.769  -20.680 0.5714285970
104136  19.823  11.323  -21.181 0.2857142985
96718  21.957  4.396  -20.855 0.2857142985
106004  19.604  13.650  -20.602 0.2857142985
96720  20.468  5.025  -20.485 0.2857142985
97856  20.799  5.555  -20.620 0.4285714328
98938  19.886  6.527  -20.589 0.4285714328
98937  20.535  6.463  -20.886 0.5714285970
69059  21.077  -19.664  -6.562 0.2857142985
79952  28.782  -10.534  -12.286 0.1428571492
95579  22.856  3.523  -21.261 0.2857142985
85534  24.507  -5.304  -18.591 0.4285714328
107807  19.470  15.817  -18.911 0.1428571492
107814  19.783  15.882  -19.960 0.1428571492
108675  19.880  16.810  -18.446 0.1428571492
105974  20.067  13.838  -17.376 0.1428571492
107799  19.807  15.754  -18.169 0.1428571492
105975  19.111  13.689  -17.686 0.1428571492
106884  19.825  14.744  -17.747 0.1428571492
106889  19.291  14.742  -18.411 0.1428571492
107798  20.351  15.738  -17.567 0.1428571492
107786  20.906  15.784  -16.935 0.1428571492
108674  20.147  16.706  -17.782 0.1428571492
87682  23.419  -3.353  -18.758 0.2857142985
106883  20.717  14.698  -17.199 0.1428571492
108662  20.527  16.693  -17.219 0.1428571492
109528  20.037  17.908  -18.729 0.1428571492
108689  19.808  16.235  -20.339 0.1428571492
108683  19.759  16.927  -19.387 0.1428571492
106872  21.153  15.144  -16.745 0.1428571492
70298  23.825  -18.383  -8.706 0.4285714328
71482  24.797  -18.339  -8.135 0.1428571492
71495  24.431  -17.914  -8.794 0.2857142985
71513  24.661  -17.148  -9.536 0.2857142985
70284  23.515  -19.203  -8.265 0.2857142985
72757  25.202  -16.068  -10.317 0.2857142985
70299  23.204  -18.737  -8.827 0.4285714328
70283  24.117  -18.768  -8.134 0.1428571492
72745  24.939  -16.572  -9.962 0.2857142985
71496  23.622  -18.134  -9.109 0.2857142985
69090  22.439  -19.307  -8.390 0.2857142985
69073  21.817  -19.709  -7.497 0.2857142985
69089  23.125  -19.483  -8.310 0.2857142985
70300  22.130  -18.398  -8.837 0.2857142985
77711  23.786  -12.782  -13.811 0.2857142985
81152  23.892  -8.873  -17.093 0.1428571492
82164  24.201  -8.212  -17.535 0.2857142985
84387  23.956  -6.397  -18.073 0.1428571492
88759  23.139  -2.245  -19.180 0.1428571492
89873  22.716  -1.267  -19.315 0.1428571492
92074  22.718  0.745  -19.694 0.1428571492
90994  22.172  -0.230  -19.590 0.1428571492
92075  21.662  1.023  -19.995 0.1428571492
95553  21.184  3.545  -20.482 0.1428571492
96700  20.510  3.925  -20.481 0.1428571492
101036  18.774  8.478  -18.378 0.1428571492
99995  18.679  7.573  -18.513 0.1428571492
102030  18.679  8.738  -18.055 0.1428571492
102016  18.609  8.921  -17.619 0.1428571492
93280  21.714  2.102  -20.032 0.1428571492
96719  20.958  4.521  -20.663 0.1428571492
67942  20.924  -20.726  -6.343 0.2857142985
77730  23.314  -12.292  -14.339 0.2857142985
82165  23.282  -8.240  -17.314 0.1428571492
85535  23.560  -5.123  -18.562 0.1428571492
86600  22.802  -4.441  -18.462 0.1428571492
86599  23.404  -4.236  -18.620 0.1428571492
88745  21.957  -2.698  -18.634 0.1428571492
88760  22.328  -2.075  -18.997 0.1428571492
89874  21.647  -1.294  -18.906 0.1428571492
94416  22.495  2.982  -20.399 0.1428571492
99996  18.482  7.251  -17.644 0.1428571492
69072  22.790  -19.889  -7.864 0.2857142985
83242  23.708  -7.341  -17.687 0.1428571492
90993  23.229  -0.344  -19.601 0.1428571492
98915  18.489  6.459  -17.979 0.1428571492
76532  22.376  -13.325  -13.119 0.1428571492
94404  22.742  2.317  -19.863 0.1428571492
96736  22.263  4.031  -21.326 0.1428571492
69091  21.739  -18.966  -8.309 0.2857142985
78834  22.907  -11.690  -14.741 0.1428571492
88761  21.753  -2.088  -18.765 0.1428571492
69040  20.536  -19.536  -5.932 0.1428571492
70250  19.612  -18.429  -5.731 0.1428571492
70268  20.625  -18.698  -6.838 0.1428571492
84322  28.729  -6.561  -14.833 0.1428571492
84321  29.225  -6.234  -14.340 0.1428571492
102011  25.701  9.696  -17.473 0.1428571492
66751  20.343  -21.232  -5.708 0.1428571492
70286  20.701  -18.284  -7.499 0.1428571492
70301  21.387  -18.204  -8.429 0.1428571492
71497  22.050  -17.644  -9.247 0.1428571492
70302  20.949  -18.051  -8.045 0.1428571492
72747  21.952  -16.685  -10.214 0.1428571492
101998  25.618  9.115  -16.896 0.1428571492
102026  25.883  10.266  -18.160 0.1428571492
72761  21.633  -16.301  -10.364 0.1428571492
101009  25.587  8.554  -16.486 0.1428571492
66769  20.820  -21.336  -6.256 0.1428571492
85471  28.682  -5.990  -15.300 0.1428571492
71515  22.286  -17.162  -9.871 0.1428571492
75262  22.509  -14.898  -12.166 0.1428571492
67927  20.491  -20.182  -5.826 0.1428571492
70249  20.406  -18.939  -6.102 0.1428571492
71516  21.529  -17.129  -9.361 0.1428571492
65611  22.466  -22.664  -4.909 0.1428571492
69056  24.797  -19.607  -6.671 0.2857142985
72730  26.160  -16.407  -8.783 0.2857142985
74051  22.223  -16.081  -11.005 0.2857142985
75218  28.141  -14.162  -9.431 0.1428571492
75219  27.238  -14.532  -9.691 0.1428571492
75243  21.845  -15.039  -11.704 0.2857142985
75259  25.312  -14.481  -12.400 0.5714285970
76512  26.154  -13.299  -12.669 0.7142857313
76529  24.994  -13.134  -13.503 0.4285714328
78854  22.628  -11.233  -15.011 0.1428571492
79930  28.982  -11.051  -11.872 0.1428571492
83229  26.422  -7.840  -17.070 0.5714285970
83238  26.663  -7.100  -17.297 0.5714285970
83261  25.139  -6.797  -18.244 0.7142857313
84337  27.867  -6.794  -16.017 0.8571428657
84353  28.081  -6.297  -16.171 0.8571428657
84355  27.059  -6.197  -17.016 0.8571428657
85553  24.135  -4.896  -18.766 0.4285714328
86583  27.176  -4.020  -17.113 0.8571428657
86612  24.806  -4.390  -18.731 0.5714285970
87683  22.682  -2.789  -18.826 0.1428571492
90955  26.416  -0.782  -17.357 0.8571428657
92092  21.333  1.700  -20.008 0.1428571492
93260  23.925  1.150  -19.550 0.7142857313
93262  22.367  1.824  -19.888 0.1428571492
94360  25.471  2.646  -15.535 0.8571428657
94415  23.123  3.179  -20.705 0.4285714328
94428  23.145  3.380  -21.108 0.2857142985
94429  23.034  3.128  -21.035 0.2857142985
95522  25.157  2.854  -15.598 0.8571428657
95524  23.914  3.249  -16.546 0.8571428657
95552  21.644  3.389  -20.475 0.1428571492
95566  22.497  3.305  -20.990 0.2857142985
95568  21.502  3.969  -20.908 0.1428571492
95578  23.224  3.629  -20.926 0.4285714328
95580  22.517  3.783  -21.347 0.1428571492
96672  23.001  4.812  -17.846 0.7142857313
96685  22.856  4.606  -18.511 0.5714285970
96698  22.878  3.816  -19.900 0.7142857313
96716  23.021  4.030  -20.416 0.5714285970
96735  22.654  4.127  -21.277 0.1428571492
98913  22.541  6.213  -19.012 0.7142857313
100029  19.815  8.460  -21.119 0.5714285970
101011  23.986  7.827  -16.846 0.5714285970
101023  25.980  8.986  -16.906 0.1428571492
102013  23.706  9.378  -17.437 0.7142857313
102014  23.091  9.040  -17.678 0.7142857313
102027  23.190  9.671  -17.752 0.7142857313
104098  23.510  11.557  -18.740 0.7142857313
104109  24.935  12.088  -19.020 0.2857142985
105057  24.108  12.413  -18.875 0.5714285970
105079  22.830  12.341  -19.862 0.5714285970
105990  24.579  12.974  -19.877 0.2857142985
106024  20.287  13.496  -23.863 0.1428571492
106030  20.769  13.471  -24.111 0.1428571492
106031  20.431  13.569  -24.187 0.1428571492
106036  20.542  13.646  -24.370 0.1428571492
106924  24.515  14.697  -22.278 0.1428571492
106925  23.991  14.866  -21.891 0.1428571492
106929  20.009  13.968  -23.604 0.1428571492
106940  20.256  13.825  -24.319 0.1428571492
107813  19.754  16.052  -20.181 0.1428571492
107827  23.691  15.047  -21.964 0.1428571492
107828  23.356  15.198  -22.059 0.1428571492
107839  23.094  15.699  -22.595 0.1428571492
107850  24.449  16.194  -23.592 0.1428571492
107851  19.970  14.394  -24.367 0.1428571492
107853  20.619  13.941  -24.664 0.1428571492
107854  20.335  14.099  -24.579 0.1428571492
108713  19.479  14.895  -24.282 0.1428571492
141297  22.524  14.685  -24.447 0.1428571492
141310  21.068  14.096  -25.135 0.1428571492
141312  20.625  14.278  -24.941 0.1428571492
141346  19.377  16.878  -25.124 0.1428571492
141370  20.620  19.024  -22.868 0.1428571492
141372  20.381  17.308  -22.082 0.1428571492
