#!ascii label  , from subject 3012 vox2ras=TkReg
1098
87152  -23.082  -13.952  -18.081 0.5555555820
87164  -23.400  -13.350  -18.503 0.6666666865
88531  -23.954  -12.416  -18.721 0.7777777910
88542  -25.019  -12.907  -19.917 0.7777777910
89836  -24.421  -11.410  -19.992 0.8888888955
88552  -26.398  -12.080  -20.801 0.8888888955
85711  -22.200  -14.088  -17.485 0.5555555820
87151  -22.526  -13.463  -17.892 0.5555555820
88530  -23.117  -12.383  -18.416 0.6666666865
89810  -23.512  -11.740  -18.626 0.8888888955
89837  -24.892  -11.633  -20.515 0.8888888955
89855  -26.175  -11.103  -21.161 1.0000000000
88571  -27.402  -11.703  -21.253 0.8888888955
91054  -28.114  -10.409  -22.040 1.0000000000
89808  -21.768  -11.533  -18.261 0.7777777910
91022  -23.550  -10.378  -19.399 1.0000000000
92231  -23.368  -9.334  -19.805 1.0000000000
91036  -24.207  -10.368  -20.241 1.0000000000
92244  -25.132  -9.647  -21.580 1.0000000000
92232  -23.873  -9.622  -20.331 1.0000000000
92245  -25.965  -9.620  -21.835 1.0000000000
92261  -24.839  -9.016  -21.881 1.0000000000
92262  -25.539  -8.989  -22.108 1.0000000000
92263  -26.319  -8.993  -22.416 1.0000000000
91067  -27.673  -9.556  -22.537 1.0000000000
93482  -25.931  -8.277  -22.552 1.0000000000
93485  -28.469  -8.505  -22.858 1.0000000000
94852  -28.043  -7.744  -23.202 1.0000000000
94853  -28.829  -7.794  -22.875 0.7777777910
93453  -23.287  -8.356  -20.236 0.8888888955
92242  -23.632  -9.086  -20.588 1.0000000000
93481  -25.197  -8.296  -22.223 1.0000000000
93466  -23.825  -8.426  -21.103 1.0000000000
94848  -24.835  -7.529  -22.365 1.0000000000
94850  -26.141  -7.756  -23.042 1.0000000000
93497  -26.961  -7.794  -23.249 1.0000000000
94872  -27.810  -7.438  -23.359 1.0000000000
96223  -28.486  -7.371  -23.187 1.0000000000
96224  -28.989  -6.910  -22.947 0.8888888955
96225  -29.907  -6.600  -22.256 0.7777777910
97505  -30.704  -5.822  -22.043 0.7777777910
96196  -22.736  -6.455  -20.590 0.5555555820
97504  -23.363  -5.300  -21.710 0.7777777910
96209  -23.486  -6.308  -21.451 0.8888888955
94867  -24.659  -6.811  -23.185 1.0000000000
94849  -25.572  -7.665  -22.783 1.0000000000
94883  -24.997  -7.137  -24.052 1.0000000000
96257  -26.295  -6.795  -23.981 1.0000000000
96244  -28.957  -6.294  -23.872 1.0000000000
96260  -28.703  -5.620  -24.293 1.0000000000
98808  -29.989  -5.139  -22.426 0.8888888955
100146  -30.740  -4.450  -22.041 0.7777777910
98786  -32.064  -4.765  -21.679 0.6666666865
100148  -32.317  -3.795  -21.523 0.6666666865
98765  -21.273  -4.446  -19.950 0.4444444478
98783  -23.146  -4.427  -21.587 0.6666666865
98821  -24.558  -4.798  -23.417 0.7777777910
97538  -24.888  -5.718  -23.613 0.8888888955
97551  -25.481  -6.271  -23.957 0.8888888955
96258  -27.141  -6.394  -24.121 1.0000000000
97552  -26.318  -5.789  -24.270 1.0000000000
97553  -27.264  -5.509  -24.456 1.0000000000
98823  -29.240  -4.544  -24.032 0.8888888955
100168  -29.725  -4.126  -23.057 0.7777777910
100147  -31.196  -4.015  -21.748 0.7777777910
100149  -33.377  -3.625  -21.312 0.5555555820
101530  -31.637  -2.991  -21.749 0.7777777910
101531  -32.604  -2.721  -21.480 0.6666666865
100167  -23.279  -3.482  -22.139 0.6666666865
98804  -23.132  -3.859  -21.723 0.6666666865
98820  -24.019  -3.869  -23.338 0.7777777910
98833  -25.373  -4.930  -24.040 0.8888888955
98834  -26.497  -4.805  -24.471 0.8888888955
100194  -25.812  -4.019  -24.597 1.0000000000
98835  -27.487  -4.606  -24.609 1.0000000000
98836  -28.351  -4.477  -24.547 1.0000000000
97555  -28.757  -4.959  -24.271 0.8888888955
100183  -30.018  -3.203  -23.260 0.8888888955
101550  -30.468  -2.814  -22.784 0.8888888955
100170  -30.868  -3.205  -22.147 0.7777777910
101563  -29.886  -3.087  -23.840 0.8888888955
101564  -30.342  -2.552  -23.799 0.7777777910
101551  -31.177  -2.356  -22.353 0.7777777910
101532  -33.646  -2.496  -21.212 0.6666666865
100180  -23.159  -2.922  -22.134 0.6666666865
100166  -22.861  -3.167  -21.536 0.5555555820
100191  -23.724  -3.197  -23.675 0.7777777910
100192  -24.307  -3.460  -24.043 0.8888888955
100209  -26.133  -3.265  -25.094 1.0000000000
100195  -26.811  -3.937  -24.831 1.0000000000
101573  -28.615  -3.223  -24.868 1.0000000000
100197  -28.934  -3.880  -24.535 0.8888888955
102819  -30.888  -1.949  -23.166 0.7777777910
102820  -31.365  -1.259  -22.552 0.7777777910
102805  -32.783  -1.429  -21.513 0.6666666865
102806  -33.967  -1.366  -21.172 0.5555555820
102807  -35.024  -1.299  -20.907 0.5555555820
101562  -23.328  -2.504  -23.146 0.7777777910
102833  -23.199  -2.041  -22.727 0.6666666865
100206  -23.967  -2.957  -24.218 0.8888888955
100211  -27.712  -3.084  -25.417 1.0000000000
101575  -30.153  -1.943  -24.497 0.8888888955
101574  -29.378  -2.726  -24.594 0.8888888955
102848  -29.723  -1.613  -25.165 0.8888888955
104009  -31.581  -0.406  -22.256 0.7777777910
105186  -31.446  0.537  -22.301 0.7777777910
103998  -32.200  -0.126  -21.805 0.7777777910
104000  -34.364  -0.318  -21.284 0.5555555820
104021  -30.673  -0.164  -23.735 0.7777777910
105177  -32.573  0.857  -21.494 0.5555555820
105187  -33.225  1.334  -21.437 0.6666666865
104006  -22.322  -0.416  -22.074 0.4444444478
102818  -23.098  -1.056  -22.549 0.5555555820
102846  -24.893  -0.989  -24.541 0.7777777910
101586  -26.601  -2.395  -25.493 1.0000000000
102861  -24.971  -1.841  -24.557 0.8888888955
101598  -27.405  -2.158  -26.152 1.0000000000
101600  -28.348  -1.998  -26.605 0.8888888955
101601  -28.948  -1.447  -26.380 0.8888888955
101589  -29.070  -1.964  -25.766 0.8888888955
102865  -29.899  -0.840  -25.336 0.8888888955
102850  -30.531  -0.821  -23.985 0.8888888955
105188  -33.284  1.454  -21.436 0.5555555820
105223  -25.707  0.593  -25.439 0.6666666865
104033  -24.809  -0.197  -24.748 0.6666666865
104059  -27.212  -0.790  -26.436 0.7777777910
102881  -28.026  -1.504  -27.746 0.8888888955
165677  -27.996  -1.365  -27.417 0.7777777910
104061  -28.927  -0.587  -26.474 0.7777777910
102875  -29.004  -1.033  -26.457 0.8888888955
105225  -29.598  0.513  -25.589 0.7777777910
105208  -29.957  0.784  -25.037 0.7777777910
105209  -30.383  0.565  -24.365 0.7777777910
105196  -30.841  0.702  -23.525 0.6666666865
107478  -30.426  2.242  -24.693 0.6666666865
107469  -31.423  2.406  -23.301 0.6666666865
106320  -31.197  1.597  -23.232 0.6666666865
106309  -31.319  1.138  -22.678 0.5555555820
108652  -31.559  3.167  -23.579 0.6666666865
108638  -32.491  3.189  -22.213 0.5555555820
106312  -33.506  1.749  -21.418 0.4444444478
108659  -24.252  3.374  -24.779 0.3333333433
107488  -24.702  2.537  -25.075 0.3333333433
106344  -25.965  1.473  -25.665 0.5555555820
107505  -26.830  2.302  -26.231 0.5555555820
105235  -27.408  0.162  -26.352 0.7777777910
105237  -28.732  0.293  -26.414 0.7777777910
106359  -29.050  1.531  -26.373 0.6666666865
105224  -29.208  0.695  -26.075 0.6666666865
107491  -29.592  1.862  -26.039 0.6666666865
107492  -30.123  2.428  -25.661 0.6666666865
108660  -30.624  3.083  -24.960 0.6666666865
109949  -31.805  4.055  -23.943 0.6666666865
108653  -32.171  3.704  -23.117 0.5555555820
109931  -32.990  4.507  -22.671 0.5555555820
109950  -32.344  4.587  -23.630 0.6666666865
108668  -25.562  3.035  -25.956 0.4444444478
108667  -24.892  3.336  -25.512 0.4444444478
108683  -25.761  3.522  -26.241 0.5555555820
107506  -27.603  2.394  -26.635 0.6666666865
106358  -28.262  1.310  -26.516 0.6666666865
107507  -28.574  2.576  -26.862 0.6666666865
109958  -30.764  4.088  -25.167 0.6666666865
111186  -32.090  5.239  -24.194 0.6666666865
111177  -32.849  5.449  -23.609 0.5555555820
111160  -33.242  5.250  -23.106 0.6666666865
109979  -25.417  3.870  -26.149 0.4444444478
108686  -28.600  3.438  -27.247 0.6666666865
107518  -29.436  3.421  -27.083 0.6666666865
107508  -29.510  2.696  -26.630 0.6666666865
109959  -31.439  4.690  -24.703 0.6666666865
89822  -23.391  -11.073  -18.789 1.0000000000
91023  -24.078  -10.902  -19.685 1.0000000000
91050  -24.766  -10.355  -21.053 1.0000000000
91052  -26.505  -10.242  -21.668 1.0000000000
98782  -22.484  -4.049  -20.965 0.5555555820
98837  -28.853  -4.484  -24.388 0.8888888955
101549  -22.762  -2.373  -21.823 0.5555555820
104019  -22.503  0.173  -22.508 0.5555555820
101572  -23.780  -2.372  -23.759 0.7777777910
101587  -27.517  -2.677  -25.779 1.0000000000
102836  -30.906  -0.984  -23.399 0.8888888955
105184  -21.681  0.548  -21.561 0.2222222239
107437  -32.238  1.887  -22.109 0.6666666865
107460  -32.797  2.228  -21.623 0.4444444478
108685  -27.762  3.553  -27.007 0.6666666865
100134  -21.864  -3.405  -20.322 0.4444444478
101529  -22.391  -2.570  -21.293 0.4444444478
111161  -33.624  5.522  -22.756 0.5555555820
111162  -34.460  5.535  -22.058 0.5555555820
109956  -24.528  4.181  -24.796 0.2222222239
108682  -25.298  3.574  -25.990 0.3333333433
112413  -34.076  6.266  -22.864 0.5555555820
84390  -23.223  -15.507  -17.790 0.5555555820
84391  -24.056  -15.330  -18.056 0.5555555820
85713  -23.669  -14.478  -18.312 0.6666666865
85725  -24.015  -13.871  -18.719 0.5555555820
85740  -25.236  -13.902  -19.602 0.5555555820
87191  -26.628  -13.036  -20.528 0.7777777910
88553  -27.471  -12.525  -20.919 0.8888888955
85704  -22.366  -15.110  -17.248 0.5555555820
87177  -24.816  -13.411  -19.611 0.6666666865
87178  -25.660  -13.337  -20.031 0.6666666865
87190  -25.948  -12.738  -20.460 0.8888888955
89857  -28.243  -11.143  -21.545 0.7777777910
85703  -21.961  -14.726  -16.874 0.4444444478
88520  -21.674  -12.519  -17.478 0.5555555820
91068  -28.126  -9.791  -22.394 1.0000000000
91014  -21.409  -10.823  -18.122 0.2222222239
91015  -22.007  -10.746  -18.427 0.6666666865
93487  -29.723  -8.395  -22.313 0.8888888955
94854  -29.604  -7.722  -22.370 0.6666666865
96210  -30.700  -6.832  -21.948 0.7777777910
96211  -31.436  -6.686  -21.643 0.6666666865
93439  -21.461  -8.855  -18.836 0.5555555820
97506  -31.771  -5.711  -21.653 0.6666666865
94806  -21.834  -7.979  -19.132 0.4444444478
97507  -32.653  -5.482  -21.348 0.5555555820
100150  -34.396  -3.421  -20.937 0.5555555820
97469  -20.943  -5.529  -19.093 0.2222222239
101533  -34.686  -2.342  -20.837 0.5555555820
101509  -20.775  -2.663  -19.202 0.3333333433
102808  -36.015  -1.253  -20.983 0.5555555820
104007  -22.831  -0.846  -22.394 0.4444444478
104002  -36.209  -0.391  -21.420 0.4444444478
103993  -21.657  -0.322  -21.280 0.3333333433
105180  -35.664  0.506  -21.427 0.5555555820
107440  -35.472  2.101  -21.542 0.4444444478
108658  -23.625  3.383  -24.232 0.3333333433
107477  -24.060  2.594  -24.499 0.3333333433
106327  -23.790  1.730  -24.357 0.4444444478
108640  -34.729  3.337  -21.457 0.4444444478
109933  -35.054  4.612  -21.517 0.4444444478
111163  -35.388  5.546  -21.900 0.2222222239
109965  -25.106  4.027  -25.784 0.3333333433
108694  -29.090  3.880  -27.350 0.6666666865
108688  -30.102  3.988  -26.482 0.6666666865
109967  -30.575  4.675  -26.011 0.6666666865
111194  -31.114  5.417  -25.624 0.6666666865
112436  -31.841  6.164  -24.799 0.6666666865
111185  -31.692  5.719  -24.803 0.6666666865
112427  -32.885  5.974  -23.883 0.6666666865
112429  -33.841  6.625  -23.308 0.4444444478
112414  -34.857  6.255  -22.347 0.3333333433
109982  -27.737  4.616  -27.081 0.5555555820
85712  -22.676  -14.592  -17.667 0.5555555820
87165  -24.266  -13.303  -18.998 0.7777777910
88541  -24.541  -12.419  -19.601 0.8888888955
89853  -24.608  -11.013  -20.618 1.0000000000
88550  -24.714  -11.995  -20.134 0.8888888955
88570  -26.807  -11.438  -21.164 1.0000000000
89838  -25.562  -11.661  -20.739 0.8888888955
87150  -21.907  -13.560  -17.384 0.5555555820
88521  -21.960  -13.012  -17.793 0.5555555820
88529  -22.145  -12.464  -18.226 0.6666666865
87163  -22.790  -12.910  -18.280 0.6666666865
89809  -22.690  -11.477  -18.459 0.8888888955
89823  -24.020  -11.452  -19.183 0.8888888955
88551  -25.274  -12.388  -20.332 0.8888888955
89854  -25.195  -11.082  -21.010 1.0000000000
89856  -27.250  -10.832  -21.499 1.0000000000
91051  -25.604  -10.347  -21.368 1.0000000000
91053  -27.348  -9.998  -22.209 1.0000000000
89807  -21.406  -11.574  -17.830 0.5555555820
88528  -21.542  -12.071  -18.062 0.6666666865
91016  -22.776  -10.492  -18.673 0.8888888955
92220  -22.500  -9.591  -19.042 0.8888888955
91035  -23.791  -9.913  -19.922 1.0000000000
92243  -24.263  -9.423  -21.139 1.0000000000
92246  -26.644  -9.641  -22.207 1.0000000000
93467  -24.478  -8.421  -21.765 1.0000000000
92264  -27.174  -9.169  -22.685 1.0000000000
92266  -28.931  -9.409  -22.353 0.8888888955
92265  -28.014  -9.169  -22.743 1.0000000000
93483  -26.736  -8.184  -22.935 1.0000000000
93484  -27.592  -8.294  -23.056 1.0000000000
93486  -29.220  -8.460  -22.520 0.8888888955
94820  -22.420  -7.508  -19.913 0.5555555820
93440  -22.486  -8.595  -19.471 0.6666666865
94834  -24.206  -7.715  -21.591 1.0000000000
94833  -23.440  -7.381  -20.990 0.8888888955
94869  -25.869  -7.460  -23.476 1.0000000000
94870  -26.549  -7.444  -23.519 1.0000000000
96242  -26.973  -7.046  -23.740 1.0000000000
96243  -27.983  -6.992  -23.577 1.0000000000
97524  -29.984  -5.826  -22.356 0.8888888955
96195  -21.804  -6.459  -19.654 0.5555555820
97487  -23.072  -5.792  -20.972 0.7777777910
97521  -24.365  -5.447  -22.862 0.8888888955
96222  -24.179  -6.121  -22.379 0.8888888955
96239  -24.648  -6.177  -23.209 0.8888888955
94847  -24.301  -6.878  -21.881 0.8888888955
97549  -24.710  -6.411  -24.335 0.8888888955
97567  -25.349  -6.623  -24.934 1.0000000000
96259  -28.071  -6.111  -24.349 1.0000000000
98807  -29.592  -4.666  -23.174 0.8888888955
98784  -30.553  -4.863  -22.181 0.7777777910
98785  -31.209  -4.938  -21.961 0.7777777910
98787  -33.025  -4.612  -21.393 0.5555555820
97503  -22.834  -4.752  -21.180 0.5555555820
98749  -20.331  -4.879  -19.275 0.3333333433
97486  -22.284  -5.341  -20.529 0.3333333433
98805  -23.717  -4.361  -22.528 0.6666666865
98822  -25.031  -5.259  -23.693 0.8888888955
100182  -29.654  -3.791  -23.638 0.7777777910
98832  -24.554  -4.075  -23.816 0.8888888955
100196  -27.911  -3.641  -24.940 1.0000000000
102821  -31.960  -1.039  -21.974 0.7777777910
102804  -31.896  -1.958  -21.874 0.7777777910
100208  -25.249  -3.236  -24.741 0.8888888955
101588  -28.326  -2.717  -25.575 0.8888888955
102835  -30.647  -1.576  -23.981 0.7777777910
104001  -35.358  -0.366  -21.211 0.5555555820
102817  -22.852  -1.555  -22.288 0.5555555820
102845  -24.237  -1.521  -24.006 0.6666666865
101584  -24.820  -2.547  -24.594 0.8888888955
104008  -31.165  -0.117  -22.955 0.8888888955
103999  -33.279  -0.263  -21.500 0.6666666865
104035  -30.374  -0.315  -24.334 0.8888888955
105179  -34.779  0.606  -21.300 0.5555555820
104020  -22.979  -0.309  -22.761 0.5555555820
102862  -25.801  -1.314  -25.017 1.0000000000
101608  -28.067  -2.469  -27.383 0.8888888955
165673  -27.785  -2.898  -27.667 0.7777777910
106299  -35.191  1.401  -21.386 0.5555555820
105221  -24.216  1.063  -24.574 0.5555555820
105207  -24.366  0.395  -24.529 0.5555555820
106343  -25.139  1.585  -25.314 0.4444444478
104046  -25.434  -0.228  -25.125 0.6666666865
105234  -26.619  0.412  -25.839 0.6666666865
104031  -23.624  -0.380  -23.589 0.7777777910
105205  -23.073  0.670  -23.431 0.6666666865
104068  -27.681  -1.236  -26.852 0.7777777910
104049  -29.686  -0.318  -25.637 0.7777777910
106346  -29.740  1.414  -25.475 0.6666666865
106329  -30.598  1.542  -24.077 0.6666666865
106328  -30.137  1.515  -24.851 0.6666666865
107479  -30.906  2.558  -23.973 0.6666666865
107470  -31.837  2.639  -22.780 0.5555555820
107459  -32.222  2.180  -22.171 0.5555555820
108639  -33.400  3.486  -21.571 0.4444444478
107461  -33.988  2.448  -21.372 0.4444444478
109932  -33.955  4.611  -21.752 0.5555555820
107490  -26.127  2.302  -25.892 0.5555555820
106357  -27.535  1.233  -26.364 0.6666666865
109960  -31.913  4.650  -24.104 0.6666666865
108669  -26.176  2.939  -26.158 0.5555555820
108684  -26.660  3.360  -26.503 0.6666666865
107509  -30.059  3.213  -26.375 0.6666666865
109968  -30.948  4.728  -25.372 0.6666666865
105195  -22.532  0.728  -22.850 0.3333333433
100133  -21.011  -3.532  -19.619 0.4444444478
101516  -21.980  -2.562  -20.734 0.4444444478
113713  -34.262  7.124  -23.291 0.3333333433
87192  -27.758  -13.459  -20.476 0.6666666865
84376  -22.364  -15.687  -16.911 0.5555555820
92247  -29.305  -9.820  -22.169 0.7777777910
85693  -21.844  -14.567  -15.884 0.3333333433
94835  -30.336  -7.450  -22.071 0.6666666865
96179  -21.077  -6.619  -18.646 0.1111111119
102794  -21.441  -2.033  -20.534 0.3333333433
102803  -22.000  -1.548  -21.258 0.3333333433
106326  -23.171  1.642  -23.835 0.3333333433
112437  -32.391  6.264  -24.427 0.6666666865
113723  -33.353  7.195  -24.168 0.4444444478
83057  -27.064  -16.456  -18.531 0.4444444478
83041  -28.862  -16.777  -17.986 0.2222222239
83036  -23.855  -16.217  -17.743 0.4444444478
83037  -24.636  -16.512  -17.796 0.4444444478
84408  -24.642  -15.330  -18.506 0.4444444478
84410  -26.436  -15.775  -18.999 0.4444444478
84411  -27.430  -15.918  -19.204 0.4444444478
84413  -29.231  -15.711  -19.323 0.2222222239
85727  -25.481  -14.866  -19.243 0.4444444478
84432  -25.983  -15.162  -19.283 0.4444444478
84433  -26.769  -15.184  -19.464 0.4444444478
84436  -29.720  -15.143  -19.469 0.1111111119
84437  -30.489  -14.809  -19.205 0.1111111119
85742  -27.155  -14.436  -19.697 0.4444444478
84435  -28.775  -15.103  -19.532 0.3333333433
85741  -25.941  -14.391  -19.572 0.4444444478
85743  -28.208  -14.288  -19.963 0.3333333433
85755  -29.006  -13.959  -20.385 0.3333333433
87180  -27.475  -13.949  -19.969 0.4444444478
87179  -26.761  -13.743  -19.996 0.4444444478
87195  -30.253  -13.193  -20.157 0.2222222239
88543  -30.595  -12.848  -20.044 0.1111111119
89824  -31.451  -11.737  -19.275 0.1111111119
87193  -28.771  -13.301  -20.630 0.3333333433
88555  -29.342  -12.417  -20.846 0.3333333433
88573  -28.834  -12.168  -21.083 0.4444444478
89858  -29.267  -11.513  -21.249 0.5555555820
91056  -30.066  -10.548  -21.452 0.6666666865
91038  -31.292  -10.360  -20.601 0.4444444478
91055  -29.067  -10.334  -21.923 0.6666666865
93441  -32.879  -8.867  -19.877 0.3333333433
92248  -29.846  -9.656  -22.141 0.6666666865
93469  -31.357  -8.447  -21.525 0.5555555820
92267  -29.643  -8.893  -22.306 0.6666666865
93470  -31.816  -8.312  -21.081 0.5555555820
93455  -32.419  -8.268  -20.655 0.4444444478
94821  -32.508  -7.366  -20.883 0.3333333433
93468  -30.374  -8.488  -22.097 0.5555555820
96213  -33.058  -5.926  -20.915 0.4444444478
96212  -32.423  -6.546  -21.139 0.4444444478
98788  -34.125  -4.644  -20.954 0.4444444478
109983  -29.801  4.234  -26.950 0.5555555820
109991  -29.873  4.696  -27.127 0.5555555820
109984  -30.167  4.725  -26.798 0.5555555820
111212  -30.859  5.614  -26.204 0.5555555820
112444  -31.648  6.364  -25.332 0.5555555820
113734  -32.368  7.301  -25.085 0.5555555820
83056  -26.027  -16.243  -18.376 0.4444444478
83058  -28.155  -16.460  -18.671 0.2222222239
85744  -29.239  -14.502  -19.909 0.2222222239
87181  -30.028  -13.635  -19.987 0.2222222239
87182  -30.573  -13.416  -19.599 0.1111111119
89840  -29.968  -11.759  -20.848 0.4444444478
89841  -30.838  -11.647  -20.198 0.3333333433
89839  -29.530  -11.902  -20.980 0.4444444478
92233  -31.561  -9.625  -20.883 0.4444444478
96198  -33.295  -6.649  -20.719 0.3333333433
97509  -33.906  -5.289  -20.811 0.4444444478
100151  -35.442  -3.214  -20.754 0.4444444478
111223  -29.903  5.331  -27.244 0.5555555820
112472  -29.424  6.256  -27.314 0.5555555820
85726  -24.693  -14.425  -19.095 0.4444444478
91039  -31.905  -10.239  -20.056 0.2222222239
112445  -31.950  6.794  -24.973 0.5555555820
81585  -25.158  -17.669  -16.745 0.4444444478
81605  -25.796  -17.353  -17.268 0.4444444478
81606  -26.545  -17.445  -17.111 0.4444444478
83018  -27.868  -17.303  -17.290 0.2222222239
83019  -28.468  -17.143  -17.253 0.2222222239
83020  -29.378  -16.709  -17.097 0.1111111119
83035  -23.182  -16.400  -17.367 0.4444444478
81603  -24.056  -16.973  -17.381 0.4444444478
83059  -29.311  -16.370  -18.869 0.1111111119
83079  -30.353  -15.534  -19.220 0.1111111119
83042  -29.984  -16.644  -17.965 0.1111111119
84414  -30.926  -15.330  -18.798 0.1111111119
87166  -30.943  -13.647  -18.973 0.1111111119
88533  -32.219  -12.567  -18.570 0.1111111119
89812  -31.898  -11.892  -18.799 0.1111111119
89825  -32.258  -11.271  -19.192 0.1111111119
91025  -32.614  -10.296  -19.634 0.2222222239
93456  -33.400  -8.142  -20.254 0.1111111119
92221  -32.696  -9.527  -19.777 0.2222222239
94823  -33.858  -7.358  -20.436 0.2222222239
96199  -34.186  -6.473  -20.441 0.2222222239
97490  -33.683  -5.816  -20.671 0.3333333433
98789  -35.121  -4.165  -20.705 0.4444444478
100153  -36.914  -3.458  -21.309 0.3333333433
100171  -36.878  -2.806  -21.451 0.3333333433
105206  -23.687  0.670  -24.183 0.4444444478
108614  -35.561  2.800  -21.600 0.3333333433
109981  -26.871  4.476  -26.681 0.4444444478
109988  -28.241  4.830  -27.284 0.5555555820
111222  -29.125  5.401  -27.416 0.5555555820
112465  -31.011  6.180  -26.370 0.5555555820
113754  -31.524  7.266  -26.276 0.5555555820
112471  -28.695  6.073  -27.333 0.5555555820
83054  -24.434  -15.894  -18.116 0.4444444478
88554  -28.415  -12.675  -20.910 0.6666666865
94836  -31.075  -7.596  -21.850 0.5555555820
101535  -36.568  -2.126  -21.132 0.4444444478
108641  -35.701  3.636  -21.637 0.3333333433
85714  -24.259  -14.874  -18.487 0.4444444478
83040  -27.767  -17.036  -17.896 0.3333333433
83039  -26.562  -17.082  -17.858 0.4444444478
83055  -25.105  -16.032  -18.268 0.4444444478
83038  -25.501  -16.756  -17.845 0.4444444478
84409  -25.473  -15.395  -18.816 0.4444444478
84412  -28.454  -15.859  -19.283 0.4444444478
84434  -27.794  -15.163  -19.561 0.4444444478
83078  -29.859  -15.914  -19.308 0.1111111119
85756  -29.587  -13.938  -20.062 0.3333333433
85754  -28.436  -13.780  -20.400 0.3333333433
85745  -30.041  -14.234  -19.635 0.2222222239
88556  -30.230  -12.544  -20.443 0.2222222239
88557  -30.670  -12.400  -20.100 0.1111111119
88544  -30.919  -12.495  -19.588 0.1111111119
91024  -31.699  -10.894  -19.801 0.1111111119
88532  -31.450  -12.405  -18.875 0.1111111119
89859  -29.939  -11.192  -21.093 0.4444444478
91057  -30.718  -10.387  -21.125 0.4444444478
92234  -32.105  -9.494  -20.277 0.3333333433
91037  -30.458  -10.966  -20.865 0.4444444478
93454  -31.732  -8.968  -21.016 0.4444444478
92249  -30.931  -9.594  -21.435 0.5555555820
94837  -31.859  -7.601  -21.240 0.5555555820
94822  -33.055  -7.461  -20.642 0.3333333433
98771  -34.851  -4.901  -20.639 0.4444444478
111211  -30.512  5.538  -26.626 0.5555555820
87183  -31.062  -13.055  -19.097 0.1111111119
81604  -24.907  -17.146  -17.328 0.4444444478
81607  -27.278  -17.366  -17.253 0.4444444478
81602  -23.551  -16.764  -17.366 0.4444444478
81583  -23.269  -17.252  -16.685 0.4444444478
83060  -30.494  -16.161  -18.762 0.1111111119
85728  -31.188  -14.382  -18.756 0.1111111119
74866  -25.362  -22.731  -11.785 0.1111111119
76153  -23.629  -21.171  -13.628 0.3333333433
76133  -24.759  -21.255  -12.819 0.2222222239
74888  -25.214  -21.875  -12.132 0.2222222239
76112  -26.093  -21.888  -11.833 0.1111111119
76134  -25.780  -21.194  -12.327 0.1111111119
78693  -22.403  -19.416  -14.460 0.3333333433
77403  -22.132  -20.210  -13.801 0.3333333433
76152  -22.593  -21.129  -13.663 0.3333333433
77433  -24.006  -20.441  -14.125 0.3333333433
78669  -24.565  -20.133  -14.048 0.3333333433
77385  -25.000  -20.638  -13.170 0.2222222239
77406  -25.330  -20.263  -13.457 0.2222222239
77386  -25.559  -20.624  -12.874 0.2222222239
77387  -26.449  -20.608  -12.623 0.1111111119
80099  -21.863  -17.849  -14.707 0.2222222239
80100  -22.207  -18.288  -14.869 0.2222222239
80082  -21.958  -18.820  -14.273 0.2222222239
77432  -23.489  -20.460  -14.298 0.3333333433
77407  -26.186  -20.154  -13.233 0.1111111119
81564  -21.827  -16.929  -15.535 0.2222222239
81565  -22.275  -17.344  -15.746 0.3333333433
80120  -22.832  -18.056  -15.493 0.3333333433
81566  -23.017  -17.663  -15.913 0.3333333433
80121  -23.632  -18.210  -15.922 0.3333333433
78716  -23.009  -18.881  -15.206 0.3333333433
78718  -24.885  -19.227  -15.183 0.3333333433
80122  -24.649  -18.665  -15.789 0.3333333433
78719  -25.290  -19.095  -15.074 0.3333333433
80123  -25.553  -18.692  -15.356 0.3333333433
80101  -26.195  -18.716  -14.785 0.3333333433
78697  -26.477  -19.199  -14.280 0.1111111119
83006  -21.743  -16.371  -15.473 0.2222222239
83007  -21.795  -16.720  -15.895 0.2222222239
83016  -22.109  -16.478  -16.379 0.3333333433
80138  -24.499  -18.021  -16.335 0.3333333433
80139  -25.338  -18.182  -16.127 0.3333333433
80124  -26.610  -18.159  -15.339 0.3333333433
84350  -21.729  -15.495  -15.175 0.3333333433
83015  -21.763  -16.196  -16.050 0.3333333433
84377  -22.808  -15.906  -17.293 0.3333333433
81584  -24.298  -17.478  -16.826 0.3333333433
81586  -26.075  -17.764  -16.548 0.3333333433
81587  -26.967  -17.611  -16.590 0.3333333433
97492  -35.392  -5.483  -20.486 0.2222222239
98790  -36.337  -4.122  -20.774 0.2222222239
98772  -35.602  -4.768  -20.574 0.2222222239
102809  -36.676  -1.304  -21.573 0.3333333433
101552  -36.985  -2.212  -21.884 0.2222222239
76154  -24.193  -21.200  -13.335 0.3333333433
81553  -21.860  -17.218  -14.892 0.3333333433
78717  -23.951  -19.234  -15.360 0.3333333433
78670  -24.955  -19.915  -13.973 0.3333333433
78696  -25.439  -19.319  -14.632 0.3333333433
81582  -22.497  -16.956  -16.503 0.3333333433
81567  -26.616  -17.893  -16.059 0.3333333433
74865  -24.667  -23.094  -11.932 0.1111111119
73661  -25.949  -23.542  -11.512 0.1111111119
76151  -21.916  -20.731  -13.408 0.3333333433
74902  -22.662  -21.836  -13.169 0.3333333433
76132  -23.907  -21.757  -13.135 0.3333333433
78668  -21.800  -19.355  -13.771 0.3333333433
76135  -26.736  -21.191  -12.087 0.1111111119
80081  -21.627  -18.187  -13.986 0.2222222239
77388  -27.369  -20.640  -12.478 0.1111111119
81528  -21.638  -17.134  -14.149 0.2222222239
78672  -26.818  -19.673  -13.649 0.1111111119
80102  -27.056  -18.544  -14.601 0.1111111119
80125  -27.668  -18.062  -15.149 0.1111111119
81588  -27.894  -17.487  -16.663 0.1111111119
98791  -37.221  -4.212  -21.650 0.2222222239
102823  -37.436  -1.487  -23.190 0.2222222239
87143  -21.702  -13.557  -16.658 0.2222222239
92210  -22.100  -10.065  -18.588 0.5555555820
84375  -21.987  -15.728  -16.394 0.3333333433
83017  -22.678  -16.469  -16.879 0.4444444478
84366  -21.772  -15.530  -15.971 0.2222222239
100172  -37.273  -3.229  -22.110 0.2222222239
74867  -26.482  -22.675  -11.502 0.1111111119
74903  -23.191  -21.697  -13.352 0.3333333433
77404  -23.754  -20.699  -13.935 0.3333333433
76179  -23.006  -20.790  -14.159 0.3333333433
77431  -22.781  -20.345  -14.254 0.3333333433
77405  -24.439  -20.553  -13.683 0.3333333433
78695  -24.345  -19.955  -14.505 0.3333333433
78671  -25.865  -19.743  -13.863 0.2222222239
78694  -23.292  -19.804  -14.793 0.3333333433
81554  -22.039  -17.672  -15.035 0.3333333433
80137  -23.918  -17.752  -16.453 0.3333333433
80140  -26.049  -18.159  -15.899 0.3333333433
78698  -27.451  -19.127  -14.053 0.1111111119
81568  -27.349  -17.794  -15.921 0.1111111119
73660  -24.985  -23.611  -11.677 0.1111111119
74887  -24.308  -22.542  -12.390 0.2222222239
76131  -22.229  -21.663  -13.155 0.3333333433
76130  -21.630  -21.309  -12.870 0.2222222239
74886  -23.207  -22.365  -12.857 0.3333333433
78667  -21.418  -19.279  -12.960 0.2222222239
97510  -37.025  -5.161  -21.246 0.1111111119
97525  -38.023  -5.221  -23.215 0.1111111119
97511  -37.600  -5.149  -22.164 0.1111111119
98824  -37.725  -4.325  -23.713 0.1111111119
98838  -37.504  -4.625  -24.822 0.1111111119
100198  -37.360  -3.482  -24.207 0.1111111119
100213  -36.937  -3.571  -25.261 0.1111111119
106313  -36.587  1.347  -21.954 0.2222222239
101565  -37.387  -2.470  -23.681 0.1111111119
101576  -37.175  -2.532  -24.661 0.1111111119
107463  -36.898  2.017  -23.010 0.1111111119
107441  -36.082  2.135  -21.740 0.2222222239
108642  -36.452  3.474  -22.248 0.1111111119
106314  -36.916  1.306  -22.686 0.1111111119
107472  -37.306  2.428  -23.619 0.1111111119
108693  -28.382  4.152  -27.306 0.4444444478
109934  -35.994  4.595  -21.864 0.1111111119
111209  -27.285  5.515  -26.819 0.4444444478
111221  -28.346  5.480  -27.307 0.4444444478
109935  -36.617  4.548  -22.623 0.1111111119
112464  -30.535  6.233  -26.866 0.4444444478
113724  -34.084  7.761  -24.014 0.3333333433
113701  -35.781  7.075  -22.610 0.1111111119
111164  -36.222  5.552  -22.252 0.1111111119
112431  -37.077  6.517  -23.303 0.1111111119
113760  -30.179  6.634  -27.217 0.4444444478
113752  -29.312  7.274  -27.122 0.4444444478
115013  -30.587  8.250  -27.184 0.4444444478
113753  -30.379  6.984  -27.154 0.4444444478
115014  -31.500  8.466  -26.742 0.4444444478
113755  -32.172  7.923  -26.038 0.4444444478
114998  -33.351  8.587  -25.300 0.4444444478
114999  -34.031  9.188  -25.054 0.2222222239
114987  -34.504  8.435  -24.478 0.2222222239
114988  -35.669  8.674  -24.442 0.2222222239
121249  -33.096  13.946  -29.397 0.1111111119
120046  -34.318  12.624  -27.352 0.1111111119
116302  -36.962  9.383  -25.157 0.1111111119
112461  -26.801  6.643  -26.181 0.4444444478
113750  -27.412  7.623  -26.401 0.4444444478
112463  -28.738  6.714  -27.104 0.4444444478
113751  -28.318  7.529  -26.888 0.3333333433
116328  -31.598  9.478  -27.053 0.4444444478
115015  -32.418  8.692  -26.145 0.4444444478
115016  -32.910  9.034  -25.853 0.4444444478
116338  -30.646  9.749  -27.397 0.3333333433
117630  -33.238  9.827  -26.096 0.3333333433
117647  -33.669  10.580  -26.155 0.1111111119
117632  -34.322  10.190  -25.707 0.1111111119
117648  -34.835  10.591  -25.925 0.1111111119
116300  -34.959  9.266  -24.962 0.2222222239
116312  -35.234  9.820  -25.688 0.1111111119
118846  -35.102  11.451  -26.313 0.1111111119
115012  -29.621  8.280  -27.180 0.3333333433
116327  -30.634  9.226  -27.242 0.3333333433
117645  -31.636  10.268  -27.353 0.2222222239
118843  -32.139  10.581  -27.302 0.2222222239
118844  -32.813  11.136  -27.080 0.2222222239
120032  -33.472  11.712  -26.943 0.1111111119
118860  -31.304  11.133  -27.887 0.1111111119
118861  -32.298  11.515  -27.791 0.1111111119
120033  -34.095  12.064  -26.746 0.1111111119
120044  -31.989  11.752  -28.289 0.1111111119
120058  -32.832  12.828  -28.549 0.1111111119
120045  -33.097  12.272  -27.780 0.1111111119
115011  -28.707  8.430  -26.926 0.3333333433
116324  -28.299  9.395  -26.228 0.3333333433
116325  -29.017  9.377  -26.884 0.3333333433
116326  -29.774  9.438  -27.281 0.3333333433
117659  -30.528  10.304  -27.610 0.2222222239
118876  -31.327  11.541  -29.011 0.1111111119
120071  -31.811  12.560  -29.917 0.1111111119
121235  -32.659  13.104  -28.868 0.1111111119
122351  -32.102  14.099  -31.158 0.1111111119
116292  -27.602  10.029  -23.586 0.1111111119
116299  -28.132  9.927  -24.323 0.1111111119
117641  -28.581  10.053  -25.504 0.2222222239
117642  -28.861  10.186  -26.039 0.2222222239
117643  -29.271  10.379  -26.644 0.2222222239
116337  -30.054  9.897  -27.473 0.3333333433
117657  -29.558  10.273  -27.357 0.3333333433
117658  -29.566  10.530  -27.641 0.2222222239
118859  -29.494  11.219  -28.062 0.1111111119
118875  -30.293  11.524  -28.884 0.1111111119
118885  -29.777  11.479  -29.621 0.1111111119
120070  -31.266  12.084  -30.511 0.1111111119
120084  -30.864  12.514  -31.290 0.1111111119
122339  -32.759  14.342  -29.875 0.1111111119
122340  -33.609  14.609  -29.405 0.1111111119
116293  -28.154  10.242  -23.748 0.1111111119
117612  -28.903  11.169  -23.365 0.1111111119
117627  -28.935  10.640  -25.143 0.1111111119
117620  -29.553  10.993  -24.587 0.1111111119
117621  -30.183  11.101  -24.785 0.1111111119
117629  -29.858  11.139  -25.811 0.1111111119
117644  -29.480  10.950  -26.834 0.2222222239
118830  -30.383  11.566  -26.039 0.1111111119
118842  -29.706  11.478  -27.051 0.1111111119
120031  -29.911  12.153  -27.349 0.1111111119
118873  -29.396  11.838  -29.004 0.1111111119
120056  -29.521  12.475  -28.558 0.1111111119
118906  -29.406  11.810  -30.751 0.1111111119
118821  -29.577  11.500  -23.002 0.1111111119
118822  -30.202  11.552  -23.217 0.1111111119
118826  -31.058  11.236  -24.999 0.1111111119
120010  -31.473  12.188  -25.166 0.1111111119
120018  -30.827  12.536  -26.158 0.1111111119
118812  -30.780  12.092  -22.503 0.1111111119
120004  -31.433  12.283  -24.046 0.1111111119
98809  -37.661  -4.228  -22.646 0.1111111119
102837  -37.414  -1.568  -24.158 0.1111111119
104022  -37.575  -0.571  -23.636 0.1111111119
108654  -36.936  3.537  -23.141 0.1111111119
111210  -27.841  5.669  -27.119 0.4444444478
113735  -33.088  7.844  -24.922 0.4444444478
114986  -33.681  7.977  -24.578 0.3333333433
114978  -34.708  7.849  -23.688 0.2222222239
113714  -35.272  7.519  -23.115 0.1111111119
114980  -36.244  8.193  -23.934 0.1111111119
111179  -36.867  5.545  -22.949 0.1111111119
116301  -35.992  9.356  -25.035 0.2222222239
118845  -33.943  11.327  -26.351 0.1111111119
118847  -36.076  11.135  -26.693 0.1111111119
121236  -33.505  13.463  -28.658 0.1111111119
117628  -29.369  10.866  -25.532 0.2222222239
117614  -30.222  10.991  -23.950 0.1111111119
120042  -29.625  12.217  -27.973 0.1111111119
119993  -31.425  12.813  -22.800 0.1111111119
97568  -36.995  -5.641  -25.389 0.1111111119
97556  -37.555  -5.723  -24.713 0.1111111119
104011  -37.272  -0.504  -22.728 0.2222222239
116329  -32.607  9.337  -26.302 0.4444444478
117646  -32.735  10.060  -26.569 0.2222222239
118810  -29.140  11.489  -22.270 0.1111111119
118811  -30.051  11.699  -22.264 0.1111111119
118823  -30.951  11.541  -23.697 0.1111111119
96261  -37.520  -6.165  -24.709 0.1111111119
97493  -36.255  -5.294  -20.625 0.1111111119
97526  -38.213  -5.695  -23.490 0.1111111119
96279  -35.935  -6.688  -26.657 0.1111111119
96271  -37.332  -6.464  -25.091 0.1111111119
97579  -35.813  -5.935  -27.068 0.1111111119
98860  -36.649  -4.724  -26.310 0.1111111119
98869  -35.718  -4.517  -27.414 0.1111111119
100212  -36.494  -3.218  -25.891 0.1111111119
102867  -36.789  -1.650  -25.650 0.1111111119
101590  -36.296  -2.662  -26.177 0.1111111119
104051  -36.802  -0.816  -25.659 0.1111111119
104062  -36.398  -0.654  -26.773 0.1111111119
106347  -37.294  1.436  -25.524 0.1111111119
107480  -37.606  2.460  -24.763 0.1111111119
108655  -37.417  3.488  -24.056 0.1111111119
113716  -37.155  7.249  -23.745 0.1111111119
109952  -37.550  4.497  -24.409 0.1111111119
112462  -27.883  6.433  -27.019 0.4444444478
113727  -38.034  7.964  -25.196 0.1111111119
116314  -37.426  9.684  -25.890 0.1111111119
113732  -26.711  7.745  -25.506 0.2222222239
114996  -27.292  8.538  -25.689 0.2222222239
116323  -28.009  9.058  -26.184 0.2222222239
118863  -36.263  11.774  -27.149 0.1111111119
116291  -26.725  9.444  -23.935 0.1111111119
116309  -28.164  9.663  -25.240 0.2222222239
121237  -34.753  13.795  -28.477 0.1111111119
122341  -34.393  14.998  -29.161 0.1111111119
116282  -27.572  10.175  -22.832 0.1111111119
117601  -28.449  11.283  -22.733 0.1111111119
118809  -28.320  11.461  -22.011 0.1111111119
123354  -33.142  15.082  -30.291 0.1111111119
118796  -28.924  11.392  -21.260 0.1111111119
117588  -29.530  11.456  -20.710 0.1111111119
121234  -29.625  13.205  -29.040 0.1111111119
121259  -29.913  13.697  -30.742 0.1111111119
122362  -30.836  14.656  -31.367 0.1111111119
123380  -31.262  15.640  -31.454 0.1111111119
118797  -29.820  11.413  -21.150 0.1111111119
118798  -30.786  11.925  -21.366 0.1111111119
121194  -31.744  13.219  -25.048 0.1111111119
121215  -30.936  13.639  -26.623 0.1111111119
121175  -31.592  12.985  -23.510 0.1111111119
105190  -36.916  0.434  -22.338 0.1111111119
112430  -36.435  6.510  -22.589 0.1111111119
114997  -32.694  8.072  -25.510 0.4444444478
107471  -36.796  2.752  -22.865 0.2222222239
100184  -37.589  -3.332  -23.173 0.1111111119
98849  -36.930  -4.690  -25.727 0.1111111119
98848  -36.665  -4.005  -26.149 0.1111111119
105197  -37.280  0.403  -23.140 0.1111111119
106330  -37.556  1.389  -24.415 0.1111111119
105226  -37.246  0.328  -25.107 0.1111111119
109951  -37.175  4.525  -23.456 0.1111111119
113715  -36.377  7.527  -23.203 0.1111111119
111180  -37.423  5.518  -23.775 0.1111111119
117631  -33.585  9.983  -25.916 0.2222222239
116311  -34.245  9.726  -25.422 0.2222222239
114989  -36.756  8.648  -24.461 0.1111111119
122338  -32.303  13.974  -30.466 0.1111111119
118862  -35.577  11.845  -26.853 0.1111111119
121224  -33.861  12.914  -27.904 0.1111111119
121225  -34.526  13.214  -27.891 0.1111111119
120047  -35.441  12.592  -27.426 0.1111111119
116303  -37.481  9.255  -25.342 0.1111111119
114990  -37.630  8.711  -24.984 0.1111111119
116313  -36.249  9.763  -25.857 0.2222222239
117649  -35.880  10.310  -26.299 0.2222222239
120057  -32.048  12.510  -28.879 0.1111111119
115010  -27.920  8.580  -26.406 0.3333333433
116308  -27.823  9.124  -25.796 0.1111111119
116336  -29.702  10.047  -27.518 0.2222222239
118886  -30.679  11.402  -29.966 0.1111111119
121247  -31.756  13.128  -30.711 0.1111111119
121260  -31.384  13.504  -31.573 0.1111111119
123366  -32.467  14.416  -30.996 0.1111111119
122363  -31.547  14.597  -31.425 0.1111111119
116281  -27.323  9.505  -22.771 0.1111111119
117610  -27.729  10.555  -22.878 0.1111111119
117626  -28.612  10.248  -24.742 0.1111111119
118858  -29.315  11.631  -28.250 0.1111111119
120083  -30.200  11.902  -31.265 0.1111111119
120093  -30.687  13.184  -31.666 0.1111111119
120092  -30.069  12.588  -31.448 0.1111111119
117619  -29.053  10.780  -24.256 0.1111111119
117611  -28.163  10.728  -23.272 0.1111111119
117613  -29.618  11.114  -23.713 0.1111111119
117600  -27.872  11.116  -22.547 0.1111111119
120030  -30.180  12.825  -27.397 0.1111111119
120069  -29.285  12.097  -29.698 0.1111111119
121245  -29.446  12.665  -29.854 0.1111111119
121258  -29.496  12.874  -30.581 0.1111111119
96226  -38.119  -5.960  -22.553 0.1111111119
104036  -37.293  -0.647  -24.615 0.1111111119
113725  -36.864  7.892  -23.918 0.1111111119
117634  -36.534  10.025  -26.138 0.1111111119
118848  -36.766  11.181  -26.850 0.1111111119
121223  -29.994  13.455  -28.129 0.1111111119
121186  -31.737  13.038  -24.154 0.1111111119
96278  -35.392  -6.685  -27.050 0.1111111119
105239  -36.860  0.263  -26.377 0.1111111119
113726  -37.596  7.623  -24.511 0.1111111119
116332  -37.489  10.027  -26.395 0.1111111119
120059  -35.928  12.941  -28.059 0.1111111119
116298  -27.357  9.345  -24.789 0.1111111119
121226  -35.322  13.311  -28.039 0.1111111119
121246  -29.839  13.529  -29.931 0.1111111119
165994  -31.586  13.922  -25.519 0.1111111119
73677  -22.742  -22.974  -12.295 0.2222222239
93421  -20.863  -8.566  -17.997 0.2222222239
94805  -21.233  -7.700  -18.420 0.2222222239
92219  -21.636  -9.604  -18.679 0.3333333433
111207  -25.666  4.985  -25.812 0.2222222239
112460  -26.167  6.463  -25.544 0.1111111119
112443  -26.302  7.078  -25.440 0.1111111119
107468  -22.823  2.515  -23.473 0.2222222239
106318  -22.259  1.594  -22.490 0.1111111119
92209  -21.515  -10.148  -18.401 0.2222222239
107467  -22.311  2.498  -22.827 0.1111111119
109955  -23.815  3.905  -24.514 0.1111111119
111191  -25.654  5.384  -25.277 0.1111111119
111184  -25.593  6.540  -24.707 0.1111111119
112442  -25.704  7.005  -24.992 0.1111111119
113731  -26.133  7.577  -25.012 0.1111111119
109980  -25.767  4.331  -26.240 0.2222222239
90998  -21.300  -10.841  -17.650 0.2222222239
98764  -20.288  -4.251  -19.493 0.2222222239
109966  -25.304  4.657  -25.460 0.1111111119
97468  -20.095  -5.206  -18.828 0.1111111119
100123  -19.950  -3.541  -19.001 0.3333333433
111208  -26.172  5.516  -26.051 0.3333333433
93420  -20.951  -9.331  -18.342 0.2222222239
111192  -25.730  6.170  -25.206 0.1111111119
109944  -24.677  4.364  -23.518 0.1111111119
109957  -25.439  4.856  -24.592 0.1111111119
73678  -23.552  -23.025  -12.288 0.1111111119
73659  -24.072  -23.498  -11.980 0.1111111119
74864  -21.379  -22.216  -11.354 0.1111111119
74884  -21.631  -22.254  -12.080 0.1111111119
77402  -21.520  -20.219  -13.218 0.1111111119
88507  -21.758  -12.443  -16.555 0.1111111119
93438  -21.242  -9.375  -18.631 0.1111111119
102802  -21.300  -1.334  -20.375 0.2222222239
103992  -21.262  -0.541  -20.539 0.2222222239
105170  -20.799  0.325  -19.722 0.2222222239
94819  -21.588  -7.270  -19.186 0.1111111119
73656  -21.816  -23.194  -11.315 0.1111111119
73657  -22.475  -23.601  -11.787 0.1111111119
73658  -23.164  -23.683  -11.956 0.1111111119
73679  -23.973  -23.047  -12.255 0.1111111119
76111  -21.153  -21.395  -11.658 0.1111111119
77384  -21.090  -20.336  -12.170 0.1111111119
87125  -21.927  -13.549  -15.739 0.1111111119
89779  -21.714  -11.644  -16.940 0.1111111119
92208  -20.998  -10.082  -18.059 0.1111111119
94787  -21.229  -7.750  -17.405 0.1111111119
103983  -20.947  -0.684  -19.560 0.2222222239
106291  -21.086  1.463  -21.048 0.1111111119
105171  -21.015  0.447  -20.777 0.2222222239
106306  -21.830  1.496  -21.734 0.1111111119
102793  -21.001  -1.752  -19.603 0.2222222239
82995  -21.717  -16.394  -14.622 0.1111111119
74885  -22.218  -22.276  -12.778 0.1111111119
89800  -21.488  -11.637  -17.278 0.1111111119
93391  -20.865  -9.360  -17.637 0.1111111119
73676  -22.084  -22.930  -12.150 0.1111111119
88481  -22.092  -12.796  -15.639 0.1111111119
77368  -20.959  -20.800  -11.596 0.1111111119
87096  -22.114  -13.370  -14.674 0.1111111119
88449  -22.318  -12.768  -15.057 0.1111111119
107406  -20.787  2.247  -19.144 0.1111111119
107429  -20.985  2.540  -20.355 0.1111111119
108645  -22.551  3.324  -23.082 0.1111111119
101493  -20.125  -2.474  -18.230 0.1111111119
108630  -22.068  3.362  -22.393 0.1111111119
109942  -22.870  3.798  -23.270 0.1111111119
76093  -21.151  -21.848  -11.066 0.1111111119
76180  -23.293  -20.913  -13.997 0.3333333433
83061  -31.242  -15.787  -18.381 0.1111111119
84389  -22.654  -15.382  -17.422 0.5555555820
85746  -30.603  -14.094  -19.179 0.1111111119
87194  -29.621  -13.310  -20.400 0.2222222239
88572  -28.279  -11.998  -21.246 0.4444444478
89811  -31.545  -11.960  -18.904 0.1111111119
91069  -28.583  -10.015  -22.221 1.0000000000
92218  -21.203  -9.700  -18.464 0.3333333433
93498  -27.174  -7.962  -23.145 1.0000000000
94851  -27.686  -7.878  -23.192 1.0000000000
94868  -25.276  -7.214  -23.323 1.0000000000
94871  -27.413  -7.609  -23.332 1.0000000000
94882  -24.453  -7.015  -24.169 1.0000000000
94884  -25.676  -7.148  -24.035 1.0000000000
94885  -26.106  -7.254  -23.820 1.0000000000
94891  -24.367  -7.098  -24.676 1.0000000000
94892  -24.777  -7.298  -24.835 1.0000000000
94893  -25.320  -7.270  -24.651 1.0000000000
94899  -25.039  -7.338  -25.285 1.0000000000
94900  -25.185  -7.435  -25.069 1.0000000000
96197  -32.821  -7.000  -20.842 0.3333333433
96240  -24.869  -6.175  -23.556 0.8888888955
96241  -26.579  -7.086  -23.779 1.0000000000
96254  -24.791  -6.609  -23.901 0.8888888955
96255  -25.043  -6.373  -23.893 0.8888888955
96256  -25.763  -6.767  -24.109 1.0000000000
96268  -24.344  -6.656  -24.613 0.8888888955
96269  -24.359  -7.046  -25.074 1.0000000000
96270  -25.549  -6.863  -24.517 1.0000000000
96275  -24.488  -6.618  -25.208 0.8888888955
96276  -24.828  -6.987  -25.461 1.0000000000
96277  -25.377  -7.030  -25.187 1.0000000000
97491  -34.451  -5.470  -20.585 0.4444444478
97508  -33.415  -5.291  -21.041 0.5555555820
97522  -24.567  -5.218  -23.227 0.7777777910
97523  -29.460  -5.802  -22.931 0.8888888955
97537  -24.711  -5.883  -23.334 0.8888888955
97539  -25.225  -5.537  -23.804 0.8888888955
97540  -29.211  -5.342  -23.831 0.8888888955
97541  -37.909  -5.177  -24.171 0.1111111119
97542  -38.096  -5.684  -23.909 0.1111111119
97550  -25.006  -6.385  -24.253 0.8888888955
97554  -28.119  -5.229  -24.474 1.0000000000
97557  -37.883  -5.714  -24.338 0.1111111119
97565  -24.668  -6.299  -24.842 0.8888888955
97566  -25.080  -6.368  -24.863 0.8888888955
97575  -24.838  -6.459  -25.282 0.8888888955
97576  -25.174  -6.620  -25.288 1.0000000000
97577  -25.353  -6.735  -25.198 1.0000000000
97580  -36.491  -5.596  -26.323 0.1111111119
98770  -34.468  -4.993  -20.727 0.4444444478
98806  -24.364  -4.931  -22.976 0.7777777910
98831  -24.139  -3.640  -23.739 0.7777777910
98859  -36.207  -4.621  -26.902 0.1111111119
100145  -22.367  -3.138  -20.957 0.5555555820
100152  -36.345  -2.992  -20.968 0.3333333433
100169  -30.081  -3.968  -22.453 0.7777777910
100181  -23.377  -3.279  -22.829 0.7777777910
100193  -24.939  -3.822  -24.310 0.8888888955
100207  -24.518  -3.118  -24.480 0.8888888955
100210  -27.090  -3.227  -25.341 1.0000000000
100221  -36.210  -3.431  -26.547 0.1111111119
100227  -28.148  -3.044  -27.939 0.7777777910
100228  -28.060  -2.671  -28.177 0.7777777910
100238  -27.689  -2.672  -28.150 0.7777777910
100239  -27.886  -2.529  -28.231 0.7777777910
101515  -21.466  -2.659  -19.984 0.4444444478
101534  -35.717  -2.209  -20.775 0.4444444478
101553  -37.331  -2.360  -22.720 0.1111111119
101561  -23.141  -2.460  -22.481 0.7777777910
101583  -24.282  -2.452  -24.259 0.7777777910
101585  -25.568  -2.449  -24.937 0.8888888955
101591  -36.746  -2.425  -25.567 0.1111111119
101599  -27.978  -2.250  -26.544 1.0000000000
101609  -28.321  -2.239  -27.727 0.8888888955
101618  -27.911  -2.228  -28.226 0.8888888955
102822  -37.114  -1.390  -22.328 0.3333333433
102834  -23.403  -1.494  -23.075 0.5555555820
102847  -25.227  -0.688  -24.858 0.7777777910
102849  -30.225  -1.037  -24.624 0.8888888955
102851  -37.089  -1.619  -25.072 0.1111111119
102860  -24.558  -2.114  -24.355 0.8888888955
102863  -26.865  -1.525  -25.971 0.7777777910
102864  -29.451  -1.030  -26.028 0.8888888955
102866  -36.442  -1.691  -26.263 0.1111111119
102873  -27.929  -1.884  -27.129 0.7777777910
102874  -28.422  -1.173  -26.817 0.8888888955
102887  -27.698  -1.749  -28.126 0.8888888955
104010  -36.818  -0.446  -21.979 0.4444444478
104032  -24.255  -0.339  -24.266 0.6666666865
104034  -30.019  -0.098  -24.985 0.7777777910
104047  -26.330  -0.458  -25.562 0.7777777910
104048  -29.329  -0.080  -26.121 0.7777777910
104060  -28.520  -0.445  -26.669 0.7777777910
104063  -36.683  -0.561  -26.254 0.1111111119
105176  -31.804  0.912  -21.775 0.6666666865
105178  -33.652  0.865  -21.378 0.5555555820
105185  -31.180  0.772  -22.919 0.6666666865
105189  -36.397  0.466  -21.736 0.5555555820
105194  -22.221  0.689  -22.220 0.3333333433
105210  -37.595  0.379  -24.061 0.1111111119
105222  -24.879  0.720  -24.924 0.6666666865
105236  -28.075  -0.267  -26.869 0.7777777910
106290  -20.812  1.402  -19.955 0.1111111119
106296  -32.052  1.558  -21.996 0.6666666865
106297  -32.512  1.855  -21.815 0.6666666865
106298  -34.344  1.557  -21.357 0.5555555820
106300  -35.926  1.331  -21.600 0.5555555820
106310  -31.646  1.595  -22.443 0.5555555820
106311  -33.059  1.979  -21.556 0.4444444478
106319  -22.608  1.611  -23.233 0.3333333433
106321  -31.523  2.069  -22.922 0.6666666865
106322  -37.265  1.326  -23.479 0.1111111119
106342  -24.476  1.729  -24.769 0.4444444478
106345  -29.410  1.220  -25.893 0.6666666865
106356  -26.776  1.352  -26.014 0.6666666865
107438  -32.495  2.165  -21.997 0.6666666865
107439  -34.835  2.258  -21.425 0.4444444478
107462  -36.582  2.283  -22.283 0.1111111119
107476  -23.411  2.564  -24.009 0.3333333433
107489  -25.366  2.401  -25.617 0.5555555820
107517  -29.100  3.148  -27.189 0.6666666865
108613  -35.158  2.640  -21.507 0.4444444478
108615  -36.146  2.884  -21.801 0.2222222239
108646  -23.097  3.326  -23.645 0.1111111119
108661  -31.153  3.621  -24.370 0.6666666865
108670  -30.393  3.568  -25.812 0.6666666865
108687  -29.737  3.564  -26.807 0.6666666865
108695  -29.518  3.913  -27.117 0.5555555820
109989  -28.793  4.706  -27.406 0.5555555820
109990  -29.477  4.574  -27.286 0.5555555820
111178  -33.273  5.616  -23.253 0.5555555820
111193  -30.760  5.318  -26.125 0.6666666865
111220  -27.889  5.224  -27.157 0.4444444478
112412  -33.689  6.012  -23.051 0.5555555820
112415  -35.641  6.357  -22.289 0.1111111119
112428  -33.326  6.231  -23.537 0.4444444478
112438  -32.962  6.649  -24.145 0.6666666865
112473  -30.167  6.232  -27.170 0.4444444478
113699  -34.569  6.650  -22.775 0.3333333433
113700  -35.062  6.876  -22.678 0.3333333433
113712  -33.687  6.817  -23.561 0.4444444478
113722  -32.747  6.879  -24.429 0.6666666865
113733  -31.814  6.977  -25.393 0.5555555820
113759  -29.917  6.680  -27.271 0.4444444478
114979  -35.471  8.104  -23.752 0.1111111119
115000  -37.849  9.062  -25.497 0.1111111119
116310  -33.341  9.471  -25.795 0.2222222239
116330  -35.424  10.116  -26.045 0.1111111119
116331  -35.703  9.936  -26.048 0.2222222239
117580  -29.267  11.487  -20.608 0.1111111119
117587  -29.334  11.381  -20.893 0.1111111119
117618  -28.562  10.471  -23.928 0.1111111119
117633  -36.229  9.977  -26.159 0.2222222239
117650  -36.879  10.439  -26.464 0.1111111119
117651  -37.518  10.301  -26.705 0.1111111119
118874  -29.475  11.755  -28.720 0.1111111119
118884  -29.392  11.779  -29.353 0.1111111119
118887  -31.441  11.932  -29.700 0.1111111119
118897  -29.387  11.687  -30.099 0.1111111119
118898  -29.890  11.478  -30.629 0.1111111119
118899  -30.581  11.768  -30.824 0.1111111119
118907  -29.696  11.908  -31.182 0.1111111119
120034  -34.947  12.285  -26.743 0.1111111119
120043  -29.462  11.770  -27.819 0.1111111119
120048  -36.465  12.395  -27.670 0.1111111119
120055  -29.347  12.162  -29.082 0.1111111119
120082  -29.309  12.191  -30.382 0.1111111119
120091  -29.442  12.346  -31.055 0.1111111119
121233  -29.405  12.459  -29.410 0.1111111119
121248  -32.447  13.407  -29.580 0.1111111119
121268  -29.745  13.000  -31.147 0.1111111119
121269  -30.334  13.630  -31.362 0.1111111119
121270  -30.917  13.917  -31.821 0.1111111119
122329  -34.244  14.343  -28.853 0.1111111119
122352  -32.365  14.540  -31.162 0.1111111119
123352  -32.375  14.233  -30.826 0.1111111119
123353  -32.601  14.506  -30.605 0.1111111119
165671  -27.723  -1.544  -27.666 0.8888888955
165672  -27.413  -1.755  -27.898 0.8888888955
165674  -27.934  -2.662  -27.452 0.7777777910
165675  -27.479  -2.143  -28.135 0.8888888955
165676  -27.785  -1.520  -27.912 0.8888888955
165678  -27.836  -1.014  -26.911 0.7777777910
