#!ascii label  , from subject 3012 vox2ras=TkReg
2068
93585  51.102  -6.696  33.843 0.0000000000
73387  41.819  -20.485  54.625 0.0000000000
64444  25.728  -26.557  59.514 0.0000000000
63025  18.350  -26.528  63.708 0.0000000000
64381  35.859  -24.345  61.948 0.0000000000
66058  31.378  -24.976  52.505 0.0000000000
86605  44.163  -11.627  39.704 0.0000000000
99379  61.534  -1.196  32.071 0.0000000000
87859  51.578  -10.166  50.356 0.0000000000
83537  41.771  -13.383  48.264 0.0000000000
72143  36.419  -21.775  44.006 0.0000000000
65862  26.744  -25.457  64.317 0.0000000000
65934  21.319  -24.662  61.064 0.0000000000
68840  22.758  -23.300  66.172 0.0000000000
65948  30.523  -25.935  60.220 0.0000000000
93364  52.056  -5.901  48.285 0.0000000000
76086  42.559  -18.527  59.884 0.0000000000
81941  44.425  -14.551  56.931 0.0000000000
87811  43.523  -10.066  54.120 0.0000000000
77579  41.747  -16.881  51.207 0.0000000000
76326  39.959  -18.134  46.040 0.0000000000
72046  39.440  -21.604  49.408 0.0000000000
63169  25.876  -26.775  50.442 0.0000000000
67598  27.967  -24.837  46.752 0.0000000000
94976  55.311  -4.833  32.345 0.0000000000
96494  56.295  -3.874  27.355 0.0000000000
63140  23.411  -27.195  53.534 0.0000000000
63093  19.628  -27.262  55.984 0.0000000000
68946  39.604  -23.563  57.706 0.0000000000
68987  37.748  -23.592  53.312 0.0000000000
65999  34.270  -24.860  57.384 0.0000000000
64502  29.001  -26.238  55.837 0.0000000000
89524  47.231  -9.171  35.662 0.0000000000
70217  19.239  -22.576  69.966 0.0000000000
60464  17.162  -28.640  67.030 0.0000000000
96331  57.659  -4.520  38.490 0.0000000000
93507  52.837  -6.929  39.344 0.0000000000
90755  49.311  -8.294  42.305 0.0000000000
87928  47.737  -10.255  46.071 0.0000000000
82063  50.160  -14.286  46.888 0.0000000000
91926  48.628  -7.085  55.421 0.0000000000
89265  46.894  -9.457  50.659 0.0000000000
85024  44.844  -12.468  45.119 0.0000000000
82156  40.992  -14.228  42.475 0.0000000000
67543  34.248  -23.857  48.362 0.0000000000
67309  26.980  -23.854  66.204 0.0000000000
67329  24.813  -24.227  66.061 0.0000000000
68789  25.144  -22.500  68.062 0.0000000000
65839  28.906  -24.905  64.869 0.0000000000
73336  42.539  -19.892  57.328 0.0000000000
77524  43.272  -17.336  55.604 0.0000000000
78952  43.675  -15.877  54.544 0.0000000000
76211  42.293  -18.215  53.197 0.0000000000
74880  40.639  -19.633  50.743 0.0000000000
71991  40.554  -21.283  51.893 0.0000000000
61910  23.060  -28.104  49.666 0.0000000000
63225  23.647  -27.817  47.121 0.0000000000
94979  53.131  -5.891  33.009 0.0000000000
95010  52.554  -4.967  29.447 0.0000000000
93615  50.504  -6.097  30.389 0.0000000000
64495  24.170  -26.808  56.451 0.0000000000
63125  21.545  -26.800  54.375 0.0000000000
64485  22.990  -26.225  57.614 0.0000000000
65914  19.842  -25.167  61.969 0.0000000000
63055  19.018  -26.695  59.602 0.0000000000
61813  17.704  -27.941  61.587 0.0000000000
60514  16.526  -29.747  62.228 0.0000000000
70343  40.241  -22.276  60.754 0.0000000000
65943  37.729  -24.358  60.317 0.0000000000
65996  37.288  -24.445  57.673 0.0000000000
64435  35.646  -24.823  59.641 0.0000000000
64420  28.067  -26.471  60.264 0.0000000000
64458  29.888  -26.197  58.195 0.0000000000
63087  27.143  -26.828  57.075 0.0000000000
63121  25.521  -27.590  54.684 0.0000000000
88045  45.374  -10.513  37.353 0.0000000000
86693  44.616  -11.553  33.136 0.0000000000
85176  43.563  -12.949  35.637 0.0000000000
60448  16.608  -29.776  69.071 0.0000000000
90775  51.051  -8.100  40.654 0.0000000000
92113  51.333  -7.560  43.311 0.0000000000
92017  50.954  -6.910  50.580 0.0000000000
92068  48.571  -7.822  47.383 0.0000000000
89313  50.643  -10.202  48.250 0.0000000000
86514  50.255  -12.186  46.052 0.0000000000
84958  51.493  -12.518  48.799 0.0000000000
84918  42.754  -12.208  51.506 0.0000000000
90644  44.844  -8.775  52.446 0.0000000000
87893  43.397  -10.288  49.037 0.0000000000
86450  46.454  -10.917  47.910 0.0000000000
86520  42.661  -11.378  46.270 0.0000000000
83602  42.502  -12.893  43.967 0.0000000000
83583  40.948  -13.117  45.688 0.0000000000
76391  38.801  -18.285  43.285 0.0000000000
66041  34.379  -24.555  52.791 0.0000000000
67508  36.279  -23.783  51.512 0.0000000000
67511  33.129  -24.479  50.842 0.0000000000
67627  29.632  -24.413  44.600 0.0000000000
104766  62.777  1.582  28.231 0.0000000000
103418  60.598  0.668  29.643 0.0000000000
64403  26.066  -26.284  61.242 0.0000000000
64446  23.377  -25.844  59.759 0.0000000000
65910  24.479  -25.276  62.456 0.0000000000
67385  22.406  -23.931  63.224 0.0000000000
67331  20.299  -23.568  65.521 0.0000000000
65855  33.851  -24.283  63.660 0.0000000000
65925  33.075  -25.368  61.580 0.0000000000
65879  31.616  -25.159  63.160 0.0000000000
65905  28.947  -25.898  62.215 0.0000000000
93409  52.216  -6.298  45.427 0.0000000000
94652  51.149  -5.970  51.973 0.0000000000
84864  43.840  -12.670  55.850 0.0000000000
83484  43.131  -13.477  53.485 0.0000000000
80438  41.859  -15.008  50.413 0.0000000000
80508  41.187  -15.276  47.417 0.0000000000
77599  40.753  -17.621  48.890 0.0000000000
74923  39.950  -19.910  47.983 0.0000000000
70577  37.862  -21.936  46.994 0.0000000000
66085  28.282  -25.674  50.960 0.0000000000
67548  29.911  -25.082  49.852 0.0000000000
66109  26.726  -25.675  48.920 0.0000000000
97936  58.688  -3.301  32.639 0.0000000000
99383  58.564  -2.482  30.269 0.0000000000
96481  55.371  -4.098  29.662 0.0000000000
64468  20.583  -25.976  58.348 0.0000000000
71838  41.612  -21.421  59.171 0.0000000000
70432  41.120  -22.014  55.993 0.0000000000
70483  39.859  -22.559  53.648 0.0000000000
68966  38.877  -23.690  55.481 0.0000000000
67473  36.076  -24.322  55.024 0.0000000000
66024  33.265  -24.805  55.342 0.0000000000
65983  32.938  -25.420  58.705 0.0000000000
66026  31.282  -25.355  56.033 0.0000000000
66045  30.193  -25.308  53.903 0.0000000000
64541  27.330  -26.351  53.045 0.0000000000
63158  24.260  -27.464  51.620 0.0000000000
90923  48.485  -8.341  34.573 0.0000000000
92323  48.261  -7.599  31.168 0.0000000000
89562  46.255  -9.786  31.994 0.0000000000
70239  21.447  -22.394  68.379 0.0000000000
67315  19.073  -24.412  66.699 0.0000000000
65814  17.562  -25.660  68.099 0.0000000000
61778  17.686  -27.308  65.552 0.0000000000
97895  60.004  -3.238  34.414 0.0000000000
96398  56.468  -4.522  35.472 0.0000000000
94939  53.692  -5.504  35.753 0.0000000000
93549  51.800  -6.833  36.932 0.0000000000
92216  50.214  -7.892  37.419 0.0000000000
89455  48.464  -8.918  39.174 0.0000000000
89416  46.713  -9.390  40.432 0.0000000000
92078  50.167  -7.337  45.614 0.0000000000
90727  47.838  -8.270  44.799 0.0000000000
89375  45.652  -10.465  43.043 0.0000000000
85068  47.219  -12.356  43.184 0.0000000000
82107  48.981  -14.343  44.046 0.0000000000
89226  50.440  -8.915  53.025 0.0000000000
91949  45.726  -7.417  54.913 0.0000000000
89230  48.022  -8.675  52.785 0.0000000000
86392  50.169  -10.969  51.785 0.0000000000
86428  48.582  -12.336  49.439 0.0000000000
83551  47.463  -13.990  47.683 0.0000000000
79109  40.181  -16.234  44.419 0.0000000000
69030  39.065  -23.079  51.247 0.0000000000
69066  37.652  -23.106  48.854 0.0000000000
69094  35.920  -23.105  46.026 0.0000000000
67561  31.498  -24.482  48.202 0.0000000000
69097  33.216  -23.820  45.977 0.0000000000
67310  26.142  -24.000  66.623 0.0000000000
70251  25.788  -22.692  67.119 0.0000000000
73352  42.405  -20.242  56.480 0.0000000000
76160  42.799  -17.980  56.697 0.0000000000
74794  42.390  -19.445  54.975 0.0000000000
76197  42.944  -17.803  54.557 0.0000000000
74812  41.999  -19.634  54.182 0.0000000000
74836  41.378  -19.712  52.537 0.0000000000
73406  40.949  -20.923  53.102 0.0000000000
93595  51.769  -6.430  33.062 0.0000000000
93609  51.688  -6.066  32.019 0.0000000000
93597  50.002  -6.836  31.902 0.0000000000
64483  24.792  -27.071  57.107 0.0000000000
64496  23.307  -26.462  56.662 0.0000000000
64465  23.743  -26.379  58.590 0.0000000000
64373  19.022  -25.794  63.246 0.0000000000
63039  18.882  -26.753  61.628 0.0000000000
61812  18.228  -27.343  62.109 0.0000000000
60519  17.016  -29.201  61.525 0.0000000000
61804  17.695  -28.006  62.601 0.0000000000
65852  35.527  -23.534  62.998 0.0000000000
67382  36.808  -23.439  62.229 0.0000000000
67395  37.781  -23.526  61.676 0.0000000000
65921  36.769  -24.302  60.833 0.0000000000
65944  36.956  -24.774  59.990 0.0000000000
64414  35.696  -24.807  60.230 0.0000000000
64443  26.661  -26.563  59.575 0.0000000000
64461  27.643  -26.558  58.744 0.0000000000
63065  25.982  -26.894  57.867 0.0000000000
63079  25.343  -27.281  56.692 0.0000000000
88028  44.630  -10.984  37.973 0.0000000000
86642  43.855  -11.768  36.206 0.0000000000
85148  43.665  -12.286  37.207 0.0000000000
93450  53.322  -6.687  43.030 0.0000000000
92111  52.859  -7.201  42.615 0.0000000000
93451  52.658  -7.030  43.455 0.0000000000
90677  51.375  -8.579  50.481 0.0000000000
90692  50.520  -8.987  49.229 0.0000000000
87887  51.700  -10.537  49.487 0.0000000000
86470  51.552  -11.572  48.474 0.0000000000
86427  51.896  -11.228  49.756 0.0000000000
84932  42.447  -12.360  49.893 0.0000000000
86420  42.553  -10.861  50.368 0.0000000000
86452  42.296  -11.621  48.963 0.0000000000
86476  43.316  -10.647  47.581 0.0000000000
84982  41.558  -12.314  47.675 0.0000000000
85027  41.368  -12.480  46.170 0.0000000000
84983  41.525  -12.967  47.481 0.0000000000
66042  33.365  -24.737  53.109 0.0000000000
67499  33.754  -24.586  51.564 0.0000000000
67512  32.230  -24.656  51.079 0.0000000000
103416  61.975  0.954  30.515 0.0000000000
102070  60.897  -0.307  31.024 0.0000000000
65908  26.164  -25.809  62.607 0.0000000000
65909  25.325  -25.618  62.400 0.0000000000
65885  25.647  -25.571  63.327 0.0000000000
68855  23.688  -23.906  65.764 0.0000000000
67352  23.398  -24.028  64.768 0.0000000000
68871  22.656  -23.464  64.715 0.0000000000
67353  21.495  -23.187  64.882 0.0000000000
68841  21.780  -23.036  66.208 0.0000000000
67366  32.329  -24.124  64.313 0.0000000000
65857  31.947  -24.658  63.756 0.0000000000
67367  31.345  -24.384  64.338 0.0000000000
65861  27.697  -25.403  64.309 0.0000000000
65882  28.334  -25.562  63.341 0.0000000000
65883  27.357  -25.634  63.438 0.0000000000
64386  27.414  -26.084  61.827 0.0000000000
80322  44.134  -15.366  57.463 0.0000000000
83427  43.957  -13.718  58.138 0.0000000000
84841  44.113  -12.856  57.574 0.0000000000
86325  44.162  -11.876  57.620 0.0000000000
83455  44.293  -13.760  56.418 0.0000000000
78965  42.836  -16.235  53.039 0.0000000000
81972  43.361  -14.778  53.770 0.0000000000
80401  42.706  -15.356  52.403 0.0000000000
81988  42.477  -14.497  51.580 0.0000000000
78993  41.755  -16.110  50.696 0.0000000000
78994  41.463  -16.440  49.859 0.0000000000
77580  41.321  -17.292  50.437 0.0000000000
73504  39.903  -20.878  49.922 0.0000000000
74922  40.244  -19.427  48.741 0.0000000000
73526  39.674  -20.575  48.798 0.0000000000
73544  38.953  -20.852  47.142 0.0000000000
72073  38.457  -21.937  48.032 0.0000000000
64566  27.017  -25.969  50.678 0.0000000000
66096  27.262  -25.653  49.957 0.0000000000
64568  25.817  -26.450  49.453 0.0000000000
96440  56.837  -4.314  32.595 0.0000000000
97957  57.754  -3.469  31.449 0.0000000000
96460  55.891  -4.403  31.437 0.0000000000
96484  52.967  -4.610  28.544 0.0000000000
63150  22.915  -27.220  52.478 0.0000000000
63152  20.983  -27.437  52.243 0.0000000000
65951  22.947  -25.350  60.605 0.0000000000
65970  22.132  -25.463  59.369 0.0000000000
65971  21.250  -25.414  59.541 0.0000000000
61826  17.733  -27.892  59.507 0.0000000000
61829  18.486  -27.337  58.963 0.0000000000
68908  40.003  -23.035  59.909 0.0000000000
70362  40.980  -21.912  60.099 0.0000000000
70381  40.533  -22.648  58.853 0.0000000000
70396  41.162  -21.991  57.898 0.0000000000
68954  40.103  -23.155  57.108 0.0000000000
68964  40.062  -23.179  56.309 0.0000000000
68955  39.414  -23.535  56.780 0.0000000000
65998  35.624  -24.602  57.043 0.0000000000
67450  36.621  -24.437  56.805 0.0000000000
66010  35.296  -24.513  55.626 0.0000000000
66023  34.274  -24.668  54.958 0.0000000000
66011  34.330  -24.712  56.153 0.0000000000
65926  32.017  -25.461  61.459 0.0000000000
65946  32.846  -25.504  60.660 0.0000000000
65967  31.336  -25.645  59.558 0.0000000000
63074  29.445  -26.129  56.916 0.0000000000
64478  30.533  -25.661  57.479 0.0000000000
64501  29.767  -25.726  55.861 0.0000000000
64510  30.506  -25.417  54.881 0.0000000000
64512  29.030  -25.909  54.916 0.0000000000
66047  28.874  -25.665  53.742 0.0000000000
64529  27.356  -26.651  54.004 0.0000000000
63122  24.769  -27.481  54.447 0.0000000000
63138  25.254  -27.551  53.721 0.0000000000
63149  23.867  -27.484  52.573 0.0000000000
90908  47.863  -8.707  35.129 0.0000000000
90936  47.480  -8.564  33.157 0.0000000000
89546  46.240  -9.510  34.086 0.0000000000
85241  45.624  -12.434  31.442 0.0000000000
70229  20.066  -22.628  69.126 0.0000000000
68805  20.034  -22.953  67.900 0.0000000000
68806  19.267  -23.468  68.159 0.0000000000
62993  17.052  -27.775  68.103 0.0000000000
62999  17.469  -27.431  67.237 0.0000000000
64340  17.604  -26.286  66.909 0.0000000000
60472  17.542  -28.655  66.118 0.0000000000
60495  17.261  -29.358  64.599 0.0000000000
59130  16.614  -29.743  65.512 0.0000000000
97912  61.241  -2.595  34.148 0.0000000000
96377  58.127  -4.076  36.368 0.0000000000
96378  57.197  -4.380  36.531 0.0000000000
94921  55.435  -4.748  36.060 0.0000000000
94904  55.656  -4.890  37.435 0.0000000000
93516  54.035  -6.170  38.853 0.0000000000
93529  53.118  -6.168  37.496 0.0000000000
92213  51.948  -7.020  37.889 0.0000000000
92240  50.831  -7.483  37.105 0.0000000000
92201  51.504  -7.498  38.708 0.0000000000
90776  50.507  -8.211  41.154 0.0000000000
90821  49.882  -8.500  39.618 0.0000000000
90801  48.888  -8.536  40.708 0.0000000000
89437  47.146  -9.418  39.506 0.0000000000
89372  47.914  -8.859  41.740 0.0000000000
93392  52.337  -6.336  46.501 0.0000000000
92064  51.695  -6.852  45.866 0.0000000000
92054  50.608  -6.891  47.127 0.0000000000
90710  48.082  -8.701  46.948 0.0000000000
90716  47.805  -8.357  45.859 0.0000000000
90728  47.103  -8.810  45.248 0.0000000000
89358  46.229  -9.887  43.969 0.0000000000
87971  46.010  -10.578  44.089 0.0000000000
86557  46.460  -11.670  43.747 0.0000000000
86538  47.633  -11.648  44.572 0.0000000000
83564  50.299  -13.477  46.317 0.0000000000
83596  49.651  -13.213  44.882 0.0000000000
82085  49.700  -14.536  45.521 0.0000000000
80505  49.305  -15.545  46.751 0.0000000000
90592  49.285  -7.594  54.178 0.0000000000
89196  43.956  -9.240  56.025 0.0000000000
90576  44.922  -7.844  56.254 0.0000000000
89216  44.019  -9.048  54.316 0.0000000000
89256  45.294  -9.037  51.378 0.0000000000
90642  46.523  -8.408  52.413 0.0000000000
89244  47.627  -8.865  51.953 0.0000000000
87823  48.753  -9.555  52.553 0.0000000000
87849  48.777  -10.257  51.367 0.0000000000
86418  48.934  -11.912  50.339 0.0000000000
87871  47.724  -10.608  49.698 0.0000000000
86496  45.540  -11.906  46.341 0.0000000000
86473  47.239  -12.148  47.544 0.0000000000
85000  46.049  -12.687  46.292 0.0000000000
82048  46.854  -14.435  46.838 0.0000000000
83581  45.864  -14.034  45.448 0.0000000000
83600  44.795  -13.885  44.413 0.0000000000
82133  41.680  -13.911  42.837 0.0000000000
83640  43.091  -14.068  42.630 0.0000000000
79043  40.783  -16.526  47.096 0.0000000000
80538  40.951  -15.562  46.414 0.0000000000
77677  40.117  -17.215  45.256 0.0000000000
77780  38.837  -17.404  41.479 0.0000000000
68986  38.588  -23.422  53.688 0.0000000000
69010  39.256  -23.108  52.071 0.0000000000
68997  37.842  -23.595  52.274 0.0000000000
67528  35.302  -23.726  49.975 0.0000000000
69033  36.942  -23.450  50.225 0.0000000000
69051  36.018  -23.607  48.921 0.0000000000
69080  36.417  -23.158  47.119 0.0000000000
69069  34.781  -23.675  47.682 0.0000000000
67579  28.618  -24.936  47.684 0.0000000000
67562  30.534  -24.675  48.441 0.0000000000
67578  29.602  -24.752  47.549 0.0000000000
67594  31.536  -24.139  46.026 0.0000000000
69114  33.450  -23.681  45.158 0.0000000000
97992  57.473  -3.081  29.386 0.0000000000
99417  58.273  -2.208  28.536 0.0000000000
92341  48.305  -7.867  28.970 0.0000000000
65841  26.970  -25.131  65.283 0.0000000000
65843  25.416  -25.132  64.659 0.0000000000
67328  25.871  -24.531  65.999 0.0000000000
67311  25.213  -23.961  66.744 0.0000000000
68818  24.555  -23.404  67.312 0.0000000000
67348  27.557  -24.753  65.507 0.0000000000
74712  43.133  -18.962  59.004 0.0000000000
77460  43.412  -17.519  59.189 0.0000000000
76128  43.291  -17.865  58.391 0.0000000000
77514  43.587  -16.949  56.961 0.0000000000
78924  43.975  -16.113  56.001 0.0000000000
80351  44.352  -15.298  55.864 0.0000000000
77534  43.266  -17.063  54.940 0.0000000000
77542  42.729  -17.519  53.516 0.0000000000
76226  42.021  -17.864  52.500 0.0000000000
76244  41.227  -18.078  51.008 0.0000000000
74858  41.166  -19.537  51.761 0.0000000000
73456  40.657  -20.493  51.425 0.0000000000
72019  40.211  -21.237  51.094 0.0000000000
63186  24.587  -27.491  49.747 0.0000000000
63200  24.425  -27.350  48.720 0.0000000000
61927  23.240  -28.345  48.514 0.0000000000
94964  54.674  -5.304  33.201 0.0000000000
94993  54.748  -4.888  31.722 0.0000000000
94995  52.977  -5.605  31.844 0.0000000000
95002  51.667  -5.608  30.183 0.0000000000
64517  23.820  -26.934  55.083 0.0000000000
63124  22.928  -26.758  54.712 0.0000000000
63107  22.764  -26.581  55.548 0.0000000000
63108  21.892  -26.561  55.711 0.0000000000
63092  20.718  -26.557  56.582 0.0000000000
67410  20.661  -24.644  61.689 0.0000000000
65954  20.150  -25.597  60.580 0.0000000000
64406  19.368  -26.187  61.130 0.0000000000
61825  18.413  -27.369  60.057 0.0000000000
59154  16.202  -29.834  60.858 0.0000000000
67418  38.768  -23.641  60.568 0.0000000000
67436  39.015  -23.956  59.127 0.0000000000
67447  38.523  -24.187  57.897 0.0000000000
65978  37.831  -24.506  58.718 0.0000000000
65980  36.225  -24.642  58.307 0.0000000000
65981  35.172  -24.806  58.307 0.0000000000
64399  29.402  -26.285  60.541 0.0000000000
64417  30.245  -26.122  59.455 0.0000000000
64440  29.057  -26.456  59.238 0.0000000000
64481  28.407  -26.536  57.864 0.0000000000
63101  27.661  -26.755  56.739 0.0000000000
64514  27.160  -27.117  54.937 0.0000000000
63103  26.386  -27.352  55.878 0.0000000000
63105  24.979  -27.504  55.283 0.0000000000
88067  45.968  -10.058  36.763 0.0000000000
88103  45.565  -9.960  34.580 0.0000000000
88086  44.925  -10.414  35.122 0.0000000000
85195  43.925  -12.705  34.222 0.0000000000
61752  16.607  -28.747  69.449 0.0000000000
60455  16.743  -28.860  68.004 0.0000000000
60474  16.356  -29.697  66.615 0.0000000000
59120  15.917  -30.365  66.919 0.0000000000
92153  52.976  -7.208  40.867 0.0000000000
92187  51.460  -7.739  39.604 0.0000000000
92154  52.267  -7.542  41.143 0.0000000000
92155  51.445  -7.830  41.403 0.0000000000
92138  50.710  -7.812  42.679 0.0000000000
93358  50.742  -6.178  49.346 0.0000000000
93378  50.226  -6.690  47.926 0.0000000000
92036  49.866  -7.706  49.397 0.0000000000
89300  49.196  -9.110  48.326 0.0000000000
89323  49.408  -10.252  47.129 0.0000000000
87940  48.869  -11.144  45.865 0.0000000000
87925  50.740  -11.198  47.226 0.0000000000
84997  50.850  -12.059  47.129 0.0000000000
83533  50.564  -13.706  48.380 0.0000000000
86377  43.256  -11.282  53.047 0.0000000000
89232  43.577  -9.537  53.161 0.0000000000
87852  43.182  -10.426  51.590 0.0000000000
87863  43.954  -9.765  50.348 0.0000000000
87862  45.038  -9.615  50.063 0.0000000000
87872  46.859  -10.436  49.204 0.0000000000
87892  44.487  -10.185  48.668 0.0000000000
86475  44.584  -10.812  47.029 0.0000000000
86518  44.209  -11.700  45.392 0.0000000000
85048  44.215  -13.017  44.445 0.0000000000
85050  42.430  -12.332  44.760 0.0000000000
83603  41.164  -12.990  44.525 0.0000000000
83604  40.809  -13.446  44.311 0.0000000000
74980  39.075  -19.454  44.899 0.0000000000
76369  39.238  -18.336  44.225 0.0000000000
75006  38.696  -18.916  43.935 0.0000000000
75059  37.705  -19.332  42.581 0.0000000000
75101  37.380  -19.487  40.615 0.0000000000
67491  35.654  -24.131  53.039 0.0000000000
68988  37.137  -23.625  52.698 0.0000000000
67497  35.538  -24.050  52.052 0.0000000000
67510  34.118  -24.287  50.768 0.0000000000
67529  34.519  -23.902  49.606 0.0000000000
67613  28.778  -24.517  45.716 0.0000000000
66179  28.160  -24.976  44.169 0.0000000000
104737  62.838  1.832  30.074 0.0000000000
104754  61.920  1.514  28.952 0.0000000000
103435  59.427  0.547  28.283 0.0000000000
64422  26.343  -26.471  60.395 0.0000000000
64445  24.622  -26.327  59.567 0.0000000000
64424  24.348  -25.836  60.718 0.0000000000
65931  24.101  -25.442  61.626 0.0000000000
65912  22.791  -24.634  62.009 0.0000000000
65865  24.504  -25.040  63.878 0.0000000000
67384  23.303  -24.354  63.292 0.0000000000
67398  22.070  -24.188  62.247 0.0000000000
67386  21.389  -23.856  63.009 0.0000000000
67374  19.948  -24.418  63.447 0.0000000000
65866  19.321  -24.980  63.874 0.0000000000
65876  34.457  -24.452  62.904 0.0000000000
64397  34.942  -25.011  61.413 0.0000000000
65877  33.543  -24.655  62.989 0.0000000000
65902  32.311  -25.221  62.330 0.0000000000
65903  31.255  -25.448  62.323 0.0000000000
65859  29.804  -24.965  64.272 0.0000000000
65904  30.117  -25.620  62.275 0.0000000000
65928  29.685  -25.969  61.200 0.0000000000
64400  28.751  -26.298  61.031 0.0000000000
64421  27.214  -26.477  60.345 0.0000000000
85120  43.903  -12.262  40.078 0.0000000000
83716  43.311  -13.456  38.151 0.0000000000
82203  44.127  -14.444  39.396 0.0000000000
93430  52.312  -6.685  44.285 0.0000000000
94702  52.261  -5.319  49.221 0.0000000000
94689  51.800  -5.425  50.044 0.0000000000
93340  51.318  -6.264  51.491 0.0000000000
90649  51.701  -7.735  51.813 0.0000000000
87795  44.326  -10.990  56.880 0.0000000000
86349  43.791  -11.455  55.444 0.0000000000
81960  43.949  -14.334  55.286 0.0000000000
83476  43.450  -13.463  54.222 0.0000000000
84890  43.294  -12.508  53.772 0.0000000000
83493  42.730  -13.224  51.913 0.0000000000
83504  42.601  -13.106  51.020 0.0000000000
82030  41.828  -13.916  48.999 0.0000000000
82049  41.535  -14.528  47.729 0.0000000000
80461  41.582  -15.145  49.074 0.0000000000
79025  41.058  -16.267  47.865 0.0000000000
76306  40.408  -17.997  47.200 0.0000000000
76265  40.632  -18.518  49.273 0.0000000000
76285  40.523  -18.335  48.286 0.0000000000
74958  40.082  -18.844  46.803 0.0000000000
73569  39.290  -20.218  46.705 0.0000000000
73570  38.723  -20.796  46.400 0.0000000000
72127  37.410  -21.734  45.346 0.0000000000
66072  29.453  -25.451  51.777 0.0000000000
67514  30.988  -24.909  51.193 0.0000000000
66084  29.483  -25.267  50.541 0.0000000000
66107  28.469  -25.228  48.745 0.0000000000
66120  27.912  -25.184  47.935 0.0000000000
64591  25.397  -26.323  47.649 0.0000000000
64601  25.995  -25.840  47.098 0.0000000000
99363  60.359  -2.087  31.810 0.0000000000
99381  60.315  -1.719  31.266 0.0000000000
97975  58.582  -2.837  31.014 0.0000000000
97976  57.749  -3.125  30.444 0.0000000000
97994  55.848  -3.624  29.026 0.0000000000
96474  53.982  -4.616  30.013 0.0000000000
96491  53.692  -4.385  28.020 0.0000000000
64466  22.489  -25.798  58.715 0.0000000000
64487  21.045  -26.055  57.538 0.0000000000
63080  20.178  -26.385  57.708 0.0000000000
64450  19.714  -26.204  59.340 0.0000000000
63068  19.352  -26.579  58.418 0.0000000000
73289  42.369  -19.679  59.778 0.0000000000
71852  42.244  -20.603  58.447 0.0000000000
71883  41.989  -20.816  56.852 0.0000000000
71899  41.664  -21.277  55.536 0.0000000000
71918  41.148  -21.553  54.285 0.0000000000
70451  40.360  -22.690  55.465 0.0000000000
68975  39.378  -23.419  54.960 0.0000000000
68976  38.604  -23.644  54.668 0.0000000000
67460  37.829  -24.124  56.594 0.0000000000
67471  37.736  -24.092  55.738 0.0000000000
67482  36.773  -24.020  54.520 0.0000000000
66022  35.131  -24.367  54.531 0.0000000000
66033  34.252  -24.569  53.870 0.0000000000
66043  32.323  -24.856  53.365 0.0000000000
64437  34.535  -25.439  60.539 0.0000000000
65965  33.881  -25.438  59.796 0.0000000000
66000  33.170  -25.253  57.618 0.0000000000
65985  30.940  -25.678  58.791 0.0000000000
66001  32.072  -25.461  57.835 0.0000000000
66013  32.203  -25.315  56.784 0.0000000000
66025  32.210  -25.008  55.679 0.0000000000
66035  32.241  -24.925  54.517 0.0000000000
66059  30.367  -25.189  52.703 0.0000000000
66060  29.437  -25.429  52.894 0.0000000000
64546  27.867  -25.932  51.949 0.0000000000
63156  25.988  -27.120  51.474 0.0000000000
64530  26.634  -27.168  53.941 0.0000000000
63147  25.942  -27.314  52.875 0.0000000000
63171  24.512  -27.539  50.689 0.0000000000
63172  23.611  -27.639  50.669 0.0000000000
92294  49.636  -7.411  33.717 0.0000000000
92309  49.633  -7.222  32.670 0.0000000000
90941  48.090  -8.113  32.711 0.0000000000
88127  45.549  -10.454  32.313 0.0000000000
86730  46.082  -11.262  30.805 0.0000000000
82266  43.899  -14.361  36.150 0.0000000000
71702  24.906  -21.874  67.991 0.0000000000
70224  24.497  -22.229  68.438 0.0000000000
70237  23.341  -22.457  68.349 0.0000000000
70226  22.965  -21.997  68.888 0.0000000000
68803  21.919  -22.600  67.723 0.0000000000
68842  20.785  -23.096  66.285 0.0000000000
67332  19.414  -24.276  65.687 0.0000000000
65844  19.020  -25.022  64.948 0.0000000000
67285  18.559  -23.919  69.248 0.0000000000
65813  18.282  -25.131  67.783 0.0000000000
64347  18.017  -26.076  66.169 0.0000000000
61794  17.766  -27.225  64.170 0.0000000000
60494  17.548  -28.724  64.137 0.0000000000
99360  62.508  -1.246  32.852 0.0000000000
97933  61.209  -2.374  33.339 0.0000000000
97915  59.052  -3.431  33.451 0.0000000000
96423  57.872  -4.247  33.797 0.0000000000
97861  60.145  -3.283  36.007 0.0000000000
96411  58.077  -4.144  34.666 0.0000000000
96413  56.248  -4.586  34.186 0.0000000000
94952  54.614  -5.269  34.199 0.0000000000
94953  53.774  -5.558  34.636 0.0000000000
93573  52.429  -6.239  34.492 0.0000000000
94905  54.612  -5.487  37.747 0.0000000000
94940  52.918  -5.809  36.088 0.0000000000
93575  50.979  -6.948  34.864 0.0000000000
92276  50.435  -7.426  35.111 0.0000000000
90906  49.433  -8.242  36.290 0.0000000000
90887  48.819  -8.580  36.639 0.0000000000
90841  50.392  -8.123  38.824 0.0000000000
90862  48.880  -8.786  37.703 0.0000000000
89477  47.786  -9.396  37.755 0.0000000000
89457  46.641  -9.767  38.467 0.0000000000
89458  46.181  -9.956  38.825 0.0000000000
88015  45.267  -10.300  39.847 0.0000000000
92076  51.839  -7.092  44.868 0.0000000000
92092  51.188  -7.459  44.282 0.0000000000
92115  49.627  -7.765  44.221 0.0000000000
92079  49.251  -7.412  45.977 0.0000000000
90726  48.789  -7.987  44.432 0.0000000000
90756  48.241  -8.551  42.613 0.0000000000
89373  47.142  -9.007  42.309 0.0000000000
89394  45.630  -10.094  41.847 0.0000000000
87997  44.691  -11.239  41.180 0.0000000000
86588  44.686  -11.953  41.761 0.0000000000
85096  45.603  -12.866  42.045 0.0000000000
86537  48.913  -12.005  44.577 0.0000000000
83616  48.900  -13.174  44.109 0.0000000000
91982  51.578  -7.200  52.369 0.0000000000
89242  51.230  -9.256  52.007 0.0000000000
91948  46.740  -7.330  55.230 0.0000000000
90618  44.987  -8.278  53.804 0.0000000000
90616  46.757  -7.928  53.832 0.0000000000
90595  48.036  -8.083  54.859 0.0000000000
89213  49.231  -8.802  53.714 0.0000000000
87837  50.334  -10.420  52.269 0.0000000000
86404  51.232  -11.300  51.287 0.0000000000
84916  50.771  -12.165  50.964 0.0000000000
83503  49.921  -13.224  49.701 0.0000000000
83535  48.913  -13.842  48.677 0.0000000000
86449  47.230  -11.273  48.098 0.0000000000
84960  48.066  -13.314  48.468 0.0000000000
82028  48.745  -14.511  48.024 0.0000000000
80507  48.050  -15.289  47.277 0.0000000000
83620  43.770  -14.128  43.266 0.0000000000
82131  44.113  -14.685  43.279 0.0000000000
80568  41.055  -14.790  46.368 0.0000000000
82089  40.712  -14.439  45.296 0.0000000000
80627  40.163  -14.918  43.792 0.0000000000
77728  39.359  -17.468  43.482 0.0000000000
79166  39.407  -16.376  42.675 0.0000000000
70500  40.391  -21.965  52.628 0.0000000000
70518  39.558  -22.538  51.364 0.0000000000
70531  39.128  -22.715  50.482 0.0000000000
69012  37.836  -23.601  51.357 0.0000000000
69048  38.333  -23.140  50.019 0.0000000000
70555  38.414  -22.494  48.630 0.0000000000
70556  37.576  -22.676  48.078 0.0000000000
70579  36.680  -22.643  46.309 0.0000000000
70591  35.990  -22.652  44.966 0.0000000000
67532  31.449  -24.721  50.267 0.0000000000
67545  32.437  -24.449  49.024 0.0000000000
67560  32.484  -24.324  47.929 0.0000000000
67595  30.547  -24.369  46.296 0.0000000000
67575  32.474  -24.118  46.822 0.0000000000
69070  34.138  -23.813  47.332 0.0000000000
69096  34.060  -23.718  45.950 0.0000000000
69113  34.383  -23.448  45.054 0.0000000000
100765  60.077  -0.760  30.395 0.0000000000
102085  59.063  -0.119  29.262 0.0000000000
102098  58.221  -0.567  27.311 0.0000000000
92331  48.878  -6.951  30.815 0.0000000000
73367  42.211  -20.437  55.417 0.0000000000
74777  42.523  -19.619  55.930 0.0000000000
73386  42.176  -20.118  54.917 0.0000000000
74795  42.102  -19.948  54.697 0.0000000000
73405  41.386  -20.412  53.549 0.0000000000
71939  41.355  -21.038  54.185 0.0000000000
93596  50.733  -6.653  32.639 0.0000000000
64464  25.058  -26.841  58.309 0.0000000000
64484  24.009  -26.683  57.461 0.0000000000
63032  18.611  -26.587  62.642 0.0000000000
61803  18.002  -27.274  63.132 0.0000000000
65874  36.010  -23.828  62.391 0.0000000000
67383  36.237  -23.486  62.486 0.0000000000
65873  36.619  -23.662  62.125 0.0000000000
65897  36.960  -23.737  61.682 0.0000000000
65922  36.347  -24.396  61.101 0.0000000000
64395  36.336  -24.612  60.319 0.0000000000
64396  35.872  -24.629  61.078 0.0000000000
64463  26.190  -26.714  58.733 0.0000000000
63066  25.427  -27.111  57.418 0.0000000000
86613  43.960  -11.709  38.602 0.0000000000
86626  43.872  -11.880  37.395 0.0000000000
86614  43.655  -12.178  37.947 0.0000000000
94811  52.890  -6.372  43.656 0.0000000000
89280  51.508  -9.660  50.080 0.0000000000
89281  51.366  -9.361  49.724 0.0000000000
87870  51.685  -10.419  49.830 0.0000000000
86426  51.794  -10.866  49.591 0.0000000000
86415  51.828  -10.800  50.060 0.0000000000
84944  42.279  -12.353  49.418 0.0000000000
86432  42.362  -11.776  49.414 0.0000000000
84961  41.940  -12.370  48.647 0.0000000000
86477  42.119  -11.287  48.136 0.0000000000
83553  41.613  -13.088  47.725 0.0000000000
66057  32.393  -24.795  52.138 0.0000000000
100746  62.357  -0.439  32.100 0.0000000000
102069  61.518  0.091  31.143 0.0000000000
100747  61.672  -0.636  31.752 0.0000000000
65884  26.472  -25.664  63.433 0.0000000000
65863  25.909  -25.450  64.168 0.0000000000
68839  23.520  -23.620  66.158 0.0000000000
68856  23.196  -23.617  65.357 0.0000000000
68857  22.156  -23.156  65.265 0.0000000000
68834  31.984  -23.259  65.314 0.0000000000
67344  30.837  -24.104  64.813 0.0000000000
65907  26.988  -25.840  62.620 0.0000000000
81933  44.282  -14.752  57.322 0.0000000000
81921  44.035  -14.594  57.752 0.0000000000
83436  44.190  -13.859  57.541 0.0000000000
84830  43.941  -12.832  58.180 0.0000000000
83445  44.338  -13.721  56.963 0.0000000000
78966  42.493  -16.350  52.277 0.0000000000
80402  42.409  -15.816  51.947 0.0000000000
78979  42.098  -16.262  51.616 0.0000000000
72072  38.921  -21.500  48.364 0.0000000000
64567  26.313  -26.158  50.075 0.0000000000
63184  25.798  -26.586  49.866 0.0000000000
96459  56.743  -4.032  31.699 0.0000000000
96441  55.918  -4.557  32.286 0.0000000000
63141  22.333  -26.906  53.419 0.0000000000
65952  21.933  -25.062  60.260 0.0000000000
65953  20.910  -25.120  60.422 0.0000000000
60531  17.229  -28.430  58.483 0.0000000000
68934  39.730  -23.519  58.622 0.0000000000
68919  40.571  -22.565  59.177 0.0000000000
68933  40.290  -23.033  58.580 0.0000000000
70397  40.614  -22.559  58.284 0.0000000000
68945  40.201  -23.136  57.948 0.0000000000
65947  31.682  -25.625  60.487 0.0000000000
63085  29.411  -26.070  56.482 0.0000000000
63099  29.692  -25.833  56.469 0.0000000000
63100  29.467  -25.948  56.169 0.0000000000
64513  28.137  -26.466  54.923 0.0000000000
63139  24.357  -27.499  53.569 0.0000000000
89545  47.030  -9.066  34.640 0.0000000000
70203  20.365  -21.827  69.891 0.0000000000
70216  19.966  -22.388  69.580 0.0000000000
68792  19.885  -22.846  68.660 0.0000000000
68793  19.157  -23.339  68.897 0.0000000000
61765  17.250  -28.218  67.623 0.0000000000
61772  17.730  -28.031  66.713 0.0000000000
60483  17.130  -29.339  65.543 0.0000000000
60473  16.942  -29.165  66.423 0.0000000000
97891  62.459  -1.981  35.440 0.0000000000
97873  62.607  -2.041  36.136 0.0000000000
96330  58.609  -4.241  38.194 0.0000000000
96352  57.883  -4.320  37.409 0.0000000000
96379  56.292  -4.579  36.769 0.0000000000
96353  56.884  -4.548  37.655 0.0000000000
93506  53.376  -6.700  39.589 0.0000000000
93517  53.448  -6.352  38.583 0.0000000000
93518  52.731  -6.800  38.857 0.0000000000
92200  52.079  -7.098  38.402 0.0000000000
92186  52.357  -7.230  39.340 0.0000000000
90777  49.554  -8.348  41.372 0.0000000000
90778  48.669  -8.546  41.608 0.0000000000
89391  48.112  -8.813  40.946 0.0000000000
93376  52.260  -6.094  47.657 0.0000000000
92053  51.549  -6.741  46.887 0.0000000000
93377  51.106  -6.477  47.803 0.0000000000
89325  47.867  -9.818  46.337 0.0000000000
90717  47.292  -9.209  46.206 0.0000000000
90718  46.955  -9.683  45.901 0.0000000000
89346  46.419  -10.028  45.036 0.0000000000
87942  46.743  -10.448  45.253 0.0000000000
87957  46.522  -10.916  44.666 0.0000000000
87941  47.536  -10.752  45.547 0.0000000000
82084  49.979  -14.187  46.093 0.0000000000
82064  49.748  -14.978  46.376 0.0000000000
91925  48.936  -7.009  54.897 0.0000000000
87804  43.799  -10.068  55.105 0.0000000000
89204  43.995  -8.850  55.237 0.0000000000
89255  46.466  -8.918  51.386 0.0000000000
89254  47.555  -9.330  51.176 0.0000000000
87840  48.093  -9.501  51.523 0.0000000000
89264  47.632  -9.661  50.735 0.0000000000
86419  48.275  -10.837  50.186 0.0000000000
87860  47.582  -10.086  50.225 0.0000000000
85001  45.310  -12.112  45.931 0.0000000000
83566  46.015  -13.426  45.892 0.0000000000
85023  45.647  -13.174  45.545 0.0000000000
83582  45.311  -13.370  45.106 0.0000000000
82132  42.428  -14.084  42.515 0.0000000000
82155  41.749  -14.376  42.042 0.0000000000
77651  40.423  -17.023  46.421 0.0000000000
76347  39.906  -17.871  45.417 0.0000000000
68996  38.569  -23.398  52.686 0.0000000000
69035  35.393  -23.672  49.438 0.0000000000
69052  35.117  -23.640  48.671 0.0000000000
69068  35.780  -23.516  47.922 0.0000000000
67597  28.744  -24.663  46.663 0.0000000000
98006  56.140  -3.673  27.781 0.0000000000
98005  56.760  -3.559  27.420 0.0000000000
67327  26.819  -24.516  65.941 0.0000000000
65829  26.257  -24.933  65.584 0.0000000000
68817  25.445  -23.409  67.259 0.0000000000
67326  27.657  -24.264  65.735 0.0000000000
73322  42.867  -18.994  58.641 0.0000000000
74711  43.284  -18.610  58.800 0.0000000000
74721  42.899  -18.538  58.242 0.0000000000
76174  42.962  -17.905  56.099 0.0000000000
76159  42.977  -17.620  57.193 0.0000000000
76173  43.196  -17.463  56.628 0.0000000000
78910  44.115  -16.230  56.729 0.0000000000
77523  43.583  -16.967  56.232 0.0000000000
77533  43.630  -16.718  55.566 0.0000000000
76198  42.748  -18.200  53.978 0.0000000000
77553  42.498  -17.167  52.844 0.0000000000
76212  41.770  -18.531  52.651 0.0000000000
76227  41.517  -18.317  51.838 0.0000000000
74857  41.467  -19.074  52.409 0.0000000000
73432  41.060  -20.514  52.468 0.0000000000
63187  23.965  -27.799  49.978 0.0000000000
63201  23.814  -27.764  49.122 0.0000000000
94978  53.927  -5.493  32.618 0.0000000000
93614  51.302  -5.930  31.075 0.0000000000
94996  52.057  -5.672  31.164 0.0000000000
93623  50.057  -6.018  29.289 0.0000000000
64506  24.371  -27.097  55.561 0.0000000000
64507  23.471  -26.665  55.715 0.0000000000
64508  22.752  -26.460  56.062 0.0000000000
64497  22.294  -26.254  56.708 0.0000000000
63091  21.586  -26.363  56.477 0.0000000000
64498  21.510  -26.204  56.958 0.0000000000
65913  20.177  -24.755  62.265 0.0000000000
65936  19.762  -25.571  61.321 0.0000000000
61821  18.363  -27.388  61.096 0.0000000000
61822  17.714  -27.905  60.557 0.0000000000
60522  17.313  -28.652  60.023 0.0000000000
60527  16.702  -29.316  59.412 0.0000000000
60518  17.365  -28.645  61.060 0.0000000000
60520  16.596  -29.595  61.709 0.0000000000
60524  16.681  -29.486  61.168 0.0000000000
59151  15.672  -30.581  61.521 0.0000000000
59150  16.205  -30.055  61.910 0.0000000000
68879  38.127  -23.087  62.129 0.0000000000
67407  38.106  -23.778  60.828 0.0000000000
67406  38.590  -23.447  61.220 0.0000000000
67419  38.382  -24.023  60.255 0.0000000000
67427  38.901  -23.819  59.893 0.0000000000
67428  38.379  -24.289  59.638 0.0000000000
67437  38.370  -24.328  58.770 0.0000000000
65961  37.633  -24.610  59.312 0.0000000000
64434  36.125  -24.695  59.440 0.0000000000
65962  36.652  -24.763  59.210 0.0000000000
65963  35.818  -24.777  59.064 0.0000000000
65964  34.979  -25.100  59.252 0.0000000000
64419  28.893  -26.469  60.076 0.0000000000
64441  28.260  -26.499  59.429 0.0000000000
63076  27.335  -26.635  57.942 0.0000000000
64482  27.925  -26.555  58.226 0.0000000000
63086  27.783  -26.629  57.421 0.0000000000
64493  28.347  -26.543  57.006 0.0000000000
63102  27.104  -27.053  56.220 0.0000000000
63088  26.498  -27.145  56.674 0.0000000000
64494  24.801  -27.209  56.260 0.0000000000
63090  25.256  -27.426  55.974 0.0000000000
64505  24.852  -27.353  55.773 0.0000000000
63106  24.470  -27.305  54.956 0.0000000000
88068  45.138  -10.462  36.246 0.0000000000
86658  43.851  -11.778  34.987 0.0000000000
83785  44.276  -13.303  33.459 0.0000000000
83759  44.350  -13.911  34.557 0.0000000000
60447  16.603  -29.322  69.179 0.0000000000
61759  16.714  -28.475  68.521 0.0000000000
60456  16.455  -29.679  68.361 0.0000000000
60466  16.239  -29.872  67.516 0.0000000000
60457  16.191  -30.081  68.062 0.0000000000
92135  52.928  -7.211  41.742 0.0000000000
92112  52.125  -7.416  42.970 0.0000000000
92136  52.220  -7.523  42.058 0.0000000000
92137  51.475  -7.669  42.394 0.0000000000
92156  50.871  -7.893  41.922 0.0000000000
92018  50.739  -6.376  49.962 0.0000000000
92044  49.899  -6.811  49.061 0.0000000000
92035  50.291  -7.210  49.722 0.0000000000
89299  50.101  -9.478  48.644 0.0000000000
89314  49.583  -9.900  47.725 0.0000000000
87909  49.770  -10.377  47.215 0.0000000000
87926  49.642  -10.829  46.640 0.0000000000
87908  50.325  -10.579  47.497 0.0000000000
84957  51.663  -11.889  48.644 0.0000000000
86493  50.977  -11.733  47.385 0.0000000000
84977  51.223  -12.281  47.784 0.0000000000
83549  51.000  -12.847  47.669 0.0000000000
83532  51.092  -13.017  48.151 0.0000000000
86395  43.006  -11.319  52.035 0.0000000000
87841  43.189  -10.449  52.385 0.0000000000
87875  43.185  -10.241  49.899 0.0000000000
87864  43.152  -10.306  50.761 0.0000000000
87874  44.231  -9.979  49.528 0.0000000000
87873  45.425  -10.082  49.278 0.0000000000
86498  43.530  -11.027  46.565 0.0000000000
86497  44.739  -11.506  46.084 0.0000000000
86519  43.508  -11.416  45.743 0.0000000000
85025  43.507  -11.915  45.060 0.0000000000
85026  42.379  -11.904  45.667 0.0000000000
85051  41.596  -12.469  45.350 0.0000000000
82110  40.727  -13.695  45.217 0.0000000000
75007  38.410  -19.663  44.172 0.0000000000
75060  37.335  -19.805  42.418 0.0000000000
75083  37.602  -19.137  41.956 0.0000000000
75085  36.882  -19.994  41.539 0.0000000000
67492  35.042  -24.314  52.553 0.0000000000
67498  34.617  -24.391  51.817 0.0000000000
67530  33.327  -24.290  49.862 0.0000000000
103417  61.338  1.008  30.048 0.0000000000
104738  62.042  1.434  29.681 0.0000000000
103434  60.526  0.998  28.642 0.0000000000
103419  59.901  0.422  29.185 0.0000000000
64423  25.403  -26.291  60.489 0.0000000000
64404  25.250  -25.876  61.419 0.0000000000
65930  24.801  -25.549  61.846 0.0000000000
65932  23.214  -25.100  61.495 0.0000000000
65911  23.584  -24.804  62.369 0.0000000000
67350  25.265  -24.744  65.346 0.0000000000
67369  24.706  -24.853  64.583 0.0000000000
67371  22.934  -23.878  64.149 0.0000000000
67370  23.819  -24.542  64.203 0.0000000000
67397  22.838  -24.355  62.620 0.0000000000
67354  20.828  -23.397  64.688 0.0000000000
67373  20.629  -23.774  63.720 0.0000000000
67355  19.848  -24.129  64.543 0.0000000000
68868  33.601  -23.611  64.549 0.0000000000
68831  33.984  -23.199  65.092 0.0000000000
67364  34.088  -23.687  64.218 0.0000000000
65854  34.589  -23.980  63.540 0.0000000000
65878  32.606  -24.897  63.067 0.0000000000
65838  29.445  -24.731  64.880 0.0000000000
65881  29.406  -25.454  63.285 0.0000000000
65929  29.050  -26.142  61.551 0.0000000000
64385  28.266  -26.104  61.723 0.0000000000
64387  26.587  -26.066  61.895 0.0000000000
64402  26.912  -26.371  61.153 0.0000000000
83679  43.841  -13.447  40.151 0.0000000000
94701  52.526  -4.881  49.743 0.0000000000
94670  51.333  -5.462  51.478 0.0000000000
93323  51.484  -6.383  51.727 0.0000000000
92015  51.636  -7.171  51.704 0.0000000000
92002  51.765  -6.929  51.914 0.0000000000
78873  43.506  -16.542  58.654 0.0000000000
84852  44.192  -12.414  56.578 0.0000000000
86336  44.434  -11.764  57.014 0.0000000000
86337  44.135  -11.635  56.367 0.0000000000
80367  44.004  -15.145  55.027 0.0000000000
81950  44.301  -14.478  55.783 0.0000000000
81980  42.959  -14.438  53.143 0.0000000000
81979  43.355  -14.141  53.791 0.0000000000
84904  43.051  -12.768  53.163 0.0000000000
83485  42.835  -13.432  52.767 0.0000000000
81997  42.257  -14.121  50.856 0.0000000000
81996  42.555  -13.861  51.505 0.0000000000
82009  41.865  -14.068  49.816 0.0000000000
82010  41.700  -14.483  49.223 0.0000000000
80460  41.675  -14.872  49.687 0.0000000000
77598  41.105  -17.007  49.424 0.0000000000
79009  41.351  -16.105  48.982 0.0000000000
77616  40.970  -16.853  48.634 0.0000000000
77617  40.753  -17.303  47.954 0.0000000000
76228  40.991  -18.786  51.158 0.0000000000
76245  40.868  -18.497  50.295 0.0000000000
74940  40.262  -19.070  47.672 0.0000000000
74941  39.816  -19.668  47.133 0.0000000000
72094  38.477  -21.488  47.304 0.0000000000
72113  37.961  -21.479  46.093 0.0000000000
72114  37.453  -21.910  45.927 0.0000000000
66095  28.371  -25.408  49.732 0.0000000000
66108  27.593  -25.412  48.842 0.0000000000
66121  26.859  -25.415  47.804 0.0000000000
63212  24.136  -27.191  47.671 0.0000000000
63199  24.908  -26.815  48.226 0.0000000000
64602  25.245  -26.258  46.534 0.0000000000
66134  26.611  -25.358  46.533 0.0000000000
97955  59.499  -2.620  32.041 0.0000000000
97974  59.190  -2.567  31.408 0.0000000000
97956  58.632  -3.060  31.766 0.0000000000
96471  56.453  -4.028  30.964 0.0000000000
97958  57.072  -3.652  30.963 0.0000000000
97977  56.707  -3.568  30.206 0.0000000000
97978  56.043  -3.776  29.743 0.0000000000
95000  53.713  -4.885  30.905 0.0000000000
94999  54.462  -4.761  31.260 0.0000000000
95009  53.300  -4.827  30.052 0.0000000000
96492  52.911  -4.665  27.647 0.0000000000
63142  21.185  -27.025  53.189 0.0000000000
63126  20.399  -27.205  54.020 0.0000000000
64448  21.096  -25.672  58.849 0.0000000000
64467  21.485  -25.729  58.289 0.0000000000
64427  19.567  -26.186  60.280 0.0000000000
64426  20.101  -25.911  59.873 0.0000000000
61835  17.773  -27.900  57.265 0.0000000000
61834  18.532  -27.312  57.799 0.0000000000
70324  39.791  -22.093  61.430 0.0000000000
70323  40.462  -21.338  61.264 0.0000000000
71823  41.343  -21.629  59.535 0.0000000000
70361  41.249  -21.229  60.500 0.0000000000
71822  41.652  -21.071  59.833 0.0000000000
71821  42.290  -20.359  59.485 0.0000000000
71836  42.453  -20.343  58.927 0.0000000000
71837  42.096  -20.922  59.060 0.0000000000
70414  41.074  -21.939  56.941 0.0000000000
71869  41.604  -21.329  57.358 0.0000000000
71884  41.577  -21.361  56.462 0.0000000000
71898  41.997  -20.846  56.136 0.0000000000
70450  41.152  -21.938  55.084 0.0000000000
68965  39.580  -23.408  55.751 0.0000000000
70452  39.819  -23.156  55.192 0.0000000000
67480  38.274  -23.877  55.352 0.0000000000
67448  37.845  -24.313  57.561 0.0000000000
67459  38.551  -23.857  56.945 0.0000000000
67462  36.306  -24.429  56.023 0.0000000000
67461  37.150  -24.337  56.260 0.0000000000
67472  36.980  -24.243  55.398 0.0000000000
67483  35.889  -24.167  54.045 0.0000000000
66034  33.290  -24.757  54.204 0.0000000000
65924  34.022  -25.302  61.677 0.0000000000
64416  34.541  -25.362  61.142 0.0000000000
65945  33.850  -25.450  60.909 0.0000000000
65966  32.429  -25.514  59.669 0.0000000000
65982  34.099  -25.176  58.525 0.0000000000
64438  30.347  -25.999  58.823 0.0000000000
64457  30.458  -25.813  58.140 0.0000000000
66014  31.098  -25.515  57.087 0.0000000000
66037  30.439  -25.371  54.582 0.0000000000
66036  31.087  -25.226  54.830 0.0000000000
66044  31.257  -25.009  53.648 0.0000000000
64540  27.955  -25.885  52.712 0.0000000000
64547  27.332  -26.266  52.071 0.0000000000
64548  26.694  -26.800  52.299 0.0000000000
63120  26.345  -27.537  55.025 0.0000000000
64515  26.541  -27.358  54.500 0.0000000000
63137  26.043  -27.468  54.119 0.0000000000
63148  24.831  -27.570  52.655 0.0000000000
63157  25.179  -27.500  51.628 0.0000000000
92278  48.995  -7.831  34.119 0.0000000000
92295  48.871  -7.719  33.180 0.0000000000
90935  48.279  -8.225  33.639 0.0000000000
89561  46.802  -9.102  32.601 0.0000000000
90942  47.335  -8.490  32.191 0.0000000000
89571  46.779  -9.161  31.569 0.0000000000
88104  44.743  -10.655  33.897 0.0000000000
88117  45.525  -10.108  33.459 0.0000000000
88118  45.052  -10.815  32.881 0.0000000000
85253  45.775  -11.802  30.981 0.0000000000
86729  46.947  -11.257  30.225 0.0000000000
82236  43.619  -14.206  37.776 0.0000000000
83725  43.331  -13.595  37.173 0.0000000000
82249  43.654  -14.348  36.872 0.0000000000
71714  25.155  -21.897  67.279 0.0000000000
71703  24.182  -21.730  68.282 0.0000000000
71692  23.882  -21.810  68.583 0.0000000000
70236  24.067  -22.463  68.279 0.0000000000
70225  23.694  -22.097  68.627 0.0000000000
70227  21.781  -22.104  68.960 0.0000000000
70238  22.410  -22.387  68.379 0.0000000000
68821  21.364  -22.827  67.023 0.0000000000
68804  20.920  -22.610  67.829 0.0000000000
68823  19.524  -23.607  67.329 0.0000000000
67314  19.896  -23.648  66.447 0.0000000000
65830  18.767  -25.229  65.995 0.0000000000
65815  17.088  -26.011  68.565 0.0000000000
65799  17.218  -24.953  69.707 0.0000000000
65805  17.365  -25.191  69.210 0.0000000000
67286  17.722  -24.418  69.556 0.0000000000
67295  18.074  -24.708  68.833 0.0000000000
67303  18.352  -24.856  68.225 0.0000000000
63014  17.701  -27.273  65.806 0.0000000000
63013  17.738  -26.839  65.607 0.0000000000
63020  18.034  -26.527  64.714 0.0000000000
61786  17.675  -27.267  65.111 0.0000000000
61795  17.657  -28.010  63.640 0.0000000000
61787  17.748  -27.973  64.671 0.0000000000
59142  16.743  -29.802  64.103 0.0000000000
59131  16.011  -30.360  65.646 0.0000000000
100722  63.458  -0.671  33.016 0.0000000000
99350  61.441  -1.934  32.761 0.0000000000
99333  62.204  -1.777  33.747 0.0000000000
97894  60.670  -2.983  34.664 0.0000000000
97913  60.605  -2.932  33.875 0.0000000000
97896  59.288  -3.537  34.195 0.0000000000
96438  58.364  -3.767  33.359 0.0000000000
96422  58.586  -3.895  34.025 0.0000000000
97859  61.482  -2.695  36.547 0.0000000000
97841  60.399  -3.322  36.648 0.0000000000
96397  57.571  -4.247  35.492 0.0000000000
96396  58.397  -3.898  35.456 0.0000000000
96412  57.205  -4.385  34.510 0.0000000000
94951  55.380  -4.905  33.720 0.0000000000
94937  55.418  -4.816  34.810 0.0000000000
94938  54.567  -5.179  35.321 0.0000000000
94966  53.031  -5.986  34.003 0.0000000000
94954  52.956  -5.787  35.049 0.0000000000
93548  52.490  -6.311  36.648 0.0000000000
93547  53.005  -6.015  36.941 0.0000000000
93560  52.327  -6.261  35.459 0.0000000000
93561  51.463  -6.755  35.838 0.0000000000
93562  50.871  -7.117  35.451 0.0000000000
92260  50.640  -7.343  36.033 0.0000000000
92241  50.069  -7.852  36.583 0.0000000000
90886  49.586  -8.313  37.123 0.0000000000
92173  51.597  -7.794  40.509 0.0000000000
92188  50.985  -7.951  39.413 0.0000000000
90820  50.620  -8.197  39.451 0.0000000000
90822  48.998  -8.669  39.792 0.0000000000
90843  49.248  -8.669  38.835 0.0000000000
89476  48.449  -9.068  38.450 0.0000000000
89478  46.757  -9.689  37.276 0.0000000000
89456  47.754  -9.309  38.818 0.0000000000
89438  46.205  -9.842  39.467 0.0000000000
89417  45.843  -9.878  40.681 0.0000000000
92077  51.058  -7.283  45.265 0.0000000000
92093  50.326  -7.526  44.671 0.0000000000
92114  50.354  -7.744  43.623 0.0000000000
92056  49.154  -7.309  47.814 0.0000000000
92055  49.781  -7.020  47.389 0.0000000000
92067  49.159  -7.359  46.917 0.0000000000
92095  48.547  -7.817  45.410 0.0000000000
90739  48.037  -8.287  43.739 0.0000000000
90757  47.395  -8.695  43.200 0.0000000000
89374  46.214  -9.605  42.669 0.0000000000
88008  45.101  -10.526  40.998 0.0000000000
87996  45.010  -10.996  42.110 0.0000000000
86571  46.754  -12.166  43.291 0.0000000000
86572  45.958  -11.980  43.183 0.0000000000
85081  46.790  -12.748  42.688 0.0000000000
85095  46.394  -13.270  42.168 0.0000000000
85080  47.586  -13.013  42.780 0.0000000000
86515  49.627  -11.813  45.534 0.0000000000
86516  48.407  -11.466  45.187 0.0000000000
86536  49.474  -12.180  44.943 0.0000000000
83597  49.322  -13.579  44.431 0.0000000000
85065  49.120  -12.997  44.312 0.0000000000
83598  48.956  -13.797  43.997 0.0000000000
83617  48.523  -13.517  43.530 0.0000000000
91966  50.556  -7.356  53.258 0.0000000000
90628  51.010  -8.008  52.773 0.0000000000
89241  51.506  -8.469  52.024 0.0000000000
89225  51.082  -8.722  52.455 0.0000000000
90596  45.084  -7.694  55.567 0.0000000000
91929  45.821  -7.325  55.771 0.0000000000
91928  46.720  -6.854  55.869 0.0000000000
89247  44.210  -9.183  52.523 0.0000000000
89231  44.215  -9.018  53.413 0.0000000000
90633  44.858  -8.607  52.920 0.0000000000
90641  47.287  -8.393  52.705 0.0000000000
90631  46.615  -8.142  53.152 0.0000000000
90630  47.466  -8.271  53.340 0.0000000000
90615  47.731  -8.235  54.167 0.0000000000
90614  48.611  -8.385  54.328 0.0000000000
89214  48.638  -8.733  53.641 0.0000000000
86393  49.381  -10.725  51.643 0.0000000000
87838  49.599  -10.347  52.246 0.0000000000
86391  50.826  -10.915  51.772 0.0000000000
86405  50.757  -11.528  51.405 0.0000000000
84915  51.338  -11.816  51.049 0.0000000000
84930  49.141  -12.629  49.843 0.0000000000
84929  49.807  -12.714  50.198 0.0000000000
84941  49.476  -13.022  49.688 0.0000000000
83519  49.497  -13.506  49.293 0.0000000000
83520  48.942  -13.434  49.136 0.0000000000
87890  46.745  -10.720  48.389 0.0000000000
86430  47.258  -10.850  48.704 0.0000000000
84980  47.096  -13.075  47.225 0.0000000000
86472  47.561  -12.881  47.998 0.0000000000
84979  47.580  -13.476  47.990 0.0000000000
83536  48.027  -14.032  48.278 0.0000000000
82029  47.962  -14.558  47.902 0.0000000000
82046  48.387  -15.069  47.632 0.0000000000
82047  47.504  -14.763  47.321 0.0000000000
82066  46.492  -14.666  46.515 0.0000000000
85049  43.571  -12.500  44.388 0.0000000000
83601  43.630  -13.261  43.868 0.0000000000
83639  43.416  -14.431  42.643 0.0000000000
82153  43.847  -14.971  42.715 0.0000000000
82067  41.235  -14.453  46.886 0.0000000000
80537  41.025  -15.268  46.672 0.0000000000
79080  40.476  -16.147  45.566 0.0000000000
80569  40.896  -15.218  45.930 0.0000000000
80598  40.462  -15.143  44.909 0.0000000000
79137  39.887  -15.766  43.284 0.0000000000
77706  39.823  -17.483  44.487 0.0000000000
79198  39.064  -16.922  41.082 0.0000000000
79187  39.138  -16.636  41.635 0.0000000000
80672  39.338  -15.955  41.796 0.0000000000
70466  40.628  -22.113  54.310 0.0000000000
70482  40.425  -22.001  53.214 0.0000000000
70501  39.936  -22.406  52.456 0.0000000000
68998  37.082  -23.627  51.896 0.0000000000
69013  37.047  -23.643  51.040 0.0000000000
69050  36.871  -23.440  49.313 0.0000000000
69049  37.659  -23.281  49.708 0.0000000000
69065  38.247  -23.034  49.338 0.0000000000
67533  30.635  -24.957  50.568 0.0000000000
67547  30.594  -24.859  49.517 0.0000000000
67546  31.486  -24.665  49.258 0.0000000000
67612  29.614  -24.408  45.516 0.0000000000
67596  29.633  -24.560  46.505 0.0000000000
69116  31.965  -23.975  45.502 0.0000000000
67593  32.122  -24.066  46.231 0.0000000000
67574  33.166  -24.027  46.944 0.0000000000
69084  33.007  -23.982  46.528 0.0000000000
69083  33.668  -23.871  46.749 0.0000000000
69129  33.624  -23.347  44.230 0.0000000000
69127  35.256  -22.788  44.343 0.0000000000
104765  63.389  1.485  27.944 0.0000000000
99382  59.433  -2.082  30.821 0.0000000000
100749  60.214  -1.307  30.774 0.0000000000
99404  59.060  -1.877  30.002 0.0000000000
100778  58.585  -1.136  28.923 0.0000000000
100779  58.032  -1.318  27.918 0.0000000000
102097  58.541  -0.329  28.291 0.0000000000
92310  48.668  -7.652  32.205 0.0000000000
92322  49.207  -7.182  31.631 0.0000000000
68816  26.233  -23.277  66.736 0.0000000000
68799  25.468  -22.821  67.541 0.0000000000
73351  42.563  -19.713  56.747 0.0000000000
74756  42.680  -18.939  56.710 0.0000000000
74757  42.553  -19.656  56.469 0.0000000000
74776  42.630  -18.771  55.661 0.0000000000
74793  42.615  -18.695  55.122 0.0000000000
76184  42.871  -18.003  55.224 0.0000000000
76185  42.654  -18.519  54.686 0.0000000000
74811  42.407  -18.940  54.318 0.0000000000
74835  41.757  -19.319  53.158 0.0000000000
73431  41.404  -20.010  52.922 0.0000000000
93594  52.493  -6.230  33.411 0.0000000000
93608  52.416  -6.069  32.667 0.0000000000
93610  50.662  -6.372  31.520 0.0000000000
65889  19.754  -24.931  62.808 0.0000000000
64389  19.247  -25.816  62.085 0.0000000000
60512  17.464  -28.715  62.068 0.0000000000
60504  17.529  -28.767  63.102 0.0000000000
68880  37.390  -23.201  62.247 0.0000000000
65896  37.440  -23.662  61.480 0.0000000000
65920  37.472  -23.822  61.083 0.0000000000
64442  27.471  -26.530  59.549 0.0000000000
64462  26.971  -26.631  58.889 0.0000000000
63064  26.695  -26.697  58.227 0.0000000000
63077  26.584  -26.868  57.471 0.0000000000
63078  25.950  -27.177  57.081 0.0000000000
88046  44.502  -11.040  36.811 0.0000000000
59100  16.468  -30.083  69.023 0.0000000000
93472  53.473  -6.754  42.250 0.0000000000
92091  51.968  -7.271  43.884 0.0000000000
92034  50.963  -7.871  50.398 0.0000000000
90678  50.876  -8.644  49.815 0.0000000000
89298  51.181  -9.784  48.999 0.0000000000
87889  51.340  -10.507  48.708 0.0000000000
87907  51.156  -11.038  48.227 0.0000000000
87906  51.558  -11.236  48.753 0.0000000000
86446  51.750  -11.295  49.163 0.0000000000
84938  51.832  -11.892  49.683 0.0000000000
84931  42.518  -11.996  50.409 0.0000000000
86409  42.621  -11.132  51.175 0.0000000000
86431  42.489  -11.112  49.538 0.0000000000
86451  42.805  -10.796  48.574 0.0000000000
86499  42.290  -11.146  47.066 0.0000000000
85002  41.784  -11.886  46.615 0.0000000000
85003  41.370  -12.774  47.029 0.0000000000
83567  41.199  -13.448  46.565 0.0000000000
66055  34.084  -24.655  52.101 0.0000000000
66056  33.509  -24.741  52.221 0.0000000000
67500  33.010  -24.674  51.581 0.0000000000
104718  62.951  1.483  30.875 0.0000000000
102083  60.757  0.099  30.561 0.0000000000
64388  25.898  -25.953  61.916 0.0000000000
65886  24.854  -25.342  63.238 0.0000000000
67351  24.065  -24.333  65.326 0.0000000000
68870  23.069  -23.695  64.736 0.0000000000
67372  21.823  -23.379  64.144 0.0000000000
68858  21.204  -23.138  65.469 0.0000000000
68852  33.210  -23.419  64.874 0.0000000000
67365  33.310  -24.023  64.208 0.0000000000
65856  32.932  -24.484  63.699 0.0000000000
65858  30.951  -24.853  63.897 0.0000000000
65840  28.039  -25.097  65.002 0.0000000000
65860  28.715  -25.324  64.243 0.0000000000
65906  27.887  -25.791  62.510 0.0000000000
80307  43.816  -15.357  57.922 0.0000000000
81911  43.862  -14.575  58.256 0.0000000000
83419  43.951  -13.717  58.571 0.0000000000
86312  43.924  -11.933  58.321 0.0000000000
87769  44.257  -11.034  58.311 0.0000000000
84851  44.306  -12.800  56.964 0.0000000000
84863  44.068  -13.133  56.433 0.0000000000
78953  43.236  -16.216  53.881 0.0000000000
80384  43.523  -15.338  54.184 0.0000000000
80385  43.105  -15.418  53.395 0.0000000000
81987  42.686  -14.266  52.176 0.0000000000
80419  42.562  -14.873  51.901 0.0000000000
80420  42.276  -15.267  51.441 0.0000000000
79008  41.647  -15.630  49.784 0.0000000000
73503  40.295  -20.139  50.096 0.0000000000
74901  40.467  -19.390  49.764 0.0000000000
73525  40.104  -20.090  49.462 0.0000000000
73543  39.363  -20.562  47.677 0.0000000000
72093  38.883  -21.090  47.641 0.0000000000
66086  27.514  -25.819  50.727 0.0000000000
66097  26.573  -25.837  49.539 0.0000000000
64579  26.143  -26.050  49.157 0.0000000000
97937  58.017  -3.489  32.178 0.0000000000
96458  57.378  -3.801  32.173 0.0000000000
96472  55.791  -4.236  30.515 0.0000000000
63109  20.622  -26.984  55.249 0.0000000000
64447  22.654  -25.669  59.430 0.0000000000
65969  22.608  -25.491  59.885 0.0000000000
64449  20.457  -25.832  59.218 0.0000000000
61830  17.638  -27.873  58.420 0.0000000000
68897  39.818  -22.890  60.541 0.0000000000
68907  40.540  -22.544  59.615 0.0000000000
70380  40.987  -22.028  59.003 0.0000000000
71853  41.690  -21.269  58.373 0.0000000000
70415  40.599  -22.553  57.444 0.0000000000
70433  40.569  -22.615  56.534 0.0000000000
68956  38.958  -23.669  56.181 0.0000000000
65997  36.724  -24.500  57.577 0.0000000000
67449  37.250  -24.331  57.090 0.0000000000
64480  29.281  -26.326  57.441 0.0000000000
64479  29.954  -25.917  57.470 0.0000000000
63084  29.715  -25.894  56.909 0.0000000000
64491  30.135  -25.674  56.855 0.0000000000
66027  30.540  -25.526  56.379 0.0000000000
64500  30.519  -25.469  55.447 0.0000000000
64511  29.924  -25.555  54.733 0.0000000000
64526  29.674  -25.511  54.127 0.0000000000
66046  29.356  -25.529  53.675 0.0000000000
64527  29.188  -25.674  54.187 0.0000000000
64528  28.262  -25.935  53.875 0.0000000000
63159  23.368  -27.475  51.609 0.0000000000
63160  22.428  -27.557  51.510 0.0000000000
90924  47.651  -8.620  34.132 0.0000000000
89552  46.882  -9.054  33.613 0.0000000000
89553  46.219  -9.671  33.021 0.0000000000
85227  44.686  -12.527  32.314 0.0000000000
85242  44.913  -12.097  31.766 0.0000000000
83817  45.768  -13.077  31.842 0.0000000000
70215  20.856  -21.924  69.457 0.0000000000
70228  20.698  -22.403  68.903 0.0000000000
68791  20.486  -22.628  68.350 0.0000000000
62988  16.568  -27.512  69.411 0.0000000000
64331  17.101  -26.856  67.846 0.0000000000
65823  17.737  -25.755  67.300 0.0000000000
63007  17.664  -27.136  66.244 0.0000000000
61779  17.783  -27.720  65.690 0.0000000000
60482  17.607  -28.677  65.143 0.0000000000
59139  16.696  -29.823  64.981 0.0000000000
97911  61.873  -2.117  34.391 0.0000000000
97910  62.345  -1.909  34.815 0.0000000000
97893  61.278  -2.661  34.913 0.0000000000
97876  60.720  -2.987  35.435 0.0000000000
96350  59.749  -3.561  36.848 0.0000000000
96351  58.800  -3.962  37.159 0.0000000000
94922  54.571  -5.246  36.541 0.0000000000
94892  54.545  -5.830  38.869 0.0000000000
94906  53.853  -5.918  38.054 0.0000000000
93530  52.425  -6.701  37.792 0.0000000000
92259  51.232  -7.116  36.610 0.0000000000
92239  51.440  -7.160  37.193 0.0000000000
92214  51.489  -7.296  37.840 0.0000000000
92215  50.740  -7.707  38.113 0.0000000000
90799  50.522  -8.365  40.220 0.0000000000
90800  49.747  -8.498  40.476 0.0000000000
89435  48.417  -8.811  39.656 0.0000000000
89436  47.932  -9.020  39.582 0.0000000000
89414  48.307  -8.771  40.148 0.0000000000
89415  47.569  -9.045  40.291 0.0000000000
89392  47.301  -9.078  41.202 0.0000000000
92065  50.873  -7.078  46.218 0.0000000000
90702  48.571  -8.445  47.804 0.0000000000
92080  48.422  -7.763  46.437 0.0000000000
90740  47.036  -8.821  44.143 0.0000000000
90741  46.672  -9.395  44.784 0.0000000000
89359  45.905  -10.508  43.729 0.0000000000
87984  45.385  -11.296  43.007 0.0000000000
87972  45.848  -11.134  43.789 0.0000000000
86539  46.757  -11.544  44.157 0.0000000000
86556  47.310  -11.993  43.690 0.0000000000
85021  50.021  -12.698  45.581 0.0000000000
85022  49.678  -12.322  45.151 0.0000000000
85045  49.786  -13.034  45.116 0.0000000000
83578  49.858  -13.604  45.355 0.0000000000
83579  49.690  -14.076  44.980 0.0000000000
82106  49.447  -14.517  44.786 0.0000000000
80594  49.432  -15.095  45.267 0.0000000000
80564  49.511  -15.202  45.792 0.0000000000
91944  49.816  -7.364  53.594 0.0000000000
89211  50.000  -8.456  53.455 0.0000000000
89185  44.189  -9.434  56.817 0.0000000000
90560  44.318  -8.593  56.467 0.0000000000
90577  44.398  -8.282  55.793 0.0000000000
90597  44.624  -7.990  54.835 0.0000000000
89246  44.949  -8.891  52.014 0.0000000000
90643  45.501  -8.561  52.355 0.0000000000
90650  46.162  -8.594  51.943 0.0000000000
89245  46.712  -8.621  51.887 0.0000000000
89243  48.441  -9.209  52.433 0.0000000000
87839  48.740  -9.873  51.916 0.0000000000
86406  49.835  -11.693  51.193 0.0000000000
86407  48.896  -10.779  50.983 0.0000000000
86474  45.966  -11.448  47.172 0.0000000000
84981  46.657  -12.289  46.982 0.0000000000
84999  46.671  -13.368  46.691 0.0000000000
83552  46.977  -13.911  47.038 0.0000000000
83565  46.419  -13.855  46.333 0.0000000000
83580  46.228  -14.360  46.092 0.0000000000
83621  42.695  -13.513  43.109 0.0000000000
82154  42.887  -14.671  42.044 0.0000000000
79042  40.941  -15.840  47.031 0.0000000000
79060  40.948  -15.684  46.638 0.0000000000
79061  40.817  -16.020  46.435 0.0000000000
77754  38.657  -18.054  42.480 0.0000000000
77753  38.933  -17.543  42.472 0.0000000000
77797  38.485  -18.041  41.143 0.0000000000
68985  39.256  -23.160  54.130 0.0000000000
68995  39.272  -23.047  53.107 0.0000000000
69011  38.566  -23.429  51.713 0.0000000000
69014  36.325  -23.693  50.719 0.0000000000
69034  36.022  -23.616  49.933 0.0000000000
69067  36.772  -23.187  48.255 0.0000000000
69081  35.457  -23.589  46.898 0.0000000000
67563  29.519  -24.943  48.706 0.0000000000
67577  30.550  -24.529  47.355 0.0000000000
67611  30.490  -24.285  45.263 0.0000000000
69115  32.624  -23.816  45.308 0.0000000000
99384  58.090  -2.747  29.751 0.0000000000
99405  58.512  -2.322  29.495 0.0000000000
92324  47.714  -7.929  30.401 0.0000000000
92333  47.808  -8.085  29.646 0.0000000000
65842  26.055  -25.177  65.046 0.0000000000
67349  25.869  -24.882  65.549 0.0000000000
67312  24.350  -23.779  66.654 0.0000000000
67313  23.869  -23.678  66.496 0.0000000000
68819  23.537  -23.328  66.956 0.0000000000
67346  29.101  -24.474  65.192 0.0000000000
67347  28.295  -24.615  65.331 0.0000000000
76099  42.883  -18.570  59.474 0.0000000000
76098  43.417  -18.248  59.197 0.0000000000
76111  43.552  -18.051  58.813 0.0000000000
77493  43.486  -16.998  58.418 0.0000000000
74737  42.710  -18.363  57.485 0.0000000000
77505  43.451  -17.031  57.739 0.0000000000
77504  43.557  -16.556  58.074 0.0000000000
78909  44.204  -15.944  57.231 0.0000000000
80337  44.422  -15.389  56.950 0.0000000000
80350  44.513  -15.080  56.496 0.0000000000
81949  44.460  -14.488  56.389 0.0000000000
78940  43.892  -16.120  55.158 0.0000000000
78941  43.458  -16.491  54.506 0.0000000000
77541  43.139  -17.202  54.073 0.0000000000
77552  42.881  -16.858  53.476 0.0000000000
77563  42.095  -17.224  51.892 0.0000000000
77564  41.583  -17.557  51.277 0.0000000000
73481  40.291  -20.613  50.632 0.0000000000
73482  40.029  -21.169  50.533 0.0000000000
63185  25.299  -26.927  49.463 0.0000000000
63213  23.691  -27.771  48.111 0.0000000000
61949  22.871  -28.924  47.991 0.0000000000
61948  23.254  -28.540  47.473 0.0000000000
94963  55.351  -4.910  32.836 0.0000000000
94977  54.791  -5.130  32.329 0.0000000000
94994  54.117  -5.186  31.773 0.0000000000
95001  52.717  -5.290  30.605 0.0000000000
95011  51.572  -5.349  29.044 0.0000000000
63123  23.994  -27.224  54.477 0.0000000000
67409  20.926  -24.498  61.648 0.0000000000
65935  20.454  -24.909  61.420 0.0000000000
65955  19.721  -25.903  60.832 0.0000000000
63047  19.005  -26.828  60.633 0.0000000000
60526  17.297  -28.560  59.054 0.0000000000
60523  16.810  -29.307  60.593 0.0000000000
67394  38.487  -23.304  61.607 0.0000000000
68889  39.032  -23.237  61.424 0.0000000000
68909  39.398  -23.404  60.245 0.0000000000
68921  39.550  -23.503  59.509 0.0000000000
67446  39.082  -23.969  58.277 0.0000000000
67438  37.994  -24.424  58.288 0.0000000000
65979  37.292  -24.571  58.365 0.0000000000
65949  29.856  -26.159  60.465 0.0000000000
64418  29.720  -26.326  59.863 0.0000000000
64439  29.773  -26.291  58.992 0.0000000000
64459  29.171  -26.446  58.393 0.0000000000
64460  28.414  -26.510  58.655 0.0000000000
64492  28.945  -26.362  56.603 0.0000000000
64503  27.973  -26.759  55.986 0.0000000000
64504  27.261  -27.067  55.664 0.0000000000
63119  26.848  -27.268  55.541 0.0000000000
63089  25.854  -27.374  56.305 0.0000000000
63104  25.722  -27.552  55.529 0.0000000000
89501  46.590  -9.605  36.213 0.0000000000
89525  46.384  -9.506  35.161 0.0000000000
88085  45.750  -9.962  35.696 0.0000000000
88105  44.332  -11.103  33.973 0.0000000000
88069  44.343  -10.977  35.666 0.0000000000
88087  44.284  -11.005  34.568 0.0000000000
86694  44.495  -11.976  33.325 0.0000000000
85228  44.466  -12.811  32.788 0.0000000000
62987  16.726  -28.061  68.943 0.0000000000
60465  16.620  -29.238  67.323 0.0000000000
59111  15.482  -30.920  67.460 0.0000000000
92171  52.957  -7.126  40.023 0.0000000000
92172  52.280  -7.456  40.248 0.0000000000
90754  50.159  -8.068  42.030 0.0000000000
90737  49.979  -8.068  42.815 0.0000000000
93365  51.459  -6.014  48.558 0.0000000000
93366  50.446  -6.443  48.715 0.0000000000
93367  49.892  -6.796  48.538 0.0000000000
92057  48.846  -7.863  48.193 0.0000000000
90679  50.119  -8.207  49.493 0.0000000000
90693  49.570  -8.504  48.959 0.0000000000
90694  48.942  -8.453  48.374 0.0000000000
89315  48.667  -9.184  47.714 0.0000000000
89324  48.667  -9.812  46.929 0.0000000000
87927  48.369  -10.450  46.249 0.0000000000
87939  49.544  -11.335  46.023 0.0000000000
86494  50.424  -11.717  46.545 0.0000000000
87924  51.087  -11.482  47.669 0.0000000000
84998  50.627  -12.568  46.762 0.0000000000
83550  50.652  -13.375  47.404 0.0000000000
82044  50.172  -14.225  47.768 0.0000000000
93259  47.959  -6.682  55.672 0.0000000000
86361  43.302  -10.571  53.605 0.0000000000
87824  43.088  -10.215  53.081 0.0000000000
89248  43.431  -9.760  52.606 0.0000000000
89258  43.643  -9.764  51.979 0.0000000000
87851  43.764  -9.731  51.181 0.0000000000
89257  44.383  -9.273  51.642 0.0000000000
89267  44.663  -9.351  50.846 0.0000000000
89266  45.765  -9.272  50.671 0.0000000000
87861  46.273  -9.752  49.974 0.0000000000
87891  45.716  -10.550  48.221 0.0000000000
87912  43.666  -10.332  48.292 0.0000000000
87911  44.506  -10.440  47.840 0.0000000000
87910  45.225  -10.716  47.507 0.0000000000
83622  41.565  -13.368  43.569 0.0000000000
82134  40.687  -13.926  43.286 0.0000000000
76327  39.813  -18.591  45.768 0.0000000000
76348  39.706  -18.375  45.239 0.0000000000
75033  38.531  -18.704  43.499 0.0000000000
75034  38.229  -19.081  43.425 0.0000000000
76416  38.335  -18.487  42.714 0.0000000000
76442  37.992  -18.734  41.754 0.0000000000
67490  36.680  -23.805  53.488 0.0000000000
67496  36.374  -23.787  52.466 0.0000000000
67509  35.331  -23.919  50.820 0.0000000000
67614  27.966  -24.650  45.805 0.0000000000
67629  28.127  -24.656  45.100 0.0000000000
67628  28.733  -24.573  44.807 0.0000000000
67647  29.004  -24.671  44.154 0.0000000000
104753  62.544  1.786  28.991 0.0000000000
104767  62.262  1.565  28.521 0.0000000000
103452  61.765  1.448  27.931 0.0000000000
103453  60.433  0.990  27.508 0.0000000000
103454  59.407  0.614  27.106 0.0000000000
96503  56.760  -4.409  26.805 0.0000000000
64405  24.652  -25.682  61.396 0.0000000000
64425  23.586  -25.647  60.519 0.0000000000
65933  22.281  -24.690  61.297 0.0000000000
65864  25.160  -25.281  64.001 0.0000000000
65887  24.130  -24.842  63.234 0.0000000000
67408  21.540  -24.407  61.674 0.0000000000
67399  21.135  -24.245  62.206 0.0000000000
67400  20.616  -24.556  62.000 0.0000000000
67387  20.394  -24.386  62.781 0.0000000000
67388  20.031  -24.585  63.022 0.0000000000
64362  18.805  -25.859  64.330 0.0000000000
67362  35.082  -23.200  63.516 0.0000000000
65853  35.168  -23.733  63.250 0.0000000000
64371  35.550  -24.255  62.332 0.0000000000
64382  35.229  -24.541  61.884 0.0000000000
64383  34.706  -24.588  62.268 0.0000000000
65900  34.183  -24.884  62.275 0.0000000000
65901  33.299  -25.089  62.343 0.0000000000
65927  30.891  -25.709  61.338 0.0000000000
67368  30.558  -24.557  64.487 0.0000000000
65880  30.533  -25.326  63.250 0.0000000000
64401  27.782  -26.377  61.082 0.0000000000
85135  43.421  -12.603  38.662 0.0000000000
85121  43.529  -12.949  39.853 0.0000000000
83704  43.357  -13.509  39.109 0.0000000000
82220  44.178  -14.607  38.333 0.0000000000
93408  52.872  -5.812  46.253 0.0000000000
93391  52.966  -5.760  46.933 0.0000000000
93375  53.031  -5.518  47.494 0.0000000000
94734  52.714  -5.607  47.854 0.0000000000
94733  53.075  -5.246  47.959 0.0000000000
94719  52.414  -5.550  48.374 0.0000000000
94703  51.830  -5.615  48.909 0.0000000000
94690  51.682  -5.575  49.527 0.0000000000
93342  51.154  -5.896  50.070 0.0000000000
94688  51.786  -5.173  50.733 0.0000000000
93341  51.266  -6.060  50.809 0.0000000000
90662  51.461  -7.982  50.977 0.0000000000
90661  51.513  -8.203  51.152 0.0000000000
89263  51.510  -9.274  50.760 0.0000000000
87785  44.277  -10.276  57.067 0.0000000000
87796  44.039  -10.451  56.284 0.0000000000
86360  43.412  -11.302  54.187 0.0000000000
83456  44.034  -13.724  55.846 0.0000000000
81971  43.627  -14.432  54.490 0.0000000000
83466  43.714  -13.569  55.098 0.0000000000
84876  43.567  -12.512  54.764 0.0000000000
86376  43.340  -11.829  53.519 0.0000000000
84905  43.024  -12.355  52.510 0.0000000000
83505  42.395  -13.064  50.059 0.0000000000
83521  42.082  -13.217  49.185 0.0000000000
82031  41.693  -14.410  48.493 0.0000000000
80484  41.399  -15.292  48.263 0.0000000000
79026  40.811  -16.819  47.547 0.0000000000
77632  40.645  -17.145  47.248 0.0000000000
77581  40.916  -17.785  49.672 0.0000000000
74959  39.651  -19.201  46.045 0.0000000000
73596  39.096  -20.080  45.861 0.0000000000
73597  38.505  -20.521  45.331 0.0000000000
72126  37.841  -21.143  44.959 0.0000000000
66070  31.423  -24.883  51.653 0.0000000000
66071  30.479  -25.062  51.469 0.0000000000
66083  30.165  -25.103  50.751 0.0000000000
66094  29.135  -25.215  49.384 0.0000000000
66106  28.993  -25.147  48.797 0.0000000000
66119  28.454  -25.112  48.182 0.0000000000
67580  27.974  -25.018  47.340 0.0000000000
64580  25.600  -26.426  48.694 0.0000000000
64590  26.075  -25.908  48.225 0.0000000000
63211  24.701  -26.763  47.116 0.0000000000
66144  27.231  -24.949  46.019 0.0000000000
99380  60.987  -1.407  31.703 0.0000000000
99364  59.799  -2.280  31.430 0.0000000000
97993  56.582  -3.394  29.185 0.0000000000
96461  55.140  -4.592  31.234 0.0000000000
96473  54.722  -4.534  30.442 0.0000000000
96483  53.621  -4.467  29.162 0.0000000000
96482  54.569  -4.299  29.426 0.0000000000
96489  55.229  -3.886  28.755 0.0000000000
64486  21.982  -25.908  57.586 0.0000000000
63081  19.436  -26.830  57.139 0.0000000000
65972  20.569  -25.576  59.924 0.0000000000
64469  20.016  -26.191  58.717 0.0000000000
63067  20.026  -26.304  58.291 0.0000000000
61844  18.684  -27.605  56.647 0.0000000000
70342  40.731  -21.393  60.918 0.0000000000
74693  42.188  -19.286  60.291 0.0000000000
74692  42.493  -19.083  59.781 0.0000000000
74703  42.895  -18.914  59.215 0.0000000000
73308  42.693  -19.523  58.983 0.0000000000
71867  42.418  -20.172  58.049 0.0000000000
71868  42.118  -20.670  57.637 0.0000000000
73337  42.301  -20.460  57.067 0.0000000000
73368  41.900  -20.940  55.048 0.0000000000
70465  41.150  -21.766  54.594 0.0000000000
70467  39.861  -22.848  54.631 0.0000000000
68977  38.010  -23.659  54.158 0.0000000000
67458  39.041  -23.825  57.526 0.0000000000
67470  38.360  -23.840  56.034 0.0000000000
67481  37.700  -23.950  54.858 0.0000000000
67489  37.373  -23.754  54.109 0.0000000000
66032  35.036  -24.280  53.563 0.0000000000
64415  35.185  -25.250  60.757 0.0000000000
64436  35.063  -25.315  60.032 0.0000000000
65968  30.674  -25.853  59.375 0.0000000000
65984  31.813  -25.542  58.769 0.0000000000
66002  31.140  -25.572  58.028 0.0000000000
66012  33.236  -24.931  56.510 0.0000000000
66073  28.548  -25.726  52.141 0.0000000000
66061  28.716  -25.623  53.178 0.0000000000
64556  28.047  -25.828  51.578 0.0000000000
64557  27.520  -25.991  51.305 0.0000000000
64558  26.669  -26.466  51.191 0.0000000000
64542  26.764  -26.858  53.235 0.0000000000
63170  25.298  -27.323  50.551 0.0000000000
61894  22.989  -27.851  50.420 0.0000000000
92308  50.279  -7.005  33.433 0.0000000000
90952  47.884  -7.973  31.897 0.0000000000
90953  47.380  -8.412  31.110 0.0000000000
86713  45.436  -11.314  31.506 0.0000000000
88139  45.987  -10.543  31.372 0.0000000000
88158  46.430  -10.587  30.663 0.0000000000
85149  43.481  -12.605  37.487 0.0000000000
85162  43.371  -13.070  36.556 0.0000000000
83739  43.858  -13.982  35.583 0.0000000000
82265  44.614  -14.579  35.638 0.0000000000
71713  25.864  -22.436  66.701 0.0000000000
71690  25.217  -22.062  68.181 0.0000000000
71691  24.702  -21.945  68.451 0.0000000000
68790  24.925  -22.419  68.295 0.0000000000
68801  23.888  -22.886  67.822 0.0000000000
68802  22.916  -22.826  67.762 0.0000000000
71680  22.951  -21.595  69.603 0.0000000000
68820  22.376  -23.021  67.006 0.0000000000
68822  20.402  -23.076  67.133 0.0000000000
68781  19.042  -23.045  69.528 0.0000000000
67294  18.748  -24.148  68.544 0.0000000000
67302  18.811  -24.452  67.703 0.0000000000
64339  17.879  -25.882  66.638 0.0000000000
65822  18.197  -25.423  67.023 0.0000000000
64354  18.411  -25.918  65.299 0.0000000000
60513  16.933  -29.374  62.547 0.0000000000
60505  17.202  -29.346  63.635 0.0000000000
60484  16.610  -29.609  65.932 0.0000000000
57810  15.660  -30.810  64.631 0.0000000000
100733  62.776  -0.680  32.529 0.0000000000
99361  61.899  -1.322  32.538 0.0000000000
99362  61.073  -1.814  32.260 0.0000000000
97954  60.336  -2.439  32.426 0.0000000000
97935  59.666  -3.002  32.840 0.0000000000
97932  61.708  -2.140  33.744 0.0000000000
97934  60.443  -2.729  33.120 0.0000000000
96439  57.746  -3.956  32.872 0.0000000000
96424  57.014  -4.433  33.507 0.0000000000
97858  62.290  -2.218  36.774 0.0000000000
97860  60.823  -3.035  36.229 0.0000000000
97877  60.102  -3.229  35.172 0.0000000000
96375  59.604  -3.465  36.153 0.0000000000
96395  59.013  -3.638  35.368 0.0000000000
96410  58.779  -3.770  34.760 0.0000000000
96425  56.114  -4.627  33.178 0.0000000000
94965  53.851  -5.597  33.596 0.0000000000
93584  52.011  -6.430  33.894 0.0000000000
96332  57.045  -4.607  38.321 0.0000000000
94923  53.563  -5.728  36.920 0.0000000000
93574  51.716  -6.560  34.719 0.0000000000
92293  50.364  -7.194  34.259 0.0000000000
92277  49.743  -7.653  34.604 0.0000000000
92262  49.191  -8.069  34.877 0.0000000000
92261  49.782  -7.892  35.572 0.0000000000
90907  48.807  -8.387  35.598 0.0000000000
90888  48.037  -8.810  36.128 0.0000000000
92202  50.874  -7.870  38.958 0.0000000000
90860  50.479  -7.963  38.526 0.0000000000
90842  50.021  -8.340  38.984 0.0000000000
90861  49.936  -8.211  38.190 0.0000000000
90863  48.215  -9.019  36.971 0.0000000000
89500  47.454  -9.317  36.665 0.0000000000
88044  46.107  -10.061  37.778 0.0000000000
88026  46.145  -10.019  38.264 0.0000000000
88027  45.680  -10.240  38.562 0.0000000000
88016  44.624  -10.876  39.153 0.0000000000
90738  49.213  -8.155  43.402 0.0000000000
92066  49.980  -7.176  46.535 0.0000000000
92094  49.447  -7.606  45.043 0.0000000000
89393  46.410  -9.425  41.520 0.0000000000
89357  46.732  -9.143  43.259 0.0000000000
88009  44.596  -11.005  40.277 0.0000000000
86597  44.301  -11.901  40.731 0.0000000000
86587  45.213  -11.978  42.584 0.0000000000
85082  45.870  -12.407  42.636 0.0000000000
86555  48.234  -12.208  44.031 0.0000000000
85046  49.430  -12.676  44.694 0.0000000000
85066  48.716  -12.698  44.076 0.0000000000
85067  47.870  -12.625  43.257 0.0000000000
83618  47.924  -13.164  42.944 0.0000000000
93296  51.577  -6.879  52.331 0.0000000000
90640  51.662  -7.640  52.136 0.0000000000
89253  51.470  -8.798  51.384 0.0000000000
87847  51.508  -9.822  50.998 0.0000000000
93260  47.223  -6.592  55.947 0.0000000000
91927  47.821  -7.032  55.665 0.0000000000
91950  45.345  -7.810  54.346 0.0000000000
90632  45.711  -8.284  53.044 0.0000000000
90617  45.913  -7.961  53.645 0.0000000000
91969  45.992  -7.662  54.184 0.0000000000
91968  46.763  -7.607  54.520 0.0000000000
91947  47.733  -7.498  55.322 0.0000000000
91946  48.395  -7.440  55.374 0.0000000000
90593  49.188  -7.863  54.625 0.0000000000
90613  49.175  -8.340  54.222 0.0000000000
89212  49.719  -8.683  53.572 0.0000000000
89228  49.221  -9.355  53.239 0.0000000000
87821  49.788  -9.933  52.818 0.0000000000
87820  50.438  -9.796  52.673 0.0000000000
87836  50.857  -10.272  52.065 0.0000000000
86390  51.169  -10.707  51.514 0.0000000000
86402  51.595  -10.663  50.625 0.0000000000
84926  51.696  -11.699  50.629 0.0000000000
84927  51.421  -12.252  50.451 0.0000000000
84939  51.322  -12.651  49.653 0.0000000000
84917  50.185  -12.379  50.741 0.0000000000
84928  50.733  -12.706  50.275 0.0000000000
84940  50.838  -13.086  49.630 0.0000000000
83518  50.383  -13.537  49.297 0.0000000000
82026  50.132  -14.147  48.283 0.0000000000
82027  49.602  -14.351  48.173 0.0000000000
86429  48.000  -11.237  49.212 0.0000000000
86448  48.018  -12.368  48.571 0.0000000000
84959  48.561  -13.131  48.910 0.0000000000
82045  49.509  -15.079  47.479 0.0000000000
80506  48.638  -15.516  47.122 0.0000000000
82065  47.025  -14.987  46.846 0.0000000000
83619  44.388  -14.520  43.684 0.0000000000
83554  41.538  -13.598  47.451 0.0000000000
82088  41.013  -14.182  45.985 0.0000000000
82111  40.512  -13.930  44.426 0.0000000000
80654  40.151  -14.841  42.415 0.0000000000
77678  39.897  -17.746  45.100 0.0000000000
77705  40.101  -16.978  44.604 0.0000000000
79138  39.880  -16.733  43.741 0.0000000000
79165  39.668  -15.570  42.661 0.0000000000
71940  40.939  -21.371  53.622 0.0000000000
71965  40.665  -21.434  52.723 0.0000000000
71966  40.393  -21.857  52.221 0.0000000000
71992  40.098  -21.902  51.567 0.0000000000
72020  39.710  -21.826  50.508 0.0000000000
70543  39.229  -22.258  49.814 0.0000000000
69032  37.755  -23.450  50.511 0.0000000000
69031  38.549  -23.278  50.766 0.0000000000
70532  38.757  -23.015  50.201 0.0000000000
70544  38.789  -22.739  49.638 0.0000000000
70554  39.044  -22.215  49.139 0.0000000000
70566  38.061  -22.170  47.740 0.0000000000
70557  37.002  -22.756  47.573 0.0000000000
70567  37.472  -22.378  47.315 0.0000000000
70578  37.370  -22.191  46.474 0.0000000000
70589  37.049  -22.191  45.775 0.0000000000
70590  36.427  -22.553  45.458 0.0000000000
70603  36.407  -22.197  44.569 0.0000000000
67513  31.430  -24.801  51.051 0.0000000000
67531  32.331  -24.471  50.074 0.0000000000
67544  33.428  -24.179  48.746 0.0000000000
67576  31.506  -24.296  47.121 0.0000000000
67559  33.488  -24.043  47.598 0.0000000000
67558  34.170  -23.837  47.760 0.0000000000
69082  34.540  -23.733  46.769 0.0000000000
69095  34.994  -23.521  45.949 0.0000000000
69112  35.349  -22.962  45.045 0.0000000000
70604  35.721  -22.531  44.327 0.0000000000
70616  36.055  -22.045  43.937 0.0000000000
100748  60.880  -0.853  31.225 0.0000000000
100764  60.588  -0.651  30.802 0.0000000000
102084  59.859  -0.046  29.970 0.0000000000
99416  58.775  -1.749  29.338 0.0000000000
100766  59.282  -1.038  29.788 0.0000000000
103436  58.750  0.165  27.585 0.0000000000
103455  58.651  0.024  26.753 0.0000000000
93611  49.721  -6.608  31.066 0.0000000000
93616  49.275  -6.538  29.973 0.0000000000
92332  48.320  -7.332  30.030 0.0000000000
59110  15.913  -30.389  67.782 0.0000000000
59146  16.701  -29.738  63.325 0.0000000000
61753  16.604  -28.298  69.666 0.0000000000
63006  17.789  -26.657  66.006 0.0000000000
63063  27.154  -26.613  58.458 0.0000000000
63073  29.644  -26.053  57.181 0.0000000000
63075  27.855  -26.577  57.873 0.0000000000
64348  17.752  -26.542  66.262 0.0000000000
64370  35.839  -24.158  62.262 0.0000000000
64372  35.033  -24.398  62.465 0.0000000000
64384  28.761  -26.146  61.649 0.0000000000
64398  34.507  -25.204  61.479 0.0000000000
64413  36.267  -24.676  59.781 0.0000000000
64490  30.550  -25.603  57.145 0.0000000000
64516  24.185  -27.134  55.016 0.0000000000
65828  26.486  -24.804  65.763 0.0000000000
65875  35.174  -24.162  62.876 0.0000000000
65888  20.092  -24.677  62.620 0.0000000000
65898  36.348  -24.248  61.513 0.0000000000
65899  34.682  -24.778  61.870 0.0000000000
65923  34.474  -25.053  61.734 0.0000000000
65950  23.640  -25.504  60.999 0.0000000000
65986  22.134  -25.592  58.987 0.0000000000
65987  21.766  -25.572  58.936 0.0000000000
66015  30.552  -25.576  56.900 0.0000000000
66040  35.026  -24.331  53.001 0.0000000000
66069  31.869  -24.776  51.493 0.0000000000
66133  27.408  -25.099  47.052 0.0000000000
66159  28.053  -24.795  44.659 0.0000000000
67330  24.005  -24.029  66.149 0.0000000000
67342  34.203  -23.466  64.557 0.0000000000
67361  35.876  -23.258  62.830 0.0000000000
67363  34.565  -23.373  63.867 0.0000000000
67381  37.553  -23.356  62.086 0.0000000000
67396  37.221  -23.557  61.889 0.0000000000
67534  30.055  -25.118  50.425 0.0000000000
67564  28.813  -25.081  48.412 0.0000000000
68780  19.625  -22.835  69.190 0.0000000000
68800  24.788  -22.767  67.951 0.0000000000
68833  32.842  -23.265  65.252 0.0000000000
68851  33.968  -23.386  64.803 0.0000000000
68853  32.301  -23.541  64.843 0.0000000000
68867  33.962  -23.518  64.559 0.0000000000
68869  32.950  -23.711  64.541 0.0000000000
68888  39.784  -22.835  60.868 0.0000000000
68890  38.458  -23.168  61.816 0.0000000000
68898  39.260  -23.257  60.918 0.0000000000
68920  40.222  -23.042  59.196 0.0000000000
69098  32.483  -23.967  46.063 0.0000000000
69099  32.018  -24.030  45.966 0.0000000000
69111  35.921  -22.819  45.405 0.0000000000
70223  25.072  -22.221  68.377 0.0000000000
70235  25.323  -22.408  67.848 0.0000000000
70240  20.895  -22.481  68.382 0.0000000000
70341  41.189  -21.032  60.816 0.0000000000
70363  40.338  -22.558  60.209 0.0000000000
70568  36.955  -22.596  46.970 0.0000000000
71851  42.534  -20.061  58.549 0.0000000000
71917  41.514  -21.323  54.749 0.0000000000
73273  42.239  -19.515  60.137 0.0000000000
73307  43.001  -18.949  58.978 0.0000000000
73323  42.620  -19.524  58.239 0.0000000000
74702  43.447  -18.618  59.009 0.0000000000
74722  42.740  -19.018  58.257 0.0000000000
74738  42.682  -19.056  57.724 0.0000000000
74755  42.731  -18.219  57.014 0.0000000000
74834  42.286  -18.885  53.760 0.0000000000
75084  37.215  -19.550  41.759 0.0000000000
75102  36.852  -19.891  41.151 0.0000000000
76145  42.948  -17.839  57.877 0.0000000000
76392  38.459  -18.619  43.256 0.0000000000
76415  38.707  -18.102  42.738 0.0000000000
76443  37.616  -19.118  41.683 0.0000000000
77477  43.558  -17.535  58.842 0.0000000000
77781  38.529  -18.029  42.007 0.0000000000
78884  43.522  -16.573  58.400 0.0000000000
78894  43.829  -16.115  57.685 0.0000000000
78895  43.868  -16.430  57.251 0.0000000000
79110  40.067  -16.884  44.297 0.0000000000
79186  39.347  -16.061  41.303 0.0000000000
80338  44.358  -15.624  56.411 0.0000000000
80653  40.952  -14.528  41.996 0.0000000000
82204  43.633  -14.004  39.273 0.0000000000
82221  43.590  -14.114  38.685 0.0000000000
82248  44.369  -14.743  36.597 0.0000000000
83502  50.368  -13.082  49.833 0.0000000000
83517  51.120  -13.232  49.011 0.0000000000
83534  49.904  -13.994  48.762 0.0000000000
83538  41.743  -14.005  47.959 0.0000000000
83623  40.907  -13.504  44.010 0.0000000000
83688  44.121  -14.145  39.981 0.0000000000
83689  43.776  -13.788  39.795 0.0000000000
83740  43.472  -13.694  36.266 0.0000000000
83803  44.683  -13.248  32.805 0.0000000000
83804  44.300  -12.978  32.989 0.0000000000
84891  43.320  -12.163  53.163 0.0000000000
84914  51.497  -11.530  50.993 0.0000000000
84942  48.940  -13.004  49.390 0.0000000000
84943  42.383  -11.937  49.743 0.0000000000
84976  51.503  -11.854  48.206 0.0000000000
84978  50.917  -12.758  47.410 0.0000000000
85047  48.976  -12.388  44.345 0.0000000000
85111  43.916  -13.241  40.320 0.0000000000
85134  43.737  -12.191  39.388 0.0000000000
85161  43.604  -12.405  36.744 0.0000000000
85177  43.412  -13.248  36.136 0.0000000000
85213  44.577  -12.126  33.016 0.0000000000
85214  44.377  -12.509  33.243 0.0000000000
85226  45.350  -13.002  31.879 0.0000000000
85252  46.434  -11.996  30.787 0.0000000000
86394  48.972  -10.431  51.502 0.0000000000
86403  51.501  -11.139  50.940 0.0000000000
86408  48.318  -10.394  50.594 0.0000000000
86416  51.832  -11.275  50.303 0.0000000000
86417  49.691  -12.230  50.678 0.0000000000
86445  51.736  -10.859  49.337 0.0000000000
86447  48.544  -12.712  49.082 0.0000000000
86471  51.325  -11.695  47.939 0.0000000000
86495  49.866  -11.429  46.134 0.0000000000
86517  47.716  -11.306  45.104 0.0000000000
86540  46.492  -11.506  44.000 0.0000000000
86554  48.726  -12.311  44.251 0.0000000000
86627  43.673  -12.211  37.603 0.0000000000
86677  44.432  -11.227  33.683 0.0000000000
86678  44.254  -11.724  33.870 0.0000000000
86702  45.237  -10.997  32.067 0.0000000000
86703  44.946  -11.469  32.179 0.0000000000
86714  45.082  -11.814  31.568 0.0000000000
87812  43.344  -9.950  53.571 0.0000000000
87819  50.901  -9.530  52.311 0.0000000000
87822  49.085  -9.829  52.726 0.0000000000
87834  51.336  -9.458  51.565 0.0000000000
87835  51.139  -9.975  51.771 0.0000000000
87848  51.347  -10.354  51.231 0.0000000000
87850  48.318  -9.906  51.011 0.0000000000
87888  51.610  -10.682  49.029 0.0000000000
87956  47.315  -11.179  44.992 0.0000000000
87958  46.343  -11.338  44.102 0.0000000000
88128  45.168  -10.901  32.353 0.0000000000
89215  48.156  -8.580  53.392 0.0000000000
89217  43.740  -9.532  53.723 0.0000000000
89224  51.337  -8.273  52.385 0.0000000000
89227  49.870  -9.324  53.261 0.0000000000
89229  48.618  -9.187  53.003 0.0000000000
89282  51.199  -9.290  49.509 0.0000000000
89296  51.610  -10.215  49.672 0.0000000000
89297  51.590  -10.055  49.486 0.0000000000
89301  48.755  -8.803  48.099 0.0000000000
89312  51.142  -10.409  48.551 0.0000000000
89334  47.284  -9.993  46.048 0.0000000000
89335  46.800  -10.103  45.651 0.0000000000
90573  49.060  -7.260  54.662 0.0000000000
90574  49.040  -7.372  54.870 0.0000000000
90575  48.857  -7.564  55.150 0.0000000000
90591  49.561  -7.576  53.731 0.0000000000
90594  48.662  -8.002  55.023 0.0000000000
90610  50.725  -7.756  53.072 0.0000000000
90611  50.190  -7.982  53.374 0.0000000000
90612  49.487  -8.151  53.805 0.0000000000
90627  51.344  -8.002  52.455 0.0000000000
90629  50.727  -8.439  52.875 0.0000000000
90651  45.654  -8.748  51.793 0.0000000000
90676  51.466  -8.930  50.623 0.0000000000
90680  49.683  -7.975  49.268 0.0000000000
90691  50.999  -9.200  49.398 0.0000000000
90711  47.941  -9.358  46.611 0.0000000000
90729  46.790  -9.503  45.493 0.0000000000
90798  51.075  -8.093  40.003 0.0000000000
90819  51.030  -8.003  39.644 0.0000000000
90974  47.758  -8.758  29.394 0.0000000000
91924  49.091  -7.196  54.466 0.0000000000
91945  49.239  -7.276  53.993 0.0000000000
91965  50.912  -7.610  52.959 0.0000000000
91967  47.450  -7.708  54.849 0.0000000000
91970  45.540  -7.909  53.992 0.0000000000
91994  51.726  -7.154  52.127 0.0000000000
92016  51.401  -7.232  51.181 0.0000000000
92033  51.294  -7.765  50.820 0.0000000000
92045  49.460  -7.438  48.860 0.0000000000
92046  49.083  -8.044  48.688 0.0000000000
92185  52.892  -7.007  39.574 0.0000000000
92342  47.999  -8.348  29.235 0.0000000000
93239  48.236  -6.515  55.383 0.0000000000
93240  48.007  -6.410  55.567 0.0000000000
93258  48.482  -6.656  55.139 0.0000000000
93273  50.045  -7.073  53.517 0.0000000000
93274  49.421  -6.851  53.791 0.0000000000
93311  51.559  -6.748  52.133 0.0000000000
93343  50.933  -6.001  49.703 0.0000000000
93357  51.267  -5.795  49.346 0.0000000000
93379  49.615  -6.917  48.102 0.0000000000
93531  51.816  -7.000  37.527 0.0000000000
93583  52.495  -6.247  33.929 0.0000000000
94636  51.371  -6.551  52.356 0.0000000000
94720  51.957  -5.780  48.527 0.0000000000
94889  57.152  -4.675  38.628 0.0000000000
94890  56.534  -4.803  38.408 0.0000000000
94893  53.976  -6.094  38.594 0.0000000000
94903  56.315  -4.725  37.747 0.0000000000
94924  52.965  -5.943  36.656 0.0000000000
96349  60.328  -3.397  37.070 0.0000000000
96354  56.264  -4.669  37.417 0.0000000000
96376  58.991  -3.638  36.147 0.0000000000
96442  55.285  -4.742  31.904 0.0000000000
96490  54.532  -4.196  28.392 0.0000000000
97840  60.872  -3.148  37.120 0.0000000000
97857  62.669  -2.041  36.479 0.0000000000
97862  59.550  -3.453  35.617 0.0000000000
97878  59.457  -3.494  34.915 0.0000000000
97892  61.839  -2.252  35.192 0.0000000000
97914  59.866  -3.209  33.630 0.0000000000
97953  60.928  -2.302  32.730 0.0000000000
98000  56.361  -3.452  28.326 0.0000000000
99291  63.037  -1.749  36.524 0.0000000000
99304  63.082  -1.828  35.655 0.0000000000
99317  62.935  -1.701  34.913 0.0000000000
99349  61.959  -1.711  33.176 0.0000000000
100723  62.928  -1.005  32.906 0.0000000000
100732  63.291  -0.455  32.602 0.0000000000
100734  62.020  -0.809  32.226 0.0000000000
100750  59.627  -1.430  30.367 0.0000000000
102054  62.823  -0.268  32.161 0.0000000000
102082  61.424  0.504  30.579 0.0000000000
103404  62.890  0.946  31.409 0.0000000000
103415  62.531  1.170  30.814 0.0000000000
103433  61.255  1.299  29.152 0.0000000000
104739  61.643  1.346  29.473 0.0000000000
