#!ascii label  , from subject 3012 vox2ras=TkReg
1390
76419  33.280  -18.319  42.585 0.0000000000
102117  49.115  -0.211  27.035 0.0000000000
89532  35.507  -9.442  35.821 0.0000000000
65958  10.059  -25.313  59.531 0.0000000000
80546  22.857  -14.516  46.051 0.0000000000
94958  37.885  -4.776  33.946 0.0000000000
74849  16.242  -19.810  52.506 0.0000000000
66018  13.626  -25.505  56.061 0.0000000000
74931  19.223  -19.759  47.787 0.0000000000
105997  52.683  2.461  26.006 0.0000000000
85029  32.606  -13.163  45.253 0.0000000000
87998  30.740  -11.874  40.765 0.0000000000
83606  37.536  -13.697  44.527 0.0000000000
112605  48.540  7.230  26.135 0.0000000000
109964  52.974  5.493  21.969 0.0000000000
102091  44.283  -0.390  29.605 0.0000000000
97962  48.365  -3.852  31.106 0.0000000000
96464  42.736  -4.263  31.202 0.0000000000
90925  41.509  -8.978  34.943 0.0000000000
73548  30.608  -20.690  47.242 0.0000000000
60509  9.907  -29.928  63.428 0.0000000000
60479  6.248  -30.016  66.233 0.0000000000
62977  4.866  -27.077  70.286 0.0000000000
77764  27.188  -17.440  42.894 0.0000000000
73554  24.214  -21.075  47.109 0.0000000000
93525  29.566  -6.410  38.561 0.0000000000
90786  35.426  -9.338  41.203 0.0000000000
115116  56.457  9.072  19.822 0.0000000000
103476  51.584  0.635  26.333 0.0000000000
100781  51.594  -1.915  28.350 0.0000000000
80630  33.463  -15.139  43.116 0.0000000000
83643  34.405  -13.868  41.545 0.0000000000
79140  35.802  -16.460  43.267 0.0000000000
104759  48.197  1.874  28.286 0.0000000000
109917  48.555  5.992  28.812 0.0000000000
107277  49.116  3.839  26.825 0.0000000000
108589  50.592  4.207  25.579 0.0000000000
56478  3.645  -32.090  70.501 0.0000000000
99396  42.950  -1.737  30.344 0.0000000000
99375  40.770  -2.193  31.502 0.0000000000
92285  36.819  -7.480  34.571 0.0000000000
92300  38.872  -7.156  33.337 0.0000000000
90913  38.758  -9.333  34.947 0.0000000000
88049  38.966  -10.923  37.964 0.0000000000
67455  11.532  -24.717  57.226 0.0000000000
64451  13.907  -26.923  59.241 0.0000000000
63049  11.602  -27.873  60.116 0.0000000000
60506  12.767  -29.433  63.699 0.0000000000
61816  10.039  -28.430  61.260 0.0000000000
63016  6.903  -27.510  65.227 0.0000000000
62997  5.682  -27.701  68.373 0.0000000000
79120  25.314  -15.749  44.365 0.0000000000
73632  25.250  -19.921  44.086 0.0000000000
76354  22.456  -18.460  45.100 0.0000000000
70534  19.440  -22.820  50.313 0.0000000000
73464  21.675  -21.798  50.638 0.0000000000
89338  35.294  -9.881  43.947 0.0000000000
90789  33.290  -10.419  40.867 0.0000000000
97905  38.943  -2.804  34.316 0.0000000000
94929  36.493  -4.747  35.809 0.0000000000
93570  34.351  -6.107  35.548 0.0000000000
69015  17.085  -23.371  51.451 0.0000000000
67475  16.439  -25.335  55.056 0.0000000000
70461  14.213  -22.392  53.690 0.0000000000
70427  13.130  -21.981  56.187 0.0000000000
71849  11.698  -21.703  58.914 0.0000000000
77644  19.616  -16.852  46.103 0.0000000000
79016  18.208  -15.997  48.222 0.0000000000
74893  17.570  -19.989  50.219 0.0000000000
86502  29.778  -11.467  46.796 0.0000000000
89363  27.786  -10.047  43.541 0.0000000000
85073  30.759  -13.112  43.534 0.0000000000
86573  35.341  -11.864  42.153 0.0000000000
113854  52.904  8.766  22.887 0.0000000000
112635  50.300  7.012  23.105 0.0000000000
108617  51.339  4.548  24.348 0.0000000000
102104  47.067  -0.176  27.892 0.0000000000
99419  48.683  -2.617  28.221 0.0000000000
99393  45.492  -2.900  29.659 0.0000000000
97965  45.357  -4.217  30.977 0.0000000000
94968  44.924  -5.751  33.008 0.0000000000
94985  39.324  -5.145  32.207 0.0000000000
93588  41.511  -7.176  32.909 0.0000000000
75010  31.375  -20.179  44.661 0.0000000000
76328  34.936  -18.464  46.013 0.0000000000
104744  47.552  1.540  29.494 0.0000000000
65917  8.840  -24.771  62.311 0.0000000000
64377  8.109  -27.054  63.237 0.0000000000
60489  7.981  -30.366  64.856 0.0000000000
57799  7.566  -31.768  67.145 0.0000000000
57793  6.311  -32.071  68.136 0.0000000000
59096  4.434  -30.812  69.112 0.0000000000
60438  4.113  -29.373  70.208 0.0000000000
62960  2.937  -26.874  71.705 0.0000000000
76422  30.030  -18.417  42.285 0.0000000000
73652  28.585  -20.498  43.744 0.0000000000
73551  28.016  -21.470  47.270 0.0000000000
76296  22.004  -20.158  47.236 0.0000000000
92221  32.312  -7.398  36.302 0.0000000000
90812  27.882  -9.020  39.679 0.0000000000
90852  31.217  -9.352  37.735 0.0000000000
90849  34.821  -10.265  38.282 0.0000000000
80510  36.972  -16.021  47.513 0.0000000000
112701  57.807  7.506  18.515 0.0000000000
112671  54.755  7.600  20.925 0.0000000000
111347  57.448  5.995  19.914 0.0000000000
102130  49.898  0.118  26.630 0.0000000000
102115  51.530  -0.956  27.334 0.0000000000
100794  50.473  -1.535  27.434 0.0000000000
79169  33.279  -16.635  41.904 0.0000000000
79168  34.297  -16.562  42.028 0.0000000000
77756  34.668  -17.330  42.720 0.0000000000
103462  48.622  0.477  27.111 0.0000000000
106001  48.714  1.984  26.881 0.0000000000
104783  49.027  1.564  26.724 0.0000000000
104782  49.828  1.556  26.347 0.0000000000
57763  3.317  -31.274  70.804 0.0000000000
102049  41.156  -0.635  31.946 0.0000000000
100704  40.577  -1.018  33.507 0.0000000000
92266  36.272  -8.232  34.947 0.0000000000
90929  37.382  -8.321  34.659 0.0000000000
89530  36.950  -9.740  35.612 0.0000000000
89505  38.331  -10.384  36.448 0.0000000000
89506  37.280  -10.286  36.405 0.0000000000
67443  10.659  -25.290  58.624 0.0000000000
64473  11.599  -26.707  58.820 0.0000000000
64430  10.548  -26.339  59.467 0.0000000000
63042  10.815  -28.183  60.583 0.0000000000
63051  9.908  -26.683  60.255 0.0000000000
80544  24.494  -14.895  45.620 0.0000000000
79122  23.493  -16.576  44.222 0.0000000000
79093  22.744  -15.984  44.612 0.0000000000
70503  19.404  -24.075  52.155 0.0000000000
92130  28.494  -7.010  44.474 0.0000000000
90730  35.460  -9.244  43.959 0.0000000000
94930  35.621  -4.791  35.950 0.0000000000
96391  34.362  -4.324  36.754 0.0000000000
71977  15.850  -21.394  52.104 0.0000000000
68992  15.533  -23.505  52.453 0.0000000000
71953  15.557  -20.675  52.930 0.0000000000
71895  13.795  -20.841  55.486 0.0000000000
73348  13.823  -19.960  56.706 0.0000000000
70409  12.131  -22.227  57.319 0.0000000000
80492  18.697  -14.887  47.967 0.0000000000
77561  17.334  -17.376  52.009 0.0000000000
76237  17.613  -17.652  50.740 0.0000000000
74871  17.083  -19.420  51.346 0.0000000000
72002  17.350  -21.919  50.410 0.0000000000
86546  30.033  -12.932  45.079 0.0000000000
85056  31.103  -12.866  44.571 0.0000000000
82177  36.408  -14.008  41.852 0.0000000000
85085  34.890  -12.383  41.627 0.0000000000
85069  36.701  -12.665  42.716 0.0000000000
86542  36.860  -11.703  43.649 0.0000000000
85052  37.755  -12.724  44.542 0.0000000000
111277  48.469  7.239  27.473 0.0000000000
113852  50.542  8.466  24.395 0.0000000000
112625  49.475  6.935  24.381 0.0000000000
107274  52.165  3.506  25.968 0.0000000000
108618  50.721  4.628  24.740 0.0000000000
108588  52.704  3.694  25.791 0.0000000000
102106  45.703  -0.243  28.645 0.0000000000
100772  46.048  -1.693  28.541 0.0000000000
100774  44.412  -1.300  29.292 0.0000000000
97968  42.217  -3.325  30.955 0.0000000000
97983  44.040  -3.104  30.365 0.0000000000
96463  43.792  -4.348  31.272 0.0000000000
96429  44.976  -5.173  32.423 0.0000000000
96446  43.316  -5.012  31.787 0.0000000000
97906  38.414  -3.481  33.723 0.0000000000
97947  39.099  -3.590  32.488 0.0000000000
96451  38.617  -4.467  32.933 0.0000000000
92281  40.690  -8.248  33.977 0.0000000000
93589  40.513  -7.052  32.801 0.0000000000
92297  41.585  -7.781  33.690 0.0000000000
93587  42.612  -7.208  33.564 0.0000000000
73598  31.500  -20.444  45.973 0.0000000000
74961  32.882  -19.853  46.377 0.0000000000
103410  44.910  1.031  30.177 0.0000000000
103424  45.662  0.898  29.499 0.0000000000
103442  46.563  0.751  28.705 0.0000000000
66028  15.376  -25.648  55.227 0.0000000000
66003  15.362  -25.943  56.574 0.0000000000
60508  10.963  -29.905  63.266 0.0000000000
60485  12.610  -29.766  65.137 0.0000000000
60486  11.685  -30.367  65.299 0.0000000000
60487  10.369  -30.818  65.397 0.0000000000
67378  8.505  -24.344  63.558 0.0000000000
64376  8.451  -26.345  63.117 0.0000000000
65869  8.420  -25.218  63.893 0.0000000000
63011  6.702  -27.849  65.995 0.0000000000
61782  7.029  -28.294  65.038 0.0000000000
59136  7.083  -30.437  65.548 0.0000000000
59125  8.129  -31.481  65.974 0.0000000000
59126  6.921  -31.088  66.133 0.0000000000
57800  6.823  -31.828  67.400 0.0000000000
60469  5.926  -30.076  66.749 0.0000000000
64329  5.434  -27.118  69.342 0.0000000000
61756  5.240  -28.798  68.804 0.0000000000
61749  4.762  -28.585  69.851 0.0000000000
60445  4.281  -29.559  69.881 0.0000000000
61740  4.524  -28.181  70.419 0.0000000000
79146  29.028  -16.315  44.084 0.0000000000
79173  29.835  -16.607  42.784 0.0000000000
77762  28.732  -17.458  42.569 0.0000000000
75064  29.328  -19.273  42.628 0.0000000000
75040  27.641  -19.627  42.947 0.0000000000
73578  24.754  -20.929  45.828 0.0000000000
73604  26.007  -20.797  44.984 0.0000000000
73552  26.717  -21.518  47.696 0.0000000000
76318  19.217  -17.958  46.892 0.0000000000
76317  20.227  -18.565  46.179 0.0000000000
74930  20.172  -20.147  47.606 0.0000000000
74868  23.108  -21.683  51.380 0.0000000000
99390  48.573  -3.357  29.996 0.0000000000
99389  49.678  -3.201  30.018 0.0000000000
99370  49.973  -3.491  30.835 0.0000000000
94898  30.698  -4.944  38.762 0.0000000000
93523  31.613  -5.559  37.479 0.0000000000
93524  30.603  -6.022  37.790 0.0000000000
87989  28.314  -11.848  41.613 0.0000000000
90790  27.459  -8.939  41.203 0.0000000000
89403  29.242  -11.018  39.910 0.0000000000
90787  34.653  -9.319  41.322 0.0000000000
89446  32.370  -10.543  39.575 0.0000000000
90829  33.752  -10.327  39.051 0.0000000000
90850  33.862  -10.286  37.941 0.0000000000
90828  34.686  -10.155  39.269 0.0000000000
89424  37.356  -10.266  39.788 0.0000000000
77652  35.806  -17.305  46.425 0.0000000000
113882  57.005  8.500  19.123 0.0000000000
112644  52.391  7.750  22.233 0.0000000000
113865  53.601  8.123  22.108 0.0000000000
111330  53.282  6.680  21.449 0.0000000000
109975  56.414  5.079  21.098 0.0000000000
108669  57.574  4.658  20.783 0.0000000000
76208  16.498  -18.407  53.044 0.0000000000
74807  16.121  -19.230  53.839 0.0000000000
104780  52.151  1.510  26.045 0.0000000000
104771  53.726  0.816  26.820 0.0000000000
103458  52.947  0.143  27.079 0.0000000000
82113  33.776  -14.377  43.663 0.0000000000
83626  33.305  -13.901  42.688 0.0000000000
82136  33.702  -14.485  42.440 0.0000000000
80656  35.870  -15.335  42.088 0.0000000000
80599  36.697  -15.511  43.774 0.0000000000
108565  49.174  4.700  29.757 0.0000000000
107258  48.537  3.850  28.298 0.0000000000
107267  48.569  4.255  27.557 0.0000000000
109932  48.174  5.712  26.510 0.0000000000
109942  48.709  5.445  25.701 0.0000000000
107276  49.816  3.537  26.323 0.0000000000
105999  50.355  2.582  26.198 0.0000000000
56483  4.685  -32.304  69.769 0.0000000000
103412  42.835  0.080  30.661 0.0000000000
100756  43.535  -1.343  29.921 0.0000000000
102059  42.105  -0.411  30.938 0.0000000000
99374  41.739  -2.335  31.024 0.0000000000
97969  41.196  -3.175  31.220 0.0000000000
94959  37.388  -5.494  34.204 0.0000000000
93592  37.880  -5.962  33.496 0.0000000000
92284  37.994  -7.589  33.975 0.0000000000
90928  38.404  -8.530  34.405 0.0000000000
90912  39.876  -9.478  35.039 0.0000000000
89527  40.149  -9.992  35.879 0.0000000000
89480  40.591  -10.749  37.800 0.0000000000
72075  30.069  -20.956  48.511 0.0000000000
67454  12.168  -24.995  56.559 0.0000000000
65989  14.341  -26.500  57.757 0.0000000000
64471  12.988  -26.846  58.457 0.0000000000
64452  12.983  -27.426  59.477 0.0000000000
63040  13.137  -28.327  61.251 0.0000000000
60516  11.442  -29.625  62.750 0.0000000000
61799  10.137  -29.590  62.931 0.0000000000
65848  8.028  -25.479  65.163 0.0000000000
63010  6.648  -26.825  66.338 0.0000000000
63003  6.349  -27.241  67.002 0.0000000000
61769  5.822  -29.137  67.059 0.0000000000
62996  5.956  -27.405  68.009 0.0000000000
64328  5.946  -26.502  69.024 0.0000000000
64323  5.613  -25.755  70.092 0.0000000000
79147  25.969  -16.620  43.625 0.0000000000
75042  26.015  -18.803  43.119 0.0000000000
76399  25.034  -17.869  43.349 0.0000000000
74987  24.065  -19.589  44.442 0.0000000000
74964  23.489  -20.062  45.583 0.0000000000
72055  19.642  -21.753  49.505 0.0000000000
73512  20.900  -21.220  49.005 0.0000000000
73465  21.299  -22.157  51.001 0.0000000000
97943  47.766  -4.288  31.926 0.0000000000
93501  29.021  -5.942  40.956 0.0000000000
89362  33.482  -10.886  41.834 0.0000000000
89402  31.128  -11.329  40.241 0.0000000000
90747  33.794  -9.987  42.363 0.0000000000
90766  34.289  -9.209  42.115 0.0000000000
115101  55.744  9.966  21.449 0.0000000000
59058  2.445  -30.129  71.283 0.0000000000
97888  39.221  -2.680  35.311 0.0000000000
96406  38.028  -3.932  35.486 0.0000000000
94945  37.211  -4.797  35.021 0.0000000000
93567  36.376  -5.960  34.711 0.0000000000
93568  35.783  -6.311  34.920 0.0000000000
90917  34.662  -8.135  35.278 0.0000000000
68989  18.881  -24.375  53.324 0.0000000000
68969  17.718  -24.721  54.936 0.0000000000
68980  17.108  -24.781  53.800 0.0000000000
67486  15.253  -24.643  53.703 0.0000000000
68971  13.601  -23.575  54.678 0.0000000000
71911  14.943  -20.415  54.213 0.0000000000
70444  13.874  -21.847  54.610 0.0000000000
68960  13.163  -23.806  55.367 0.0000000000
68951  11.896  -23.639  56.806 0.0000000000
68942  11.367  -23.553  57.796 0.0000000000
68929  10.479  -23.669  59.253 0.0000000000
79067  21.376  -15.636  45.613 0.0000000000
80518  20.216  -14.723  47.136 0.0000000000
77645  18.848  -16.830  47.005 0.0000000000
76299  18.649  -18.383  47.780 0.0000000000
78985  17.672  -15.991  50.241 0.0000000000
77589  17.874  -17.135  49.645 0.0000000000
76279  18.204  -19.528  49.137 0.0000000000
73515  18.091  -21.174  49.496 0.0000000000
70521  17.940  -23.288  50.938 0.0000000000
89340  29.132  -9.495  45.993 0.0000000000
90734  27.924  -9.009  45.158 0.0000000000
87963  28.248  -10.316  45.238 0.0000000000
86563  28.646  -12.456  43.399 0.0000000000
86578  30.245  -12.872  42.404 0.0000000000
83645  33.042  -13.490  41.936 0.0000000000
85087  32.952  -12.771  41.643 0.0000000000
87985  33.382  -11.455  41.744 0.0000000000
87973  34.543  -11.021  42.916 0.0000000000
87944  36.744  -10.686  44.390 0.0000000000
115089  52.556  9.437  24.001 0.0000000000
113856  51.474  8.558  23.195 0.0000000000
111319  51.591  6.232  22.208 0.0000000000
109951  49.529  5.828  24.338 0.0000000000
109956  50.953  5.082  23.386 0.0000000000
100797  47.755  -0.560  27.528 0.0000000000
100784  48.534  -1.931  27.582 0.0000000000
99420  47.765  -2.386  28.177 0.0000000000
99411  47.120  -2.779  28.887 0.0000000000
97980  46.910  -3.852  30.267 0.0000000000
99394  44.514  -2.560  29.833 0.0000000000
97981  45.911  -3.755  30.195 0.0000000000
97964  46.396  -4.301  30.961 0.0000000000
96443  46.099  -4.810  32.186 0.0000000000
96416  46.177  -5.366  33.453 0.0000000000
99339  39.682  -2.095  33.089 0.0000000000
97946  39.692  -3.349  31.907 0.0000000000
96448  40.986  -4.844  31.664 0.0000000000
93600  39.467  -5.983  32.336 0.0000000000
93599  40.390  -6.368  32.335 0.0000000000
94983  41.461  -5.969  32.139 0.0000000000
94969  43.654  -6.387  33.236 0.0000000000
76395  32.738  -18.997  43.547 0.0000000000
76371  34.295  -18.248  44.260 0.0000000000
76351  33.604  -19.114  45.195 0.0000000000
76308  34.636  -19.166  47.170 0.0000000000
104760  47.504  1.286  28.507 0.0000000000
103463  47.749  0.583  27.660 0.0000000000
68903  9.989  -23.261  60.344 0.0000000000
68893  9.522  -23.285  61.364 0.0000000000
67414  9.448  -24.095  60.764 0.0000000000
65940  9.063  -25.727  61.742 0.0000000000
63035  8.714  -27.223  62.009 0.0000000000
60510  8.945  -29.634  63.534 0.0000000000
63022  7.509  -27.483  64.145 0.0000000000
60500  8.243  -29.805  64.169 0.0000000000
60488  8.992  -30.709  64.832 0.0000000000
59133  9.401  -31.006  65.612 0.0000000000
57797  9.327  -31.700  67.418 0.0000000000
57783  6.043  -32.660  69.583 0.0000000000
60460  5.264  -29.927  67.346 0.0000000000
59107  4.760  -31.043  68.501 0.0000000000
57784  4.768  -31.984  69.205 0.0000000000
57785  4.282  -31.412  69.484 0.0000000000
59087  3.660  -30.398  70.224 0.0000000000
59078  3.231  -30.288  70.789 0.0000000000
62969  4.139  -26.924  71.383 0.0000000000
61732  3.572  -28.132  71.123 0.0000000000
60421  2.959  -29.030  70.936 0.0000000000
79170  32.343  -16.826  41.874 0.0000000000
79172  30.513  -16.681  42.428 0.0000000000
77759  31.764  -17.695  41.964 0.0000000000
75062  31.435  -19.279  42.764 0.0000000000
75011  30.328  -20.359  44.273 0.0000000000
73600  30.049  -20.682  45.652 0.0000000000
73630  26.934  -20.566  44.237 0.0000000000
73602  28.241  -20.975  45.392 0.0000000000
73550  28.996  -21.171  47.211 0.0000000000
77691  20.894  -17.123  45.413 0.0000000000
76315  22.369  -19.575  46.409 0.0000000000
74947  22.939  -20.120  46.628 0.0000000000
74892  21.726  -21.224  49.174 0.0000000000
74909  22.974  -21.328  48.744 0.0000000000
73511  24.551  -21.581  49.412 0.0000000000
100771  50.216  -2.534  28.616 0.0000000000
94911  33.051  -4.630  36.979 0.0000000000
92246  32.836  -6.435  36.067 0.0000000000
90893  33.720  -8.331  35.661 0.0000000000
92151  27.815  -7.669  43.520 0.0000000000
92178  27.553  -7.670  40.616 0.0000000000
92193  28.054  -7.829  39.491 0.0000000000
89427  30.211  -10.569  39.271 0.0000000000
89448  30.241  -9.763  38.678 0.0000000000
90853  30.083  -8.321  38.066 0.0000000000
92205  31.703  -8.331  36.925 0.0000000000
90869  33.426  -9.270  36.616 0.0000000000
89486  35.052  -10.131  36.905 0.0000000000
89463  36.783  -10.480  38.232 0.0000000000
77707  35.043  -17.679  44.398 0.0000000000
79081  36.114  -16.483  45.523 0.0000000000
80540  36.931  -15.436  46.217 0.0000000000
82032  38.009  -14.650  47.928 0.0000000000
82050  37.891  -14.302  46.911 0.0000000000
113908  58.722  8.327  17.559 0.0000000000
113863  54.852  8.703  21.527 0.0000000000
112670  55.434  7.634  20.585 0.0000000000
109977  54.707  5.373  21.192 0.0000000000
111349  55.673  6.835  20.459 0.0000000000
112689  56.731  7.434  19.528 0.0000000000
111363  57.879  6.425  19.160 0.0000000000
111362  58.396  5.786  19.053 0.0000000000
102131  49.637  -0.027  26.771 0.0000000000
102116  50.211  -0.475  26.883 0.0000000000
100795  49.393  -1.287  27.256 0.0000000000
77757  33.791  -17.480  42.125 0.0000000000
76418  34.103  -18.008  42.774 0.0000000000
103479  48.728  1.080  26.926 0.0000000000
103478  49.360  0.577  26.733 0.0000000000
57764  3.137  -31.298  71.082 0.0000000000
90916  35.491  -8.884  35.337 0.0000000000
90915  36.634  -8.898  35.122 0.0000000000
89507  36.327  -10.033  36.417 0.0000000000
67432  10.421  -24.462  59.076 0.0000000000
65975  10.594  -25.737  58.984 0.0000000000
64431  9.915  -26.146  59.906 0.0000000000
80545  23.792  -14.616  45.802 0.0000000000
80575  23.571  -15.138  44.930 0.0000000000
80576  22.732  -15.073  45.177 0.0000000000
70488  19.836  -23.840  53.759 0.0000000000
70487  20.610  -23.364  53.129 0.0000000000
92106  29.261  -6.893  45.366 0.0000000000
73443  16.267  -20.359  51.888 0.0000000000
73417  15.954  -20.227  52.649 0.0000000000
76222  17.109  -18.434  52.171 0.0000000000
73442  16.670  -19.979  51.489 0.0000000000
73467  16.567  -20.605  51.243 0.0000000000
85031  31.019  -12.671  45.324 0.0000000000
85055  32.230  -13.214  44.317 0.0000000000
83624  37.059  -13.835  43.170 0.0000000000
85083  36.414  -12.924  42.094 0.0000000000
85053  37.322  -12.791  43.749 0.0000000000
112594  48.558  7.439  26.909 0.0000000000
112593  48.950  7.809  27.509 0.0000000000
112604  49.101  7.972  26.411 0.0000000000
113837  49.419  8.193  25.853 0.0000000000
113845  49.646  8.263  25.586 0.0000000000
112614  49.347  7.636  25.234 0.0000000000
107273  53.061  3.242  25.984 0.0000000000
57772  6.578  -32.814  71.079 0.0000000000
102090  45.132  -0.285  28.983 0.0000000000
100773  45.477  -1.406  28.674 0.0000000000
97967  43.324  -3.440  30.681 0.0000000000
96418  38.032  -3.742  34.395 0.0000000000
96430  38.253  -4.249  33.545 0.0000000000
90926  40.722  -8.927  34.597 0.0000000000
92280  41.648  -8.355  34.453 0.0000000000
73572  31.084  -20.636  46.527 0.0000000000
73571  31.773  -20.445  46.570 0.0000000000
73547  31.336  -20.598  47.314 0.0000000000
103425  44.589  0.345  29.800 0.0000000000
103409  45.386  1.131  30.025 0.0000000000
103443  45.803  0.219  28.763 0.0000000000
66017  14.435  -25.639  55.748 0.0000000000
66016  15.365  -25.768  55.753 0.0000000000
66004  14.408  -25.990  56.715 0.0000000000
60498  10.743  -30.346  64.257 0.0000000000
60497  11.811  -29.947  64.259 0.0000000000
61775  6.276  -28.782  66.367 0.0000000000
61783  6.923  -28.681  65.381 0.0000000000
60478  6.687  -29.845  65.700 0.0000000000
59127  6.263  -30.618  66.484 0.0000000000
61776  6.069  -29.502  66.597 0.0000000000
62984  5.141  -27.637  69.711 0.0000000000
61748  5.178  -28.367  69.342 0.0000000000
62985  4.758  -27.779  70.238 0.0000000000
77733  27.722  -16.870  43.511 0.0000000000
77709  28.413  -16.340  44.245 0.0000000000
77732  28.623  -16.749  43.309 0.0000000000
77763  27.929  -17.465  42.803 0.0000000000
75065  28.378  -19.097  42.585 0.0000000000
76425  27.321  -18.214  42.559 0.0000000000
73553  25.317  -21.270  47.347 0.0000000000
73532  26.414  -21.666  48.626 0.0000000000
73533  25.579  -21.586  48.795 0.0000000000
76298  19.602  -19.265  47.083 0.0000000000
97979  47.769  -3.819  30.390 0.0000000000
99371  49.175  -3.511  30.697 0.0000000000
93512  29.927  -5.487  39.083 0.0000000000
94886  30.536  -4.672  39.831 0.0000000000
87988  29.823  -12.329  41.326 0.0000000000
88000  28.292  -11.196  40.673 0.0000000000
87999  29.549  -11.719  40.624 0.0000000000
90809  33.904  -10.189  40.213 0.0000000000
90808  34.696  -9.938  40.339 0.0000000000
90807  35.543  -9.819  40.309 0.0000000000
111318  52.305  6.439  21.899 0.0000000000
109979  52.951  6.198  21.587 0.0000000000
78946  16.350  -16.540  53.440 0.0000000000
77539  16.181  -17.583  53.632 0.0000000000
78931  15.803  -16.738  54.210 0.0000000000
78960  16.886  -16.398  52.593 0.0000000000
103475  52.606  0.664  26.487 0.0000000000
103459  52.080  0.001  26.941 0.0000000000
102103  51.729  -1.532  27.855 0.0000000000
102102  52.459  -1.434  28.145 0.0000000000
79167  35.165  -16.525  42.421 0.0000000000
80657  35.024  -15.674  41.811 0.0000000000
80629  35.685  -15.949  42.412 0.0000000000
80628  36.306  -15.557  42.877 0.0000000000
79139  36.320  -15.959  43.521 0.0000000000
104758  48.424  2.391  28.579 0.0000000000
105982  48.544  2.960  28.753 0.0000000000
105983  48.393  2.440  28.138 0.0000000000
106000  49.069  2.642  26.734 0.0000000000
107266  48.760  3.592  27.373 0.0000000000
107278  48.779  4.108  27.140 0.0000000000
108592  48.549  4.710  26.749 0.0000000000
108591  49.307  4.294  26.235 0.0000000000
104781  50.976  1.543  26.100 0.0000000000
105998  51.558  2.551  26.061 0.0000000000
56477  4.471  -32.518  70.326 0.0000000000
103396  42.529  0.545  31.200 0.0000000000
100728  40.901  -1.207  31.930 0.0000000000
100740  41.398  -1.272  31.416 0.0000000000
93580  36.746  -6.340  34.475 0.0000000000
93579  37.463  -6.626  34.002 0.0000000000
90914  37.677  -9.131  35.039 0.0000000000
90927  39.628  -8.684  34.285 0.0000000000
89528  39.074  -9.943  35.714 0.0000000000
89482  38.693  -10.758  37.236 0.0000000000
89481  39.631  -10.806  37.374 0.0000000000
88030  39.817  -10.855  38.859 0.0000000000
103411  43.686  0.808  30.597 0.0000000000
66006  12.268  -25.767  57.006 0.0000000000
65991  11.835  -26.157  57.713 0.0000000000
64453  11.904  -27.154  59.157 0.0000000000
64472  12.078  -26.833  58.607 0.0000000000
63056  12.120  -27.638  59.667 0.0000000000
64429  13.639  -27.852  60.664 0.0000000000
63048  12.612  -27.943  60.362 0.0000000000
63034  12.757  -28.729  61.823 0.0000000000
63041  12.049  -28.474  61.012 0.0000000000
61815  11.181  -28.920  61.426 0.0000000000
61807  10.466  -29.273  62.269 0.0000000000
61808  9.189  -28.420  61.926 0.0000000000
64343  6.665  -25.923  67.027 0.0000000000
63002  6.562  -26.595  66.925 0.0000000000
64344  6.557  -26.457  67.239 0.0000000000
64336  6.605  -26.133  67.869 0.0000000000
65803  6.102  -25.142  69.673 0.0000000000
79090  25.664  -15.384  45.490 0.0000000000
79089  26.234  -15.711  45.423 0.0000000000
79119  26.243  -16.152  44.340 0.0000000000
79148  25.448  -16.503  43.688 0.0000000000
77735  25.565  -17.149  43.291 0.0000000000
79149  24.762  -16.513  43.683 0.0000000000
77688  22.970  -17.684  44.453 0.0000000000
76376  23.634  -18.361  44.370 0.0000000000
76353  23.038  -18.402  44.735 0.0000000000
76333  23.234  -19.167  45.166 0.0000000000
72030  19.475  -22.294  49.877 0.0000000000
72054  20.236  -21.720  49.631 0.0000000000
70519  20.326  -22.847  50.791 0.0000000000
92164  28.285  -6.721  41.510 0.0000000000
89348  34.153  -10.369  42.982 0.0000000000
89361  33.900  -10.318  42.485 0.0000000000
89360  34.395  -9.790  43.168 0.0000000000
92104  35.665  -8.982  43.919 0.0000000000
92128  34.934  -8.963  43.037 0.0000000000
92127  35.789  -8.682  43.277 0.0000000000
60423  2.377  -28.937  70.945 0.0000000000
96417  38.527  -3.141  35.171 0.0000000000
94928  37.051  -4.677  35.578 0.0000000000
94946  36.478  -5.325  35.130 0.0000000000
94948  35.086  -5.392  35.657 0.0000000000
93569  34.924  -6.082  35.352 0.0000000000
92268  34.872  -7.050  35.158 0.0000000000
92269  34.200  -6.652  35.428 0.0000000000
69000  17.561  -23.921  52.019 0.0000000000
68990  17.853  -24.673  52.968 0.0000000000
68991  16.704  -24.349  52.594 0.0000000000
68993  14.996  -23.015  52.767 0.0000000000
68982  14.889  -23.578  53.144 0.0000000000
68970  14.291  -23.975  53.983 0.0000000000
74787  15.805  -19.189  54.502 0.0000000000
73377  15.832  -19.682  54.013 0.0000000000
73379  14.952  -20.167  54.703 0.0000000000
71896  13.370  -21.477  55.856 0.0000000000
70445  13.419  -22.382  55.289 0.0000000000
70446  12.962  -22.834  55.864 0.0000000000
68961  12.651  -23.478  56.080 0.0000000000
70428  12.541  -22.606  56.478 0.0000000000
71864  12.099  -21.726  58.201 0.0000000000
70410  11.777  -22.521  58.013 0.0000000000
70392  11.350  -22.609  58.594 0.0000000000
68928  10.790  -23.584  58.832 0.0000000000
80517  21.580  -14.247  47.144 0.0000000000
80493  18.413  -15.414  48.181 0.0000000000
79034  18.568  -15.816  47.511 0.0000000000
77626  18.440  -16.997  47.734 0.0000000000
77608  18.026  -17.199  48.559 0.0000000000
76238  17.505  -18.396  50.989 0.0000000000
76256  17.822  -18.003  50.153 0.0000000000
76257  18.016  -19.120  49.862 0.0000000000
76278  18.051  -18.644  48.951 0.0000000000
74914  18.185  -20.193  49.310 0.0000000000
70522  16.902  -22.822  51.208 0.0000000000
70504  18.355  -23.988  51.816 0.0000000000
87932  29.265  -10.541  46.448 0.0000000000
87947  28.565  -10.735  45.894 0.0000000000
85057  30.435  -12.958  44.301 0.0000000000
86547  28.806  -12.545  44.841 0.0000000000
86562  29.789  -12.937  43.956 0.0000000000
82137  33.762  -14.002  42.174 0.0000000000
83627  32.533  -13.575  43.002 0.0000000000
83644  33.838  -13.598  41.676 0.0000000000
85086  33.889  -12.623  41.538 0.0000000000
86574  34.570  -11.731  41.946 0.0000000000
86576  32.810  -12.155  41.519 0.0000000000
86575  33.708  -11.714  41.737 0.0000000000
86560  35.152  -11.260  42.825 0.0000000000
86521  37.667  -11.755  44.676 0.0000000000
86522  37.206  -11.277  44.323 0.0000000000
109907  48.945  5.697  29.367 0.0000000000
115078  52.517  9.607  25.124 0.0000000000
113842  51.757  9.136  24.423 0.0000000000
112624  50.160  7.803  24.025 0.0000000000
113851  51.048  8.545  23.818 0.0000000000
112634  51.196  7.812  22.938 0.0000000000
112645  51.619  6.937  22.298 0.0000000000
111311  50.862  6.287  22.624 0.0000000000
108603  49.423  4.724  25.606 0.0000000000
109941  49.550  5.240  24.902 0.0000000000
109940  49.953  4.935  24.692 0.0000000000
109949  50.839  4.920  23.987 0.0000000000
108627  51.925  4.537  23.436 0.0000000000
100785  47.480  -1.369  27.730 0.0000000000
99412  46.070  -2.302  28.847 0.0000000000
99421  46.843  -2.000  28.363 0.0000000000
99391  47.507  -3.400  29.649 0.0000000000
99392  46.496  -3.169  29.591 0.0000000000
100755  44.047  -1.960  29.653 0.0000000000
99395  43.573  -2.376  30.198 0.0000000000
97966  44.351  -3.843  30.808 0.0000000000
97982  44.935  -3.436  30.263 0.0000000000
97944  46.817  -4.573  31.875 0.0000000000
97945  45.996  -4.590  31.574 0.0000000000
94980  44.575  -5.365  32.442 0.0000000000
96428  45.701  -5.226  32.701 0.0000000000
94967  45.628  -5.530  33.262 0.0000000000
100705  40.050  -1.647  33.336 0.0000000000
99329  39.320  -2.545  33.507 0.0000000000
96450  39.022  -4.433  32.411 0.0000000000
99357  39.403  -2.996  32.283 0.0000000000
96449  39.819  -4.327  31.837 0.0000000000
96466  40.653  -3.901  31.470 0.0000000000
93591  38.685  -6.227  32.958 0.0000000000
93590  39.613  -6.736  32.801 0.0000000000
93598  41.102  -6.669  32.496 0.0000000000
94971  41.608  -6.636  32.508 0.0000000000
94982  42.835  -5.832  32.246 0.0000000000
94970  42.306  -6.589  32.704 0.0000000000
75035  32.365  -19.272  43.843 0.0000000000
76373  32.887  -19.128  44.287 0.0000000000
75009  32.455  -19.483  44.428 0.0000000000
74944  33.252  -19.781  47.339 0.0000000000
74943  34.150  -19.436  47.330 0.0000000000
104743  48.251  1.815  29.317 0.0000000000
104761  47.031  1.341  28.994 0.0000000000
102105  46.173  -0.211  28.391 0.0000000000
103441  47.215  0.608  28.167 0.0000000000
102119  47.686  -0.082  27.574 0.0000000000
68959  17.985  -24.521  56.021 0.0000000000
67474  17.192  -24.942  55.568 0.0000000000
64470  13.830  -26.720  58.401 0.0000000000
61789  13.215  -29.193  64.045 0.0000000000
70357  10.241  -22.230  60.444 0.0000000000
68883  9.218  -23.221  62.316 0.0000000000
67403  8.975  -24.062  61.776 0.0000000000
65939  9.107  -25.163  61.350 0.0000000000
65918  8.930  -25.373  62.109 0.0000000000
63028  8.295  -27.807  62.697 0.0000000000
61800  9.236  -29.117  62.832 0.0000000000
64358  7.824  -26.100  64.879 0.0000000000
60501  7.525  -29.628  64.642 0.0000000000
61790  7.272  -28.685  64.516 0.0000000000
59134  8.525  -31.014  65.409 0.0000000000
57807  7.899  -31.650  66.537 0.0000000000
59115  8.732  -31.602  66.500 0.0000000000
57798  8.639  -31.730  67.122 0.0000000000
57792  7.500  -32.039  68.163 0.0000000000
61763  5.569  -28.457  67.997 0.0000000000
60452  4.782  -29.806  68.850 0.0000000000
60461  4.936  -30.269  68.087 0.0000000000
59077  3.650  -29.991  70.377 0.0000000000
60439  3.631  -29.235  70.638 0.0000000000
62968  4.199  -26.914  71.254 0.0000000000
64311  3.886  -26.379  71.624 0.0000000000
62970  3.655  -27.252  71.367 0.0000000000
61723  3.394  -27.691  71.289 0.0000000000
61733  3.225  -28.354  71.098 0.0000000000
61724  2.818  -28.101  71.274 0.0000000000
79141  32.752  -16.258  42.085 0.0000000000
77761  29.672  -17.352  42.269 0.0000000000
77760  30.716  -17.563  41.996 0.0000000000
76421  31.092  -18.566  42.169 0.0000000000
75063  30.397  -19.347  42.678 0.0000000000
75039  28.546  -19.885  43.096 0.0000000000
75038  29.619  -20.178  43.491 0.0000000000
75012  29.714  -20.540  44.249 0.0000000000
73627  29.813  -20.658  44.854 0.0000000000
73628  29.044  -20.791  44.480 0.0000000000
75013  26.072  -19.398  43.408 0.0000000000
73655  26.412  -19.676  43.421 0.0000000000
73631  25.976  -20.045  43.956 0.0000000000
73576  27.489  -21.259  46.358 0.0000000000
73603  27.141  -20.948  45.269 0.0000000000
73575  28.588  -21.159  46.345 0.0000000000
72096  29.352  -20.982  47.969 0.0000000000
72097  28.536  -21.387  48.022 0.0000000000
79068  20.569  -15.798  45.857 0.0000000000
79095  21.048  -16.460  45.466 0.0000000000
77664  20.431  -16.952  45.577 0.0000000000
76316  21.403  -19.269  46.418 0.0000000000
74928  22.708  -20.699  47.543 0.0000000000
73490  21.481  -21.518  49.779 0.0000000000
74870  22.049  -21.643  50.178 0.0000000000
73463  23.649  -21.958  51.164 0.0000000000
74890  23.322  -21.679  50.136 0.0000000000
74889  24.012  -21.623  49.907 0.0000000000
74908  23.794  -21.563  49.074 0.0000000000
100783  49.645  -2.287  27.879 0.0000000000
99409  49.327  -2.788  29.029 0.0000000000
96367  33.072  -3.901  37.547 0.0000000000
94912  32.340  -4.863  37.354 0.0000000000
93535  32.184  -6.011  36.782 0.0000000000
92245  33.320  -7.220  35.647 0.0000000000
92220  32.909  -8.260  35.950 0.0000000000
90749  27.974  -8.634  44.273 0.0000000000
90769  27.517  -8.854  42.778 0.0000000000
89404  28.028  -10.157  40.370 0.0000000000
89401  32.558  -10.824  40.596 0.0000000000
89426  31.760  -10.763  39.778 0.0000000000
90831  31.538  -10.068  38.377 0.0000000000
89447  31.383  -10.394  38.904 0.0000000000
89465  30.947  -9.785  38.356 0.0000000000
89466  30.356  -9.261  38.195 0.0000000000
92206  30.693  -7.692  37.406 0.0000000000
90868  34.398  -10.033  37.064 0.0000000000
90867  35.078  -10.251  37.576 0.0000000000
89485  35.741  -10.178  37.248 0.0000000000
90847  36.210  -10.245  38.346 0.0000000000
89444  37.823  -10.564  39.418 0.0000000000
76349  34.840  -18.224  44.974 0.0000000000
76370  34.716  -18.006  44.462 0.0000000000
79062  36.440  -16.570  46.860 0.0000000000
77679  35.768  -17.126  45.682 0.0000000000
83568  38.128  -13.515  46.273 0.0000000000
113899  57.679  8.141  18.491 0.0000000000
113898  58.288  8.811  18.131 0.0000000000
112700  58.179  7.597  18.033 0.0000000000
111375  58.464  6.401  18.316 0.0000000000
115093  53.386  9.360  23.411 0.0000000000
112653  54.252  7.650  21.346 0.0000000000
113864  54.224  8.183  21.845 0.0000000000
113870  54.660  8.077  21.337 0.0000000000
113869  55.163  8.266  20.976 0.0000000000
109994  56.819  5.355  20.746 0.0000000000
109995  55.797  5.934  20.699 0.0000000000
111348  56.573  6.547  20.172 0.0000000000
111364  57.221  6.728  19.538 0.0000000000
103477  50.426  0.514  26.429 0.0000000000
103460  51.179  -0.095  26.723 0.0000000000
100793  51.224  -1.647  27.776 0.0000000000
80659  33.140  -16.008  42.011 0.0000000000
80658  33.797  -15.618  42.115 0.0000000000
77755  35.237  -16.904  42.939 0.0000000000
104772  48.263  1.288  27.418 0.0000000000
105989  48.451  2.115  27.406 0.0000000000
104784  48.582  1.597  27.003 0.0000000000
56479  3.401  -31.720  70.687 0.0000000000
102048  41.668  0.164  31.832 0.0000000000
102036  41.243  -0.380  32.710 0.0000000000
100713  40.715  -1.049  32.484 0.0000000000
90930  36.771  -8.246  34.825 0.0000000000
89529  37.997  -9.857  35.640 0.0000000000
89483  37.643  -10.661  37.403 0.0000000000
67442  10.836  -24.770  58.172 0.0000000000
65992  11.174  -26.114  58.481 0.0000000000
64454  11.191  -26.618  59.137 0.0000000000
63057  11.403  -27.255  59.568 0.0000000000
63050  10.604  -27.115  59.975 0.0000000000
63043  9.700  -27.243  60.715 0.0000000000
65819  6.644  -25.467  68.089 0.0000000000
80603  24.596  -15.618  44.451 0.0000000000
79121  24.177  -16.258  43.984 0.0000000000
79091  23.902  -15.928  44.327 0.0000000000
79123  22.984  -16.632  44.402 0.0000000000
77689  22.307  -17.450  44.721 0.0000000000
70520  19.512  -23.537  50.873 0.0000000000
70502  20.460  -23.239  51.850 0.0000000000
93478  28.985  -6.076  43.604 0.0000000000
89337  35.967  -9.823  44.309 0.0000000000
90721  35.155  -9.645  43.853 0.0000000000
90720  35.816  -9.298  44.290 0.0000000000
96390  35.371  -4.319  36.645 0.0000000000
94931  34.593  -4.998  36.022 0.0000000000
70505  16.311  -22.491  51.568 0.0000000000
69001  16.375  -23.379  51.873 0.0000000000
70506  15.832  -22.443  52.031 0.0000000000
71954  15.394  -21.536  52.681 0.0000000000
70476  14.839  -22.275  53.134 0.0000000000
73362  14.624  -20.063  55.293 0.0000000000
73347  14.341  -19.648  56.221 0.0000000000
71880  13.785  -20.254  56.222 0.0000000000
71881  13.273  -20.808  56.509 0.0000000000
70408  12.737  -21.676  56.831 0.0000000000
80445  18.315  -14.710  49.239 0.0000000000
78974  17.338  -16.272  51.833 0.0000000000
77572  17.455  -17.146  51.220 0.0000000000
73466  16.979  -20.638  50.753 0.0000000000
72003  16.652  -21.700  51.133 0.0000000000
86525  29.054  -12.072  45.987 0.0000000000
86524  30.499  -12.542  45.970 0.0000000000
82178  36.095  -14.143  41.614 0.0000000000
83664  34.551  -13.412  41.428 0.0000000000
83642  36.243  -13.103  41.869 0.0000000000
85084  35.914  -12.574  41.921 0.0000000000
85070  36.333  -12.219  42.531 0.0000000000
86559  36.057  -11.757  42.716 0.0000000000
86558  36.515  -12.052  42.890 0.0000000000
86541  37.469  -12.221  44.128 0.0000000000
85028  38.130  -12.756  45.392 0.0000000000
111269  48.545  6.854  28.344 0.0000000000
112592  49.766  8.368  27.830 0.0000000000
113843  50.979  8.832  24.786 0.0000000000
113844  50.090  8.428  25.064 0.0000000000
112613  49.825  8.005  24.746 0.0000000000
107275  50.957  3.661  25.998 0.0000000000
108602  50.188  4.619  25.082 0.0000000000
107282  51.747  3.937  25.724 0.0000000000
107281  52.109  3.905  25.748 0.0000000000
108600  52.310  4.051  25.380 0.0000000000
108599  53.479  4.076  25.242 0.0000000000
108587  53.267  3.736  25.718 0.0000000000
100786  46.353  -1.195  28.227 0.0000000000
100787  45.742  -0.675  28.530 0.0000000000
99413  45.008  -2.174  29.156 0.0000000000
99373  42.739  -2.518  30.583 0.0000000000
97984  43.551  -2.937  30.429 0.0000000000
96462  44.646  -4.433  31.374 0.0000000000
96444  45.303  -4.715  31.922 0.0000000000
96445  44.372  -4.927  31.965 0.0000000000
94981  43.969  -5.595  32.399 0.0000000000
97923  38.853  -3.110  33.312 0.0000000000
97948  38.826  -4.083  32.735 0.0000000000
94986  38.781  -4.966  32.616 0.0000000000
92282  39.957  -8.112  33.590 0.0000000000
92299  39.771  -7.508  33.190 0.0000000000
92298  40.678  -7.727  33.264 0.0000000000
92296  42.343  -7.829  34.169 0.0000000000
74985  31.507  -20.372  45.474 0.0000000000
74984  32.159  -20.123  45.656 0.0000000000
74962  32.338  -20.220  46.607 0.0000000000
74945  32.648  -20.076  47.082 0.0000000000
104727  44.626  1.493  30.819 0.0000000000
104726  45.605  1.413  30.467 0.0000000000
104746  46.110  1.364  29.977 0.0000000000
103423  46.258  1.074  29.185 0.0000000000
67465  15.927  -25.648  55.476 0.0000000000
67464  16.680  -25.339  56.015 0.0000000000
67441  16.210  -25.709  57.345 0.0000000000
60507  12.125  -29.644  63.354 0.0000000000
60496  12.683  -29.603  64.223 0.0000000000
60476  11.615  -30.774  66.632 0.0000000000
60477  10.705  -30.944  66.308 0.0000000000
68874  8.877  -23.512  62.968 0.0000000000
67391  8.769  -24.252  62.772 0.0000000000
65893  8.789  -25.077  62.898 0.0000000000
64366  7.994  -26.686  63.840 0.0000000000
63017  6.862  -28.024  65.553 0.0000000000
61791  7.214  -29.228  64.896 0.0000000000
60490  7.244  -29.883  65.145 0.0000000000
59135  7.596  -30.800  65.405 0.0000000000
59116  6.813  -31.534  66.861 0.0000000000
59117  6.109  -31.131  67.009 0.0000000000
62991  5.518  -27.742  68.911 0.0000000000
61757  4.956  -28.973  69.284 0.0000000000
60444  4.680  -29.375  69.474 0.0000000000
60453  4.447  -30.007  69.388 0.0000000000
61750  4.354  -28.791  70.265 0.0000000000
61741  4.131  -28.367  70.743 0.0000000000
77731  29.224  -16.809  42.789 0.0000000000
76423  29.034  -18.323  42.389 0.0000000000
73605  25.133  -20.407  44.610 0.0000000000
73577  26.229  -21.142  46.251 0.0000000000
72098  27.690  -21.606  48.123 0.0000000000
77643  20.224  -17.590  45.813 0.0000000000
76297  20.896  -19.855  47.174 0.0000000000
74824  22.299  -21.579  52.089 0.0000000000
74869  22.628  -21.733  50.716 0.0000000000
74846  22.622  -21.587  51.736 0.0000000000
99410  48.160  -2.939  28.980 0.0000000000
94885  31.210  -4.086  39.236 0.0000000000
94897  31.455  -4.672  38.089 0.0000000000
93536  31.475  -6.134  37.308 0.0000000000
92222  31.486  -6.920  37.084 0.0000000000
87976  27.811  -11.540  42.829 0.0000000000
89383  27.581  -10.399  41.822 0.0000000000
90788  33.877  -9.869  41.122 0.0000000000
90830  32.562  -10.434  38.833 0.0000000000
90851  32.632  -9.759  37.490 0.0000000000
90827  35.582  -10.106  39.254 0.0000000000
90826  36.297  -10.282  38.942 0.0000000000
76307  35.084  -18.776  47.196 0.0000000000
77653  35.446  -18.092  46.477 0.0000000000
77634  35.595  -17.984  47.347 0.0000000000
77633  36.051  -17.297  47.563 0.0000000000
79044  36.651  -16.768  47.924 0.0000000000
115131  57.723  9.153  18.716 0.0000000000
112688  57.440  7.356  18.950 0.0000000000
113861  52.614  8.407  22.529 0.0000000000
113860  53.164  8.390  22.402 0.0000000000
112643  53.141  8.001  22.057 0.0000000000
112654  53.466  7.553  21.680 0.0000000000
111329  54.186  6.777  20.990 0.0000000000
108670  57.011  4.734  21.065 0.0000000000
109993  57.979  5.198  20.173 0.0000000000
108668  58.492  4.531  20.366 0.0000000000
74826  16.171  -19.549  53.038 0.0000000000
74825  16.329  -19.006  53.371 0.0000000000
76193  16.055  -18.510  54.010 0.0000000000
77549  16.762  -17.484  52.808 0.0000000000
104779  53.407  1.400  26.324 0.0000000000
103474  53.310  0.624  26.754 0.0000000000
102114  52.661  -0.527  27.486 0.0000000000
83587  33.129  -13.494  44.968 0.0000000000
83608  33.017  -13.497  43.906 0.0000000000
83607  33.521  -13.897  43.547 0.0000000000
82160  34.029  -14.106  41.839 0.0000000000
82159  34.592  -14.561  41.591 0.0000000000
82158  35.638  -14.788  41.584 0.0000000000
82157  36.484  -14.558  42.195 0.0000000000
82135  36.813  -14.859  43.192 0.0000000000
82112  37.117  -14.697  44.101 0.0000000000
108572  48.608  4.370  29.077 0.0000000000
108573  48.353  4.753  28.500 0.0000000000
105988  48.546  2.927  27.749 0.0000000000
107259  48.391  4.401  28.015 0.0000000000
109918  48.166  5.655  28.250 0.0000000000
109925  48.011  5.591  27.328 0.0000000000
111278  48.134  6.640  27.050 0.0000000000
111285  48.331  6.348  26.006 0.0000000000
111294  48.665  6.217  25.518 0.0000000000
108590  50.042  4.162  25.801 0.0000000000
56476  5.510  -32.818  70.661 0.0000000000
103426  43.942  0.011  30.001 0.0000000000
102092  43.866  -0.377  29.898 0.0000000000
102075  43.368  -0.348  30.176 0.0000000000
100757  42.751  -0.941  30.345 0.0000000000
102060  41.537  -0.485  31.533 0.0000000000
100739  42.227  -1.527  30.707 0.0000000000
96465  41.646  -4.123  31.299 0.0000000000
94973  37.878  -5.385  33.726 0.0000000000
92301  38.162  -6.736  33.535 0.0000000000
92283  39.074  -7.992  33.714 0.0000000000
89526  41.231  -9.999  36.109 0.0000000000
89502  41.383  -10.180  37.144 0.0000000000
89504  39.376  -10.416  36.542 0.0000000000
89503  40.408  -10.445  36.757 0.0000000000
73531  30.238  -20.759  47.806 0.0000000000
73509  31.122  -20.682  48.659 0.0000000000
72048  30.828  -20.922  49.397 0.0000000000
66005  13.199  -25.834  56.697 0.0000000000
65990  13.082  -26.442  57.594 0.0000000000
61805  12.502  -29.113  62.367 0.0000000000
61806  11.702  -29.332  62.263 0.0000000000
60515  11.895  -29.538  62.773 0.0000000000
65834  7.807  -25.157  65.671 0.0000000000
64351  7.095  -26.016  65.923 0.0000000000
61768  5.820  -28.110  67.317 0.0000000000
65810  6.517  -25.209  68.604 0.0000000000
62990  5.763  -27.310  68.580 0.0000000000
64324  5.328  -26.674  69.891 0.0000000000
77711  27.019  -16.216  44.655 0.0000000000
77734  26.602  -16.854  43.453 0.0000000000
76397  26.493  -18.063  42.732 0.0000000000
76398  25.631  -18.059  43.084 0.0000000000
75014  25.254  -19.177  43.649 0.0000000000
77712  24.228  -17.188  43.648 0.0000000000
76375  24.336  -18.403  43.874 0.0000000000
74986  24.718  -19.856  44.230 0.0000000000
74963  24.279  -20.412  44.784 0.0000000000
73579  23.914  -20.772  46.329 0.0000000000
74913  18.764  -20.169  48.526 0.0000000000
74912  19.996  -20.761  48.153 0.0000000000
73513  19.922  -21.358  48.955 0.0000000000
73491  20.882  -21.688  49.884 0.0000000000
71976  20.990  -22.538  51.597 0.0000000000
73440  21.911  -21.798  51.740 0.0000000000
97942  48.636  -4.085  32.099 0.0000000000
93500  29.729  -5.234  40.365 0.0000000000
93513  29.186  -6.194  39.628 0.0000000000
89382  31.629  -11.628  40.801 0.0000000000
89381  32.914  -11.014  41.283 0.0000000000
90768  33.201  -10.608  41.164 0.0000000000
90767  33.646  -10.049  41.787 0.0000000000
90746  34.287  -9.548  42.825 0.0000000000
92163  35.437  -9.056  41.926 0.0000000000
115108  56.162  9.865  20.749 0.0000000000
108636  53.566  4.794  22.325 0.0000000000
109963  53.939  5.252  21.780 0.0000000000
59068  2.576  -30.767  71.405 0.0000000000
97904  39.801  -2.098  34.989 0.0000000000
94944  37.612  -4.508  34.601 0.0000000000
96407  37.474  -4.407  35.618 0.0000000000
94960  36.803  -5.560  34.663 0.0000000000
93581  36.278  -6.367  34.693 0.0000000000
94947  35.724  -5.405  35.410 0.0000000000
92286  36.239  -6.826  34.670 0.0000000000
92267  35.699  -7.581  34.911 0.0000000000
68978  19.197  -24.132  54.523 0.0000000000
68979  18.238  -24.493  54.151 0.0000000000
67484  16.950  -24.967  54.716 0.0000000000
68981  15.871  -24.625  53.114 0.0000000000
67485  16.184  -25.012  54.150 0.0000000000
67476  15.280  -25.297  54.570 0.0000000000
67477  14.123  -24.743  54.942 0.0000000000
73397  15.857  -19.953  53.406 0.0000000000
71932  15.030  -20.886  53.450 0.0000000000
71933  14.613  -21.600  53.623 0.0000000000
71912  14.444  -20.955  54.346 0.0000000000
70462  13.681  -22.817  54.303 0.0000000000
67466  13.550  -24.933  55.529 0.0000000000
67467  12.812  -24.624  56.063 0.0000000000
68941  11.715  -22.937  57.466 0.0000000000
68916  10.243  -23.577  59.667 0.0000000000
80577  22.049  -15.177  45.599 0.0000000000
80547  21.675  -14.860  46.237 0.0000000000
80548  20.744  -14.990  46.522 0.0000000000
79051  19.899  -15.448  46.283 0.0000000000
80519  19.147  -14.920  47.302 0.0000000000
79052  19.167  -15.656  46.715 0.0000000000
76319  18.726  -17.582  47.350 0.0000000000
74932  18.597  -19.275  48.209 0.0000000000
79000  17.794  -15.834  49.155 0.0000000000
77571  17.669  -17.021  50.540 0.0000000000
73514  18.831  -21.184  48.991 0.0000000000
72056  18.875  -21.789  49.501 0.0000000000
72031  18.400  -22.288  50.007 0.0000000000
73492  17.499  -21.235  49.992 0.0000000000
70535  18.827  -23.035  50.481 0.0000000000
90732  29.001  -7.660  45.543 0.0000000000
90723  29.105  -8.701  45.896 0.0000000000
89349  28.407  -9.583  45.463 0.0000000000
89350  28.008  -9.786  44.763 0.0000000000
86526  28.388  -11.983  45.403 0.0000000000
87964  28.051  -11.256  44.689 0.0000000000
86564  28.224  -12.125  42.641 0.0000000000
86579  28.869  -12.343  42.240 0.0000000000
83609  32.533  -13.397  43.702 0.0000000000
85072  31.780  -13.330  43.294 0.0000000000
83628  32.191  -13.394  42.643 0.0000000000
85100  34.435  -12.976  41.437 0.0000000000
85088  32.095  -13.166  42.037 0.0000000000
85089  31.273  -13.250  42.516 0.0000000000
86577  31.815  -12.585  41.699 0.0000000000
87987  31.528  -12.134  41.204 0.0000000000
87986  33.071  -11.483  41.510 0.0000000000
87974  33.969  -10.880  42.498 0.0000000000
87961  35.019  -10.547  43.484 0.0000000000
86543  35.993  -11.187  43.353 0.0000000000
87960  35.921  -10.746  43.760 0.0000000000
87945  35.917  -10.291  44.054 0.0000000000
115094  52.549  9.060  23.307 0.0000000000
113850  51.871  8.968  23.556 0.0000000000
113855  52.080  8.488  22.842 0.0000000000
112633  51.865  8.053  22.619 0.0000000000
111293  49.107  6.302  24.942 0.0000000000
111303  49.482  6.362  24.333 0.0000000000
111302  49.772  6.383  23.701 0.0000000000
109950  50.244  5.107  24.187 0.0000000000
111312  50.223  6.354  23.075 0.0000000000
109965  51.866  5.331  22.495 0.0000000000
108637  52.782  4.764  22.640 0.0000000000
100796  48.410  -0.946  27.360 0.0000000000
99414  44.451  -2.039  29.412 0.0000000000
97963  47.352  -4.162  31.091 0.0000000000
96427  46.690  -5.016  32.812 0.0000000000
100714  40.125  -1.566  32.763 0.0000000000
99356  39.870  -2.410  32.173 0.0000000000
99340  39.304  -2.757  32.796 0.0000000000
97970  40.317  -3.113  31.547 0.0000000000
94972  38.307  -5.205  33.192 0.0000000000
93601  38.853  -5.533  32.578 0.0000000000
94984  40.224  -5.486  31.973 0.0000000000
96447  42.166  -5.025  31.709 0.0000000000
94956  44.869  -6.356  34.162 0.0000000000
76420  32.214  -18.705  42.450 0.0000000000
76394  33.695  -18.435  43.478 0.0000000000
76372  33.421  -18.899  44.523 0.0000000000
76350  34.132  -18.836  45.416 0.0000000000
74983  33.143  -19.472  45.309 0.0000000000
74960  33.687  -19.390  46.269 0.0000000000
76329  34.460  -19.025  46.568 0.0000000000
104773  47.841  1.306  27.891 0.0000000000
102118  48.210  -0.138  27.330 0.0000000000
67463  17.360  -24.869  56.566 0.0000000000
70376  10.773  -22.403  59.475 0.0000000000
70377  10.333  -22.929  59.875 0.0000000000
67422  9.900  -24.204  60.064 0.0000000000
70358  9.926  -22.905  60.960 0.0000000000
65959  9.577  -25.040  60.319 0.0000000000
64409  9.508  -26.097  60.610 0.0000000000
64410  9.206  -26.216  61.311 0.0000000000
63044  9.088  -26.911  61.438 0.0000000000
64392  8.929  -26.121  62.108 0.0000000000
64357  8.149  -25.699  64.684 0.0000000000
64365  8.226  -25.848  64.242 0.0000000000
61801  8.027  -28.657  63.464 0.0000000000
60499  9.517  -30.363  64.163 0.0000000000
59123  10.016  -31.121  66.350 0.0000000000
59124  9.068  -31.392  66.072 0.0000000000
59113  10.354  -31.334  67.245 0.0000000000
59106  5.206  -31.219  67.711 0.0000000000
60451  5.091  -29.407  68.205 0.0000000000
57794  5.324  -31.952  68.521 0.0000000000
56482  5.091  -32.549  69.877 0.0000000000
57773  4.387  -32.006  69.714 0.0000000000
57774  3.904  -31.527  69.967 0.0000000000
59097  4.105  -30.603  69.637 0.0000000000
57775  3.503  -31.320  70.454 0.0000000000
59088  3.420  -30.825  70.611 0.0000000000
59079  3.061  -30.819  71.164 0.0000000000
64317  4.918  -26.047  70.849 0.0000000000
62978  4.445  -27.306  70.785 0.0000000000
62979  4.138  -27.526  71.112 0.0000000000
61731  3.988  -27.943  71.095 0.0000000000
62958  3.779  -26.638  71.562 0.0000000000
61742  3.734  -28.552  70.870 0.0000000000
60430  3.336  -29.138  70.806 0.0000000000
59066  3.014  -29.697  70.916 0.0000000000
59067  2.842  -30.226  71.134 0.0000000000
59057  2.721  -29.615  71.030 0.0000000000
87931  29.551  -10.406  46.919 0.0000000000
77758  32.794  -17.643  41.998 0.0000000000
79171  31.423  -16.754  42.086 0.0000000000
75061  31.985  -19.204  42.882 0.0000000000
75037  30.858  -19.827  43.535 0.0000000000
73626  30.516  -20.553  45.001 0.0000000000
73599  30.928  -20.581  45.669 0.0000000000
73573  30.343  -20.755  46.453 0.0000000000
75041  26.758  -19.156  42.904 0.0000000000
73653  27.745  -20.306  43.587 0.0000000000
73629  27.947  -20.772  44.418 0.0000000000
73601  29.235  -20.943  45.504 0.0000000000
73574  29.540  -20.963  46.388 0.0000000000
73549  29.825  -20.769  47.293 0.0000000000
72095  29.866  -20.818  47.906 0.0000000000
79094  21.838  -16.075  45.031 0.0000000000
77662  21.597  -17.788  45.260 0.0000000000
77663  20.922  -17.837  45.591 0.0000000000
76335  21.852  -18.565  45.608 0.0000000000
74965  22.933  -19.701  46.099 0.0000000000
74946  23.415  -20.732  46.840 0.0000000000
74911  21.107  -20.689  48.149 0.0000000000
74910  22.146  -20.865  48.316 0.0000000000
74891  22.476  -21.478  49.536 0.0000000000
74929  22.271  -20.605  47.716 0.0000000000
74927  23.555  -21.231  47.923 0.0000000000
73534  24.476  -21.455  48.283 0.0000000000
100782  50.694  -2.061  28.142 0.0000000000
99408  50.369  -2.880  29.333 0.0000000000
100770  51.015  -2.515  28.762 0.0000000000
97961  49.298  -3.759  31.459 0.0000000000
96366  34.043  -3.748  37.363 0.0000000000
96392  33.607  -4.299  36.991 0.0000000000
94932  33.557  -4.976  36.439 0.0000000000
94933  32.797  -5.225  36.741 0.0000000000
93555  32.995  -5.710  36.329 0.0000000000
93554  33.752  -5.944  35.785 0.0000000000
90918  34.120  -7.491  35.381 0.0000000000
90891  35.117  -9.460  35.945 0.0000000000
90748  28.196  -7.875  44.658 0.0000000000
92150  28.115  -6.590  42.949 0.0000000000
92165  27.602  -7.639  42.102 0.0000000000
92177  28.446  -6.906  40.148 0.0000000000
92192  29.104  -7.517  38.888 0.0000000000
89428  28.813  -10.114  39.541 0.0000000000
90811  29.145  -9.529  39.022 0.0000000000
90833  28.658  -8.549  39.056 0.0000000000
92207  30.004  -7.187  38.146 0.0000000000
90870  32.524  -8.638  36.571 0.0000000000
90892  34.422  -9.244  35.915 0.0000000000
89508  35.493  -9.804  36.360 0.0000000000
89484  36.622  -10.383  37.258 0.0000000000
88050  38.283  -10.854  37.896 0.0000000000
89445  37.092  -10.400  39.196 0.0000000000
89462  37.739  -10.754  38.513 0.0000000000
88032  38.463  -10.891  38.415 0.0000000000
76393  34.247  -18.053  43.413 0.0000000000
77730  34.646  -17.733  43.645 0.0000000000
79112  35.649  -16.953  44.533 0.0000000000
77680  35.462  -17.658  45.462 0.0000000000
79082  35.721  -17.046  45.306 0.0000000000
79111  36.304  -16.203  44.231 0.0000000000
80570  36.733  -15.484  44.843 0.0000000000
82091  37.244  -14.586  45.204 0.0000000000
80486  36.969  -16.334  48.215 0.0000000000
80509  37.514  -15.212  47.248 0.0000000000
80539  37.496  -14.758  46.476 0.0000000000
82090  37.481  -14.179  45.587 0.0000000000
83584  37.753  -13.627  45.443 0.0000000000
113859  53.954  8.539  22.439 0.0000000000
115102  55.157  9.732  21.814 0.0000000000
115109  55.438  9.025  21.095 0.0000000000
113868  55.823  8.535  20.385 0.0000000000
109978  53.618  5.909  21.369 0.0000000000
109996  55.027  6.348  20.607 0.0000000000
109976  55.959  5.206  21.151 0.0000000000
111350  54.995  7.046  20.619 0.0000000000
112669  56.130  7.529  20.164 0.0000000000
113883  56.371  8.209  19.732 0.0000000000
110006  58.099  5.680  19.572 0.0000000000
111376  57.942  7.029  18.595 0.0000000000
57806  8.346  -31.637  66.521 0.0000000000
59114  9.455  -31.567  66.897 0.0000000000
59122  10.762  -30.989  66.841 0.0000000000
60431  3.089  -28.936  71.040 0.0000000000
61762  5.708  -27.944  67.787 0.0000000000
61798  12.260  -29.404  62.773 0.0000000000
61817  9.230  -27.725  61.345 0.0000000000
63029  7.927  -27.526  63.449 0.0000000000
63058  10.983  -26.827  59.564 0.0000000000
64318  4.388  -26.577  71.160 0.0000000000
65796  5.753  -24.948  70.435 0.0000000000
65809  6.582  -24.655  68.228 0.0000000000
65833  8.043  -24.777  65.437 0.0000000000
65847  8.246  -25.248  64.916 0.0000000000
65892  8.790  -24.724  62.719 0.0000000000
66029  14.878  -25.570  55.175 0.0000000000
67377  8.657  -23.862  63.210 0.0000000000
67392  8.702  -24.589  63.100 0.0000000000
67413  9.760  -23.695  60.478 0.0000000000
67423  9.646  -24.410  60.364 0.0000000000
67431  10.652  -24.229  58.696 0.0000000000
67453  16.126  -25.733  56.361 0.0000000000
68904  9.722  -23.394  60.774 0.0000000000
68915  10.530  -23.209  59.448 0.0000000000
68952  11.504  -23.945  57.250 0.0000000000
68999  18.434  -24.316  52.407 0.0000000000
69002  15.702  -22.981  52.107 0.0000000000
69016  16.643  -23.063  51.469 0.0000000000
70475  15.150  -21.942  52.878 0.0000000000
70489  15.386  -22.418  52.404 0.0000000000
70490  15.117  -22.622  52.660 0.0000000000
70533  19.963  -22.599  50.222 0.0000000000
71865  11.781  -22.134  58.476 0.0000000000
71931  15.525  -20.372  53.403 0.0000000000
71978  15.592  -21.944  52.316 0.0000000000
72001  20.823  -22.452  50.880 0.0000000000
72029  20.397  -22.218  50.169 0.0000000000
72074  30.699  -20.778  48.663 0.0000000000
73346  14.899  -19.362  55.724 0.0000000000
73361  15.191  -19.610  55.158 0.0000000000
73378  15.386  -19.886  54.362 0.0000000000
73398  15.557  -20.117  53.747 0.0000000000
73529  31.578  -20.596  48.119 0.0000000000
73530  30.802  -20.680  48.051 0.0000000000
73545  32.699  -20.207  47.678 0.0000000000
73654  26.875  -20.002  43.421 0.0000000000
74806  16.228  -18.933  53.766 0.0000000000
74845  22.996  -21.458  52.263 0.0000000000
74847  22.202  -21.753  51.221 0.0000000000
74848  16.548  -19.329  52.362 0.0000000000
74942  34.678  -19.253  47.610 0.0000000000
74982  33.657  -19.214  45.546 0.0000000000
75008  32.979  -19.239  44.637 0.0000000000
75015  24.586  -19.272  44.072 0.0000000000
75036  31.938  -19.428  43.565 0.0000000000
75066  27.632  -18.907  42.613 0.0000000000
76194  15.976  -18.888  54.289 0.0000000000
76276  22.044  -20.542  47.761 0.0000000000
76277  21.665  -20.454  47.730 0.0000000000
76295  22.523  -20.132  46.992 0.0000000000
76334  22.821  -19.093  45.605 0.0000000000
76336  21.076  -18.623  45.915 0.0000000000
76352  23.621  -19.021  44.703 0.0000000000
76374  25.030  -18.408  43.450 0.0000000000
76396  32.259  -19.147  43.047 0.0000000000
76417  34.438  -17.799  43.088 0.0000000000
76424  28.151  -18.254  42.478 0.0000000000
77690  21.381  -17.150  45.182 0.0000000000
77708  34.661  -17.891  44.202 0.0000000000
77713  23.558  -17.540  44.124 0.0000000000
77714  23.051  -17.201  44.366 0.0000000000
77729  35.230  -17.229  43.543 0.0000000000
77736  24.836  -17.256  43.432 0.0000000000
79017  18.337  -15.739  48.197 0.0000000000
79027  37.317  -16.454  48.910 0.0000000000
79035  18.425  -15.583  48.043 0.0000000000
79092  23.473  -15.892  44.462 0.0000000000
80468  18.324  -15.135  48.505 0.0000000000
80469  18.317  -15.621  48.218 0.0000000000
80573  25.031  -15.282  44.874 0.0000000000
80574  24.293  -15.344  44.770 0.0000000000
80604  24.222  -15.758  44.384 0.0000000000
82068  37.638  -14.135  46.123 0.0000000000
82069  37.348  -14.611  45.928 0.0000000000
82179  35.476  -14.141  41.388 0.0000000000
83585  37.496  -14.008  45.197 0.0000000000
83605  37.825  -13.190  44.972 0.0000000000
83625  33.602  -14.131  43.048 0.0000000000
83641  36.545  -13.529  42.080 0.0000000000
83646  32.498  -13.381  42.200 0.0000000000
83661  36.272  -13.785  41.751 0.0000000000
83662  35.921  -13.492  41.612 0.0000000000
83663  35.068  -13.656  41.339 0.0000000000
85054  32.751  -13.362  44.617 0.0000000000
85071  32.279  -13.366  43.582 0.0000000000
85098  35.505  -13.158  41.536 0.0000000000
85099  35.078  -12.984  41.428 0.0000000000
86503  29.103  -11.231  46.400 0.0000000000
86544  35.487  -10.947  43.428 0.0000000000
86545  30.700  -12.742  45.237 0.0000000000
86561  34.364  -11.255  42.399 0.0000000000
86580  28.227  -12.045  42.223 0.0000000000
87946  35.514  -10.102  43.986 0.0000000000
87948  28.400  -11.525  45.622 0.0000000000
87959  36.406  -11.028  43.772 0.0000000000
87962  34.377  -10.405  43.158 0.0000000000
87975  33.658  -10.844  42.080 0.0000000000
87977  28.022  -11.884  42.489 0.0000000000
87990  28.002  -11.839  42.249 0.0000000000
88031  39.058  -10.915  38.758 0.0000000000
88048  39.724  -10.923  38.199 0.0000000000
89328  36.187  -9.532  44.601 0.0000000000
89330  29.439  -9.923  46.487 0.0000000000
89336  36.312  -10.130  44.460 0.0000000000
89339  29.220  -8.895  46.192 0.0000000000
89347  34.571  -10.024  43.450 0.0000000000
89380  33.668  -10.320  42.002 0.0000000000
89425  32.686  -10.593  40.210 0.0000000000
89464  36.192  -10.220  37.886 0.0000000000
89509  34.856  -9.734  36.451 0.0000000000
89531  36.046  -9.496  35.753 0.0000000000
90713  36.288  -9.350  44.784 0.0000000000
90731  34.993  -9.433  43.656 0.0000000000
90733  28.546  -8.296  45.393 0.0000000000
90810  33.213  -10.418  40.146 0.0000000000
90832  29.494  -8.866  38.513 0.0000000000
90848  35.662  -10.186  38.247 0.0000000000
92105  34.926  -9.201  43.398 0.0000000000
92107  28.810  -7.416  45.256 0.0000000000
92129  29.143  -6.469  44.658 0.0000000000
92131  28.115  -7.763  44.245 0.0000000000
93553  34.542  -5.709  35.658 0.0000000000
96467  40.104  -3.682  31.670 0.0000000000
97924  38.642  -3.826  33.123 0.0000000000
99372  43.292  -2.821  30.469 0.0000000000
99422  46.320  -1.814  28.475 0.0000000000
100729  40.448  -1.610  32.038 0.0000000000
100741  40.860  -1.561  31.711 0.0000000000
100775  43.875  -0.750  29.757 0.0000000000
102076  42.735  -0.384  30.526 0.0000000000
103457  53.765  0.236  27.250 0.0000000000
103461  49.037  0.267  26.956 0.0000000000
108580  48.164  4.825  27.727 0.0000000000
108601  51.142  4.313  25.322 0.0000000000
108604  48.922  4.743  26.030 0.0000000000
109908  48.488  5.403  28.845 0.0000000000
109957  50.271  5.749  23.254 0.0000000000
111270  48.089  6.204  27.774 0.0000000000
111331  52.817  6.590  21.644 0.0000000000
112615  48.737  6.770  25.532 0.0000000000
112623  50.723  8.158  23.502 0.0000000000
112655  52.809  7.030  21.715 0.0000000000
