#!ascii label  , from subject 3053 vox2ras=TkReg
1566
49383  -44.752  -38.633  45.128 0.0000000000
46929  -31.350  -39.447  58.936 0.0000000000
68812  -49.002  -21.013  37.015 0.0000000000
55146  -38.458  -33.354  37.971 0.0000000000
59852  -46.670  -29.834  41.445 0.0000000000
41871  -39.716  -43.770  51.582 0.0000000000
48229  -29.171  -38.608  47.431 0.0000000000
47247  -34.387  -40.800  38.618 0.0000000000
44870  -26.887  -42.741  59.741 0.0000000000
74189  -55.855  -16.291  44.059 0.0000000000
42842  -26.909  -44.469  51.520 0.0000000000
52829  -41.345  -35.956  41.095 0.0000000000
55130  -43.983  -33.046  38.826 0.0000000000
52825  -47.167  -35.052  41.952 0.0000000000
46059  -42.539  -41.889  48.512 0.0000000000
44030  -36.752  -42.589  45.496 0.0000000000
49428  -38.338  -38.131  42.674 0.0000000000
52853  -35.473  -35.706  39.590 0.0000000000
74270  -57.014  -16.434  40.882 0.0000000000
49194  -25.313  -38.199  58.975 0.0000000000
44924  -27.134  -43.429  55.793 0.0000000000
48099  -26.282  -38.885  54.265 0.0000000000
64263  -47.404  -25.106  39.884 0.0000000000
43825  -35.079  -41.384  55.952 0.0000000000
47007  -31.839  -39.717  52.936 0.0000000000
46040  -35.052  -40.808  48.903 0.0000000000
47197  -31.686  -39.494  42.893 0.0000000000
40700  -24.231  -45.906  58.481 0.0000000000
62025  -51.606  -27.023  43.774 0.0000000000
67619  -51.139  -22.599  42.777 0.0000000000
70804  -52.560  -18.686  47.274 0.0000000000
72057  -52.376  -18.189  40.581 0.0000000000
69856  -56.211  -20.612  40.158 0.0000000000
40740  -26.708  -46.381  56.144 0.0000000000
47066  -25.155  -40.129  49.866 0.0000000000
50571  -43.169  -37.047  42.724 0.0000000000
51750  -44.769  -35.809  41.528 0.0000000000
50556  -45.435  -37.034  43.584 0.0000000000
47121  -42.961  -39.902  46.859 0.0000000000
47142  -40.166  -40.287  46.085 0.0000000000
49395  -41.051  -38.537  44.172 0.0000000000
50589  -40.313  -37.287  41.754 0.0000000000
66647  -49.468  -23.254  34.855 0.0000000000
69921  -51.228  -20.678  35.613 0.0000000000
49178  -28.925  -38.216  59.895 0.0000000000
49235  -25.465  -38.656  56.622 0.0000000000
48053  -29.150  -38.630  56.770 0.0000000000
56455  -40.051  -32.024  36.394 0.0000000000
56393  -45.686  -32.005  40.310 0.0000000000
58775  -44.089  -30.676  38.697 0.0000000000
61034  -45.652  -28.576  39.904 0.0000000000
63172  -45.882  -26.326  38.879 0.0000000000
62073  -47.188  -27.258  41.044 0.0000000000
42801  -37.560  -43.056  53.523 0.0000000000
43907  -35.548  -41.878  52.253 0.0000000000
42870  -37.417  -43.591  50.741 0.0000000000
46161  -35.667  -41.703  41.872 0.0000000000
45091  -34.280  -42.124  43.851 0.0000000000
46158  -33.234  -41.084  40.879 0.0000000000
55121  -36.331  -34.030  38.515 0.0000000000
65398  -51.255  -24.519  42.750 0.0000000000
71972  -52.498  -18.443  44.564 0.0000000000
73138  -54.107  -17.105  42.630 0.0000000000
72083  -54.958  -18.307  39.480 0.0000000000
73164  -55.994  -17.624  41.513 0.0000000000
70953  -57.285  -19.875  39.238 0.0000000000
42746  -26.230  -44.827  59.705 0.0000000000
41774  -25.093  -45.442  56.899 0.0000000000
40702  -28.049  -46.387  58.269 0.0000000000
43885  -27.497  -43.839  53.866 0.0000000000
41803  -29.172  -46.349  55.001 0.0000000000
41843  -28.552  -46.072  52.965 0.0000000000
48172  -30.471  -38.713  50.151 0.0000000000
48153  -28.363  -38.528  51.262 0.0000000000
48209  -26.772  -39.133  48.742 0.0000000000
53922  -39.646  -34.615  39.255 0.0000000000
55127  -41.895  -33.564  38.291 0.0000000000
52861  -43.538  -34.776  39.728 0.0000000000
52848  -45.743  -34.162  40.599 0.0000000000
55097  -46.908  -33.098  41.562 0.0000000000
43963  -41.723  -43.418  50.092 0.0000000000
43980  -37.972  -43.155  48.436 0.0000000000
46074  -38.982  -41.838  47.618 0.0000000000
47163  -37.375  -40.631  44.331 0.0000000000
49445  -35.011  -39.005  41.675 0.0000000000
50615  -33.910  -37.743  39.494 0.0000000000
51742  -36.939  -36.875  41.448 0.0000000000
52840  -38.648  -35.863  40.346 0.0000000000
74234  -56.577  -16.380  42.327 0.0000000000
77603  -56.178  -13.798  41.919 0.0000000000
46928  -24.153  -40.669  59.377 0.0000000000
43822  -27.333  -43.477  57.703 0.0000000000
45921  -24.575  -41.578  57.041 0.0000000000
45945  -24.853  -41.338  55.256 0.0000000000
47006  -25.072  -40.977  52.940 0.0000000000
57639  -41.898  -31.428  36.983 0.0000000000
66619  -45.834  -23.970  37.768 0.0000000000
67688  -47.692  -22.903  38.539 0.0000000000
45911  -33.188  -40.230  57.873 0.0000000000
48088  -31.081  -39.638  55.861 0.0000000000
45965  -33.908  -41.086  54.665 0.0000000000
47037  -33.661  -40.579  51.683 0.0000000000
48195  -32.171  -39.514  48.527 0.0000000000
44000  -35.611  -43.271  47.482 0.0000000000
46093  -33.349  -41.678  46.096 0.0000000000
48260  -30.523  -38.989  45.774 0.0000000000
49386  -47.379  -38.028  46.078 0.0000000000
48033  -33.284  -39.363  58.950 0.0000000000
45937  -37.407  -40.865  54.880 0.0000000000
43872  -40.090  -42.375  53.147 0.0000000000
51722  -48.833  -35.773  44.401 0.0000000000
55079  -48.823  -33.689  43.588 0.0000000000
58696  -48.583  -31.093  43.470 0.0000000000
59806  -51.473  -29.280  44.413 0.0000000000
59832  -49.123  -28.745  43.092 0.0000000000
63108  -49.409  -26.255  42.420 0.0000000000
66544  -49.992  -23.699  41.327 0.0000000000
68738  -49.768  -21.869  40.183 0.0000000000
69772  -51.720  -20.730  45.475 0.0000000000
69822  -50.935  -20.488  41.631 0.0000000000
70948  -50.756  -19.774  37.878 0.0000000000
72128  -53.067  -18.829  36.947 0.0000000000
70903  -57.432  -19.657  41.138 0.0000000000
40738  -22.697  -46.112  55.604 0.0000000000
39657  -26.324  -46.941  53.386 0.0000000000
40719  -29.080  -46.478  56.839 0.0000000000
39625  -28.309  -47.310  55.206 0.0000000000
48102  -29.094  -39.020  54.361 0.0000000000
48135  -26.012  -39.077  52.460 0.0000000000
44999  -24.645  -42.027  50.805 0.0000000000
43975  -25.426  -43.362  48.529 0.0000000000
50539  -44.112  -37.712  44.022 0.0000000000
50555  -44.527  -37.338  43.465 0.0000000000
50540  -44.904  -37.616  44.155 0.0000000000
48267  -44.075  -39.090  45.644 0.0000000000
48265  -42.374  -39.470  45.368 0.0000000000
48285  -43.431  -38.883  44.971 0.0000000000
49412  -42.429  -38.029  43.510 0.0000000000
68810  -48.084  -21.642  36.285 0.0000000000
68822  -48.657  -21.400  35.754 0.0000000000
68824  -50.648  -21.554  35.368 0.0000000000
69919  -49.418  -20.730  35.916 0.0000000000
48030  -29.917  -38.685  58.873 0.0000000000
48029  -29.223  -38.519  58.389 0.0000000000
48042  -29.875  -38.920  58.051 0.0000000000
56452  -37.390  -32.079  36.851 0.0000000000
56428  -39.136  -32.655  37.234 0.0000000000
57610  -46.052  -31.270  40.638 0.0000000000
58748  -45.675  -30.398  40.259 0.0000000000
59870  -45.909  -29.446  40.381 0.0000000000
62071  -46.207  -27.890  40.303 0.0000000000
60993  -46.892  -29.028  41.407 0.0000000000
41824  -38.741  -43.595  52.181 0.0000000000
41822  -37.628  -43.447  52.361 0.0000000000
41868  -38.202  -43.831  51.193 0.0000000000
47220  -35.150  -40.867  40.588 0.0000000000
46159  -34.047  -41.717  41.160 0.0000000000
46186  -33.515  -41.174  39.191 0.0000000000
48369  -32.342  -40.006  38.701 0.0000000000
55123  -38.085  -33.766  38.242 0.0000000000
55144  -35.812  -33.444  38.080 0.0000000000
56426  -36.981  -32.395  37.520 0.0000000000
73095  -54.208  -17.697  44.970 0.0000000000
73115  -54.581  -17.059  43.684 0.0000000000
73163  -54.921  -17.193  41.581 0.0000000000
73140  -55.903  -17.140  42.481 0.0000000000
43791  -27.565  -44.111  60.043 0.0000000000
41737  -27.496  -45.235  59.212 0.0000000000
42748  -27.953  -44.631  59.217 0.0000000000
43906  -27.274  -43.947  52.917 0.0000000000
42812  -28.013  -44.673  53.625 0.0000000000
42844  -28.099  -45.211  52.240 0.0000000000
41866  -28.355  -46.059  52.110 0.0000000000
41865  -27.971  -45.608  51.668 0.0000000000
48212  -29.810  -38.787  48.275 0.0000000000
48191  -28.600  -38.890  49.413 0.0000000000
48228  -28.080  -38.740  47.551 0.0000000000
52843  -41.267  -35.602  40.409 0.0000000000
52859  -41.578  -34.977  39.776 0.0000000000
52844  -42.373  -35.491  40.402 0.0000000000
52824  -46.000  -35.269  42.147 0.0000000000
52832  -45.126  -35.136  41.285 0.0000000000
52833  -46.043  -34.623  41.276 0.0000000000
55096  -46.287  -33.260  41.030 0.0000000000
53899  -47.488  -34.203  42.032 0.0000000000
45032  -42.264  -42.512  49.180 0.0000000000
45030  -40.144  -42.608  48.620 0.0000000000
46076  -40.504  -41.588  47.878 0.0000000000
48300  -39.106  -39.202  44.358 0.0000000000
48280  -38.724  -39.617  45.055 0.0000000000
48298  -37.469  -39.392  43.870 0.0000000000
48318  -36.285  -39.871  43.037 0.0000000000
49427  -37.060  -38.851  42.832 0.0000000000
50584  -35.870  -38.022  41.605 0.0000000000
49448  -37.943  -37.719  42.160 0.0000000000
51746  -40.940  -36.698  41.407 0.0000000000
51745  -39.821  -36.900  41.179 0.0000000000
51763  -40.085  -36.334  40.699 0.0000000000
52857  -39.520  -35.299  39.717 0.0000000000
49193  -24.424  -38.623  59.204 0.0000000000
45908  -24.588  -41.514  58.108 0.0000000000
49210  -24.699  -38.728  58.199 0.0000000000
49247  -26.661  -38.555  55.813 0.0000000000
48064  -24.930  -39.237  56.067 0.0000000000
48081  -25.087  -39.627  54.812 0.0000000000
45978  -24.561  -40.911  53.836 0.0000000000
48097  -24.906  -39.807  53.877 0.0000000000
55128  -42.670  -33.348  38.303 0.0000000000
55150  -41.996  -33.012  37.645 0.0000000000
55152  -43.131  -32.650  37.944 0.0000000000
61040  -43.991  -29.139  38.533 0.0000000000
59904  -43.156  -29.807  37.837 0.0000000000
62110  -42.787  -28.156  37.480 0.0000000000
64262  -46.731  -25.621  39.683 0.0000000000
65466  -45.854  -25.136  38.363 0.0000000000
65467  -46.509  -24.663  38.640 0.0000000000
66621  -47.241  -23.099  38.225 0.0000000000
66586  -47.789  -24.022  39.465 0.0000000000
44894  -33.805  -41.068  56.394 0.0000000000
44910  -33.714  -41.130  55.771 0.0000000000
43837  -34.577  -41.631  55.139 0.0000000000
45001  -35.197  -41.814  50.918 0.0000000000
44984  -34.502  -41.385  52.176 0.0000000000
46022  -34.732  -41.008  50.504 0.0000000000
47067  -32.944  -39.760  49.244 0.0000000000
47068  -34.063  -40.326  48.849 0.0000000000
45049  -37.851  -42.565  47.363 0.0000000000
43979  -37.303  -43.181  48.192 0.0000000000
44016  -36.516  -43.291  46.483 0.0000000000
46140  -32.834  -40.930  43.335 0.0000000000
46109  -33.277  -41.794  45.094 0.0000000000
46123  -32.358  -40.554  44.520 0.0000000000
47139  -31.891  -40.063  45.579 0.0000000000
51773  -33.934  -36.886  39.610 0.0000000000
44929  -39.190  -41.355  53.920 0.0000000000
43945  -43.053  -42.923  50.787 0.0000000000
50543  -47.846  -36.897  45.127 0.0000000000
55067  -50.061  -33.702  44.673 0.0000000000
56347  -49.829  -32.868  44.494 0.0000000000
57579  -49.085  -31.915  43.755 0.0000000000
58685  -49.697  -31.514  44.298 0.0000000000
60961  -51.339  -27.756  43.908 0.0000000000
59817  -50.591  -29.165  43.842 0.0000000000
62023  -50.160  -27.647  43.156 0.0000000000
62038  -49.789  -27.103  42.702 0.0000000000
63109  -50.487  -26.416  42.845 0.0000000000
66525  -51.118  -23.348  42.577 0.0000000000
65415  -50.499  -24.397  41.797 0.0000000000
66545  -50.594  -23.342  41.891 0.0000000000
67649  -49.602  -22.385  40.337 0.0000000000
67637  -50.391  -22.460  41.373 0.0000000000
70843  -51.846  -19.558  46.486 0.0000000000
72009  -52.143  -18.502  42.509 0.0000000000
72008  -51.630  -19.137  42.384 0.0000000000
72056  -51.801  -18.837  41.045 0.0000000000
70918  -50.733  -20.020  40.028 0.0000000000
72097  -51.888  -18.680  39.119 0.0000000000
70964  -51.661  -19.080  37.242 0.0000000000
72098  -52.609  -18.362  38.715 0.0000000000
70939  -55.813  -19.856  39.691 0.0000000000
70950  -55.029  -19.952  38.541 0.0000000000
69869  -55.566  -20.797  39.234 0.0000000000
74253  -57.182  -16.599  41.493 0.0000000000
73166  -57.209  -17.401  41.632 0.0000000000
73193  -57.604  -17.786  40.849 0.0000000000
41775  -26.147  -45.896  56.699 0.0000000000
41800  -24.832  -45.347  54.886 0.0000000000
41801  -25.650  -45.950  54.937 0.0000000000
41842  -25.034  -45.574  53.286 0.0000000000
40769  -25.922  -46.501  54.114 0.0000000000
44909  -27.463  -43.368  56.829 0.0000000000
43836  -28.472  -44.289  57.266 0.0000000000
43849  -28.377  -44.399  56.462 0.0000000000
39627  -29.177  -47.214  55.696 0.0000000000
37472  -29.019  -49.007  53.844 0.0000000000
46992  -31.892  -39.570  54.173 0.0000000000
48087  -30.409  -38.953  55.570 0.0000000000
48122  -29.630  -38.895  53.410 0.0000000000
48168  -26.499  -39.164  50.634 0.0000000000
48152  -27.168  -38.675  51.467 0.0000000000
48167  -25.646  -39.505  50.730 0.0000000000
47034  -25.136  -40.280  51.708 0.0000000000
47047  -24.671  -40.786  50.222 0.0000000000
43955  -25.842  -43.921  49.184 0.0000000000
51730  -42.652  -36.619  42.124 0.0000000000
51748  -43.033  -36.141  41.524 0.0000000000
51731  -43.637  -36.519  42.133 0.0000000000
51732  -44.769  -36.376  42.210 0.0000000000
52814  -46.215  -35.782  42.648 0.0000000000
47100  -42.928  -40.592  47.589 0.0000000000
46097  -41.242  -40.922  47.098 0.0000000000
47144  -42.127  -39.910  46.085 0.0000000000
48282  -40.727  -39.026  44.939 0.0000000000
49410  -40.264  -38.214  43.541 0.0000000000
50566  -39.178  -37.755  42.222 0.0000000000
49430  -40.490  -37.907  42.767 0.0000000000
50569  -41.455  -37.517  42.396 0.0000000000
68826  -52.229  -21.623  35.711 0.0000000000
49196  -27.658  -38.294  59.147 0.0000000000
49211  -25.664  -38.357  58.229 0.0000000000
49213  -27.677  -38.328  58.120 0.0000000000
49227  -27.821  -38.280  57.195 0.0000000000
49248  -27.381  -38.616  55.781 0.0000000000
56399  -45.000  -32.371  39.257 0.0000000000
57627  -43.860  -31.527  38.470 0.0000000000
57619  -45.111  -31.473  39.456 0.0000000000
59883  -44.905  -29.731  39.293 0.0000000000
62092  -45.063  -28.072  39.256 0.0000000000
63170  -44.769  -26.717  38.214 0.0000000000
62093  -45.628  -27.357  39.665 0.0000000000
62094  -46.249  -27.066  40.130 0.0000000000
64238  -47.348  -25.810  40.639 0.0000000000
42777  -36.336  -42.171  54.648 0.0000000000
43869  -35.646  -41.917  54.128 0.0000000000
42814  -36.474  -42.634  52.790 0.0000000000
43924  -36.298  -42.386  51.608 0.0000000000
43957  -36.132  -42.403  49.908 0.0000000000
45094  -36.174  -41.954  43.025 0.0000000000
45084  -35.718  -42.392  44.144 0.0000000000
45098  -35.251  -42.123  42.523 0.0000000000
46150  -33.318  -41.287  42.055 0.0000000000
47208  -32.581  -40.291  41.667 0.0000000000
48330  -31.318  -38.904  41.381 0.0000000000
47218  -32.018  -40.047  39.953 0.0000000000
53918  -35.894  -35.024  39.264 0.0000000000
53963  -35.217  -33.824  38.209 0.0000000000
63097  -52.072  -26.348  43.948 0.0000000000
64197  -51.677  -25.452  43.456 0.0000000000
64198  -52.477  -25.219  44.274 0.0000000000
66511  -52.401  -23.216  44.085 0.0000000000
67601  -52.302  -22.686  44.113 0.0000000000
71926  -53.371  -18.320  47.087 0.0000000000
71944  -52.597  -18.624  46.196 0.0000000000
71973  -53.341  -18.065  44.856 0.0000000000
73113  -52.952  -17.782  43.334 0.0000000000
73161  -52.904  -17.495  41.119 0.0000000000
73207  -53.659  -17.669  39.331 0.0000000000
73190  -54.673  -17.506  40.723 0.0000000000
73191  -55.497  -17.788  40.805 0.0000000000
70920  -56.343  -19.751  40.604 0.0000000000
74285  -55.887  -16.055  39.661 0.0000000000
73210  -56.966  -17.766  39.632 0.0000000000
73222  -56.423  -17.887  38.594 0.0000000000
41747  -24.857  -45.214  58.931 0.0000000000
41762  -24.835  -45.532  57.981 0.0000000000
41748  -25.834  -45.401  58.750 0.0000000000
41764  -26.798  -45.946  57.479 0.0000000000
40729  -27.341  -46.372  56.910 0.0000000000
44940  -27.090  -43.201  54.787 0.0000000000
43866  -28.183  -44.422  55.520 0.0000000000
43886  -28.089  -44.454  54.501 0.0000000000
41820  -28.816  -45.933  53.649 0.0000000000
40771  -29.153  -46.811  53.532 0.0000000000
39660  -29.442  -47.895  53.521 0.0000000000
40788  -28.797  -46.744  52.673 0.0000000000
48156  -31.323  -38.908  51.013 0.0000000000
48139  -30.044  -38.944  52.336 0.0000000000
48171  -29.369  -38.661  50.370 0.0000000000
48190  -27.624  -39.036  49.534 0.0000000000
48208  -25.871  -39.483  48.974 0.0000000000
55124  -38.972  -33.722  38.269 0.0000000000
55148  -39.968  -33.222  37.611 0.0000000000
53943  -40.229  -33.728  38.752 0.0000000000
53944  -42.222  -33.859  38.986 0.0000000000
53926  -43.545  -34.159  39.283 0.0000000000
51767  -43.878  -35.493  40.835 0.0000000000
52862  -44.384  -34.495  39.673 0.0000000000
53928  -45.051  -33.705  39.465 0.0000000000
55111  -45.435  -33.174  39.670 0.0000000000
56394  -45.973  -32.383  40.777 0.0000000000
57598  -46.867  -31.544  41.983 0.0000000000
42875  -40.701  -43.839  50.788 0.0000000000
42894  -38.928  -44.224  49.759 0.0000000000
43982  -39.866  -43.315  49.092 0.0000000000
45050  -38.410  -42.240  47.562 0.0000000000
45064  -37.923  -41.912  46.255 0.0000000000
47118  -39.955  -40.786  46.683 0.0000000000
46111  -37.948  -41.283  45.579 0.0000000000
46127  -37.322  -41.541  44.472 0.0000000000
47201  -36.280  -40.931  42.888 0.0000000000
47210  -35.801  -41.014  41.651 0.0000000000
48343  -34.673  -40.192  40.236 0.0000000000
49480  -34.242  -39.272  38.807 0.0000000000
49461  -34.698  -38.361  40.881 0.0000000000
51758  -35.031  -36.864  40.519 0.0000000000
51774  -35.621  -36.320  40.259 0.0000000000
50587  -38.476  -37.473  41.836 0.0000000000
51760  -37.146  -36.503  40.682 0.0000000000
52854  -36.604  -35.528  39.468 0.0000000000
52877  -37.448  -34.938  39.070 0.0000000000
53940  -37.845  -34.511  38.750 0.0000000000
74215  -56.168  -16.177  43.111 0.0000000000
75332  -56.038  -15.524  43.443 0.0000000000
76473  -56.293  -14.692  42.259 0.0000000000
76485  -56.217  -14.632  41.544 0.0000000000
75369  -55.811  -15.303  40.613 0.0000000000
76524  -55.090  -14.732  39.077 0.0000000000
45899  -25.198  -42.174  59.727 0.0000000000
44879  -27.485  -43.203  59.145 0.0000000000
45909  -25.139  -42.220  58.690 0.0000000000
44890  -25.780  -42.769  57.100 0.0000000000
44907  -25.638  -42.526  56.114 0.0000000000
49224  -25.053  -38.665  57.248 0.0000000000
46962  -24.579  -40.586  56.332 0.0000000000
44922  -25.771  -42.590  55.262 0.0000000000
44938  -25.641  -42.601  54.449 0.0000000000
44953  -25.589  -42.602  53.406 0.0000000000
43904  -25.932  -43.194  52.353 0.0000000000
56430  -40.629  -32.421  36.899 0.0000000000
57638  -41.263  -31.688  36.819 0.0000000000
57626  -43.319  -31.447  37.783 0.0000000000
67706  -47.568  -22.556  37.878 0.0000000000
67707  -48.252  -21.915  37.690 0.0000000000
46941  -31.959  -39.894  58.434 0.0000000000
46952  -31.339  -39.529  57.195 0.0000000000
45922  -32.454  -40.436  57.059 0.0000000000
46979  -32.541  -40.310  55.780 0.0000000000
47008  -32.714  -40.150  53.645 0.0000000000
44956  -34.772  -41.437  53.286 0.0000000000
45980  -33.532  -40.535  53.248 0.0000000000
47021  -32.071  -39.443  51.779 0.0000000000
47035  -32.132  -39.220  50.765 0.0000000000
48194  -31.399  -39.204  48.830 0.0000000000
48230  -30.069  -38.980  47.331 0.0000000000
42892  -37.710  -43.792  49.374 0.0000000000
43958  -36.918  -43.339  49.493 0.0000000000
45027  -35.164  -42.311  47.929 0.0000000000
45072  -34.670  -42.908  45.304 0.0000000000
45062  -34.338  -42.736  46.190 0.0000000000
46055  -34.576  -41.768  47.892 0.0000000000
47097  -32.615  -40.478  47.094 0.0000000000
47114  -31.051  -39.503  46.516 0.0000000000
49509  -33.335  -38.745  37.381 0.0000000000
48268  -45.088  -38.931  45.825 0.0000000000
49384  -45.595  -38.438  45.423 0.0000000000
42734  -25.621  -44.611  60.104 0.0000000000
45892  -25.295  -42.041  60.697 0.0000000000
46920  -24.070  -40.726  60.374 0.0000000000
49175  -24.035  -38.769  60.050 0.0000000000
49161  -28.664  -37.997  60.688 0.0000000000
49179  -29.745  -37.727  59.962 0.0000000000
48022  -30.976  -38.129  59.861 0.0000000000
46922  -32.031  -39.486  59.805 0.0000000000
45900  -33.323  -39.800  58.360 0.0000000000
45913  -34.482  -40.168  57.727 0.0000000000
44896  -35.284  -40.877  56.427 0.0000000000
45926  -35.885  -40.465  56.455 0.0000000000
44913  -36.308  -41.567  55.470 0.0000000000
43854  -36.942  -41.952  54.491 0.0000000000
43871  -38.778  -42.609  53.403 0.0000000000
41807  -39.908  -43.449  52.223 0.0000000000
42832  -41.328  -43.493  51.747 0.0000000000
42876  -41.846  -43.860  50.822 0.0000000000
45014  -42.363  -43.034  49.799 0.0000000000
47123  -45.120  -39.669  46.802 0.0000000000
50542  -46.736  -37.142  44.991 0.0000000000
51709  -46.842  -36.518  44.077 0.0000000000
52816  -47.834  -35.224  43.095 0.0000000000
52804  -49.991  -35.110  45.312 0.0000000000
52817  -48.710  -35.081  43.950 0.0000000000
52826  -47.858  -34.690  42.503 0.0000000000
56375  -48.047  -33.186  42.979 0.0000000000
57586  -47.509  -31.931  42.730 0.0000000000
58711  -48.196  -30.487  42.972 0.0000000000
58698  -50.196  -30.067  43.969 0.0000000000
59816  -49.519  -29.557  43.525 0.0000000000
60971  -47.903  -29.120  42.274 0.0000000000
60995  -48.052  -27.641  42.017 0.0000000000
63121  -48.143  -26.615  41.763 0.0000000000
64222  -48.295  -25.819  41.320 0.0000000000
65397  -50.698  -24.974  42.350 0.0000000000
64224  -49.874  -24.782  41.540 0.0000000000
65430  -48.529  -24.346  40.286 0.0000000000
66587  -48.360  -23.590  39.792 0.0000000000
67690  -48.993  -22.065  39.087 0.0000000000
69865  -49.100  -21.271  38.475 0.0000000000
68685  -51.962  -21.453  44.950 0.0000000000
68694  -51.531  -21.624  43.908 0.0000000000
70867  -51.476  -19.790  44.828 0.0000000000
69795  -51.329  -20.737  43.315 0.0000000000
68721  -50.912  -21.126  41.915 0.0000000000
69821  -50.606  -20.969  41.220 0.0000000000
69855  -50.003  -20.835  39.590 0.0000000000
69883  -50.056  -20.271  37.311 0.0000000000
70963  -50.723  -19.750  36.820 0.0000000000
71005  -51.989  -20.008  35.797 0.0000000000
69905  -53.445  -20.682  36.632 0.0000000000
72113  -53.805  -18.803  37.618 0.0000000000
70966  -54.042  -19.916  37.275 0.0000000000
68797  -53.936  -21.595  37.193 0.0000000000
73165  -56.615  -17.619  41.700 0.0000000000
72031  -56.573  -18.608  41.379 0.0000000000
69823  -57.017  -20.775  41.158 0.0000000000
70922  -57.549  -19.646  40.639 0.0000000000
69839  -57.550  -20.380  40.818 0.0000000000
68741  -56.874  -21.376  40.829 0.0000000000
41786  -24.157  -45.202  55.928 0.0000000000
43824  -28.231  -44.283  58.074 0.0000000000
40703  -28.554  -46.307  57.756 0.0000000000
40730  -28.325  -46.588  56.592 0.0000000000
41790  -29.201  -46.268  55.850 0.0000000000
40743  -29.032  -47.131  55.945 0.0000000000
40754  -27.334  -46.839  54.953 0.0000000000
39658  -27.021  -47.241  53.589 0.0000000000
48069  -30.675  -39.324  56.599 0.0000000000
48085  -28.582  -38.854  55.153 0.0000000000
48100  -27.184  -38.884  54.292 0.0000000000
48138  -28.983  -38.766  52.377 0.0000000000
48120  -27.524  -38.783  53.419 0.0000000000
48118  -25.887  -39.065  53.282 0.0000000000
47020  -25.022  -40.485  52.558 0.0000000000
45990  -25.235  -41.418  52.383 0.0000000000
43921  -25.692  -43.036  51.409 0.0000000000
47093  -24.881  -39.905  47.711 0.0000000000
46070  -24.579  -40.802  47.952 0.0000000000
46038  -24.863  -41.878  48.875 0.0000000000
45011  -24.953  -42.420  49.348 0.0000000000
43936  -25.914  -43.747  50.351 0.0000000000
42868  -26.705  -44.397  50.496 0.0000000000
49398  -44.377  -38.142  44.561 0.0000000000
49399  -45.234  -38.075  44.774 0.0000000000
49382  -43.969  -38.570  44.942 0.0000000000
49397  -43.293  -38.278  44.195 0.0000000000
68811  -48.714  -21.097  36.611 0.0000000000
69918  -48.947  -20.837  36.248 0.0000000000
69901  -49.299  -20.720  36.749 0.0000000000
48031  -30.685  -38.844  59.305 0.0000000000
48043  -30.601  -39.171  58.539 0.0000000000
56427  -38.126  -32.740  37.567 0.0000000000
56453  -38.334  -32.008  36.886 0.0000000000
58729  -46.511  -30.817  41.368 0.0000000000
58749  -46.198  -30.166  40.836 0.0000000000
59871  -46.448  -29.251  40.898 0.0000000000
41847  -39.224  -43.741  51.758 0.0000000000
41846  -38.733  -43.723  51.797 0.0000000000
42849  -39.232  -43.976  50.898 0.0000000000
47233  -34.840  -40.876  39.658 0.0000000000
46187  -34.356  -41.324  39.378 0.0000000000
56410  -38.048  -33.268  37.941 0.0000000000
56409  -37.507  -33.058  38.104 0.0000000000
73096  -55.110  -16.883  44.507 0.0000000000
73139  -55.185  -16.801  42.474 0.0000000000
73116  -55.523  -16.653  43.380 0.0000000000
44872  -27.639  -43.718  60.111 0.0000000000
43801  -27.868  -43.922  59.652 0.0000000000
43800  -27.856  -43.598  59.297 0.0000000000
43905  -26.642  -43.825  52.428 0.0000000000
42826  -27.218  -44.419  52.309 0.0000000000
42843  -27.604  -44.993  51.720 0.0000000000
48211  -28.829  -38.767  48.437 0.0000000000
52830  -41.899  -35.681  40.971 0.0000000000
52834  -46.770  -34.362  41.577 0.0000000000
46058  -41.427  -41.821  48.597 0.0000000000
49409  -39.147  -38.681  43.681 0.0000000000
48299  -38.418  -39.374  44.058 0.0000000000
49408  -38.007  -38.978  43.342 0.0000000000
49407  -37.383  -39.104  43.348 0.0000000000
49447  -37.329  -38.024  42.205 0.0000000000
51764  -40.774  -36.054  40.789 0.0000000000
52842  -40.270  -35.727  40.260 0.0000000000
48082  -25.811  -38.857  55.324 0.0000000000
48098  -25.500  -39.268  54.151 0.0000000000
55129  -43.286  -33.060  38.433 0.0000000000
55151  -42.717  -32.834  37.802 0.0000000000
62105  -43.934  -28.397  38.461 0.0000000000
61044  -43.437  -28.860  38.012 0.0000000000
65450  -46.988  -24.953  39.401 0.0000000000
65468  -47.060  -24.199  38.838 0.0000000000
65451  -47.372  -24.471  39.344 0.0000000000
44912  -34.469  -41.372  56.052 0.0000000000
44911  -34.127  -41.504  55.827 0.0000000000
43838  -34.836  -41.700  55.386 0.0000000000
45012  -35.802  -41.346  50.016 0.0000000000
47052  -34.504  -40.488  49.558 0.0000000000
47069  -34.623  -40.456  49.098 0.0000000000
44017  -37.037  -42.812  46.105 0.0000000000
44029  -36.306  -42.865  45.664 0.0000000000
47182  -32.393  -40.324  42.975 0.0000000000
46139  -32.478  -40.447  44.148 0.0000000000
47160  -32.138  -39.969  44.715 0.0000000000
48296  -31.701  -39.215  43.965 0.0000000000
52852  -34.525  -36.137  39.549 0.0000000000
51787  -33.933  -36.261  39.030 0.0000000000
57564  -50.101  -31.930  44.745 0.0000000000
62026  -51.963  -26.960  44.129 0.0000000000
62013  -51.864  -27.463  44.243 0.0000000000
60960  -50.692  -28.129  43.603 0.0000000000
62024  -50.844  -27.134  43.340 0.0000000000
62039  -50.321  -27.074  43.022 0.0000000000
63095  -50.821  -26.626  43.190 0.0000000000
66546  -50.875  -23.562  42.220 0.0000000000
66524  -50.760  -23.110  42.278 0.0000000000
68705  -50.759  -22.040  42.256 0.0000000000
71886  -51.882  -18.940  47.506 0.0000000000
70823  -52.267  -19.249  47.068 0.0000000000
69722  -52.227  -19.587  46.984 0.0000000000
72029  -52.308  -18.226  41.603 0.0000000000
72028  -51.775  -18.822  41.836 0.0000000000
72080  -51.848  -18.769  40.076 0.0000000000
72081  -52.517  -18.212  39.591 0.0000000000
70951  -55.406  -20.011  39.196 0.0000000000
68763  -56.304  -21.711  39.946 0.0000000000
74271  -57.448  -17.043  41.095 0.0000000000
73192  -57.234  -17.191  40.467 0.0000000000
40715  -24.200  -45.880  57.999 0.0000000000
41788  -26.010  -46.158  55.751 0.0000000000
40753  -26.602  -46.607  55.015 0.0000000000
43848  -27.781  -43.930  56.106 0.0000000000
38586  -28.706  -48.807  53.687 0.0000000000
48123  -30.943  -38.835  53.474 0.0000000000
48188  -25.816  -39.488  49.856 0.0000000000
47048  -25.167  -40.176  50.859 0.0000000000
50573  -44.909  -36.974  42.906 0.0000000000
51718  -45.451  -36.602  42.839 0.0000000000
51733  -45.710  -36.052  42.451 0.0000000000
51719  -46.241  -36.262  43.277 0.0000000000
47120  -41.843  -40.437  47.022 0.0000000000
48283  -41.738  -39.074  44.751 0.0000000000
49394  -40.038  -38.705  44.296 0.0000000000
49411  -41.376  -38.075  43.218 0.0000000000
50553  -42.763  -37.601  43.107 0.0000000000
50552  -42.109  -37.823  42.859 0.0000000000
50570  -42.329  -37.279  42.518 0.0000000000
51729  -41.762  -36.873  42.023 0.0000000000
67734  -48.970  -22.344  35.116 0.0000000000
68825  -51.616  -21.611  35.483 0.0000000000
49197  -28.527  -38.392  58.796 0.0000000000
48041  -29.194  -38.640  57.561 0.0000000000
49214  -28.483  -38.479  57.874 0.0000000000
49228  -28.578  -38.416  57.053 0.0000000000
49237  -27.169  -38.373  56.468 0.0000000000
49238  -28.059  -38.574  56.333 0.0000000000
56454  -39.245  -32.009  36.643 0.0000000000
56400  -45.480  -32.295  39.807 0.0000000000
59884  -45.408  -29.610  39.828 0.0000000000
61033  -45.079  -28.957  39.482 0.0000000000
61041  -44.481  -28.810  38.984 0.0000000000
62072  -46.810  -27.353  40.646 0.0000000000
63132  -46.704  -26.401  40.294 0.0000000000
63133  -47.189  -26.722  40.913 0.0000000000
42787  -36.846  -42.443  54.155 0.0000000000
42799  -36.336  -42.389  53.532 0.0000000000
42800  -36.862  -42.870  53.631 0.0000000000
41867  -37.703  -43.703  51.128 0.0000000000
42846  -37.012  -43.309  51.480 0.0000000000
43925  -36.623  -42.960  51.371 0.0000000000
43938  -36.145  -42.127  50.872 0.0000000000
43939  -36.625  -43.097  50.714 0.0000000000
45100  -36.017  -41.916  42.520 0.0000000000
45093  -35.783  -42.208  43.206 0.0000000000
45103  -35.547  -42.042  42.073 0.0000000000
47219  -32.523  -40.343  40.522 0.0000000000
48342  -32.298  -39.776  41.286 0.0000000000
53938  -35.697  -34.398  38.633 0.0000000000
64184  -52.844  -25.351  45.180 0.0000000000
66502  -52.597  -23.400  44.862 0.0000000000
67585  -52.453  -22.711  44.667 0.0000000000
73072  -54.674  -17.108  46.180 0.0000000000
74135  -53.903  -17.163  47.002 0.0000000000
73071  -53.959  -17.426  46.784 0.0000000000
71946  -53.790  -17.974  46.652 0.0000000000
71945  -53.324  -18.335  46.445 0.0000000000
71959  -53.945  -18.199  45.916 0.0000000000
73114  -53.491  -17.700  43.839 0.0000000000
73137  -52.954  -17.657  42.535 0.0000000000
73162  -53.887  -17.344  41.519 0.0000000000
72058  -56.195  -18.571  40.957 0.0000000000
74302  -55.476  -16.135  38.907 0.0000000000
74303  -56.274  -17.054  39.045 0.0000000000
41735  -25.703  -44.976  59.440 0.0000000000
41736  -26.628  -45.142  59.498 0.0000000000
41750  -27.789  -45.759  58.573 0.0000000000
41749  -26.962  -45.720  58.499 0.0000000000
40701  -27.622  -46.053  58.318 0.0000000000
40716  -27.509  -46.277  57.919 0.0000000000
44955  -26.983  -42.958  54.014 0.0000000000
42828  -28.344  -45.308  53.030 0.0000000000
42813  -28.423  -45.184  54.038 0.0000000000
40770  -28.791  -46.390  53.236 0.0000000000
41886  -28.100  -46.125  51.315 0.0000000000
40800  -28.804  -46.833  51.820 0.0000000000
48155  -30.272  -38.888  51.232 0.0000000000
48210  -27.818  -39.081  48.562 0.0000000000
48189  -26.676  -39.237  49.705 0.0000000000
53942  -39.675  -34.010  38.754 0.0000000000
53923  -40.694  -34.133  39.284 0.0000000000
52860  -42.610  -34.954  39.711 0.0000000000
53924  -41.868  -34.268  39.277 0.0000000000
53925  -42.779  -34.338  39.297 0.0000000000
53945  -42.748  -33.775  38.893 0.0000000000
51749  -44.013  -36.061  41.361 0.0000000000
51766  -43.219  -35.700  40.919 0.0000000000
52847  -45.193  -34.517  40.342 0.0000000000
52846  -44.310  -35.042  40.427 0.0000000000
52863  -44.974  -34.172  39.619 0.0000000000
53911  -45.475  -33.915  39.956 0.0000000000
56383  -46.557  -32.455  41.465 0.0000000000
57597  -46.324  -31.705  41.282 0.0000000000
43943  -41.030  -43.640  50.393 0.0000000000
43942  -40.260  -43.907  50.195 0.0000000000
43962  -40.562  -43.570  49.786 0.0000000000
45052  -39.982  -41.989  48.205 0.0000000000
45051  -39.328  -42.166  48.090 0.0000000000
46094  -38.800  -41.395  46.918 0.0000000000
47119  -40.849  -40.731  46.606 0.0000000000
47164  -38.081  -40.480  45.072 0.0000000000
46128  -37.733  -41.037  44.813 0.0000000000
47184  -37.085  -41.180  43.953 0.0000000000
46143  -36.631  -41.476  43.662 0.0000000000
47183  -36.725  -40.603  43.696 0.0000000000
48317  -35.923  -39.924  42.252 0.0000000000
47200  -36.054  -40.567  42.230 0.0000000000
48334  -35.519  -40.207  41.755 0.0000000000
48333  -34.930  -40.216  41.120 0.0000000000
49444  -34.642  -39.628  40.822 0.0000000000
50602  -36.092  -37.446  41.333 0.0000000000
50601  -35.361  -37.770  41.010 0.0000000000
51759  -36.122  -36.820  40.879 0.0000000000
50567  -39.963  -37.702  42.212 0.0000000000
50588  -39.453  -37.408  41.667 0.0000000000
51762  -39.167  -36.333  40.750 0.0000000000
51761  -38.152  -36.298  40.621 0.0000000000
51776  -37.345  -36.092  39.921 0.0000000000
52855  -37.573  -35.448  39.476 0.0000000000
53921  -38.719  -34.845  39.261 0.0000000000
53941  -38.817  -34.283  38.713 0.0000000000
76462  -56.162  -14.763  42.995 0.0000000000
75358  -56.476  -15.574  41.794 0.0000000000
76498  -56.043  -14.607  41.096 0.0000000000
76497  -55.678  -14.619  40.572 0.0000000000
76508  -55.302  -14.703  39.710 0.0000000000
77624  -55.418  -13.705  39.727 0.0000000000
45898  -24.622  -41.493  59.101 0.0000000000
44869  -25.963  -42.623  59.258 0.0000000000
46951  -24.443  -40.565  57.631 0.0000000000
44876  -24.978  -42.363  57.638 0.0000000000
44889  -25.046  -42.353  56.658 0.0000000000
49225  -25.988  -38.493  57.361 0.0000000000
46977  -24.760  -40.360  55.188 0.0000000000
45934  -25.393  -42.298  55.656 0.0000000000
45946  -25.279  -42.109  55.177 0.0000000000
44939  -26.352  -42.935  54.638 0.0000000000
45963  -24.995  -41.992  54.354 0.0000000000
45979  -25.005  -41.511  53.393 0.0000000000
43883  -26.235  -43.230  53.066 0.0000000000
44967  -25.503  -42.304  52.375 0.0000000000
55126  -40.829  -33.566  38.442 0.0000000000
55149  -40.983  -33.111  37.430 0.0000000000
56432  -42.174  -32.365  37.415 0.0000000000
56431  -41.375  -32.278  37.149 0.0000000000
58774  -43.494  -30.661  38.147 0.0000000000
61053  -42.199  -28.836  37.062 0.0000000000
63171  -45.433  -26.270  38.437 0.0000000000
65477  -45.977  -24.150  38.093 0.0000000000
66620  -46.489  -23.500  38.009 0.0000000000
67705  -47.064  -22.970  37.843 0.0000000000
67689  -48.326  -22.414  38.552 0.0000000000
45910  -32.528  -40.304  57.846 0.0000000000
45923  -33.073  -40.681  57.212 0.0000000000
44925  -33.800  -41.151  55.379 0.0000000000
45936  -32.976  -40.669  56.347 0.0000000000
45947  -33.357  -40.844  55.289 0.0000000000
46993  -32.608  -40.258  54.754 0.0000000000
45964  -33.356  -40.691  54.244 0.0000000000
43888  -35.274  -41.941  53.154 0.0000000000
43867  -34.990  -41.559  53.770 0.0000000000
44957  -35.011  -41.809  53.111 0.0000000000
45992  -34.168  -40.915  52.602 0.0000000000
47023  -33.556  -40.632  52.352 0.0000000000
47022  -32.961  -40.219  52.448 0.0000000000
47036  -32.850  -39.862  51.219 0.0000000000
48174  -32.115  -39.388  49.361 0.0000000000
48213  -30.683  -38.980  48.068 0.0000000000
48214  -31.456  -39.315  47.890 0.0000000000
42914  -38.648  -43.957  49.350 0.0000000000
42893  -38.292  -44.126  49.618 0.0000000000
42913  -38.214  -43.792  49.030 0.0000000000
44001  -36.602  -43.361  47.427 0.0000000000
43978  -36.737  -43.261  48.400 0.0000000000
43977  -35.923  -42.923  48.731 0.0000000000
45083  -34.877  -42.485  44.376 0.0000000000
45073  -35.597  -42.737  45.047 0.0000000000
45071  -33.804  -42.413  45.651 0.0000000000
45061  -33.891  -42.133  46.573 0.0000000000
45046  -34.100  -41.889  47.011 0.0000000000
46072  -33.582  -41.320  47.162 0.0000000000
47098  -33.208  -40.826  47.355 0.0000000000
46071  -32.975  -41.044  46.945 0.0000000000
48261  -31.165  -39.322  45.514 0.0000000000
47115  -31.808  -39.985  46.313 0.0000000000
47137  -30.740  -39.347  46.226 0.0000000000
48246  -30.399  -39.189  46.576 0.0000000000
49479  -34.171  -38.418  39.145 0.0000000000
49495  -33.930  -39.389  38.305 0.0000000000
49494  -33.712  -38.765  38.355 0.0000000000
41723  -24.975  -45.128  60.092 0.0000000000
48019  -23.742  -39.827  60.616 0.0000000000
49177  -27.733  -37.985  60.123 0.0000000000
46923  -32.189  -39.516  59.611 0.0000000000
46931  -32.617  -39.474  58.994 0.0000000000
44881  -34.758  -40.482  56.934 0.0000000000
45914  -35.168  -40.197  57.042 0.0000000000
46966  -37.266  -40.217  55.403 0.0000000000
46955  -36.498  -39.704  56.207 0.0000000000
45927  -36.613  -40.582  55.696 0.0000000000
44898  -36.347  -40.957  55.964 0.0000000000
44914  -36.691  -41.306  55.278 0.0000000000
43841  -36.539  -41.713  55.132 0.0000000000
44927  -37.485  -41.564  54.463 0.0000000000
43857  -39.684  -41.747  53.552 0.0000000000
43856  -39.012  -41.977  53.583 0.0000000000
42803  -39.217  -43.042  52.975 0.0000000000
43910  -41.325  -43.108  52.089 0.0000000000
42833  -41.897  -43.239  51.783 0.0000000000
42852  -41.963  -43.639  51.413 0.0000000000
43964  -42.743  -43.225  50.462 0.0000000000
43965  -43.618  -42.707  50.373 0.0000000000
45015  -43.129  -42.774  49.802 0.0000000000
48248  -44.755  -39.383  46.216 0.0000000000
49385  -46.611  -38.139  45.670 0.0000000000
49400  -45.951  -37.817  45.122 0.0000000000
50527  -46.882  -37.643  45.400 0.0000000000
51711  -48.429  -36.287  44.687 0.0000000000
51710  -47.612  -36.443  44.395 0.0000000000
51721  -48.138  -35.718  44.090 0.0000000000
51720  -47.274  -35.901  43.644 0.0000000000
55066  -49.374  -33.674  44.187 0.0000000000
53877  -49.419  -34.453  44.407 0.0000000000
53891  -48.952  -34.316  43.853 0.0000000000
53890  -48.428  -34.471  43.163 0.0000000000
53900  -48.061  -34.185  42.585 0.0000000000
55078  -48.329  -33.705  43.011 0.0000000000
57578  -48.104  -32.024  43.381 0.0000000000
57587  -47.922  -31.259  43.105 0.0000000000
59807  -52.201  -28.759  44.751 0.0000000000
59805  -50.835  -29.959  44.274 0.0000000000
60959  -49.916  -28.525  43.356 0.0000000000
59831  -48.533  -29.490  42.891 0.0000000000
60972  -48.435  -28.338  42.490 0.0000000000
62037  -48.701  -27.124  42.365 0.0000000000
63107  -48.591  -26.124  42.075 0.0000000000
64208  -48.957  -25.632  41.923 0.0000000000
64210  -50.907  -25.605  42.812 0.0000000000
65414  -49.648  -24.296  41.205 0.0000000000
64223  -49.155  -25.029  41.173 0.0000000000
65431  -49.019  -24.309  40.729 0.0000000000
66563  -48.772  -23.932  40.389 0.0000000000
66564  -49.300  -23.515  40.602 0.0000000000
67668  -49.142  -22.321  39.693 0.0000000000
68761  -49.566  -21.622  39.660 0.0000000000
68779  -49.224  -21.612  38.975 0.0000000000
69773  -51.979  -20.924  45.737 0.0000000000
68670  -52.280  -21.455  45.778 0.0000000000
68669  -52.042  -21.237  45.453 0.0000000000
69786  -51.454  -20.725  44.412 0.0000000000
71957  -52.597  -18.514  45.418 0.0000000000
71956  -51.877  -18.985  45.148 0.0000000000
71971  -51.704  -18.880  44.192 0.0000000000
70889  -51.362  -19.806  42.773 0.0000000000
69809  -51.135  -20.594  42.332 0.0000000000
70937  -50.439  -19.688  39.031 0.0000000000
69867  -50.028  -20.432  38.386 0.0000000000
70965  -52.494  -18.889  36.980 0.0000000000
70986  -52.619  -19.680  36.384 0.0000000000
69904  -52.787  -20.653  36.182 0.0000000000
70987  -53.445  -19.862  36.710 0.0000000000
73220  -54.281  -17.942  39.151 0.0000000000
72099  -53.510  -18.251  38.578 0.0000000000
72100  -54.632  -18.573  38.839 0.0000000000
69868  -55.122  -20.801  38.482 0.0000000000
70967  -54.592  -19.989  37.859 0.0000000000
69885  -54.607  -20.784  37.797 0.0000000000
69884  -54.048  -20.738  37.183 0.0000000000
73117  -55.955  -16.506  42.909 0.0000000000
73141  -56.572  -16.853  42.387 0.0000000000
72032  -57.131  -18.667  41.454 0.0000000000
70902  -56.940  -19.810  41.314 0.0000000000
72085  -57.158  -18.586  39.569 0.0000000000
72086  -57.429  -18.669  40.221 0.0000000000
70941  -57.370  -19.788  39.842 0.0000000000
69857  -57.490  -20.576  40.142 0.0000000000
68723  -57.182  -21.058  41.040 0.0000000000
41773  -24.148  -45.455  57.184 0.0000000000
41799  -23.891  -45.204  54.714 0.0000000000
41841  -24.315  -45.407  53.018 0.0000000000
40787  -25.757  -46.156  53.082 0.0000000000
40786  -25.017  -45.759  52.462 0.0000000000
40799  -25.569  -46.506  52.004 0.0000000000
39668  -26.138  -47.074  52.513 0.0000000000
43810  -27.320  -43.478  58.257 0.0000000000
43811  -27.871  -43.727  58.596 0.0000000000
42775  -29.240  -45.642  56.916 0.0000000000
42766  -29.104  -45.471  57.431 0.0000000000
40704  -28.931  -46.282  57.358 0.0000000000
40718  -28.707  -46.502  57.105 0.0000000000
42798  -28.484  -45.084  55.008 0.0000000000
41789  -28.874  -45.713  55.475 0.0000000000
39626  -28.970  -47.427  55.520 0.0000000000
40742  -28.647  -46.963  55.869 0.0000000000
39624  -27.719  -47.153  54.923 0.0000000000
39641  -27.260  -47.151  54.376 0.0000000000
38587  -29.623  -48.677  53.390 0.0000000000
46963  -31.290  -39.595  56.677 0.0000000000
48086  -29.483  -38.672  55.301 0.0000000000
48101  -28.104  -39.032  54.311 0.0000000000
48154  -29.334  -38.679  51.342 0.0000000000
48151  -26.227  -39.052  51.573 0.0000000000
48136  -26.750  -38.688  52.562 0.0000000000
48119  -26.620  -38.816  53.432 0.0000000000
49282  -26.209  -38.948  52.923 0.0000000000
48134  -25.317  -39.638  52.539 0.0000000000
46004  -24.800  -41.621  51.116 0.0000000000
46005  -25.104  -41.137  51.684 0.0000000000
44983  -25.077  -42.150  51.355 0.0000000000
43935  -25.405  -42.950  50.637 0.0000000000
46090  -24.537  -40.838  46.912 0.0000000000
45025  -24.766  -42.268  48.285 0.0000000000
45024  -24.571  -41.812  48.213 0.0000000000
42889  -26.453  -44.442  49.488 0.0000000000
50554  -43.568  -37.534  43.428 0.0000000000
47146  -43.561  -39.493  45.877 0.0000000000
47145  -43.050  -39.736  45.942 0.0000000000
48266  -43.185  -39.315  45.404 0.0000000000
48284  -42.700  -39.031  44.718 0.0000000000
49396  -42.102  -38.555  44.061 0.0000000000
49413  -43.015  -37.879  43.555 0.0000000000
67732  -47.421  -22.162  35.908 0.0000000000
68821  -48.011  -21.796  35.783 0.0000000000
67735  -50.032  -22.437  35.213 0.0000000000
68823  -49.646  -21.489  35.473 0.0000000000
69920  -50.278  -20.742  35.671 0.0000000000
48020  -29.296  -38.311  59.109 0.0000000000
57609  -45.572  -31.345  39.992 0.0000000000
61015  -46.216  -28.702  40.460 0.0000000000
61016  -46.748  -28.327  40.937 0.0000000000
61017  -47.164  -27.707  41.162 0.0000000000
41804  -38.195  -43.365  52.817 0.0000000000
42816  -37.573  -43.290  52.953 0.0000000000
41823  -38.198  -43.537  52.320 0.0000000000
41844  -37.656  -43.570  51.733 0.0000000000
41887  -37.787  -43.811  50.720 0.0000000000
47221  -35.364  -41.275  41.195 0.0000000000
46175  -35.213  -41.636  41.319 0.0000000000
46174  -34.807  -41.489  40.572 0.0000000000
46173  -33.823  -41.512  40.128 0.0000000000
46172  -32.966  -41.202  39.877 0.0000000000
47231  -32.645  -40.445  39.335 0.0000000000
47246  -33.089  -40.854  38.847 0.0000000000
47245  -32.573  -40.612  38.310 0.0000000000
55122  -37.001  -33.679  38.542 0.0000000000
55145  -36.622  -32.925  38.069 0.0000000000
73081  -54.799  -17.089  45.534 0.0000000000
41725  -26.923  -44.898  59.911 0.0000000000
42747  -27.524  -44.756  59.587 0.0000000000
41738  -28.044  -45.269  58.763 0.0000000000
43884  -26.865  -43.394  53.329 0.0000000000
42827  -27.826  -44.550  52.777 0.0000000000
48193  -30.583  -38.858  49.092 0.0000000000
48192  -29.594  -38.769  49.288 0.0000000000
48227  -26.988  -39.034  47.700 0.0000000000
52858  -40.508  -35.106  39.755 0.0000000000
52823  -45.322  -35.770  41.872 0.0000000000
52831  -44.417  -35.471  41.119 0.0000000000
53912  -45.861  -33.709  40.463 0.0000000000
53906  -46.264  -34.013  41.065 0.0000000000
53907  -46.855  -33.751  41.543 0.0000000000
55088  -47.341  -33.370  42.043 0.0000000000
43984  -41.689  -42.946  49.467 0.0000000000
43983  -40.841  -43.042  49.377 0.0000000000
45031  -41.123  -42.396  49.092 0.0000000000
46057  -40.591  -42.026  48.536 0.0000000000
46075  -39.548  -41.716  47.659 0.0000000000
48281  -39.720  -39.267  44.869 0.0000000000
48262  -39.604  -39.851  45.537 0.0000000000
48279  -37.819  -39.846  44.508 0.0000000000
48278  -37.167  -39.914  44.258 0.0000000000
48297  -36.777  -39.806  43.832 0.0000000000
48319  -36.923  -39.290  43.437 0.0000000000
49426  -35.920  -39.256  42.437 0.0000000000
49446  -36.308  -38.446  42.092 0.0000000000
50585  -36.659  -37.604  41.713 0.0000000000
50586  -37.550  -37.365  41.852 0.0000000000
52841  -39.379  -35.774  40.313 0.0000000000
52856  -38.553  -35.438  39.754 0.0000000000
48040  -24.149  -39.728  58.513 0.0000000000
46939  -24.312  -40.775  58.534 0.0000000000
48052  -24.499  -39.498  57.294 0.0000000000
49236  -26.194  -38.527  56.428 0.0000000000
48065  -25.523  -38.728  56.090 0.0000000000
45962  -24.605  -41.136  54.393 0.0000000000
46991  -24.697  -40.375  54.257 0.0000000000
47005  -24.780  -40.520  53.386 0.0000000000
56433  -42.831  -32.098  37.565 0.0000000000
59892  -43.742  -29.829  38.360 0.0000000000
61043  -42.842  -29.085  37.523 0.0000000000
64288  -46.119  -25.769  38.716 0.0000000000
66607  -46.845  -23.978  38.615 0.0000000000
66608  -47.445  -23.647  38.856 0.0000000000
66609  -48.064  -23.023  39.043 0.0000000000
45924  -33.673  -40.618  57.211 0.0000000000
44893  -33.619  -40.907  56.465 0.0000000000
44926  -34.150  -41.347  55.091 0.0000000000
44969  -35.011  -41.784  52.744 0.0000000000
44985  -34.955  -41.613  51.886 0.0000000000
46006  -34.341  -41.221  51.604 0.0000000000
46021  -34.194  -40.685  51.101 0.0000000000
47051  -33.754  -40.165  50.334 0.0000000000
47082  -32.904  -40.062  48.187 0.0000000000
44003  -37.941  -42.632  47.902 0.0000000000
44002  -37.386  -42.958  47.314 0.0000000000
44015  -35.934  -43.525  46.743 0.0000000000
46125  -33.513  -41.664  44.071 0.0000000000
45082  -33.949  -42.427  44.655 0.0000000000
46124  -32.542  -41.123  44.550 0.0000000000
46108  -32.757  -41.173  45.574 0.0000000000
47116  -32.501  -40.453  46.007 0.0000000000
47140  -32.286  -40.616  45.190 0.0000000000
47159  -31.585  -39.577  45.353 0.0000000000
51772  -33.651  -37.306  39.185 0.0000000000
48034  -34.072  -39.472  58.698 0.0000000000
45938  -38.168  -40.389  54.897 0.0000000000
45949  -37.790  -41.289  54.517 0.0000000000
45950  -38.335  -41.083  54.443 0.0000000000
42878  -42.811  -43.131  51.045 0.0000000000
50517  -48.145  -37.789  46.415 0.0000000000
50528  -47.267  -37.556  45.522 0.0000000000
50529  -48.095  -37.385  45.909 0.0000000000
50544  -48.680  -36.732  45.279 0.0000000000
51712  -49.039  -36.062  45.098 0.0000000000
56366  -49.251  -32.893  43.912 0.0000000000
57563  -49.628  -32.227  44.219 0.0000000000
58697  -49.392  -30.699  44.012 0.0000000000
60950  -52.231  -27.792  44.648 0.0000000000
60949  -51.727  -28.256  44.378 0.0000000000
59818  -51.178  -28.516  44.053 0.0000000000
60973  -49.360  -27.915  42.867 0.0000000000
65416  -50.956  -23.859  42.171 0.0000000000
67636  -49.890  -22.921  41.155 0.0000000000
67650  -50.083  -22.386  40.802 0.0000000000
68739  -50.212  -21.681  40.470 0.0000000000
69741  -51.605  -20.237  46.727 0.0000000000
69761  -51.571  -20.214  45.893 0.0000000000
71989  -51.688  -18.983  43.188 0.0000000000
70901  -51.346  -19.665  41.674 0.0000000000
69836  -50.933  -20.233  40.922 0.0000000000
70919  -51.386  -19.513  40.540 0.0000000000
70938  -51.257  -19.280  39.558 0.0000000000
70949  -51.235  -19.054  38.502 0.0000000000
72111  -51.978  -18.599  38.228 0.0000000000
72112  -52.728  -18.539  37.694 0.0000000000
72101  -55.369  -19.375  39.179 0.0000000000
68780  -55.156  -21.673  38.392 0.0000000000
74235  -57.042  -16.560  41.968 0.0000000000
73142  -56.981  -16.801  42.177 0.0000000000
72060  -57.611  -18.662  41.116 0.0000000000
69871  -57.483  -20.571  38.961 0.0000000000
40727  -23.423  -45.818  56.521 0.0000000000
41787  -25.284  -45.630  55.854 0.0000000000
41819  -25.232  -45.841  54.038 0.0000000000
44892  -27.391  -43.398  57.413 0.0000000000
43835  -28.040  -43.887  56.859 0.0000000000
42774  -29.028  -44.943  56.871 0.0000000000
41777  -29.098  -45.622  56.313 0.0000000000
40744  -29.369  -46.903  55.360 0.0000000000
39643  -28.678  -47.737  54.714 0.0000000000
39642  -28.008  -47.688  54.451 0.0000000000
38593  -27.606  -48.165  52.703 0.0000000000
37478  -28.402  -48.855  53.061 0.0000000000
37479  -28.924  -49.260  53.317 0.0000000000
46978  -31.804  -39.887  55.319 0.0000000000
48104  -31.067  -39.213  54.827 0.0000000000
48103  -30.145  -38.701  54.494 0.0000000000
48169  -27.443  -38.822  50.461 0.0000000000
48150  -25.526  -39.563  51.637 0.0000000000
46020  -24.935  -40.911  51.014 0.0000000000
46019  -24.590  -41.496  50.496 0.0000000000
42908  -25.731  -44.038  48.117 0.0000000000
43976  -25.790  -43.994  48.563 0.0000000000
51747  -42.012  -36.171  41.538 0.0000000000
51765  -42.524  -35.758  41.114 0.0000000000
50572  -44.103  -36.922  42.845 0.0000000000
52815  -46.782  -35.472  42.848 0.0000000000
46078  -42.794  -41.229  48.091 0.0000000000
46077  -41.639  -41.187  47.783 0.0000000000
47143  -41.158  -40.225  46.035 0.0000000000
48264  -41.426  -39.564  45.455 0.0000000000
48263  -40.468  -39.744  45.460 0.0000000000
49393  -39.494  -38.983  44.283 0.0000000000
49429  -39.572  -38.075  42.823 0.0000000000
50568  -40.706  -37.596  42.266 0.0000000000
49431  -41.015  -37.785  42.650 0.0000000000
51728  -41.292  -37.124  41.909 0.0000000000
49195  -26.461  -38.063  59.350 0.0000000000
49212  -26.719  -38.219  58.264 0.0000000000
49226  -26.913  -38.243  57.307 0.0000000000
48083  -26.827  -38.732  55.104 0.0000000000
55110  -44.725  -33.131  39.183 0.0000000000
56412  -44.354  -32.373  38.735 0.0000000000
57618  -44.566  -31.529  38.922 0.0000000000
58764  -45.248  -30.539  39.646 0.0000000000
58763  -44.711  -30.637  39.148 0.0000000000
59893  -44.417  -29.810  38.730 0.0000000000
62106  -44.431  -27.648  38.547 0.0000000000
62112  -44.267  -27.005  37.821 0.0000000000
62107  -45.204  -27.147  38.822 0.0000000000
63152  -45.652  -26.701  39.060 0.0000000000
63153  -46.130  -26.454  39.490 0.0000000000
64237  -46.823  -25.890  40.284 0.0000000000
43839  -35.569  -41.963  55.243 0.0000000000
43852  -35.362  -42.003  54.787 0.0000000000
43889  -35.796  -42.120  53.347 0.0000000000
43908  -36.037  -42.199  52.542 0.0000000000
42815  -36.931  -43.137  52.963 0.0000000000
42829  -36.609  -42.760  52.059 0.0000000000
43923  -35.646  -41.847  51.424 0.0000000000
43956  -35.910  -41.765  50.595 0.0000000000
45085  -36.538  -42.144  44.042 0.0000000000
45074  -36.369  -42.480  44.944 0.0000000000
45092  -35.016  -42.122  43.386 0.0000000000
46160  -34.982  -42.036  41.643 0.0000000000
46152  -34.704  -42.055  42.346 0.0000000000
46141  -34.208  -41.579  42.977 0.0000000000
47199  -32.657  -40.543  42.503 0.0000000000
47198  -32.101  -39.904  42.475 0.0000000000
48316  -31.760  -39.350  42.460 0.0000000000
48331  -31.958  -39.373  41.837 0.0000000000
48341  -31.877  -39.528  40.731 0.0000000000
48354  -31.369  -38.860  39.861 0.0000000000
47230  -32.199  -39.844  39.558 0.0000000000
52875  -35.258  -35.034  39.002 0.0000000000
52874  -34.410  -35.458  38.813 0.0000000000
53937  -34.828  -34.730  38.596 0.0000000000
53962  -34.617  -34.139  38.147 0.0000000000
55142  -34.106  -33.666  37.625 0.0000000000
55143  -34.814  -33.473  37.768 0.0000000000
63082  -52.542  -26.241  44.683 0.0000000000
63096  -51.173  -26.345  43.301 0.0000000000
65387  -51.942  -24.623  43.666 0.0000000000
65377  -52.758  -24.321  44.989 0.0000000000
65388  -52.332  -24.100  44.288 0.0000000000
66510  -51.744  -23.758  43.541 0.0000000000
67600  -51.702  -22.663  43.510 0.0000000000
70824  -52.917  -18.567  47.210 0.0000000000
71925  -52.739  -18.723  46.826 0.0000000000
71958  -53.276  -18.215  45.746 0.0000000000
73094  -53.705  -17.808  44.582 0.0000000000
71991  -52.955  -18.058  44.213 0.0000000000
71990  -52.550  -18.242  43.545 0.0000000000
73188  -52.960  -17.644  40.053 0.0000000000
73189  -53.779  -17.279  40.367 0.0000000000
73208  -54.656  -17.828  39.701 0.0000000000
73209  -55.154  -17.845  40.269 0.0000000000
72084  -55.486  -18.615  39.925 0.0000000000
74286  -56.426  -16.371  39.967 0.0000000000
72102  -56.784  -18.701  38.989 0.0000000000
41763  -25.967  -45.549  57.736 0.0000000000
40728  -26.730  -46.186  56.681 0.0000000000
43865  -27.678  -43.818  55.075 0.0000000000
41802  -28.823  -45.767  54.561 0.0000000000
41821  -29.190  -46.342  54.235 0.0000000000
40789  -29.245  -47.426  52.837 0.0000000000
48140  -31.139  -38.971  52.143 0.0000000000
49308  -28.933  -38.591  50.608 0.0000000000
48170  -28.424  -38.626  50.300 0.0000000000
47081  -25.409  -39.843  49.260 0.0000000000
55147  -39.073  -33.210  37.821 0.0000000000
55125  -39.779  -33.528  38.300 0.0000000000
55109  -41.675  -33.707  38.849 0.0000000000
53946  -43.373  -33.604  38.871 0.0000000000
53947  -43.726  -33.403  38.883 0.0000000000
52845  -43.354  -35.298  40.289 0.0000000000
53927  -44.269  -33.774  39.210 0.0000000000
55112  -45.656  -32.841  39.935 0.0000000000
55103  -45.817  -33.121  40.259 0.0000000000
58730  -47.029  -30.399  42.009 0.0000000000
42850  -40.037  -43.900  51.225 0.0000000000
43941  -39.808  -44.159  50.066 0.0000000000
43961  -39.605  -43.959  49.606 0.0000000000
43981  -38.878  -43.586  48.889 0.0000000000
45029  -39.177  -42.831  48.427 0.0000000000
45028  -38.456  -42.845  48.327 0.0000000000
45063  -37.674  -42.491  46.621 0.0000000000
45075  -37.244  -42.216  45.267 0.0000000000
46096  -40.670  -41.157  47.147 0.0000000000
46095  -39.798  -41.290  47.173 0.0000000000
47117  -39.359  -40.954  46.767 0.0000000000
47141  -38.993  -40.458  46.089 0.0000000000
45076  -37.683  -41.832  45.544 0.0000000000
46126  -36.905  -41.817  44.117 0.0000000000
46162  -35.961  -41.648  42.192 0.0000000000
47209  -35.396  -40.774  41.234 0.0000000000
48357  -34.553  -40.074  39.177 0.0000000000
49460  -34.269  -38.955  40.152 0.0000000000
49459  -34.077  -38.291  39.707 0.0000000000
50600  -34.473  -37.780  40.465 0.0000000000
50616  -34.043  -37.486  40.021 0.0000000000
51757  -34.333  -37.063  40.219 0.0000000000
52839  -34.961  -36.124  40.185 0.0000000000
51743  -37.866  -36.772  41.373 0.0000000000
51744  -38.843  -36.890  41.213 0.0000000000
51775  -36.411  -36.266  40.015 0.0000000000
53919  -36.425  -34.867  39.115 0.0000000000
53939  -36.826  -34.542  38.776 0.0000000000
53920  -38.024  -35.059  39.232 0.0000000000
74190  -56.136  -15.969  43.720 0.0000000000
75344  -56.357  -15.600  42.572 0.0000000000
75359  -56.838  -16.221  41.755 0.0000000000
74252  -56.738  -16.132  41.395 0.0000000000
75370  -56.219  -15.560  40.897 0.0000000000
75382  -56.119  -15.910  40.377 0.0000000000
75381  -55.707  -15.619  40.079 0.0000000000
75400  -55.284  -15.283  39.253 0.0000000000
74301  -54.847  -15.843  38.553 0.0000000000
75399  -54.709  -15.265  38.585 0.0000000000
74312  -54.533  -16.083  38.145 0.0000000000
44878  -26.739  -43.018  58.727 0.0000000000
44877  -25.850  -42.793  58.183 0.0000000000
44891  -26.790  -43.226  57.582 0.0000000000
44908  -26.587  -42.969  56.485 0.0000000000
45933  -25.017  -41.883  56.048 0.0000000000
44923  -26.449  -42.917  55.509 0.0000000000
44954  -26.250  -43.016  53.826 0.0000000000
48244  -28.464  -38.626  46.379 0.0000000000
56429  -40.008  -32.711  36.894 0.0000000000
56456  -40.752  -31.820  36.613 0.0000000000
56411  -43.549  -32.353  38.236 0.0000000000
57640  -42.732  -31.256  37.301 0.0000000000
58787  -42.986  -30.596  37.517 0.0000000000
58786  -42.377  -30.554  37.022 0.0000000000
64287  -45.556  -25.496  38.236 0.0000000000
67718  -46.925  -22.699  37.337 0.0000000000
67719  -47.599  -22.098  36.924 0.0000000000
67720  -48.268  -21.568  36.985 0.0000000000
68795  -48.690  -21.101  37.521 0.0000000000
46940  -31.328  -39.531  58.097 0.0000000000
46953  -31.904  -40.027  57.569 0.0000000000
46964  -31.828  -40.042  56.498 0.0000000000
46965  -32.473  -40.345  56.335 0.0000000000
43851  -35.042  -41.793  54.686 0.0000000000
43850  -34.763  -41.595  54.523 0.0000000000
44941  -34.468  -41.380  54.228 0.0000000000
44968  -34.728  -41.440  52.554 0.0000000000
45981  -34.113  -40.963  53.761 0.0000000000
48173  -31.572  -39.122  49.961 0.0000000000
47050  -32.540  -39.431  50.184 0.0000000000
42872  -38.492  -44.235  50.219 0.0000000000
42871  -37.865  -43.953  50.215 0.0000000000
43959  -37.517  -43.664  49.794 0.0000000000
42912  -37.682  -43.508  48.755 0.0000000000
42891  -37.315  -43.502  48.914 0.0000000000
45013  -35.670  -41.876  48.927 0.0000000000
44028  -35.558  -43.392  45.848 0.0000000000
42939  -35.120  -43.682  45.928 0.0000000000
43998  -34.320  -43.654  47.316 0.0000000000
45047  -34.524  -42.390  47.172 0.0000000000
46056  -34.909  -41.997  48.094 0.0000000000
46054  -34.165  -40.966  48.237 0.0000000000
47083  -33.485  -40.592  47.754 0.0000000000
48215  -32.162  -39.701  47.652 0.0000000000
47096  -31.726  -39.745  46.818 0.0000000000
48232  -31.552  -39.554  47.232 0.0000000000
48231  -30.825  -39.352  47.125 0.0000000000
48245  -29.678  -38.715  46.525 0.0000000000
52890  -33.660  -35.220  38.006 0.0000000000
48269  -45.953  -38.862  46.050 0.0000000000
48270  -46.555  -38.724  46.392 0.0000000000
49372  -47.017  -38.512  46.330 0.0000000000
41734  -24.877  -45.231  59.642 0.0000000000
41724  -25.422  -44.861  59.781 0.0000000000
42745  -25.929  -44.734  59.799 0.0000000000
42727  -26.052  -44.225  60.437 0.0000000000
42735  -26.519  -44.605  60.079 0.0000000000
43790  -27.162  -44.144  60.276 0.0000000000
44859  -27.256  -43.619  60.336 0.0000000000
44858  -26.611  -43.079  60.611 0.0000000000
44846  -25.769  -42.578  61.096 0.0000000000
44857  -25.967  -42.597  60.254 0.0000000000
45891  -24.584  -41.511  60.092 0.0000000000
48028  -23.946  -39.685  59.671 0.0000000000
50297  -25.156  -37.890  59.539 0.0000000000
50298  -25.713  -37.960  59.479 0.0000000000
50285  -25.957  -37.777  59.993 0.0000000000
48021  -29.994  -37.947  59.506 0.0000000000
46921  -31.520  -39.067  59.576 0.0000000000
46930  -32.004  -39.660  59.175 0.0000000000
46942  -32.597  -39.838  58.458 0.0000000000
46932  -33.631  -39.651  58.573 0.0000000000
45912  -33.817  -40.125  57.786 0.0000000000
44880  -34.219  -40.580  57.152 0.0000000000
44895  -34.590  -40.878  56.457 0.0000000000
44897  -36.059  -41.256  55.976 0.0000000000
43826  -35.682  -41.514  55.761 0.0000000000
43840  -36.244  -41.980  55.190 0.0000000000
43853  -36.572  -42.121  54.597 0.0000000000
42788  -37.608  -42.663  53.909 0.0000000000
44928  -38.301  -41.642  54.130 0.0000000000
43855  -38.031  -42.287  53.922 0.0000000000
42802  -38.285  -43.022  53.346 0.0000000000
41805  -38.847  -43.380  52.584 0.0000000000
41825  -39.316  -43.654  52.067 0.0000000000
41848  -39.729  -43.690  51.828 0.0000000000
43873  -41.180  -42.007  53.254 0.0000000000
43890  -40.612  -43.126  52.334 0.0000000000
42831  -40.427  -43.641  51.815 0.0000000000
42851  -41.102  -43.783  51.342 0.0000000000
43944  -42.717  -43.361  50.844 0.0000000000
42896  -42.304  -43.612  50.600 0.0000000000
45033  -43.381  -42.411  49.079 0.0000000000
46060  -43.613  -41.858  48.521 0.0000000000
47122  -44.063  -39.860  46.429 0.0000000000
50541  -45.704  -37.375  44.506 0.0000000000
50557  -46.174  -36.816  44.124 0.0000000000
52785  -49.706  -35.688  45.293 0.0000000000
52803  -49.362  -35.261  44.773 0.0000000000
53878  -50.069  -34.518  44.954 0.0000000000
55089  -47.842  -33.614  42.533 0.0000000000
56374  -47.645  -32.841  42.659 0.0000000000
56365  -48.500  -32.897  43.442 0.0000000000
56364  -47.979  -32.690  43.148 0.0000000000
56384  -47.148  -32.556  42.059 0.0000000000
58710  -47.493  -30.910  42.592 0.0000000000
58686  -50.362  -30.845  44.501 0.0000000000
59815  -48.809  -30.236  43.437 0.0000000000
59830  -47.733  -29.965  42.445 0.0000000000
59853  -47.280  -29.444  41.887 0.0000000000
60994  -47.525  -28.362  41.686 0.0000000000
62053  -47.603  -27.219  41.491 0.0000000000
62054  -48.122  -27.157  41.915 0.0000000000
63120  -47.656  -26.311  41.271 0.0000000000
64221  -47.746  -25.946  41.099 0.0000000000
64239  -48.243  -25.073  40.350 0.0000000000
63110  -50.851  -26.117  43.004 0.0000000000
64209  -50.001  -25.351  42.138 0.0000000000
65452  -48.036  -24.404  39.816 0.0000000000
66588  -49.030  -22.916  39.938 0.0000000000
67667  -48.626  -22.698  39.371 0.0000000000
68778  -48.849  -21.560  38.431 0.0000000000
69881  -48.979  -21.067  38.253 0.0000000000
67584  -52.094  -22.217  44.371 0.0000000000
68706  -51.062  -21.757  42.690 0.0000000000
70855  -52.087  -19.071  45.856 0.0000000000
70854  -51.511  -19.711  45.814 0.0000000000
70877  -51.515  -19.829  43.776 0.0000000000
68720  -50.663  -21.801  41.739 0.0000000000
69835  -50.496  -20.738  40.446 0.0000000000
69854  -49.650  -21.187  39.351 0.0000000000
69882  -49.339  -20.744  37.755 0.0000000000
69902  -50.182  -20.352  36.384 0.0000000000
69903  -50.765  -20.329  36.026 0.0000000000
70985  -51.407  -19.909  36.191 0.0000000000
71004  -51.695  -20.292  35.758 0.0000000000
69922  -52.172  -20.732  35.746 0.0000000000
68813  -52.796  -21.581  36.181 0.0000000000
72082  -53.031  -17.997  39.097 0.0000000000
72114  -54.492  -19.392  37.968 0.0000000000
72129  -53.425  -19.362  36.935 0.0000000000
72059  -56.530  -19.385  41.171 0.0000000000
70921  -56.609  -19.906  41.124 0.0000000000
69838  -56.657  -20.490  41.021 0.0000000000
73211  -57.384  -17.847  40.317 0.0000000000
69824  -57.330  -20.539  41.090 0.0000000000
68722  -56.946  -21.114  41.071 0.0000000000
68740  -56.475  -20.980  40.637 0.0000000000
41761  -24.177  -45.774  57.746 0.0000000000
40739  -23.376  -45.580  55.857 0.0000000000
41884  -24.119  -45.703  51.245 0.0000000000
43812  -28.160  -44.115  58.919 0.0000000000
42757  -28.324  -44.898  58.381 0.0000000000
41751  -28.417  -45.770  58.257 0.0000000000
42765  -28.755  -44.847  57.672 0.0000000000
42758  -28.760  -45.413  57.906 0.0000000000
40717  -28.118  -46.565  57.536 0.0000000000
40741  -27.663  -46.709  55.677 0.0000000000
42785  -28.561  -45.081  56.000 0.0000000000
41778  -29.223  -46.158  56.592 0.0000000000
40732  -29.208  -46.769  56.174 0.0000000000
40731  -28.995  -46.871  56.351 0.0000000000
39640  -26.622  -46.860  54.087 0.0000000000
38579  -29.364  -48.490  53.910 0.0000000000
48055  -30.613  -39.231  57.627 0.0000000000
48054  -29.818  -39.044  57.151 0.0000000000
48068  -29.755  -38.783  56.249 0.0000000000
48067  -28.847  -38.619  56.009 0.0000000000
48066  -28.212  -38.776  55.707 0.0000000000
48084  -27.738  -38.783  55.163 0.0000000000
48121  -28.538  -39.004  53.384 0.0000000000
48137  -27.899  -38.677  52.428 0.0000000000
48117  -25.206  -39.576  53.344 0.0000000000
48133  -24.927  -39.889  52.914 0.0000000000
43922  -26.315  -43.776  51.413 0.0000000000
47094  -25.406  -39.536  47.091 0.0000000000
48226  -25.825  -39.243  47.930 0.0000000000
48225  -25.323  -39.703  48.460 0.0000000000
47080  -24.903  -40.274  48.767 0.0000000000
45044  -24.545  -41.632  47.737 0.0000000000
46052  -24.563  -41.449  48.609 0.0000000000
47065  -24.552  -40.772  49.406 0.0000000000
46037  -24.561  -41.567  49.574 0.0000000000
45010  -24.591  -42.066  50.115 0.0000000000
45000  -24.905  -42.549  50.350 0.0000000000
43954  -25.295  -43.261  49.743 0.0000000000
42869  -27.201  -45.165  50.697 0.0000000000
41885  -27.693  -45.852  50.925 0.0000000000
37473  -29.202  -48.828  53.937 0.0000000000
39611  -29.193  -47.071  55.828 0.0000000000
39612  -29.111  -47.028  56.056 0.0000000000
41726  -27.193  -44.971  59.710 0.0000000000
41752  -28.944  -45.946  57.732 0.0000000000
41765  -29.192  -46.041  57.202 0.0000000000
41776  -26.764  -46.065  56.945 0.0000000000
41806  -39.514  -43.411  52.352 0.0000000000
41826  -39.940  -43.603  52.017 0.0000000000
41845  -38.221  -43.677  51.814 0.0000000000
41869  -38.727  -43.828  51.327 0.0000000000
41870  -39.219  -43.827  51.379 0.0000000000
41888  -37.999  -43.933  50.796 0.0000000000
42736  -27.251  -44.586  59.962 0.0000000000
42737  -27.655  -44.383  59.707 0.0000000000
42776  -36.047  -42.222  54.934 0.0000000000
42786  -36.110  -42.194  54.386 0.0000000000
42789  -38.010  -42.754  53.734 0.0000000000
42804  -39.942  -43.127  52.541 0.0000000000
42817  -40.189  -43.443  52.160 0.0000000000
42830  -37.049  -43.215  52.256 0.0000000000
42845  -36.630  -42.881  51.642 0.0000000000
42847  -38.253  -44.036  50.636 0.0000000000
42848  -38.671  -44.017  50.773 0.0000000000
42854  -42.768  -42.960  51.230 0.0000000000
42873  -39.089  -44.219  50.367 0.0000000000
42874  -39.801  -44.081  50.516 0.0000000000
42877  -42.588  -43.537  51.043 0.0000000000
42895  -39.452  -44.237  50.041 0.0000000000
42897  -42.530  -43.617  50.796 0.0000000000
42911  -37.306  -43.374  48.576 0.0000000000
42923  -34.192  -43.823  47.618 0.0000000000
42924  -34.563  -43.684  47.297 0.0000000000
42925  -35.038  -43.501  47.012 0.0000000000
42929  -33.942  -44.190  47.149 0.0000000000
42930  -34.085  -44.113  47.431 0.0000000000
42931  -34.814  -44.039  47.020 0.0000000000
42932  -35.295  -43.681  46.549 0.0000000000
42936  -33.892  -44.166  46.864 0.0000000000
42937  -34.266  -44.214  46.614 0.0000000000
42938  -34.732  -44.034  46.002 0.0000000000
42943  -33.866  -44.171  46.328 0.0000000000
42944  -34.174  -44.175  45.924 0.0000000000
42945  -34.450  -44.046  45.690 0.0000000000
43789  -26.634  -43.881  60.478 0.0000000000
43823  -27.794  -43.741  57.620 0.0000000000
43827  -36.048  -41.573  55.618 0.0000000000
43868  -35.289  -41.676  53.952 0.0000000000
43870  -38.228  -42.727  53.597 0.0000000000
43887  -35.057  -41.706  53.330 0.0000000000
43909  -40.964  -43.387  52.002 0.0000000000
43937  -35.696  -41.817  50.973 0.0000000000
43940  -37.324  -43.526  50.178 0.0000000000
43960  -38.993  -43.956  49.402 0.0000000000
43999  -34.924  -43.069  46.964 0.0000000000
44012  -33.758  -44.036  47.095 0.0000000000
44013  -34.063  -43.511  46.966 0.0000000000
44014  -34.670  -43.026  46.498 0.0000000000
44025  -33.597  -43.923  46.531 0.0000000000
44026  -34.174  -43.556  46.143 0.0000000000
44027  -34.708  -43.451  45.828 0.0000000000
44033  -33.616  -44.017  45.788 0.0000000000
44034  -34.246  -43.838  45.635 0.0000000000
44035  -34.579  -43.838  45.654 0.0000000000
44860  -27.457  -43.893  60.242 0.0000000000
44871  -27.620  -43.214  59.980 0.0000000000
44882  -35.213  -40.396  56.859 0.0000000000
44906  -25.186  -42.275  56.233 0.0000000000
44942  -37.697  -41.541  54.451 0.0000000000
44943  -37.900  -41.691  54.314 0.0000000000
44982  -24.764  -41.961  51.139 0.0000000000
45026  -34.751  -42.171  47.661 0.0000000000
45048  -35.097  -42.722  47.357 0.0000000000
45086  -37.046  -41.977  44.429 0.0000000000
45099  -35.765  -42.037  42.421 0.0000000000
45104  -35.737  -41.887  42.135 0.0000000000
45925  -35.335  -40.497  56.696 0.0000000000
45935  -32.454  -40.381  56.598 0.0000000000
45948  -33.842  -41.133  55.143 0.0000000000
45966  -37.925  -41.477  54.431 0.0000000000
45967  -38.135  -41.454  54.360 0.0000000000
45991  -33.582  -40.556  52.661 0.0000000000
46007  -34.747  -41.521  51.240 0.0000000000
46039  -34.452  -40.681  48.651 0.0000000000
46041  -35.095  -41.754  48.354 0.0000000000
46053  -24.740  -41.882  48.611 0.0000000000
46073  -34.222  -41.828  47.285 0.0000000000
46092  -32.942  -41.051  46.484 0.0000000000
46110  -37.584  -41.769  45.178 0.0000000000
46142  -34.813  -42.008  42.787 0.0000000000
46144  -37.041  -41.442  43.986 0.0000000000
46151  -34.237  -41.855  42.001 0.0000000000
46153  -35.878  -41.853  42.300 0.0000000000
46154  -36.149  -41.615  42.633 0.0000000000
46185  -33.019  -41.045  39.362 0.0000000000
47019  -24.832  -40.181  53.025 0.0000000000
47049  -32.086  -39.210  50.303 0.0000000000
47095  -31.242  -39.532  46.892 0.0000000000
47099  -42.277  -40.808  47.678 0.0000000000
47113  -30.600  -39.258  46.400 0.0000000000
47138  -31.211  -39.580  45.916 0.0000000000
47161  -32.287  -40.610  44.751 0.0000000000
47162  -36.926  -40.226  44.097 0.0000000000
47180  -31.563  -39.250  43.372 0.0000000000
47181  -32.177  -39.817  43.574 0.0000000000
47207  -32.208  -39.796  41.928 0.0000000000
47211  -36.068  -41.288  42.175 0.0000000000
47232  -33.063  -40.949  39.139 0.0000000000
48013  -30.170  -37.605  60.114 0.0000000000
48070  -31.220  -39.648  56.405 0.0000000000
48116  -24.827  -39.941  53.302 0.0000000000
48207  -25.368  -39.832  48.867 0.0000000000
48233  -32.053  -39.790  47.153 0.0000000000
48247  -30.660  -39.328  46.620 0.0000000000
48332  -32.257  -39.762  41.686 0.0000000000
48356  -32.330  -39.555  39.166 0.0000000000
48370  -33.669  -39.318  37.988 0.0000000000
49239  -28.661  -38.523  56.547 0.0000000000
49249  -27.842  -38.747  55.768 0.0000000000
49268  -26.291  -38.892  53.158 0.0000000000
49269  -26.455  -38.835  52.965 0.0000000000
49283  -26.360  -38.875  52.729 0.0000000000
49295  -28.926  -38.517  50.946 0.0000000000
49296  -29.178  -38.589  50.798 0.0000000000
49307  -28.674  -38.529  50.759 0.0000000000
49425  -35.638  -39.618  41.990 0.0000000000
50545  -49.132  -36.549  45.412 0.0000000000
50590  -40.957  -37.279  41.916 0.0000000000
50599  -33.976  -38.066  40.041 0.0000000000
51741  -36.462  -37.163  41.351 0.0000000000
51777  -38.035  -35.790  40.039 0.0000000000
52838  -34.495  -36.539  40.095 0.0000000000
52876  -36.985  -35.098  39.135 0.0000000000
55102  -45.651  -33.535  40.055 0.0000000000
55108  -41.301  -33.748  39.096 0.0000000000
56401  -45.738  -32.576  40.182 0.0000000000
57577  -47.754  -32.381  43.037 0.0000000000
64207  -48.605  -25.825  41.796 0.0000000000
64240  -48.747  -24.705  40.627 0.0000000000
64264  -47.774  -24.773  39.840 0.0000000000
67618  -50.730  -22.568  42.248 0.0000000000
68762  -49.945  -21.375  39.905 0.0000000000
68796  -49.090  -20.891  37.245 0.0000000000
69837  -56.454  -20.489  40.666 0.0000000000
69866  -49.398  -21.129  38.778 0.0000000000
69900  -48.982  -20.858  36.509 0.0000000000
70803  -52.010  -19.254  47.371 0.0000000000
70842  -51.382  -19.956  46.065 0.0000000000
70940  -57.185  -19.252  39.436 0.0000000000
70984  -50.764  -20.068  36.348 0.0000000000
71974  -53.759  -18.066  45.405 0.0000000000
72030  -56.314  -18.268  41.296 0.0000000000
73060  -53.865  -17.516  47.329 0.0000000000
73061  -54.048  -17.040  46.803 0.0000000000
73206  -53.006  -17.821  39.489 0.0000000000
73219  -54.060  -17.988  38.877 0.0000000000
74149  -53.980  -16.984  46.776 0.0000000000
74214  -55.924  -16.401  43.405 0.0000000000
75259  -54.141  -16.869  46.934 0.0000000000
75315  -55.955  -15.798  44.021 0.0000000000
75345  -56.774  -15.939  41.975 0.0000000000
76523  -54.773  -14.289  38.776 0.0000000000
78715  -56.070  -13.354  42.183 0.0000000000
