#!ascii label  , from subject 3053 vox2ras=TkReg
1052
51796  9.586  -34.363  68.483 0.0000000000
48490  6.884  -36.110  51.829 0.0000000000
47130  2.990  -36.599  67.669 0.0000000000
56841  5.252  -29.388  64.961 0.0000000000
64366  5.286  -23.858  59.703 0.0000000000
49395  6.318  -35.264  69.770 0.0000000000
54315  4.923  -31.737  70.090 0.0000000000
48251  13.694  -35.679  68.272 0.0000000000
46003  8.648  -37.305  67.642 0.0000000000
44872  5.418  -38.570  66.831 0.0000000000
64255  5.163  -24.131  68.143 0.0000000000
60686  5.615  -25.626  62.693 0.0000000000
65521  7.941  -22.965  66.302 0.0000000000
48310  2.685  -37.405  63.347 0.0000000000
51879  4.182  -35.356  61.246 0.0000000000
53082  4.076  -33.092  66.442 0.0000000000
59330  5.103  -27.445  67.890 0.0000000000
53156  7.562  -32.880  59.095 0.0000000000
56911  5.485  -29.190  55.982 0.0000000000
60793  4.756  -27.338  53.803 0.0000000000
65658  8.740  -23.398  59.278 0.0000000000
49394  8.209  -35.033  70.240 0.0000000000
53027  7.471  -32.951  69.959 0.0000000000
50571  12.368  -34.579  68.473 0.0000000000
47120  11.423  -36.671  68.240 0.0000000000
47100  9.895  -36.176  69.044 0.0000000000
47112  7.983  -36.766  68.894 0.0000000000
65504  5.858  -23.598  67.393 0.0000000000
48279  2.981  -36.065  65.538 0.0000000000
50612  2.997  -35.657  65.116 0.0000000000
50591  3.369  -35.371  67.227 0.0000000000
57983  7.149  -29.081  68.122 0.0000000000
56775  5.409  -29.775  68.358 0.0000000000
44866  3.959  -38.619  67.465 0.0000000000
43748  4.181  -38.469  65.774 0.0000000000
44876  3.615  -37.637  65.912 0.0000000000
44892  3.120  -38.560  63.747 0.0000000000
53109  5.449  -33.294  63.659 0.0000000000
51888  6.225  -33.815  60.611 0.0000000000
54403  6.755  -31.604  62.414 0.0000000000
63150  4.804  -24.681  61.152 0.0000000000
58142  6.163  -27.973  59.032 0.0000000000
60747  4.397  -26.343  58.070 0.0000000000
59495  4.449  -27.991  55.261 0.0000000000
63226  4.160  -24.709  56.764 0.0000000000
47117  4.487  -36.276  69.190 0.0000000000
51800  4.238  -34.291  68.982 0.0000000000
51788  5.505  -33.337  69.815 0.0000000000
55574  6.679  -31.901  69.078 0.0000000000
48272  14.329  -35.398  66.521 0.0000000000
47144  13.761  -35.710  65.131 0.0000000000
47133  13.022  -35.939  67.150 0.0000000000
46015  10.744  -36.743  66.168 0.0000000000
44862  7.287  -38.858  67.965 0.0000000000
45988  6.007  -37.236  68.544 0.0000000000
60642  4.341  -26.422  66.269 0.0000000000
58073  5.736  -28.377  63.681 0.0000000000
63105  4.179  -24.642  65.525 0.0000000000
64311  5.095  -24.577  64.277 0.0000000000
66810  6.450  -23.443  62.954 0.0000000000
51831  11.912  -33.557  67.518 0.0000000000
48284  18.072  -34.450  64.130 0.0000000000
51822  19.849  -32.907  66.445 0.0000000000
51790  15.328  -33.793  67.944 0.0000000000
53057  13.854  -33.447  67.304 0.0000000000
46046  2.234  -38.483  61.087 0.0000000000
48349  2.880  -36.975  60.415 0.0000000000
49467  3.110  -36.609  61.814 0.0000000000
50625  3.746  -34.931  64.097 0.0000000000
54373  4.860  -31.652  65.739 0.0000000000
54341  4.187  -32.558  68.241 0.0000000000
55604  4.487  -30.570  67.498 0.0000000000
58025  4.963  -28.364  66.783 0.0000000000
61878  4.984  -25.279  67.657 0.0000000000
49506  3.653  -35.766  59.029 0.0000000000
50679  5.859  -35.141  57.472 0.0000000000
51942  6.751  -33.481  54.925 0.0000000000
56887  7.654  -29.351  60.410 0.0000000000
55708  7.539  -30.356  56.528 0.0000000000
50709  5.105  -33.186  53.240 0.0000000000
53242  3.963  -32.014  53.257 0.0000000000
56996  3.569  -30.240  51.847 0.0000000000
64282  10.020  -23.285  65.426 0.0000000000
65585  8.767  -22.876  62.171 0.0000000000
66838  9.617  -22.016  61.570 0.0000000000
65660  7.009  -22.821  59.384 0.0000000000
63224  6.334  -25.196  56.893 0.0000000000
50574  9.031  -34.462  69.097 0.0000000000
51783  8.484  -33.853  69.678 0.0000000000
51814  9.315  -33.849  68.322 0.0000000000
51795  10.760  -34.478  68.234 0.0000000000
49403  10.690  -35.257  68.687 0.0000000000
50573  10.005  -34.842  68.772 0.0000000000
49392  9.391  -35.294  69.299 0.0000000000
48537  6.564  -37.065  49.708 0.0000000000
48521  5.604  -35.892  50.959 0.0000000000
48274  3.102  -36.110  66.487 0.0000000000
49425  2.322  -35.704  66.311 0.0000000000
49417  2.904  -35.665  66.982 0.0000000000
47150  14.753  -35.420  63.845 0.0000000000
47135  3.210  -37.474  67.363 0.0000000000
44875  3.501  -38.047  66.376 0.0000000000
47136  3.404  -36.811  66.939 0.0000000000
47141  3.312  -36.766  65.750 0.0000000000
54385  5.438  -31.279  64.261 0.0000000000
53117  6.387  -32.511  62.847 0.0000000000
55668  5.727  -30.857  63.439 0.0000000000
63165  4.856  -24.585  60.345 0.0000000000
61976  4.666  -25.308  59.839 0.0000000000
63167  4.092  -24.596  58.553 0.0000000000
62009  3.536  -25.336  57.403 0.0000000000
64387  3.880  -23.992  58.029 0.0000000000
48249  5.476  -35.667  69.404 0.0000000000
49398  4.964  -34.914  69.411 0.0000000000
50559  6.316  -34.232  69.873 0.0000000000
54309  6.927  -32.514  69.526 0.0000000000
56767  8.131  -29.680  68.367 0.0000000000
48259  14.257  -35.415  67.626 0.0000000000
48273  13.799  -35.585  67.045 0.0000000000
48267  13.599  -36.569  68.069 0.0000000000
45990  10.667  -36.697  67.887 0.0000000000
46000  11.610  -36.645  67.524 0.0000000000
46010  9.738  -36.670  67.156 0.0000000000
44860  7.890  -37.648  67.750 0.0000000000
47104  6.914  -36.273  69.283 0.0000000000
45987  6.808  -37.452  68.584 0.0000000000
47114  6.463  -36.721  68.677 0.0000000000
47123  4.880  -37.133  68.971 0.0000000000
63088  4.380  -24.752  67.086 0.0000000000
61913  4.421  -25.509  65.770 0.0000000000
64271  4.005  -24.035  67.074 0.0000000000
65522  6.962  -23.270  66.408 0.0000000000
65541  5.581  -23.694  65.608 0.0000000000
65540  6.390  -23.385  65.455 0.0000000000
65572  6.121  -23.635  63.284 0.0000000000
65556  6.683  -23.362  64.335 0.0000000000
49406  16.547  -33.945  67.157 0.0000000000
47183  2.470  -38.091  62.160 0.0000000000
47182  2.442  -37.707  61.638 0.0000000000
48309  2.783  -37.109  63.171 0.0000000000
50611  3.382  -34.675  65.479 0.0000000000
50619  3.374  -35.286  64.457 0.0000000000
51844  4.026  -33.996  65.616 0.0000000000
53091  4.435  -33.023  65.709 0.0000000000
53081  4.166  -32.293  65.994 0.0000000000
53032  4.341  -33.169  70.004 0.0000000000
53052  3.944  -33.081  68.933 0.0000000000
54316  4.380  -31.792  69.498 0.0000000000
57995  5.327  -28.654  68.074 0.0000000000
55592  4.350  -30.597  68.216 0.0000000000
56783  5.163  -29.651  67.570 0.0000000000
56797  5.238  -29.566  67.074 0.0000000000
58011  5.081  -28.414  67.307 0.0000000000
59348  4.366  -27.424  67.257 0.0000000000
60610  4.984  -26.278  67.588 0.0000000000
47153  12.322  -36.350  64.824 0.0000000000
47159  12.992  -35.734  63.646 0.0000000000
44880  6.086  -38.369  66.108 0.0000000000
43754  5.437  -38.813  64.490 0.0000000000
43740  5.556  -38.305  66.068 0.0000000000
43758  3.664  -38.828  64.831 0.0000000000
43769  3.847  -39.710  63.862 0.0000000000
46035  2.720  -38.260  63.354 0.0000000000
46039  2.502  -38.568  62.821 0.0000000000
50651  3.508  -36.229  60.319 0.0000000000
49508  3.169  -36.481  59.694 0.0000000000
51891  3.716  -35.400  60.269 0.0000000000
51899  6.855  -33.407  59.827 0.0000000000
51911  5.362  -33.838  58.718 0.0000000000
51921  6.458  -33.421  57.666 0.0000000000
50692  6.734  -34.550  55.813 0.0000000000
53182  7.399  -32.581  56.577 0.0000000000
60675  5.622  -26.889  63.460 0.0000000000
58089  6.400  -28.823  62.808 0.0000000000
59427  7.000  -26.944  61.343 0.0000000000
56897  6.073  -27.942  57.404 0.0000000000
56896  6.695  -28.365  57.920 0.0000000000
55709  6.589  -29.687  56.267 0.0000000000
54469  6.278  -31.802  55.261 0.0000000000
54471  5.524  -31.239  54.697 0.0000000000
51958  4.555  -32.604  53.259 0.0000000000
54473  4.973  -30.835  53.901 0.0000000000
60787  4.611  -27.241  54.629 0.0000000000
58167  4.130  -29.045  53.927 0.0000000000
59537  4.695  -28.507  53.142 0.0000000000
65535  11.085  -21.939  64.962 0.0000000000
65553  9.382  -22.691  64.120 0.0000000000
65567  10.032  -21.945  63.316 0.0000000000
66856  10.569  -21.983  60.454 0.0000000000
65622  9.126  -22.538  60.472 0.0000000000
65623  8.440  -22.678  60.612 0.0000000000
65659  7.795  -23.201  59.363 0.0000000000
64406  6.406  -24.084  58.223 0.0000000000
64405  7.402  -24.096  58.227 0.0000000000
48240  7.243  -35.308  70.063 0.0000000000
50557  7.083  -34.369  70.465 0.0000000000
50563  7.796  -34.285  70.519 0.0000000000
49401  12.705  -35.103  68.553 0.0000000000
48261  13.245  -36.371  68.253 0.0000000000
48253  11.990  -35.874  68.528 0.0000000000
47108  11.214  -36.330  68.445 0.0000000000
45983  9.896  -36.554  68.333 0.0000000000
45992  8.591  -37.180  67.997 0.0000000000
47111  8.801  -36.585  68.844 0.0000000000
48245  8.187  -35.645  69.697 0.0000000000
64250  6.312  -23.700  69.566 0.0000000000
65494  5.113  -23.955  67.608 0.0000000000
65483  6.498  -23.151  68.872 0.0000000000
65491  6.904  -22.874  68.256 0.0000000000
65489  9.150  -22.691  68.613 0.0000000000
47154  2.657  -36.995  64.462 0.0000000000
49450  2.923  -36.512  63.696 0.0000000000
49434  2.639  -35.881  65.533 0.0000000000
50605  2.385  -35.047  65.916 0.0000000000
51838  4.185  -34.178  66.798 0.0000000000
55582  5.859  -30.781  69.224 0.0000000000
55583  5.105  -30.773  69.260 0.0000000000
56771  5.795  -29.876  68.720 0.0000000000
57994  5.754  -28.800  68.333 0.0000000000
59329  5.607  -27.571  68.147 0.0000000000
60609  5.660  -26.214  67.670 0.0000000000
44865  4.743  -38.591  67.535 0.0000000000
43742  4.676  -38.463  66.607 0.0000000000
43743  4.267  -38.538  66.489 0.0000000000
43749  3.987  -38.299  65.469 0.0000000000
44887  3.845  -38.297  64.796 0.0000000000
43771  3.006  -39.386  63.544 0.0000000000
44888  3.554  -38.296  64.320 0.0000000000
46024  3.174  -37.441  64.451 0.0000000000
51868  4.477  -34.688  62.205 0.0000000000
51878  4.474  -34.199  61.340 0.0000000000
51866  6.249  -33.707  62.330 0.0000000000
51875  7.363  -33.012  61.494 0.0000000000
53131  7.769  -32.092  60.606 0.0000000000
61943  5.207  -25.589  61.697 0.0000000000
60716  5.906  -26.583  60.861 0.0000000000
60717  5.386  -25.886  60.316 0.0000000000
59462  4.796  -27.123  58.417 0.0000000000
58150  4.733  -27.730  57.247 0.0000000000
56912  5.154  -28.808  55.704 0.0000000000
59490  4.629  -27.243  56.842 0.0000000000
62041  4.261  -26.057  55.967 0.0000000000
62040  4.484  -25.692  55.800 0.0000000000
65657  9.836  -23.068  58.787 0.0000000000
63200  9.031  -24.698  57.995 0.0000000000
63199  9.890  -24.187  57.841 0.0000000000
48263  3.910  -36.138  68.350 0.0000000000
49410  3.900  -35.539  68.153 0.0000000000
49405  4.168  -35.329  68.656 0.0000000000
51789  4.787  -33.551  69.722 0.0000000000
53031  4.992  -32.787  70.390 0.0000000000
51786  6.867  -33.364  70.355 0.0000000000
54311  6.114  -32.186  70.152 0.0000000000
55576  5.983  -31.435  69.772 0.0000000000
55580  6.672  -31.024  68.621 0.0000000000
48278  14.608  -35.415  65.849 0.0000000000
47143  14.612  -35.351  64.728 0.0000000000
47131  14.102  -35.638  66.110 0.0000000000
47127  12.468  -36.979  67.934 0.0000000000
46008  11.573  -36.548  66.811 0.0000000000
46020  10.742  -36.851  65.322 0.0000000000
44878  7.719  -38.984  66.549 0.0000000000
44863  6.437  -38.575  67.518 0.0000000000
45994  7.064  -37.832  68.339 0.0000000000
44857  6.721  -38.252  68.218 0.0000000000
44858  5.959  -38.081  67.934 0.0000000000
46005  4.930  -38.445  68.192 0.0000000000
45999  3.826  -37.285  68.319 0.0000000000
58056  5.288  -28.299  65.451 0.0000000000
58091  5.693  -29.157  63.891 0.0000000000
59387  5.292  -27.080  64.858 0.0000000000
60665  4.701  -26.002  64.596 0.0000000000
61926  4.440  -25.364  63.986 0.0000000000
65525  4.650  -23.723  66.544 0.0000000000
64305  4.307  -24.390  64.594 0.0000000000
63125  5.135  -24.935  63.666 0.0000000000
64334  4.985  -24.165  62.371 0.0000000000
65605  5.338  -23.480  61.813 0.0000000000
65604  5.884  -23.330  61.513 0.0000000000
51826  10.920  -33.916  67.621 0.0000000000
48285  16.908  -34.625  64.200 0.0000000000
49418  21.476  -33.401  65.597 0.0000000000
51821  20.719  -32.906  66.597 0.0000000000
49420  20.144  -33.637  65.484 0.0000000000
49431  18.653  -33.771  64.969 0.0000000000
49432  17.421  -34.470  65.100 0.0000000000
48270  15.738  -34.591  65.506 0.0000000000
49415  14.512  -34.985  67.345 0.0000000000
50569  14.506  -34.385  68.061 0.0000000000
53046  15.066  -33.673  67.868 0.0000000000
51792  13.951  -34.258  68.100 0.0000000000
51793  13.045  -34.108  68.429 0.0000000000
51794  11.988  -34.251  68.345 0.0000000000
49477  3.229  -36.575  61.182 0.0000000000
50636  3.940  -36.193  61.587 0.0000000000
50627  3.286  -36.238  63.445 0.0000000000
50626  3.696  -35.850  63.308 0.0000000000
51869  4.181  -35.585  62.246 0.0000000000
51851  4.910  -33.539  64.007 0.0000000000
53102  4.957  -32.446  64.844 0.0000000000
55645  5.287  -30.405  65.403 0.0000000000
50582  4.144  -35.007  68.286 0.0000000000
51833  4.248  -34.215  67.493 0.0000000000
53071  4.085  -33.298  67.237 0.0000000000
55584  4.301  -30.976  69.009 0.0000000000
54340  3.848  -31.544  67.984 0.0000000000
54362  3.562  -32.378  66.960 0.0000000000
54361  4.019  -31.600  66.355 0.0000000000
55635  5.157  -30.600  66.187 0.0000000000
56829  5.115  -29.402  65.759 0.0000000000
59360  4.329  -27.426  66.590 0.0000000000
60630  4.085  -26.450  67.042 0.0000000000
63077  4.918  -24.639  67.692 0.0000000000
61876  5.966  -25.266  68.430 0.0000000000
63074  5.645  -23.935  69.151 0.0000000000
64252  5.131  -23.962  69.474 0.0000000000
43766  5.446  -39.361  63.591 0.0000000000
43756  4.408  -39.196  64.794 0.0000000000
51901  4.789  -34.510  59.763 0.0000000000
50680  5.107  -35.445  58.035 0.0000000000
49565  6.693  -35.021  54.229 0.0000000000
56865  5.832  -29.690  62.977 0.0000000000
55688  7.923  -30.362  61.779 0.0000000000
54415  8.197  -30.949  60.024 0.0000000000
58127  7.311  -28.321  59.859 0.0000000000
56890  7.715  -29.557  58.637 0.0000000000
54424  8.647  -31.310  57.759 0.0000000000
54448  7.830  -31.763  56.256 0.0000000000
53221  6.695  -32.408  53.671 0.0000000000
49588  5.562  -34.679  53.153 0.0000000000
50742  4.660  -34.251  51.906 0.0000000000
56934  4.271  -29.575  53.938 0.0000000000
54524  3.336  -31.465  52.783 0.0000000000
65500  9.852  -22.658  67.494 0.0000000000
65499  11.177  -22.241  67.545 0.0000000000
65520  9.193  -22.814  66.070 0.0000000000
65554  8.447  -22.965  64.184 0.0000000000
65587  7.176  -23.569  62.479 0.0000000000
65625  6.915  -23.128  60.886 0.0000000000
65584  9.327  -22.366  61.960 0.0000000000
65624  7.769  -22.908  60.723 0.0000000000
65645  6.262  -22.991  60.023 0.0000000000
64407  5.355  -23.924  57.668 0.0000000000
63245  4.980  -24.891  56.266 0.0000000000
63260  5.523  -25.646  55.819 0.0000000000
62050  6.347  -26.145  55.390 0.0000000000
50560  9.655  -35.051  69.127 0.0000000000
48505  6.935  -36.753  51.351 0.0000000000
48519  6.905  -37.079  50.411 0.0000000000
48520  6.548  -36.269  50.486 0.0000000000
48506  6.326  -36.082  51.433 0.0000000000
48269  2.915  -36.187  67.364 0.0000000000
47142  15.526  -35.434  64.091 0.0000000000
47149  15.735  -35.392  63.363 0.0000000000
47129  3.185  -36.990  68.154 0.0000000000
55657  5.407  -30.325  64.483 0.0000000000
54396  5.610  -31.146  63.732 0.0000000000
55670  5.454  -30.013  64.059 0.0000000000
63166  4.565  -24.553  59.290 0.0000000000
64368  3.927  -24.151  58.403 0.0000000000
64367  4.276  -23.974  58.749 0.0000000000
48248  6.077  -35.557  69.387 0.0000000000
49396  6.007  -34.943  69.826 0.0000000000
48260  14.048  -35.846  68.074 0.0000000000
48266  13.713  -35.902  67.638 0.0000000000
46002  9.663  -36.681  67.548 0.0000000000
46001  10.723  -36.658  67.582 0.0000000000
46011  8.827  -37.332  67.305 0.0000000000
44868  7.816  -37.671  67.476 0.0000000000
48247  6.697  -35.535  69.656 0.0000000000
47105  6.269  -36.029  68.962 0.0000000000
47106  5.825  -35.933  68.932 0.0000000000
64260  4.592  -24.270  67.430 0.0000000000
64259  4.585  -24.007  67.395 0.0000000000
65539  7.255  -23.013  65.318 0.0000000000
47173  2.576  -38.040  62.692 0.0000000000
47172  2.620  -37.564  62.471 0.0000000000
51845  4.038  -34.139  66.188 0.0000000000
50610  3.879  -34.420  65.195 0.0000000000
53092  4.185  -33.586  66.049 0.0000000000
53037  4.433  -32.456  70.015 0.0000000000
53038  4.023  -32.841  69.489 0.0000000000
56776  5.175  -29.682  67.961 0.0000000000
58003  5.160  -28.526  67.688 0.0000000000
59337  4.667  -27.408  67.648 0.0000000000
44871  5.963  -38.744  66.669 0.0000000000
43770  3.426  -39.590  63.693 0.0000000000
47163  2.701  -37.783  63.298 0.0000000000
46043  2.390  -38.621  62.291 0.0000000000
50641  3.901  -36.074  60.584 0.0000000000
50650  3.135  -35.542  60.053 0.0000000000
51910  6.495  -33.264  58.812 0.0000000000
53170  7.414  -32.764  57.958 0.0000000000
60685  6.207  -26.178  63.222 0.0000000000
59413  6.771  -27.727  62.519 0.0000000000
59414  6.818  -26.546  62.474 0.0000000000
56903  5.873  -28.783  56.778 0.0000000000
56910  5.690  -29.605  56.092 0.0000000000
55720  6.203  -30.125  55.757 0.0000000000
55721  6.215  -29.783  55.243 0.0000000000
54472  5.372  -30.820  54.435 0.0000000000
55722  5.793  -29.169  55.350 0.0000000000
60794  4.329  -27.340  54.137 0.0000000000
59521  4.506  -28.082  53.752 0.0000000000
59520  4.665  -27.710  53.411 0.0000000000
66789  11.657  -21.224  65.529 0.0000000000
65551  10.962  -21.873  64.334 0.0000000000
65552  10.346  -22.309  64.125 0.0000000000
66799  10.942  -21.782  63.879 0.0000000000
65641  9.389  -22.938  59.816 0.0000000000
65621  9.850  -22.511  60.340 0.0000000000
65642  8.521  -23.237  60.100 0.0000000000
64383  8.013  -23.636  58.731 0.0000000000
64404  8.257  -24.216  58.270 0.0000000000
50562  8.542  -34.398  69.831 0.0000000000
51797  8.724  -33.825  68.954 0.0000000000
49402  11.652  -35.219  68.499 0.0000000000
48242  10.361  -35.624  68.953 0.0000000000
48254  10.921  -35.808  68.614 0.0000000000
47109  10.368  -36.288  68.653 0.0000000000
47110  9.580  -36.416  68.744 0.0000000000
47101  9.271  -36.181  69.159 0.0000000000
49393  8.732  -35.148  69.625 0.0000000000
48244  8.984  -35.716  69.420 0.0000000000
48239  7.755  -35.382  70.101 0.0000000000
65476  6.297  -23.568  69.183 0.0000000000
65481  8.338  -22.724  69.498 0.0000000000
65490  7.928  -22.916  68.433 0.0000000000
48288  2.841  -36.570  64.880 0.0000000000
50599  2.763  -35.142  66.745 0.0000000000
50604  3.306  -34.645  66.421 0.0000000000
50598  3.809  -34.966  66.997 0.0000000000
56770  6.304  -29.917  68.950 0.0000000000
57985  6.242  -28.996  68.345 0.0000000000
59319  6.179  -27.714  68.318 0.0000000000
60597  6.771  -26.294  68.025 0.0000000000
44873  4.301  -38.657  66.954 0.0000000000
44882  3.945  -38.006  65.470 0.0000000000
44883  3.728  -37.734  65.187 0.0000000000
46023  3.387  -37.515  64.802 0.0000000000
47147  2.922  -37.071  64.808 0.0000000000
47148  3.025  -37.398  64.255 0.0000000000
51858  4.843  -33.780  63.040 0.0000000000
51867  5.090  -33.756  62.192 0.0000000000
51857  5.828  -33.554  63.124 0.0000000000
54404  6.321  -31.404  62.911 0.0000000000
51865  6.817  -32.969  62.090 0.0000000000
53125  7.155  -32.200  61.813 0.0000000000
51874  7.509  -32.383  61.253 0.0000000000
53124  7.580  -31.782  61.306 0.0000000000
61960  4.976  -25.324  61.048 0.0000000000
60734  4.535  -26.225  59.140 0.0000000000
59471  4.706  -27.182  57.584 0.0000000000
59482  4.547  -27.687  56.978 0.0000000000
60757  4.451  -26.682  57.313 0.0000000000
62028  3.814  -25.700  56.697 0.0000000000
63247  4.052  -25.384  56.262 0.0000000000
63246  4.336  -24.982  56.275 0.0000000000
65656  10.697  -22.464  58.831 0.0000000000
65674  10.681  -22.909  58.488 0.0000000000
64381  9.833  -23.839  58.324 0.0000000000
64403  10.675  -23.427  57.945 0.0000000000
48258  4.289  -35.923  68.995 0.0000000000
50566  5.204  -34.128  69.461 0.0000000000
50567  4.609  -34.316  69.293 0.0000000000
53030  5.805  -32.729  70.189 0.0000000000
51785  7.446  -33.476  70.555 0.0000000000
51781  6.725  -33.892  70.344 0.0000000000
54310  6.405  -32.460  69.741 0.0000000000
55575  6.275  -31.687  69.404 0.0000000000
55581  6.214  -30.924  68.889 0.0000000000
47132  13.651  -35.694  66.628 0.0000000000
47139  13.115  -36.012  66.231 0.0000000000
47119  12.363  -36.766  68.270 0.0000000000
47118  13.122  -36.978  68.228 0.0000000000
46009  10.751  -36.628  66.956 0.0000000000
46014  11.596  -36.663  65.988 0.0000000000
46021  9.856  -36.994  65.495 0.0000000000
46022  9.032  -37.541  65.858 0.0000000000
44869  7.366  -38.516  67.345 0.0000000000
44870  7.022  -39.130  67.092 0.0000000000
45985  8.306  -37.106  68.499 0.0000000000
45993  7.754  -37.600  68.141 0.0000000000
45986  7.434  -37.390  68.538 0.0000000000
45995  7.069  -38.050  68.933 0.0000000000
45996  6.393  -37.670  68.357 0.0000000000
44859  5.287  -38.396  67.990 0.0000000000
45997  5.304  -37.768  68.495 0.0000000000
47116  4.792  -36.502  69.275 0.0000000000
47124  4.111  -36.772  68.879 0.0000000000
59374  4.648  -27.327  65.783 0.0000000000
61919  4.542  -25.608  65.277 0.0000000000
60664  4.710  -25.715  65.031 0.0000000000
60676  5.074  -26.338  63.610 0.0000000000
65493  5.595  -23.624  67.877 0.0000000000
65506  4.535  -23.855  67.099 0.0000000000
64269  5.262  -23.672  66.892 0.0000000000
65558  5.191  -24.356  64.878 0.0000000000
65559  4.415  -24.087  65.151 0.0000000000
64304  4.746  -24.451  64.572 0.0000000000
64312  4.997  -24.730  63.992 0.0000000000
63134  5.060  -24.783  62.715 0.0000000000
65574  5.115  -24.395  63.445 0.0000000000
65589  5.373  -23.596  62.762 0.0000000000
65588  5.828  -23.360  62.328 0.0000000000
66841  6.244  -23.390  62.016 0.0000000000
51832  11.449  -33.663  67.414 0.0000000000
53068  11.764  -33.450  67.068 0.0000000000
48295  17.685  -34.417  63.625 0.0000000000
48275  17.326  -34.562  64.562 0.0000000000
53040  20.502  -32.217  66.749 0.0000000000
50586  20.447  -33.182  66.313 0.0000000000
50597  19.725  -33.562  65.833 0.0000000000
49421  19.086  -33.514  65.583 0.0000000000
49422  17.720  -33.853  65.655 0.0000000000
49433  16.363  -34.425  65.323 0.0000000000
49423  16.146  -34.499  65.971 0.0000000000
51807  15.930  -33.272  67.536 0.0000000000
49407  16.040  -34.273  67.412 0.0000000000
50580  15.507  -34.096  67.947 0.0000000000
49408  14.889  -34.968  67.791 0.0000000000
50568  15.087  -34.042  68.113 0.0000000000
54325  14.800  -33.257  67.447 0.0000000000
53034  14.100  -34.153  67.938 0.0000000000
53033  14.323  -33.984  67.895 0.0000000000
51809  13.812  -34.139  67.966 0.0000000000
51810  13.536  -34.022  68.111 0.0000000000
53059  12.787  -33.244  67.758 0.0000000000
51824  12.719  -33.497  68.004 0.0000000000
51825  12.085  -33.668  67.829 0.0000000000
51812  11.495  -34.076  68.084 0.0000000000
48323  2.845  -37.071  62.155 0.0000000000
48337  2.808  -36.968  61.216 0.0000000000
49476  3.444  -36.434  61.547 0.0000000000
49466  3.534  -36.317  62.123 0.0000000000
49443  2.837  -36.324  64.633 0.0000000000
50620  3.162  -35.997  64.105 0.0000000000
51860  4.093  -35.716  62.812 0.0000000000
51859  4.156  -34.764  63.250 0.0000000000
54386  5.278  -31.197  65.008 0.0000000000
50577  4.165  -34.797  68.661 0.0000000000
53053  4.287  -33.326  68.486 0.0000000000
51827  4.224  -34.179  68.162 0.0000000000
53063  4.382  -33.326  67.881 0.0000000000
55591  4.836  -30.365  68.533 0.0000000000
54349  3.792  -31.412  67.202 0.0000000000
55620  4.953  -30.698  66.901 0.0000000000
56816  5.169  -29.480  66.442 0.0000000000
58039  4.864  -28.360  66.144 0.0000000000
60617  4.502  -26.254  67.400 0.0000000000
61884  4.695  -25.272  67.391 0.0000000000
47151  13.816  -35.497  64.288 0.0000000000
43747  4.563  -38.617  65.619 0.0000000000
44906  2.122  -39.272  61.562 0.0000000000
44913  2.142  -39.402  60.649 0.0000000000
49507  3.354  -36.061  59.406 0.0000000000
48375  3.464  -36.852  58.882 0.0000000000
48390  3.684  -36.458  58.700 0.0000000000
49517  4.037  -36.006  58.624 0.0000000000
51889  5.103  -34.111  60.548 0.0000000000
51890  4.280  -34.801  60.536 0.0000000000
51922  5.554  -34.406  57.784 0.0000000000
51923  5.030  -34.966  58.378 0.0000000000
50670  5.306  -35.090  58.096 0.0000000000
49527  4.992  -35.977  57.719 0.0000000000
50693  6.467  -35.154  56.711 0.0000000000
49545  6.871  -35.078  55.223 0.0000000000
50707  6.871  -34.188  54.574 0.0000000000
56866  5.603  -29.711  63.516 0.0000000000
58090  6.059  -29.110  63.469 0.0000000000
58111  6.763  -28.530  61.656 0.0000000000
56880  7.108  -29.582  61.474 0.0000000000
54408  9.134  -30.542  61.051 0.0000000000
56886  8.645  -29.673  60.871 0.0000000000
59444  5.923  -27.332  60.263 0.0000000000
58128  6.847  -27.868  60.481 0.0000000000
58141  7.020  -28.315  59.253 0.0000000000
56901  7.701  -29.912  57.500 0.0000000000
56895  7.380  -29.326  58.073 0.0000000000
56894  7.869  -29.932  58.233 0.0000000000
55702  8.493  -30.407  58.170 0.0000000000
55707  8.310  -30.496  57.354 0.0000000000
53181  7.975  -31.968  56.658 0.0000000000
54435  7.767  -31.144  56.073 0.0000000000
53200  5.834  -32.183  54.666 0.0000000000
53222  6.183  -32.429  54.247 0.0000000000
137188  6.035  -32.996  53.743 0.0000000000
50708  6.179  -33.491  53.660 0.0000000000
50724  5.702  -34.487  53.495 0.0000000000
50725  5.102  -34.125  52.938 0.0000000000
51959  4.012  -32.727  53.087 0.0000000000
51985  3.320  -32.939  52.580 0.0000000000
58158  4.709  -28.421  55.461 0.0000000000
56922  4.686  -29.237  54.761 0.0000000000
58161  4.421  -28.695  54.618 0.0000000000
56963  3.893  -29.813  52.875 0.0000000000
56948  3.919  -30.028  53.282 0.0000000000
55799  3.401  -31.002  52.583 0.0000000000
54562  3.783  -31.440  51.543 0.0000000000
65518  11.357  -22.145  66.106 0.0000000000
65519  10.463  -22.777  66.365 0.0000000000
64283  9.474  -22.917  65.334 0.0000000000
65538  8.223  -22.856  65.184 0.0000000000
65537  9.056  -22.782  64.963 0.0000000000
65569  8.758  -23.167  63.202 0.0000000000
65586  7.959  -23.360  62.362 0.0000000000
65603  7.222  -23.402  61.690 0.0000000000
65602  7.824  -22.886  61.524 0.0000000000
66837  10.349  -21.655  61.336 0.0000000000
68039  11.047  -21.032  62.218 0.0000000000
66823  10.366  -21.580  62.287 0.0000000000
66824  9.732  -21.947  62.378 0.0000000000
65643  7.682  -23.125  60.106 0.0000000000
65644  7.008  -22.712  60.085 0.0000000000
65661  6.556  -22.884  59.605 0.0000000000
64385  6.051  -23.435  59.052 0.0000000000
63203  5.961  -24.643  57.562 0.0000000000
63225  5.415  -24.677  56.893 0.0000000000
63244  5.752  -25.418  56.337 0.0000000000
63201  7.958  -24.610  57.598 0.0000000000
50575  8.708  -34.127  69.473 0.0000000000
53051  8.683  -33.219  67.949 0.0000000000
50572  11.250  -34.779  68.394 0.0000000000
49391  10.021  -35.271  69.102 0.0000000000
48243  9.778  -35.764  69.235 0.0000000000
50561  9.167  -34.883  69.237 0.0000000000
49641  5.055  -34.851  50.452 0.0000000000
46007  3.546  -37.930  67.889 0.0000000000
44867  3.414  -38.396  67.118 0.0000000000
46012  2.997  -38.000  67.089 0.0000000000
46013  3.386  -37.514  66.610 0.0000000000
46018  3.438  -37.200  65.892 0.0000000000
53100  5.575  -32.301  63.855 0.0000000000
53108  5.777  -32.550  63.594 0.0000000000
54384  5.610  -31.863  63.838 0.0000000000
54395  5.937  -31.520  63.378 0.0000000000
55681  5.948  -30.523  62.898 0.0000000000
61977  4.305  -25.316  58.822 0.0000000000
60735  3.427  -25.801  59.050 0.0000000000
60759  2.858  -26.154  58.230 0.0000000000
61992  3.241  -25.429  58.369 0.0000000000
63206  3.502  -25.130  57.901 0.0000000000
64409  4.016  -24.184  57.680 0.0000000000
48257  4.800  -35.778  69.434 0.0000000000
48250  5.161  -35.326  69.482 0.0000000000
49397  5.445  -34.848  69.535 0.0000000000
50565  5.871  -34.107  69.561 0.0000000000
55573  7.023  -32.085  68.995 0.0000000000
55579  7.391  -31.268  68.643 0.0000000000
48265  14.296  -35.273  67.053 0.0000000000
47125  13.409  -35.854  67.415 0.0000000000
47126  13.295  -36.731  67.733 0.0000000000
47128  11.585  -36.798  67.960 0.0000000000
44861  7.189  -38.017  67.747 0.0000000000
47113  7.206  -36.801  68.763 0.0000000000
45989  5.548  -37.229  68.728 0.0000000000
47115  5.549  -36.597  68.955 0.0000000000
48256  5.142  -36.190  69.423 0.0000000000
61903  4.316  -25.555  66.712 0.0000000000
63097  4.292  -24.681  66.422 0.0000000000
65503  6.569  -23.290  67.398 0.0000000000
64284  5.645  -23.629  66.645 0.0000000000
65523  6.003  -23.584  66.563 0.0000000000
65557  6.015  -23.985  64.556 0.0000000000
65573  5.473  -24.377  63.690 0.0000000000
65571  6.850  -23.387  63.218 0.0000000000
49441  18.476  -34.183  64.519 0.0000000000
51823  18.838  -32.928  66.439 0.0000000000
49413  16.787  -33.838  66.617 0.0000000000
50579  16.598  -33.577  67.093 0.0000000000
53048  13.472  -33.730  67.842 0.0000000000
46042  2.321  -38.540  61.772 0.0000000000
50618  3.811  -34.771  64.852 0.0000000000
51852  4.143  -33.976  64.701 0.0000000000
51799  4.241  -33.771  69.351 0.0000000000
51816  4.243  -34.021  68.840 0.0000000000
51815  4.029  -33.456  69.216 0.0000000000
54327  3.843  -31.988  68.811 0.0000000000
47152  13.007  -35.898  64.580 0.0000000000
44879  6.636  -38.973  65.902 0.0000000000
43744  6.061  -38.326  65.083 0.0000000000
43745  5.641  -38.394  65.421 0.0000000000
43755  4.909  -39.015  64.684 0.0000000000
43757  3.928  -39.202  64.875 0.0000000000
46030  3.155  -37.832  63.885 0.0000000000
44893  2.738  -38.781  63.352 0.0000000000
44901  2.185  -39.257  62.299 0.0000000000
44907  2.275  -38.976  61.980 0.0000000000
49486  3.160  -36.542  60.664 0.0000000000
49497  3.269  -36.299  60.038 0.0000000000
50662  2.896  -35.300  59.651 0.0000000000
51914  3.050  -34.947  59.400 0.0000000000
51900  5.732  -33.781  59.705 0.0000000000
51931  6.135  -34.482  57.106 0.0000000000
50678  6.393  -34.609  56.704 0.0000000000
51930  6.573  -33.776  56.457 0.0000000000
59401  5.993  -27.508  63.127 0.0000000000
58072  6.100  -28.409  63.261 0.0000000000
59400  6.282  -28.132  62.961 0.0000000000
58110  6.831  -28.840  60.662 0.0000000000
58148  6.172  -27.696  57.880 0.0000000000
56902  7.148  -29.173  56.996 0.0000000000
55718  7.396  -30.841  55.899 0.0000000000
55719  6.898  -30.517  55.756 0.0000000000
54470  5.801  -31.534  55.007 0.0000000000
53201  5.408  -31.923  54.287 0.0000000000
51957  5.041  -32.524  53.473 0.0000000000
53224  5.092  -32.175  53.668 0.0000000000
53225  4.673  -31.842  53.534 0.0000000000
54491  4.360  -31.126  53.397 0.0000000000
60788  4.541  -27.486  55.089 0.0000000000
59506  4.445  -28.061  54.385 0.0000000000
59538  4.480  -28.801  53.407 0.0000000000
56976  3.841  -29.548  52.357 0.0000000000
65536  10.626  -22.573  65.286 0.0000000000
64294  9.682  -22.924  64.824 0.0000000000
64302  10.180  -22.556  64.438 0.0000000000
65568  9.479  -22.289  63.047 0.0000000000
66857  9.721  -22.075  60.867 0.0000000000
66858  9.062  -22.187  60.997 0.0000000000
64384  7.089  -23.272  58.663 0.0000000000
63202  6.920  -24.568  57.502 0.0000000000
48241  6.895  -35.186  70.054 0.0000000000
49389  6.588  -34.948  70.126 0.0000000000
50556  7.417  -34.639  70.445 0.0000000000
50564  7.398  -33.965  70.590 0.0000000000
51784  8.072  -33.548  70.111 0.0000000000
53036  7.836  -32.915  69.444 0.0000000000
49400  13.729  -35.038  68.377 0.0000000000
48252  12.986  -35.720  68.319 0.0000000000
48262  12.514  -36.298  68.390 0.0000000000
47107  11.911  -36.467  68.421 0.0000000000
47121  10.582  -36.581  68.233 0.0000000000
45991  9.625  -36.696  67.809 0.0000000000
45984  9.115  -36.642  68.267 0.0000000000
47102  8.489  -36.218  69.264 0.0000000000
47103  7.690  -36.282  69.321 0.0000000000
48246  7.414  -35.736  69.694 0.0000000000
64254  5.639  -23.984  68.553 0.0000000000
65485  5.468  -23.837  68.174 0.0000000000
65492  6.179  -23.257  68.109 0.0000000000
65482  7.261  -22.909  69.198 0.0000000000
65502  7.464  -23.027  67.387 0.0000000000
65501  8.600  -22.990  67.409 0.0000000000
48298  2.666  -37.285  63.629 0.0000000000
48297  2.518  -36.871  64.089 0.0000000000
55577  5.511  -31.525  69.604 0.0000000000
60598  6.107  -26.675  67.883 0.0000000000
43739  4.999  -38.446  67.121 0.0000000000
43741  5.180  -38.399  66.338 0.0000000000
44874  3.865  -38.523  66.576 0.0000000000
44881  3.937  -38.174  65.942 0.0000000000
43759  3.504  -38.759  64.412 0.0000000000
46029  3.428  -37.962  64.085 0.0000000000
47155  2.794  -37.386  63.964 0.0000000000
51877  5.642  -33.927  61.423 0.0000000000
51876  6.650  -33.605  61.475 0.0000000000
51887  7.266  -33.359  60.730 0.0000000000
53143  7.714  -32.939  60.075 0.0000000000
53142  8.239  -32.166  59.551 0.0000000000
60700  5.284  -25.693  62.034 0.0000000000
59428  6.553  -26.432  61.761 0.0000000000
60699  5.774  -26.033  61.729 0.0000000000
60733  5.418  -26.623  59.932 0.0000000000
59461  5.276  -27.180  59.258 0.0000000000
58143  5.402  -27.428  58.565 0.0000000000
58149  5.356  -27.741  57.617 0.0000000000
56904  5.169  -28.560  56.463 0.0000000000
56905  4.991  -28.347  56.394 0.0000000000
59483  4.608  -27.941  56.614 0.0000000000
59492  4.718  -27.846  56.065 0.0000000000
60758  3.638  -26.071  57.655 0.0000000000
60769  4.476  -26.728  56.555 0.0000000000
60778  4.626  -27.404  55.785 0.0000000000
60777  4.658  -26.862  55.536 0.0000000000
60776  4.738  -26.504  55.335 0.0000000000
62052  4.935  -26.324  55.229 0.0000000000
65640  10.265  -22.567  59.653 0.0000000000
64382  9.023  -23.897  58.576 0.0000000000
63181  9.545  -24.205  58.248 0.0000000000
64424  10.483  -24.043  57.013 0.0000000000
48489  7.325  -36.528  52.176 0.0000000000
48268  3.220  -36.157  68.016 0.0000000000
50576  4.218  -34.590  69.010 0.0000000000
49404  4.445  -35.147  69.182 0.0000000000
54312  5.586  -31.977  70.339 0.0000000000
50558  6.558  -34.369  70.221 0.0000000000
51782  6.487  -33.983  70.104 0.0000000000
51787  6.365  -33.455  69.899 0.0000000000
53028  6.922  -32.947  70.162 0.0000000000
53029  6.367  -32.888  69.969 0.0000000000
56769  6.807  -29.971  68.857 0.0000000000
56768  7.343  -29.944  68.573 0.0000000000
48277  15.216  -34.890  65.322 0.0000000000
48287  14.788  -35.250  65.236 0.0000000000
47137  14.235  -35.574  65.540 0.0000000000
47138  13.700  -35.794  65.871 0.0000000000
47145  13.085  -35.967  65.417 0.0000000000
46019  11.606  -36.703  65.109 0.0000000000
47134  12.401  -36.422  67.425 0.0000000000
47140  12.361  -36.257  66.574 0.0000000000
46004  8.087  -37.606  67.894 0.0000000000
44856  7.355  -38.299  68.397 0.0000000000
44864  5.470  -38.545  67.340 0.0000000000
46006  4.421  -38.288  68.149 0.0000000000
45998  4.332  -37.557  68.506 0.0000000000
56853  5.490  -29.535  64.223 0.0000000000
58074  5.533  -28.470  64.471 0.0000000000
60655  4.693  -26.205  65.400 0.0000000000
59402  5.454  -27.473  63.867 0.0000000000
64270  4.324  -23.937  67.206 0.0000000000
65526  4.185  -23.792  66.673 0.0000000000
64295  3.876  -24.068  65.240 0.0000000000
65542  4.833  -23.835  65.779 0.0000000000
63112  4.053  -24.705  64.676 0.0000000000
61933  5.312  -25.342  63.216 0.0000000000
61944  5.018  -25.292  62.077 0.0000000000
63151  4.918  -24.573  61.822 0.0000000000
65590  4.900  -23.916  63.032 0.0000000000
65606  5.058  -23.698  62.337 0.0000000000
64351  5.092  -24.149  61.799 0.0000000000
64350  5.175  -24.076  61.158 0.0000000000
65627  5.600  -23.524  60.847 0.0000000000
51813  10.178  -34.065  68.038 0.0000000000
53069  10.437  -33.380  66.944 0.0000000000
48286  15.715  -35.126  64.605 0.0000000000
50585  21.245  -33.124  66.349 0.0000000000
49440  19.485  -33.731  64.395 0.0000000000
49411  18.901  -33.386  65.899 0.0000000000
49442  17.851  -34.467  64.575 0.0000000000
48276  16.313  -34.551  64.867 0.0000000000
49414  15.152  -34.609  66.884 0.0000000000
49399  14.338  -34.871  68.144 0.0000000000
54323  16.185  -31.871  67.488 0.0000000000
53045  15.617  -32.835  67.412 0.0000000000
54324  15.371  -32.624  67.483 0.0000000000
51808  15.291  -33.515  67.741 0.0000000000
51791  14.950  -34.055  68.118 0.0000000000
50570  13.404  -34.465  68.403 0.0000000000
53049  13.010  -33.359  68.042 0.0000000000
51811  12.718  -33.797  68.180 0.0000000000
47190  2.514  -37.668  60.747 0.0000000000
50642  3.497  -36.426  60.759 0.0000000000
50637  3.613  -36.418  61.121 0.0000000000
49458  3.310  -36.583  62.790 0.0000000000
49457  3.699  -36.306  62.653 0.0000000000
50632  3.982  -36.142  62.452 0.0000000000
53101  5.454  -32.494  64.091 0.0000000000
49416  3.454  -35.629  67.698 0.0000000000
50590  4.049  -35.074  67.666 0.0000000000
54350  3.843  -32.441  67.646 0.0000000000
61894  4.467  -25.515  67.183 0.0000000000
63080  4.655  -24.752  67.362 0.0000000000
64256  4.825  -24.367  67.606 0.0000000000
61877  5.474  -25.065  68.278 0.0000000000
61869  6.139  -24.353  69.060 0.0000000000
63076  5.292  -24.384  68.318 0.0000000000
64251  5.736  -23.824  69.302 0.0000000000
53050  9.490  -33.672  68.042 0.0000000000
47158  13.971  -35.626  63.322 0.0000000000
43746  5.051  -38.604  65.462 0.0000000000
43767  4.888  -39.468  63.836 0.0000000000
48376  3.214  -36.789  59.418 0.0000000000
51902  4.102  -35.378  60.015 0.0000000000
50660  4.124  -35.490  59.291 0.0000000000
51912  4.604  -34.934  59.034 0.0000000000
50671  4.600  -35.398  58.616 0.0000000000
49516  4.698  -35.699  58.269 0.0000000000
49546  6.710  -35.664  56.227 0.0000000000
49606  7.169  -35.711  52.400 0.0000000000
56852  5.507  -29.840  63.845 0.0000000000
55682  5.505  -30.072  63.189 0.0000000000
55690  6.168  -30.258  62.415 0.0000000000
56881  6.236  -29.726  62.262 0.0000000000
55689  6.720  -30.526  62.270 0.0000000000
54409  8.489  -31.120  61.215 0.0000000000
56891  7.405  -29.074  59.146 0.0000000000
55695  7.776  -29.552  59.823 0.0000000000
55698  8.143  -30.023  59.090 0.0000000000
54419  8.485  -31.180  58.854 0.0000000000
53155  8.325  -32.216  58.416 0.0000000000
53169  8.102  -32.071  57.309 0.0000000000
54449  7.101  -31.556  55.753 0.0000000000
53199  6.508  -32.564  55.249 0.0000000000
137187  7.046  -33.434  53.997 0.0000000000
49566  6.063  -34.568  53.804 0.0000000000
49587  6.130  -34.886  53.353 0.0000000000
49607  6.485  -35.186  52.607 0.0000000000
48507  5.846  -35.490  51.705 0.0000000000
49626  5.263  -34.774  51.350 0.0000000000
55739  5.486  -29.746  54.605 0.0000000000
55755  4.611  -30.148  53.948 0.0000000000
54507  3.756  -31.356  53.165 0.0000000000
55769  3.541  -30.804  53.144 0.0000000000
54508  3.375  -31.498  53.019 0.0000000000
53275  3.443  -32.271  51.979 0.0000000000
65555  7.513  -23.017  64.238 0.0000000000
65570  7.818  -23.509  63.330 0.0000000000
66825  6.601  -23.501  62.480 0.0000000000
66840  6.696  -23.490  61.874 0.0000000000
66860  6.402  -23.346  61.376 0.0000000000
65646  5.803  -23.332  60.191 0.0000000000
66808  9.865  -21.664  62.923 0.0000000000
66839  9.149  -22.206  61.254 0.0000000000
65601  8.686  -22.481  61.312 0.0000000000
64365  5.822  -23.332  59.723 0.0000000000
64386  4.780  -23.683  58.395 0.0000000000
64408  4.383  -24.100  57.449 0.0000000000
64445  4.615  -24.646  56.526 0.0000000000
62039  4.910  -25.515  55.730 0.0000000000
62051  5.452  -26.234  55.234 0.0000000000
62038  6.379  -25.764  56.002 0.0000000000
63259  5.943  -25.868  55.950 0.0000000000
60785  5.155  -27.046  54.364 0.0000000000
43738  5.127  -38.464  66.874 0.0000000000
44855  7.068  -37.871  68.002 0.0000000000
47122  5.317  -37.210  68.835 0.0000000000
47162  2.682  -37.561  63.033 0.0000000000
47302  7.220  -37.378  51.613 0.0000000000
47303  7.112  -37.538  50.999 0.0000000000
48255  10.316  -35.978  68.998 0.0000000000
48476  7.632  -36.369  52.843 0.0000000000
48491  6.456  -35.608  51.974 0.0000000000
48492  6.073  -35.100  52.002 0.0000000000
48504  7.268  -36.996  51.811 0.0000000000
49387  7.614  -34.954  70.363 0.0000000000
49388  7.128  -34.920  70.292 0.0000000000
49390  6.381  -34.651  70.019 0.0000000000
49409  14.181  -35.272  68.173 0.0000000000
49496  2.847  -35.687  59.911 0.0000000000
49518  3.517  -36.273  58.884 0.0000000000
49528  4.387  -36.420  58.105 0.0000000000
49605  7.470  -36.082  52.534 0.0000000000
49608  5.588  -34.887  52.467 0.0000000000
50581  15.007  -34.427  68.024 0.0000000000
50587  19.275  -33.291  66.129 0.0000000000
50596  20.290  -33.460  65.933 0.0000000000
50661  3.443  -35.462  59.455 0.0000000000
50672  4.153  -35.609  58.933 0.0000000000
50710  4.449  -32.915  53.190 0.0000000000
50711  4.098  -33.010  53.232 0.0000000000
51780  7.124  -33.800  70.533 0.0000000000
51802  20.890  -32.596  66.777 0.0000000000
51803  20.228  -32.535  66.593 0.0000000000
51804  19.230  -32.557  66.523 0.0000000000
51886  7.616  -32.796  60.969 0.0000000000
51903  3.057  -34.903  59.980 0.0000000000
51913  3.973  -35.455  59.610 0.0000000000
51943  5.509  -32.223  54.227 0.0000000000
51944  5.317  -32.258  53.966 0.0000000000
51956  5.710  -32.592  53.847 0.0000000000
51970  5.958  -32.630  54.062 0.0000000000
51971  3.744  -32.710  52.973 0.0000000000
51972  3.516  -32.657  52.796 0.0000000000
51998  3.123  -33.105  52.134 0.0000000000
53047  14.160  -33.818  67.619 0.0000000000
53060  12.266  -33.441  67.532 0.0000000000
53061  9.783  -33.540  67.668 0.0000000000
53116  6.785  -32.336  62.307 0.0000000000
53132  7.669  -32.858  60.607 0.0000000000
53202  5.227  -31.596  54.063 0.0000000000
53203  5.061  -31.029  53.922 0.0000000000
53220  6.567  -32.263  53.545 0.0000000000
53223  5.232  -32.295  54.001 0.0000000000
53240  6.307  -32.695  53.680 0.0000000000
53241  6.179  -32.594  54.006 0.0000000000
53243  3.572  -32.116  53.022 0.0000000000
53259  3.404  -32.269  52.655 0.0000000000
54328  4.075  -32.753  68.591 0.0000000000
54410  7.441  -31.275  61.841 0.0000000000
54414  8.861  -30.548  60.631 0.0000000000
54434  8.250  -31.318  56.724 0.0000000000
54450  6.315  -31.074  55.485 0.0000000000
54451  6.012  -30.753  55.177 0.0000000000
54452  5.851  -30.585  54.830 0.0000000000
54489  7.074  -32.313  53.234 0.0000000000
54490  7.232  -32.113  53.209 0.0000000000
54505  6.594  -32.450  53.444 0.0000000000
54506  6.724  -32.446  53.397 0.0000000000
54542  3.451  -31.746  52.520 0.0000000000
55656  5.455  -30.630  64.153 0.0000000000
55669  5.512  -30.408  63.730 0.0000000000
55680  6.436  -30.988  62.678 0.0000000000
55687  8.778  -30.172  61.272 0.0000000000
55693  9.096  -30.037  60.825 0.0000000000
55694  8.363  -29.949  60.148 0.0000000000
55699  7.874  -29.699  59.560 0.0000000000
55710  5.965  -29.610  56.301 0.0000000000
55738  5.859  -30.204  54.683 0.0000000000
55768  4.113  -30.481  53.292 0.0000000000
55785  3.170  -30.924  53.036 0.0000000000
55818  3.610  -30.807  52.014 0.0000000000
56867  5.590  -29.578  63.845 0.0000000000
56878  8.725  -29.808  61.184 0.0000000000
56879  8.262  -29.669  61.327 0.0000000000
56885  8.943  -29.862  61.083 0.0000000000
56892  6.832  -28.356  58.833 0.0000000000
56900  8.061  -30.220  57.826 0.0000000000
56949  3.436  -30.551  53.117 0.0000000000
56964  3.390  -30.355  52.927 0.0000000000
56977  3.469  -30.128  52.323 0.0000000000
58153  5.127  -28.362  56.945 0.0000000000
58154  4.755  -28.143  56.863 0.0000000000
58155  4.859  -28.185  56.246 0.0000000000
58181  4.291  -29.360  53.409 0.0000000000
58198  4.509  -29.390  52.890 0.0000000000
59472  4.676  -27.489  57.233 0.0000000000
59481  4.659  -27.213  57.156 0.0000000000
59491  4.638  -27.546  56.590 0.0000000000
59505  4.495  -27.577  54.111 0.0000000000
59522  4.298  -28.659  53.790 0.0000000000
60654  4.688  -25.826  65.250 0.0000000000
60698  6.347  -26.472  61.444 0.0000000000
60736  2.954  -25.407  58.970 0.0000000000
60748  3.386  -26.293  58.576 0.0000000000
60749  2.740  -25.897  58.683 0.0000000000
60768  4.609  -26.940  56.956 0.0000000000
60770  4.642  -27.412  56.263 0.0000000000
60786  4.790  -27.089  54.557 0.0000000000
61912  4.558  -25.783  65.452 0.0000000000
61920  4.365  -25.338  64.947 0.0000000000
61961  4.760  -24.991  61.512 0.0000000000
61978  3.698  -25.274  58.425 0.0000000000
62010  2.966  -25.672  58.006 0.0000000000
62027  6.302  -25.535  56.371 0.0000000000
63118  4.454  -24.769  64.127 0.0000000000
63182  3.778  -24.299  57.882 0.0000000000
63183  3.698  -24.551  58.128 0.0000000000
63204  4.247  -24.475  57.108 0.0000000000
63205  3.854  -24.535  57.487 0.0000000000
63227  3.714  -24.995  56.670 0.0000000000
64268  5.552  -23.700  66.897 0.0000000000
64285  5.423  -23.641  66.707 0.0000000000
64286  3.940  -24.053  66.152 0.0000000000
64293  10.180  -22.787  64.728 0.0000000000
64303  9.957  -22.662  64.440 0.0000000000
64322  4.971  -24.430  63.190 0.0000000000
64333  5.130  -23.864  61.883 0.0000000000
64388  3.800  -24.184  58.200 0.0000000000
64425  4.819  -24.309  56.825 0.0000000000
64426  4.486  -24.504  56.814 0.0000000000
64446  4.417  -24.717  56.543 0.0000000000
65484  5.975  -23.661  68.573 0.0000000000
65505  5.213  -23.771  67.112 0.0000000000
65507  4.206  -23.837  67.010 0.0000000000
65524  5.305  -23.648  66.507 0.0000000000
65543  4.216  -23.807  65.918 0.0000000000
65600  9.219  -22.259  61.485 0.0000000000
65626  6.124  -23.252  60.777 0.0000000000
66809  6.568  -23.479  62.739 0.0000000000
66826  6.287  -23.425  62.621 0.0000000000
66859  6.773  -23.368  61.410 0.0000000000
