#!ascii label  , from subject 3053 vox2ras=TkReg
845
102671  41.719  10.676  35.711 0.0000000000
102751  45.661  10.610  25.465 0.0000000000
107039  49.387  15.031  27.058 0.0000000000
100159  49.524  8.125  19.446 0.0000000000
100024  41.479  7.656  31.187 0.0000000000
106986  50.289  14.580  32.332 0.0000000000
103738  48.778  11.329  20.300 0.0000000000
104570  42.832  12.873  27.150 0.0000000000
103612  48.699  11.877  32.082 0.0000000000
103630  44.115  11.543  30.347 0.0000000000
100064  44.252  7.296  27.296 0.0000000000
107716  44.534  17.273  28.541 0.0000000000
104583  45.127  12.926  23.869 0.0000000000
104566  50.977  13.163  26.496 0.0000000000
106315  47.865  14.494  20.329 0.0000000000
138811  42.027  16.159  28.719 0.0000000000
104467  45.610  11.836  33.636 0.0000000000
104469  43.176  12.301  33.283 0.0000000000
100039  42.008  7.377  29.028 0.0000000000
106990  47.155  15.973  30.988 0.0000000000
109015  45.271  18.502  30.749 0.0000000000
107029  46.151  16.090  28.088 0.0000000000
106286  45.341  15.497  26.234 0.0000000000
106295  47.883  15.143  25.217 0.0000000000
103640  47.945  11.662  29.042 0.0000000000
104524  49.905  12.521  29.469 0.0000000000
103667  48.151  12.258  26.296 0.0000000000
102826  51.082  10.990  18.331 0.0000000000
105472  50.290  13.518  19.164 0.0000000000
102829  48.785  11.095  18.337 0.0000000000
102804  45.863  10.780  20.095 0.0000000000
100162  46.806  7.570  19.813 0.0000000000
98204  45.504  5.658  24.199 0.0000000000
102692  38.758  10.248  34.415 0.0000000000
103608  39.997  11.329  32.442 0.0000000000
106252  49.793  14.294  29.965 0.0000000000
101043  45.626  8.862  23.688 0.0000000000
102775  46.487  10.917  23.534 0.0000000000
101068  48.379  8.973  21.534 0.0000000000
101939  52.378  9.464  19.974 0.0000000000
106206  49.163  13.893  33.586 0.0000000000
105353  47.675  12.854  33.387 0.0000000000
103614  46.779  11.600  31.360 0.0000000000
102718  45.163  11.169  28.420 0.0000000000
103632  42.104  10.964  30.529 0.0000000000
101855  43.110  9.802  28.484 0.0000000000
101893  43.583  9.130  25.519 0.0000000000
99146  46.703  6.727  25.551 0.0000000000
101823  37.854  10.095  35.256 0.0000000000
109668  45.039  19.824  28.966 0.0000000000
108388  42.599  18.273  28.020 0.0000000000
107061  44.190  15.950  27.532 0.0000000000
103695  43.581  11.898  25.639 0.0000000000
102765  43.382  10.322  24.568 0.0000000000
105362  50.587  13.426  32.707 0.0000000000
106231  52.843  14.169  29.274 0.0000000000
106282  52.344  14.890  26.200 0.0000000000
104576  49.039  13.326  23.440 0.0000000000
138586  52.118  14.250  22.612 0.0000000000
138559  50.098  15.185  23.196 0.0000000000
105452  46.612  13.878  21.888 0.0000000000
102785  44.220  10.741  22.196 0.0000000000
138826  41.523  16.732  28.423 0.0000000000
138827  41.803  18.358  26.835 0.0000000000
103572  44.258  10.724  35.319 0.0000000000
102683  42.588  11.006  34.953 0.0000000000
107027  48.350  14.922  28.588 0.0000000000
106999  46.656  16.203  30.107 0.0000000000
107040  48.218  15.409  27.502 0.0000000000
107071  47.160  15.464  26.038 0.0000000000
107070  48.287  15.164  25.993 0.0000000000
103669  46.227  11.453  27.506 0.0000000000
103654  48.258  12.332  27.705 0.0000000000
103682  47.236  11.554  26.065 0.0000000000
101104  50.751  9.449  18.449 0.0000000000
102828  49.670  11.092  17.869 0.0000000000
101106  49.336  9.373  18.624 0.0000000000
101958  47.435  9.813  19.419 0.0000000000
100160  48.409  8.013  19.694 0.0000000000
100137  47.333  6.827  20.407 0.0000000000
99213  48.527  7.303  20.443 0.0000000000
101838  38.957  9.848  33.106 0.0000000000
106988  48.408  15.156  31.776 0.0000000000
106222  49.827  14.715  31.653 0.0000000000
100114  47.326  7.696  23.656 0.0000000000
101054  47.322  8.900  22.402 0.0000000000
101053  48.491  7.920  22.383 0.0000000000
101065  52.325  8.324  20.967 0.0000000000
101063  53.455  8.066  20.673 0.0000000000
101089  53.350  8.826  19.238 0.0000000000
104482  45.013  12.465  32.740 0.0000000000
104481  46.169  11.830  32.745 0.0000000000
103615  45.709  11.618  31.335 0.0000000000
103642  45.534  11.598  29.453 0.0000000000
103643  44.415  11.303  29.430 0.0000000000
101849  40.651  9.420  31.622 0.0000000000
103619  41.424  11.192  31.275 0.0000000000
101853  41.941  9.351  30.426 0.0000000000
100051  43.272  7.186  28.168 0.0000000000
100989  41.909  8.813  28.449 0.0000000000
101011  42.914  8.094  26.869 0.0000000000
101887  42.898  9.234  26.443 0.0000000000
100087  43.989  7.822  25.824 0.0000000000
100086  44.930  7.762  25.394 0.0000000000
99135  45.636  6.669  26.277 0.0000000000
97124  48.224  5.075  26.632 0.0000000000
107704  44.698  17.359  29.587 0.0000000000
109658  44.383  19.370  30.887 0.0000000000
109035  44.292  18.811  28.941 0.0000000000
109036  43.602  18.923  28.570 0.0000000000
108381  44.013  18.202  28.540 0.0000000000
107031  43.418  16.820  28.173 0.0000000000
107044  44.637  16.342  27.514 0.0000000000
105437  46.134  14.337  25.100 0.0000000000
106298  44.369  14.335  26.100 0.0000000000
104578  44.259  12.783  25.090 0.0000000000
103706  43.737  11.678  24.716 0.0000000000
103705  44.085  12.045  23.940 0.0000000000
104478  49.046  12.322  33.170 0.0000000000
105350  50.132  13.401  33.274 0.0000000000
104491  49.757  12.196  31.675 0.0000000000
104555  51.092  13.137  27.492 0.0000000000
104522  51.853  12.814  29.352 0.0000000000
104554  51.828  13.468  28.020 0.0000000000
106264  52.436  14.203  28.449 0.0000000000
105414  53.050  13.945  26.642 0.0000000000
104602  46.772  11.717  21.182 0.0000000000
103703  47.690  12.302  23.474 0.0000000000
104593  48.003  12.094  21.374 0.0000000000
106322  48.548  14.293  19.995 0.0000000000
106320  50.431  13.897  21.638 0.0000000000
106312  49.944  14.737  20.846 0.0000000000
138577  51.563  15.471  23.171 0.0000000000
138558  49.377  15.176  21.261 0.0000000000
105442  48.434  15.205  22.596 0.0000000000
105451  47.410  14.253  21.247 0.0000000000
101945  45.378  9.562  20.739 0.0000000000
103742  44.565  11.378  20.841 0.0000000000
101930  44.439  9.376  21.765 0.0000000000
101921  43.678  9.244  22.780 0.0000000000
106979  50.053  14.770  33.062 0.0000000000
138813  41.773  15.140  28.533 0.0000000000
105428  42.107  14.366  28.096 0.0000000000
105345  45.995  12.740  34.661 0.0000000000
103585  45.467  11.291  35.352 0.0000000000
104468  44.420  12.134  33.472 0.0000000000
104497  43.125  12.498  31.815 0.0000000000
100032  42.354  7.647  30.014 0.0000000000
107683  46.257  16.957  30.818 0.0000000000
107689  45.984  16.448  29.469 0.0000000000
107715  45.371  16.621  28.106 0.0000000000
107043  45.322  15.937  27.205 0.0000000000
107042  45.967  15.771  27.285 0.0000000000
106296  46.282  15.461  25.605 0.0000000000
105443  46.465  14.241  23.800 0.0000000000
104510  48.391  12.257  30.688 0.0000000000
104509  49.282  12.325  30.617 0.0000000000
103639  48.881  12.462  28.726 0.0000000000
104542  49.240  12.672  27.510 0.0000000000
104556  50.023  13.046  27.038 0.0000000000
103749  50.063  11.701  19.219 0.0000000000
104618  49.774  12.591  19.675 0.0000000000
104625  50.891  12.740  18.247 0.0000000000
104619  49.396  13.674  18.517 0.0000000000
104610  48.225  13.740  19.343 0.0000000000
104612  46.335  13.039  20.127 0.0000000000
102817  46.859  10.931  19.599 0.0000000000
101944  46.243  9.552  20.190 0.0000000000
100151  45.714  7.701  20.941 0.0000000000
98203  46.707  5.480  24.094 0.0000000000
102672  40.579  10.529  35.789 0.0000000000
103589  41.359  11.161  34.241 0.0000000000
102690  40.060  10.738  33.686 0.0000000000
101844  40.198  9.768  32.304 0.0000000000
100025  40.822  7.725  31.551 0.0000000000
106983  47.354  16.039  31.708 0.0000000000
107013  48.584  14.622  29.861 0.0000000000
106266  49.792  14.363  28.806 0.0000000000
102763  45.582  10.304  24.375 0.0000000000
102762  46.505  10.957  24.728 0.0000000000
101910  46.210  9.899  22.968 0.0000000000
101919  46.496  9.872  22.170 0.0000000000
102791  47.951  10.064  20.932 0.0000000000
100136  50.818  7.891  21.818 0.0000000000
101080  50.548  8.814  20.603 0.0000000000
101956  50.850  10.099  19.685 0.0000000000
102812  52.371  10.191  19.165 0.0000000000
101091  52.199  8.685  18.632 0.0000000000
100145  51.111  7.514  19.757 0.0000000000
99211  50.377  6.934  20.333 0.0000000000
106207  48.266  13.894  33.413 0.0000000000
104479  48.230  11.856  33.296 0.0000000000
104466  46.836  11.926  33.925 0.0000000000
104480  47.361  11.719  33.151 0.0000000000
103613  47.791  11.949  31.634 0.0000000000
103627  47.559  11.850  30.444 0.0000000000
103656  45.835  11.455  28.509 0.0000000000
102740  45.787  10.847  26.658 0.0000000000
104471  41.052  12.482  33.087 0.0000000000
104498  41.968  12.246  31.841 0.0000000000
103631  43.160  11.068  30.259 0.0000000000
100980  41.932  8.515  29.408 0.0000000000
102709  42.770  9.867  29.601 0.0000000000
102708  43.439  10.493  29.318 0.0000000000
102720  43.788  10.089  28.206 0.0000000000
102730  44.541  10.143  27.359 0.0000000000
102752  44.790  10.213  25.105 0.0000000000
101031  44.888  8.497  24.227 0.0000000000
100099  46.211  7.519  24.485 0.0000000000
99162  47.784  6.872  24.572 0.0000000000
98168  47.289  5.615  26.360 0.0000000000
98183  48.212  5.797  25.466 0.0000000000
102673  39.499  10.912  35.793 0.0000000000
102687  38.674  10.458  35.115 0.0000000000
101833  36.412  9.216  34.521 0.0000000000
110286  46.385  20.786  28.716 0.0000000000
110288  44.074  20.279  27.755 0.0000000000
138816  42.460  17.457  27.878 0.0000000000
106288  43.040  16.049  28.447 0.0000000000
105426  43.422  14.217  26.778 0.0000000000
106287  44.331  15.252  26.797 0.0000000000
103684  43.292  11.771  26.411 0.0000000000
106214  50.702  14.073  32.393 0.0000000000
104490  51.042  12.540  31.266 0.0000000000
105370  51.675  13.416  31.298 0.0000000000
106221  50.819  14.394  31.520 0.0000000000
106250  52.035  14.467  29.309 0.0000000000
106265  51.401  14.348  28.499 0.0000000000
106284  50.253  14.929  26.694 0.0000000000
103694  47.270  11.599  24.997 0.0000000000
104568  49.227  12.647  25.159 0.0000000000
104567  50.103  13.255  25.765 0.0000000000
138582  49.715  13.573  21.301 0.0000000000
138554  50.028  13.541  22.908 0.0000000000
104581  52.094  13.482  24.811 0.0000000000
105421  52.978  14.718  25.326 0.0000000000
107066  51.568  15.284  25.173 0.0000000000
107068  49.862  15.216  25.842 0.0000000000
105435  48.998  15.108  24.133 0.0000000000
105436  47.431  14.840  24.452 0.0000000000
104582  46.130  13.666  23.295 0.0000000000
104603  45.659  13.010  20.700 0.0000000000
103722  45.111  11.895  21.757 0.0000000000
104589  45.184  12.357  22.685 0.0000000000
102778  43.829  10.376  23.162 0.0000000000
98205  44.395  5.721  23.999 0.0000000000
108395  41.135  17.459  27.198 0.0000000000
102658  42.670  11.093  36.237 0.0000000000
102670  42.993  10.914  35.552 0.0000000000
102684  41.911  10.911  34.984 0.0000000000
107057  47.664  15.663  26.673 0.0000000000
107056  48.703  15.355  26.602 0.0000000000
103683  46.520  11.466  26.715 0.0000000000
103668  47.152  11.915  27.083 0.0000000000
102750  46.495  11.105  25.726 0.0000000000
101093  50.181  8.798  18.916 0.0000000000
101105  49.786  9.401  18.508 0.0000000000
101094  49.020  8.870  18.900 0.0000000000
100147  48.923  7.602  20.056 0.0000000000
99212  49.247  7.182  20.518 0.0000000000
107679  49.593  15.493  33.353 0.0000000000
106980  49.642  15.130  32.680 0.0000000000
106215  49.186  14.856  32.173 0.0000000000
106987  50.160  14.682  32.049 0.0000000000
100096  48.341  7.185  23.878 0.0000000000
101040  48.157  7.630  23.059 0.0000000000
100112  48.691  7.247  23.200 0.0000000000
100133  53.381  7.762  21.100 0.0000000000
100121  53.570  7.228  21.315 0.0000000000
100132  53.464  7.638  20.667 0.0000000000
103685  42.226  11.386  26.397 0.0000000000
104496  44.321  12.528  31.796 0.0000000000
104495  45.230  11.900  32.021 0.0000000000
103616  44.687  11.869  31.173 0.0000000000
103629  45.090  11.863  30.305 0.0000000000
100971  41.071  8.521  31.330 0.0000000000
101848  41.357  9.367  31.028 0.0000000000
100976  41.606  8.482  30.775 0.0000000000
100050  43.943  7.194  27.887 0.0000000000
101001  42.692  7.841  27.269 0.0000000000
100077  43.738  7.778  26.657 0.0000000000
100076  44.752  7.297  26.436 0.0000000000
108380  44.401  18.109  29.230 0.0000000000
107727  44.114  16.830  28.083 0.0000000000
107726  44.798  16.766  27.875 0.0000000000
105444  45.558  13.694  24.615 0.0000000000
104577  44.964  13.300  24.751 0.0000000000
104584  44.241  12.379  24.399 0.0000000000
103603  49.196  12.085  32.781 0.0000000000
104477  49.707  12.408  32.630 0.0000000000
105416  51.534  13.172  26.872 0.0000000000
105415  52.086  13.580  27.102 0.0000000000
105425  51.762  13.276  26.337 0.0000000000
103729  47.710  11.235  20.805 0.0000000000
104600  48.172  11.655  20.930 0.0000000000
106314  48.356  14.473  20.309 0.0000000000
106313  49.221  14.545  21.029 0.0000000000
138585  48.882  14.602  21.073 0.0000000000
138583  50.116  15.280  21.033 0.0000000000
138567  48.875  14.834  21.148 0.0000000000
106302  48.463  15.293  21.683 0.0000000000
106308  48.005  14.457  20.726 0.0000000000
101070  45.317  8.400  21.391 0.0000000000
101929  44.930  9.195  21.325 0.0000000000
101071  44.857  8.811  21.662 0.0000000000
101057  44.743  8.327  22.193 0.0000000000
138818  41.636  15.790  29.239 0.0000000000
105418  41.959  14.272  28.273 0.0000000000
104460  45.814  12.139  35.248 0.0000000000
104453  45.448  12.090  36.244 0.0000000000
103596  43.836  11.608  34.110 0.0000000000
104483  43.777  12.807  32.658 0.0000000000
107681  46.872  16.784  31.410 0.0000000000
108354  46.572  17.421  31.161 0.0000000000
106991  46.628  16.427  30.911 0.0000000000
107015  46.375  15.917  29.035 0.0000000000
107702  45.899  16.323  29.063 0.0000000000
107703  45.412  16.682  29.027 0.0000000000
107714  45.647  16.204  27.651 0.0000000000
107072  46.440  15.629  26.160 0.0000000000
103626  48.630  12.223  29.847 0.0000000000
104557  49.130  12.719  26.597 0.0000000000
103748  50.646  11.864  18.412 0.0000000000
103757  50.896  12.046  18.078 0.0000000000
103765  49.867  12.550  17.595 0.0000000000
104628  49.019  12.752  18.180 0.0000000000
104620  48.548  13.240  18.812 0.0000000000
103760  48.533  12.082  18.500 0.0000000000
104621  47.660  12.662  19.348 0.0000000000
102816  47.846  11.024  18.857 0.0000000000
101096  47.137  7.999  19.782 0.0000000000
101943  46.884  9.370  19.985 0.0000000000
101084  46.731  8.444  19.998 0.0000000000
101085  45.870  8.455  20.524 0.0000000000
100150  46.221  7.376  20.371 0.0000000000
99215  46.452  6.867  20.447 0.0000000000
99189  47.538  6.373  21.446 0.0000000000
98241  46.958  6.120  21.453 0.0000000000
102686  39.573  10.577  34.972 0.0000000000
102691  39.353  10.442  33.797 0.0000000000
101845  39.473  9.431  32.595 0.0000000000
101850  40.048  9.108  32.006 0.0000000000
100972  40.361  8.472  31.658 0.0000000000
106235  49.333  14.598  30.802 0.0000000000
106997  48.403  14.922  30.991 0.0000000000
101912  45.429  9.420  23.669 0.0000000000
102776  45.857  10.228  23.770 0.0000000000
101911  45.891  9.697  23.446 0.0000000000
101069  47.613  9.272  21.831 0.0000000000
101927  47.684  9.739  21.435 0.0000000000
101082  48.736  9.300  20.939 0.0000000000
100125  50.085  7.604  22.330 0.0000000000
100124  51.186  7.525  22.356 0.0000000000
101079  51.800  8.832  20.470 0.0000000000
101066  51.198  8.321  21.189 0.0000000000
101941  50.008  9.670  20.207 0.0000000000
101940  51.281  9.500  20.087 0.0000000000
101955  51.868  9.948  19.497 0.0000000000
101954  52.748  9.938  19.529 0.0000000000
100143  53.256  7.875  19.735 0.0000000000
101090  52.979  8.711  18.712 0.0000000000
100156  52.626  8.283  19.191 0.0000000000
100157  51.725  8.218  19.291 0.0000000000
100144  52.223  7.573  19.641 0.0000000000
99210  51.552  6.982  20.242 0.0000000000
106208  47.178  14.006  33.573 0.0000000000
105363  48.359  12.419  33.357 0.0000000000
105364  48.038  12.180  33.540 0.0000000000
103584  46.188  11.820  34.966 0.0000000000
104458  46.768  12.199  34.607 0.0000000000
103593  46.588  11.769  34.688 0.0000000000
103607  46.299  11.478  31.991 0.0000000000
103606  47.080  11.569  32.278 0.0000000000
102729  45.374  10.916  27.865 0.0000000000
103599  40.437  11.407  33.357 0.0000000000
104473  39.682  12.104  32.467 0.0000000000
103633  41.727  10.833  30.796 0.0000000000
103618  42.567  11.670  31.106 0.0000000000
100975  42.045  8.474  30.204 0.0000000000
101867  42.567  9.240  28.048 0.0000000000
101856  42.579  9.462  29.043 0.0000000000
102707  44.139  10.837  29.124 0.0000000000
101886  43.469  9.495  26.122 0.0000000000
101878  43.535  9.605  27.005 0.0000000000
101877  44.139  9.778  26.472 0.0000000000
102741  44.776  10.322  26.111 0.0000000000
101885  44.126  9.784  25.660 0.0000000000
101892  44.388  9.402  24.824 0.0000000000
100085  45.877  7.108  25.337 0.0000000000
100100  45.515  7.734  24.647 0.0000000000
100084  46.810  7.154  24.942 0.0000000000
100083  47.372  7.086  24.615 0.0000000000
97125  47.551  5.198  26.921 0.0000000000
97140  48.543  5.288  25.971 0.0000000000
98182  49.390  5.390  25.601 0.0000000000
102675  37.433  10.770  35.729 0.0000000000
102674  38.392  10.778  35.721 0.0000000000
101831  38.129  9.794  34.542 0.0000000000
101832  37.322  9.545  34.569 0.0000000000
110269  45.051  20.020  30.105 0.0000000000
110268  45.431  20.312  29.752 0.0000000000
110936  45.883  20.929  28.136 0.0000000000
110287  45.247  20.450  28.236 0.0000000000
109680  44.618  19.994  28.363 0.0000000000
108382  43.276  18.407  28.344 0.0000000000
138825  42.147  18.165  27.329 0.0000000000
138821  42.685  17.840  27.848 0.0000000000
138815  43.914  16.391  27.974 0.0000000000
105427  42.428  14.409  27.687 0.0000000000
107060  44.915  15.797  26.916 0.0000000000
105439  43.946  13.672  25.719 0.0000000000
104569  43.482  12.852  26.081 0.0000000000
102742  43.417  11.386  25.967 0.0000000000
106196  49.490  14.622  34.070 0.0000000000
104462  50.233  12.902  32.859 0.0000000000
105361  51.236  13.352  32.102 0.0000000000
104508  50.434  12.478  30.526 0.0000000000
104523  51.012  12.665  29.677 0.0000000000
104521  52.256  12.961  29.059 0.0000000000
104506  52.004  13.056  29.999 0.0000000000
105378  52.431  13.676  29.524 0.0000000000
106220  51.815  14.023  30.934 0.0000000000
106232  52.298  14.075  29.828 0.0000000000
106233  51.460  14.336  30.323 0.0000000000
106274  52.133  14.228  27.214 0.0000000000
106275  50.477  14.497  27.467 0.0000000000
106283  51.243  14.722  26.512 0.0000000000
103704  47.256  11.601  24.076 0.0000000000
138557  48.244  12.773  23.262 0.0000000000
103693  47.753  12.538  24.125 0.0000000000
105463  49.353  13.165  20.774 0.0000000000
138591  51.575  14.410  22.176 0.0000000000
138579  51.630  13.844  23.143 0.0000000000
138565  51.182  13.362  23.768 0.0000000000
138561  52.126  13.657  23.892 0.0000000000
105432  52.654  13.949  25.068 0.0000000000
138560  52.692  14.506  24.088 0.0000000000
106292  52.400  15.208  24.606 0.0000000000
106293  50.677  15.420  24.453 0.0000000000
107067  50.583  15.161  25.391 0.0000000000
138564  50.290  15.004  24.986 0.0000000000
106294  49.464  14.918  25.246 0.0000000000
105447  47.587  14.805  21.841 0.0000000000
105448  46.708  14.406  22.658 0.0000000000
104588  45.957  13.284  22.718 0.0000000000
103740  46.358  12.444  19.921 0.0000000000
103741  45.470  11.938  20.330 0.0000000000
102794  44.279  10.436  21.455 0.0000000000
103731  45.153  12.030  21.104 0.0000000000
103732  44.581  11.343  21.553 0.0000000000
104596  45.217  12.092  22.139 0.0000000000
103723  44.781  11.509  22.337 0.0000000000
102777  44.489  10.897  22.765 0.0000000000
101045  43.348  8.344  23.262 0.0000000000
99175  45.459  6.239  22.766 0.0000000000
98218  45.101  6.052  23.295 0.0000000000
138824  40.906  16.810  28.863 0.0000000000
103570  45.242  11.552  36.920 0.0000000000
102657  43.800  11.048  36.294 0.0000000000
103587  43.229  11.168  34.746 0.0000000000
103597  42.685  11.709  33.862 0.0000000000
107014  47.442  15.396  29.390 0.0000000000
107028  47.178  15.438  28.312 0.0000000000
107041  46.946  15.628  27.402 0.0000000000
103655  47.004  11.703  28.204 0.0000000000
101968  51.105  10.188  18.190 0.0000000000
102827  50.559  11.336  17.787 0.0000000000
101969  50.217  10.227  18.128 0.0000000000
101970  49.184  9.955  18.501 0.0000000000
101971  48.276  10.249  18.781 0.0000000000
101957  48.334  9.487  19.073 0.0000000000
101095  47.730  8.638  19.645 0.0000000000
100161  47.431  7.659  19.824 0.0000000000
100138  46.940  6.683  20.394 0.0000000000
100148  47.899  7.289  20.155 0.0000000000
99202  48.125  7.020  20.994 0.0000000000
99188  48.355  6.375  21.773 0.0000000000
106973  48.095  15.846  32.882 0.0000000000
106981  48.724  15.333  32.434 0.0000000000
106223  48.963  14.756  31.610 0.0000000000
101042  46.589  8.591  23.466 0.0000000000
101041  47.582  7.961  23.058 0.0000000000
100135  51.804  7.886  21.639 0.0000000000
100134  52.776  7.872  21.407 0.0000000000
101064  53.157  8.268  20.789 0.0000000000
101078  52.833  8.863  20.379 0.0000000000
101938  53.173  9.464  19.878 0.0000000000
101077  53.456  8.583  20.120 0.0000000000
105354  46.515  12.992  33.874 0.0000000000
104494  45.812  11.569  32.064 0.0000000000
103628  46.218  11.619  30.381 0.0000000000
103657  45.062  11.321  28.852 0.0000000000
102699  40.510  10.565  31.960 0.0000000000
103620  40.275  11.665  31.805 0.0000000000
102698  41.174  10.154  31.357 0.0000000000
102703  41.744  10.299  30.749 0.0000000000
100052  42.355  7.281  28.177 0.0000000000
100053  41.626  7.658  28.157 0.0000000000
100067  41.970  7.577  27.636 0.0000000000
101002  42.151  8.334  27.433 0.0000000000
101879  42.715  9.206  27.179 0.0000000000
101012  42.720  8.726  26.640 0.0000000000
101021  42.788  8.887  26.156 0.0000000000
101019  44.002  8.443  25.141 0.0000000000
100075  45.390  7.328  25.961 0.0000000000
99147  46.172  6.679  25.798 0.0000000000
97123  49.383  4.776  26.495 0.0000000000
108363  44.740  17.943  30.611 0.0000000000
109657  44.838  19.084  31.040 0.0000000000
109025  43.763  19.161  30.686 0.0000000000
109670  43.868  19.247  30.474 0.0000000000
109669  44.343  19.303  29.706 0.0000000000
109681  44.080  19.559  28.472 0.0000000000
107717  43.309  17.590  28.165 0.0000000000
106297  45.169  14.867  25.772 0.0000000000
105438  45.000  13.757  25.412 0.0000000000
103716  43.899  11.166  23.948 0.0000000000
104464  49.270  12.873  33.251 0.0000000000
105351  49.521  13.319  33.396 0.0000000000
104463  49.691  12.832  33.140 0.0000000000
104476  50.722  12.678  32.253 0.0000000000
104540  51.186  12.847  28.669 0.0000000000
104539  52.127  13.080  28.491 0.0000000000
105405  52.709  13.761  28.564 0.0000000000
106263  52.752  14.031  28.542 0.0000000000
105406  52.410  13.834  27.774 0.0000000000
102783  46.696  11.955  22.782 0.0000000000
103714  47.270  11.899  23.367 0.0000000000
103720  46.734  12.280  21.943 0.0000000000
103713  48.176  12.442  22.353 0.0000000000
138566  48.749  12.874  22.758 0.0000000000
105464  48.819  13.991  19.804 0.0000000000
106321  49.047  14.087  20.554 0.0000000000
138588  51.598  14.665  21.880 0.0000000000
138555  52.679  14.941  22.919 0.0000000000
138584  50.541  15.060  21.869 0.0000000000
106301  48.746  15.460  21.775 0.0000000000
102805  44.864  10.668  20.609 0.0000000000
101946  44.766  9.872  21.179 0.0000000000
102795  43.963  9.853  21.806 0.0000000000
102786  43.711  10.055  22.148 0.0000000000
101920  44.236  8.971  22.414 0.0000000000
101058  44.064  8.309  22.826 0.0000000000
138819  41.584  16.347  29.083 0.0000000000
105417  42.222  13.623  28.072 0.0000000000
103594  46.025  11.549  34.537 0.0000000000
102681  44.960  10.641  35.332 0.0000000000
103595  45.015  11.363  34.286 0.0000000000
103617  43.674  11.801  31.144 0.0000000000
100033  41.918  7.603  30.584 0.0000000000
99089  42.376  6.974  30.496 0.0000000000
99088  42.908  6.696  30.036 0.0000000000
99099  43.057  6.982  29.290 0.0000000000
99098  43.526  6.676  28.839 0.0000000000
99111  43.975  6.703  28.299 0.0000000000
99110  44.377  6.689  27.760 0.0000000000
98152  44.692  6.254  27.572 0.0000000000
99125  45.262  6.417  26.809 0.0000000000
108361  46.496  17.967  30.973 0.0000000000
108362  45.926  17.744  30.539 0.0000000000
107000  46.293  16.674  30.496 0.0000000000
107690  45.524  16.951  30.168 0.0000000000
107691  44.620  17.471  30.191 0.0000000000
107725  45.232  16.396  27.541 0.0000000000
107724  45.522  16.049  27.412 0.0000000000
107059  45.803  15.646  26.496 0.0000000000
107058  46.639  15.651  26.654 0.0000000000
106285  45.768  15.612  26.065 0.0000000000
104492  48.635  12.186  31.328 0.0000000000
104541  49.928  12.577  28.115 0.0000000000
103750  49.357  11.275  19.744 0.0000000000
103737  49.345  11.826  19.841 0.0000000000
104617  50.551  12.723  18.864 0.0000000000
103764  50.367  12.317  17.616 0.0000000000
104626  50.363  13.365  17.856 0.0000000000
105473  49.361  13.845  19.181 0.0000000000
105474  48.615  13.959  19.269 0.0000000000
105465  48.110  14.208  19.665 0.0000000000
105466  47.355  13.644  20.210 0.0000000000
104611  47.474  13.134  19.701 0.0000000000
103752  46.872  12.087  19.618 0.0000000000
102818  46.347  11.410  19.790 0.0000000000
101959  46.698  9.976  19.792 0.0000000000
99205  45.599  6.942  21.431 0.0000000000
99190  45.671  6.273  22.183 0.0000000000
98242  46.601  6.334  21.320 0.0000000000
98232  46.426  6.013  21.774 0.0000000000
98217  46.254  6.055  23.001 0.0000000000
102685  40.613  10.752  34.632 0.0000000000
102695  39.811  10.536  32.869 0.0000000000
102696  39.335  10.144  33.041 0.0000000000
108344  47.325  17.093  31.916 0.0000000000
107680  47.180  16.453  31.581 0.0000000000
106982  47.951  15.630  32.117 0.0000000000
106989  47.812  15.531  31.338 0.0000000000
106998  47.655  15.429  30.449 0.0000000000
106276  49.176  14.705  27.819 0.0000000000
101055  46.569  9.272  22.762 0.0000000000
102784  46.138  11.135  22.375 0.0000000000
102793  46.415  10.708  21.491 0.0000000000
102792  47.460  10.538  21.059 0.0000000000
102801  48.560  10.460  20.476 0.0000000000
100111  49.713  7.106  22.920 0.0000000000
101052  49.368  7.760  22.192 0.0000000000
101067  49.758  8.228  21.575 0.0000000000
101081  49.335  8.986  20.775 0.0000000000
101942  48.990  9.642  20.508 0.0000000000
102800  49.310  10.081  20.205 0.0000000000
102814  49.777  10.601  19.751 0.0000000000
102813  51.168  10.725  19.043 0.0000000000
102825  52.084  10.237  18.867 0.0000000000
101953  53.168  9.869  19.281 0.0000000000
101966  52.903  9.787  18.730 0.0000000000
101967  51.890  9.878  18.625 0.0000000000
101103  51.690  9.333  18.461 0.0000000000
101092  51.252  8.768  18.799 0.0000000000
100158  50.665  8.231  19.472 0.0000000000
100146  49.976  7.514  19.857 0.0000000000
99200  50.849  6.602  20.989 0.0000000000
105352  48.762  13.094  33.270 0.0000000000
103604  48.756  11.846  32.773 0.0000000000
104465  47.720  11.916  33.733 0.0000000000
103605  48.008  11.620  32.582 0.0000000000
104493  48.017  12.285  31.068 0.0000000000
103641  46.675  11.592  29.347 0.0000000000
103598  41.611  11.783  33.748 0.0000000000
104470  42.037  12.624  33.372 0.0000000000
104499  40.889  12.205  31.711 0.0000000000
104485  41.398  12.673  32.457 0.0000000000
104484  42.398  13.070  32.667 0.0000000000
101852  42.384  9.290  29.846 0.0000000000
102702  42.632  10.210  30.123 0.0000000000
102701  43.099  10.573  29.921 0.0000000000
103644  43.783  11.105  29.839 0.0000000000
102719  44.503  10.769  28.580 0.0000000000
102731  43.823  9.778  27.626 0.0000000000
101901  44.976  9.564  24.016 0.0000000000
101030  45.921  8.231  24.159 0.0000000000
101029  46.415  7.948  24.060 0.0000000000
100098  46.905  7.531  24.162 0.0000000000
100097  47.763  7.263  24.167 0.0000000000
99161  48.488  6.652  24.411 0.0000000000
98170  45.569  6.214  26.750 0.0000000000
99134  46.518  6.333  26.087 0.0000000000
99133  47.137  6.283  25.786 0.0000000000
98167  48.060  5.401  26.098 0.0000000000
98184  47.524  6.027  25.656 0.0000000000
99144  48.177  6.278  24.969 0.0000000000
102659  41.513  10.866  36.378 0.0000000000
103574  38.774  11.186  36.009 0.0000000000
101824  36.937  9.946  35.157 0.0000000000
101841  36.906  9.032  33.937 0.0000000000
110289  43.109  20.307  27.818 0.0000000000
110290  42.258  20.451  28.455 0.0000000000
138814  43.047  17.174  28.100 0.0000000000
138810  43.000  16.893  28.192 0.0000000000
102753  43.374  11.090  25.470 0.0000000000
106205  49.826  13.977  33.651 0.0000000000
106970  49.827  14.869  33.891 0.0000000000
104507  51.447  12.738  30.279 0.0000000000
104489  51.782  12.963  30.843 0.0000000000
104475  51.471  12.889  31.658 0.0000000000
106213  51.332  13.853  31.688 0.0000000000
106234  50.400  14.487  30.655 0.0000000000
106251  50.886  14.427  29.604 0.0000000000
103681  48.115  12.279  25.047 0.0000000000
104574  51.312  13.371  25.329 0.0000000000
104608  48.940  12.029  20.561 0.0000000000
138574  49.076  12.693  21.593 0.0000000000
138572  49.382  13.072  21.924 0.0000000000
104575  50.504  13.264  23.788 0.0000000000
105433  52.405  13.528  25.567 0.0000000000
105423  53.074  13.821  25.865 0.0000000000
106272  53.389  14.794  26.009 0.0000000000
138568  52.490  15.176  23.313 0.0000000000
106291  52.919  14.929  25.372 0.0000000000
107053  51.500  15.185  25.863 0.0000000000
107054  50.531  15.151  26.133 0.0000000000
107055  49.629  15.179  26.386 0.0000000000
107069  49.165  15.247  26.014 0.0000000000
105467  46.541  13.507  20.531 0.0000000000
105458  46.360  13.758  21.063 0.0000000000
104595  45.610  12.804  21.747 0.0000000000
103715  44.539  11.550  23.280 0.0000000000
99201  49.540  6.489  21.256 0.0000000000
99187  49.114  6.201  22.007 0.0000000000
99126  44.776  6.627  27.098 0.0000000000
99136  45.093  6.741  26.651 0.0000000000
99145  47.580  6.556  25.124 0.0000000000
99203  47.003  6.634  20.975 0.0000000000
99214  46.658  6.732  20.541 0.0000000000
100038  42.936  7.237  28.751 0.0000000000
100040  41.509  8.196  28.275 0.0000000000
100041  41.215  7.983  28.602 0.0000000000
100054  41.302  7.950  28.373 0.0000000000
100065  43.372  7.580  27.429 0.0000000000
100066  42.600  7.563  27.624 0.0000000000
100113  47.987  7.526  23.551 0.0000000000
100126  49.236  7.455  22.568 0.0000000000
100139  45.790  7.155  21.048 0.0000000000
100149  46.886  6.859  19.938 0.0000000000
100155  53.108  8.461  19.201 0.0000000000
100981  41.271  8.225  28.716 0.0000000000
100982  41.277  8.048  28.451 0.0000000000
100990  41.462  8.124  28.231 0.0000000000
100991  41.147  7.951  28.440 0.0000000000
101003  41.682  7.882  27.750 0.0000000000
101020  43.130  8.434  25.940 0.0000000000
101044  45.118  9.042  23.675 0.0000000000
101083  47.233  9.053  19.904 0.0000000000
101101  53.191  9.270  18.698 0.0000000000
101102  52.554  9.246  18.493 0.0000000000
101866  43.231  9.645  27.762 0.0000000000
101894  42.997  9.088  25.898 0.0000000000
101900  45.516  9.896  23.806 0.0000000000
101918  47.173  9.549  21.896 0.0000000000
101926  48.353  9.682  20.965 0.0000000000
101928  46.950  10.050  21.577 0.0000000000
101931  43.970  9.531  22.181 0.0000000000
101937  53.369  9.292  19.498 0.0000000000
101952  53.342  9.480  18.995 0.0000000000
101965  53.210  9.534  18.774 0.0000000000
102656  44.559  11.000  36.246 0.0000000000
102668  44.866  10.856  35.752 0.0000000000
102669  44.142  10.745  35.726 0.0000000000
102682  44.568  10.687  35.402 0.0000000000
102739  46.486  11.247  26.300 0.0000000000
102764  44.877  9.938  24.537 0.0000000000
102774  47.118  11.849  23.074 0.0000000000
102802  47.950  10.816  20.691 0.0000000000
102803  46.378  10.314  19.943 0.0000000000
102811  52.884  10.150  19.275 0.0000000000
102815  49.046  10.894  19.972 0.0000000000
102824  52.824  10.216  19.022 0.0000000000
102833  50.839  11.815  17.855 0.0000000000
102834  50.662  11.999  17.697 0.0000000000
103552  45.117  11.687  37.191 0.0000000000
103571  45.116  11.416  36.339 0.0000000000
103573  43.819  10.835  35.254 0.0000000000
103583  46.608  11.933  34.934 0.0000000000
103586  44.435  10.860  34.910 0.0000000000
103588  42.217  11.318  34.477 0.0000000000
103600  39.686  11.819  32.719 0.0000000000
103609  39.681  11.876  32.155 0.0000000000
103611  49.235  12.009  32.414 0.0000000000
103621  39.871  12.026  31.871 0.0000000000
103653  49.035  12.591  28.028 0.0000000000
103721  46.377  11.616  21.503 0.0000000000
103728  48.302  11.374  20.674 0.0000000000
103730  46.899  11.271  21.127 0.0000000000
103739  48.239  11.046  20.565 0.0000000000
103751  47.717  12.027  19.145 0.0000000000
103753  46.104  11.764  19.950 0.0000000000
103758  49.969  11.894  17.592 0.0000000000
103759  49.307  12.148  17.825 0.0000000000
103763  50.760  12.369  17.767 0.0000000000
104452  45.398  11.722  36.713 0.0000000000
104459  46.412  12.204  34.933 0.0000000000
104472  40.037  12.249  32.795 0.0000000000
104486  40.518  12.426  32.314 0.0000000000
104487  39.891  12.209  32.204 0.0000000000
104500  40.194  12.177  31.853 0.0000000000
104505  52.484  13.418  29.238 0.0000000000
104520  52.561  13.387  29.017 0.0000000000
104537  52.822  13.581  28.953 0.0000000000
104538  52.622  13.496  28.809 0.0000000000
104573  51.951  13.348  25.402 0.0000000000
104594  46.885  12.079  21.295 0.0000000000
104601  47.351  11.718  21.110 0.0000000000
104609  48.565  11.609  20.636 0.0000000000
104627  49.713  13.253  17.909 0.0000000000
104632  50.931  12.815  17.901 0.0000000000
104633  50.512  13.002  17.693 0.0000000000
104634  49.996  12.935  17.600 0.0000000000
105344  46.514  12.526  34.586 0.0000000000
105358  41.900  13.091  33.081 0.0000000000
105359  41.596  12.871  33.091 0.0000000000
105367  41.714  13.000  32.851 0.0000000000
105368  41.418  12.805  32.877 0.0000000000
105379  52.033  13.542  30.367 0.0000000000
105392  52.822  13.929  29.136 0.0000000000
105404  52.802  13.818  28.773 0.0000000000
105412  53.291  14.743  25.796 0.0000000000
105413  53.337  14.398  26.038 0.0000000000
105422  52.972  14.207  25.381 0.0000000000
105424  52.478  13.522  26.257 0.0000000000
105431  52.789  14.816  24.938 0.0000000000
105434  52.001  13.291  25.806 0.0000000000
105456  47.770  14.385  20.105 0.0000000000
105457  47.397  14.008  20.616 0.0000000000
105471  50.715  13.226  18.478 0.0000000000
105478  50.888  13.220  18.079 0.0000000000
105479  50.439  13.478  18.235 0.0000000000
105480  49.922  13.723  18.541 0.0000000000
105485  50.817  13.138  17.862 0.0000000000
105486  50.643  13.308  17.916 0.0000000000
106216  48.763  14.916  32.068 0.0000000000
106248  52.954  14.104  28.899 0.0000000000
106249  52.725  14.212  29.026 0.0000000000
106262  52.956  13.921  28.672 0.0000000000
106271  53.364  14.986  25.851 0.0000000000
106273  53.063  14.615  26.327 0.0000000000
106280  53.186  14.889  25.662 0.0000000000
106281  52.992  15.133  25.744 0.0000000000
106305  48.334  14.788  21.286 0.0000000000
106984  47.027  16.330  31.322 0.0000000000
107016  45.896  16.293  28.726 0.0000000000
107030  45.692  16.432  28.461 0.0000000000
107052  52.288  15.186  25.528 0.0000000000
107675  47.376  16.631  31.971 0.0000000000
107676  47.180  16.936  31.701 0.0000000000
107678  49.774  15.191  33.213 0.0000000000
108355  44.639  18.552  30.984 0.0000000000
108364  43.801  18.483  31.189 0.0000000000
108372  43.934  17.933  30.150 0.0000000000
108373  44.007  18.894  30.076 0.0000000000
109007  44.935  18.747  30.936 0.0000000000
109016  44.860  18.330  30.750 0.0000000000
109024  43.713  18.810  29.892 0.0000000000
109659  43.857  19.368  30.997 0.0000000000
110250  45.228  19.724  30.746 0.0000000000
138552  51.410  13.334  24.013 0.0000000000
138553  50.964  13.303  23.772 0.0000000000
138556  52.474  13.856  24.441 0.0000000000
138562  51.683  13.511  23.772 0.0000000000
138563  50.892  13.896  22.922 0.0000000000
138569  51.716  13.651  23.479 0.0000000000
138570  52.075  14.040  23.024 0.0000000000
138571  51.464  13.492  23.677 0.0000000000
138573  49.231  12.843  21.691 0.0000000000
138575  49.854  15.241  20.948 0.0000000000
138576  48.591  14.504  21.017 0.0000000000
138578  52.126  15.173  22.361 0.0000000000
138580  52.223  14.536  22.553 0.0000000000
138581  51.248  13.551  23.467 0.0000000000
138587  51.441  14.095  22.659 0.0000000000
138589  50.246  15.032  20.903 0.0000000000
138590  51.927  14.217  22.474 0.0000000000
138820  42.887  17.871  27.992 0.0000000000
138861  43.944  18.746  31.327 0.0000000000
138862  43.740  18.940  31.320 0.0000000000
138863  44.244  18.758  31.264 0.0000000000
138864  44.072  18.946  31.313 0.0000000000
138865  44.129  19.217  31.191 0.0000000000
138866  43.783  19.110  31.245 0.0000000000
