#!ascii label  , from subject 3056 vox2ras=TkReg
1165
98437  19.310  -4.350  -4.249 0.2500000000
98436  19.789  -4.979  -4.796 0.2500000000
97279  20.367  -5.646  -5.280 0.7500000000
102048  18.765  -1.476  -3.692 0.2500000000
100796  19.289  -2.181  -4.316 0.1250000000
102047  19.249  -1.422  -4.347 0.3750000000
99594  19.407  -3.268  -4.447 0.2500000000
98456  20.324  -4.516  -5.450 0.7500000000
99593  19.987  -3.959  -4.813 0.3750000000
96155  21.066  -6.032  -5.901 0.8750000000
97295  20.770  -4.953  -6.070 0.8750000000
96154  21.700  -6.000  -6.306 0.8750000000
100812  19.745  -2.643  -5.052 0.3750000000
99610  19.806  -3.331  -5.028 0.3750000000
99609  20.276  -3.382  -5.601 0.8750000000
98472  22.050  -4.247  -6.906 1.0000000000
98473  21.099  -4.172  -6.708 1.0000000000
98474  20.524  -4.138  -6.180 0.8750000000
97293  22.239  -5.278  -6.603 1.0000000000
97292  22.896  -5.429  -6.288 1.0000000000
100811  20.299  -2.193  -5.564 0.7500000000
100826  21.366  -2.157  -6.687 0.8750000000
100827  20.867  -2.667  -6.134 0.8750000000
99625  22.687  -3.921  -7.003 1.0000000000
98487  21.981  -3.686  -7.094 1.0000000000
99642  21.825  -3.349  -7.131 1.0000000000
99608  24.422  -4.098  -5.878 1.0000000000
98471  22.993  -4.511  -6.637 1.0000000000
98455  23.300  -4.996  -6.231 1.0000000000
102060  19.741  -1.456  -5.003 0.6250000000
102076  21.327  -1.418  -6.676 1.0000000000
102077  20.684  -1.479  -6.209 0.8750000000
99622  24.860  -3.152  -6.461 1.0000000000
100825  23.829  -2.987  -6.931 1.0000000000
99640  22.958  -2.972  -7.448 1.0000000000
100841  22.568  -2.393  -7.400 1.0000000000
99607  25.122  -3.715  -5.777 1.0000000000
99623  24.139  -3.534  -6.421 1.0000000000
98451  26.627  -4.477  -5.877 1.0000000000
98453  24.789  -4.724  -5.702 1.0000000000
107065  18.729  2.580  -3.623 0.2500000000
103298  19.113  -0.576  -4.384 0.2500000000
103309  19.568  -0.310  -5.278 0.3750000000
103324  20.501  -0.382  -6.121 1.0000000000
103325  19.977  -0.146  -5.798 0.6250000000
102091  22.920  -1.445  -7.503 1.0000000000
102092  21.872  -1.433  -7.229 1.0000000000
100823  25.449  -2.658  -6.166 1.0000000000
100824  24.432  -2.500  -6.900 1.0000000000
102090  23.794  -1.405  -7.495 1.0000000000
100822  26.430  -2.365  -5.757 1.0000000000
99605  26.958  -3.732  -5.841 1.0000000000
100821  27.478  -2.740  -5.986 1.0000000000
99620  28.333  -3.619  -6.750 1.0000000000
107079  19.698  2.780  -4.757 0.5000000000
105774  19.432  1.938  -4.271 0.3750000000
104528  19.348  0.694  -4.635 0.5000000000
105788  19.927  1.623  -5.182 0.5000000000
104556  21.438  0.662  -7.011 0.8750000000
104572  22.077  0.336  -7.497 1.0000000000
105815  22.059  1.376  -7.656 1.0000000000
103337  24.347  -0.510  -7.445 1.0000000000
103320  26.209  -0.514  -6.561 1.0000000000
103321  25.181  -0.586  -6.994 1.0000000000
102088  29.340  -2.162  -6.755 1.0000000000
100820  28.558  -2.420  -6.460 1.0000000000
100838  29.214  -3.125  -7.039 0.8750000000
108315  19.145  3.429  -4.131 0.5000000000
107078  20.167  2.513  -5.469 0.6250000000
107092  21.067  2.441  -6.814 0.6250000000
105804  21.346  1.742  -7.166 1.0000000000
105805  20.806  1.563  -6.502 0.7500000000
105814  23.104  1.411  -7.794 1.0000000000
104551  28.713  0.493  -6.192 1.0000000000
104553  26.616  0.479  -6.584 1.0000000000
104554  25.420  0.497  -6.850 1.0000000000
104569  24.589  0.560  -7.334 1.0000000000
103317  29.353  -0.506  -6.311 1.0000000000
103319  27.252  -0.468  -6.190 1.0000000000
102070  29.457  -1.069  -6.443 1.0000000000
100836  30.442  -2.023  -7.911 0.8750000000
108329  20.014  3.494  -5.477 0.5000000000
108342  21.001  3.468  -6.807 0.8750000000
108351  23.742  2.799  -7.442 1.0000000000
107103  23.469  2.280  -7.607 1.0000000000
105800  28.046  1.392  -6.163 1.0000000000
107090  25.511  2.300  -6.608 1.0000000000
105813  23.953  1.435  -7.606 1.0000000000
107087  28.395  2.277  -5.833 1.0000000000
103333  31.194  -0.475  -7.713 1.0000000000
103335  30.012  -0.308  -6.673 1.0000000000
105799  29.093  1.516  -6.155 1.0000000000
104566  31.136  0.237  -6.987 1.0000000000
108330  19.505  3.727  -4.783 0.5000000000
108343  20.525  3.734  -6.115 0.8750000000
108354  21.568  3.700  -7.317 1.0000000000
109515  25.082  4.404  -5.927 1.0000000000
108340  24.110  3.334  -7.268 1.0000000000
109539  23.244  3.887  -7.369 1.0000000000
108324  29.068  3.641  -5.428 1.0000000000
108325  27.996  3.689  -5.313 1.0000000000
108336  30.497  3.618  -5.979 1.0000000000
107074  29.081  3.115  -5.511 1.0000000000
107076  27.689  2.925  -5.624 1.0000000000
107101  31.191  1.875  -6.706 1.0000000000
107086  29.531  2.698  -5.696 1.0000000000
105811  31.308  1.248  -7.015 0.8750000000
114486  22.435  8.442  -5.425 1.0000000000
114488  20.858  7.979  -5.291 0.3750000000
113224  23.108  7.702  -5.386 0.8750000000
110724  24.188  5.449  -5.719 1.0000000000
109512  28.417  4.413  -4.897 1.0000000000
109513  27.251  4.487  -4.823 1.0000000000
115674  22.498  9.422  -5.375 0.8750000000
114477  23.963  8.633  -5.053 1.0000000000
113213  23.751  7.775  -5.154 1.0000000000
113212  24.497  7.689  -4.712 1.0000000000
110708  24.860  5.980  -5.201 1.0000000000
110721  27.922  5.062  -4.469 1.0000000000
110705  28.047  5.882  -4.291 1.0000000000
110719  29.673  5.772  -5.140 1.0000000000
116815  22.738  10.216  -5.469 0.7500000000
114476  24.724  8.674  -4.436 1.0000000000
113211  25.460  7.652  -4.210 1.0000000000
113208  28.648  7.846  -4.346 1.0000000000
113209  27.620  7.575  -3.800 1.0000000000
112000  27.293  6.581  -3.856 1.0000000000
115661  24.800  9.722  -4.264 1.0000000000
114475  25.761  8.796  -3.699 1.0000000000
114474  26.947  8.399  -3.490 1.0000000000
123425  21.816  16.305  -7.474 0.1250000000
124441  21.630  17.041  -7.009 0.1250000000
124457  23.203  16.713  -8.190 0.2500000000
124469  22.409  17.012  -8.549 0.1250000000
124468  23.430  17.480  -8.729 0.3750000000
125514  22.712  18.337  -8.892 0.2500000000
124467  24.588  17.855  -8.613 0.5000000000
125513  23.751  18.288  -9.264 0.2500000000
125512  24.811  18.514  -9.171 0.3750000000
125522  24.059  19.006  -9.632 0.2500000000
126526  23.394  19.737  -9.701 0.2500000000
127465  23.151  20.351  -9.683 0.2500000000
126525  24.263  19.751  -9.640 0.2500000000
127463  24.536  20.592  -9.400 0.2500000000
127462  25.406  20.252  -9.222 0.3750000000
127448  26.103  20.512  -8.975 0.3750000000
128399  25.534  21.420  -9.166 0.2500000000
98422  18.826  -4.788  -3.549 0.1250000000
100780  18.987  -2.757  -3.928 0.1250000000
98452  25.889  -4.849  -5.738 1.0000000000
108353  22.262  3.451  -7.523 0.8750000000
107077  26.804  2.792  -5.673 1.0000000000
97244  18.898  -5.675  -3.492 0.1250000000
96140  20.562  -6.592  -5.424 0.6250000000
95032  20.961  -7.342  -5.876 0.7500000000
100781  18.637  -2.489  -3.331 0.1250000000
95031  21.940  -7.559  -5.867 1.0000000000
99579  18.798  -3.585  -3.642 0.1250000000
96152  23.066  -6.206  -6.065 1.0000000000
97277  24.314  -5.538  -5.781 1.0000000000
98469  26.659  -4.993  -6.011 1.0000000000
104529  18.755  0.338  -3.920 0.3750000000
105751  18.341  1.753  -3.152 0.2500000000
105775  18.833  1.315  -3.753 0.2500000000
99639  28.771  -3.924  -7.771 0.8750000000
102099  30.947  -1.632  -8.481 0.8750000000
100849  30.049  -2.810  -8.481 0.8750000000
103345  31.642  -0.455  -8.513 0.8750000000
113214  20.206  7.586  -4.997 0.1250000000
113215  19.829  7.028  -4.527 0.1250000000
109518  19.633  4.474  -5.101 0.3750000000
110742  21.662  5.283  -6.953 0.6250000000
107085  30.800  2.403  -6.397 1.0000000000
104565  31.629  0.489  -7.893 0.8750000000
114487  21.639  8.238  -5.419 0.5000000000
114485  23.204  8.583  -5.367 0.8750000000
113227  20.681  7.058  -5.752 0.3750000000
112016  22.248  6.521  -5.909 0.8750000000
109510  30.194  4.748  -5.624 1.0000000000
110718  30.392  5.733  -6.101 1.0000000000
115662  24.061  9.577  -4.933 1.0000000000
111998  29.254  7.012  -4.810 1.0000000000
116801  23.942  10.647  -4.837 0.8750000000
116799  26.025  10.718  -4.042 1.0000000000
115651  27.014  9.696  -3.736 1.0000000000
123383  22.489  16.261  -5.509 0.1250000000
122381  22.769  15.068  -6.083 0.1250000000
122380  24.304  14.896  -6.114 0.6250000000
124456  24.330  17.233  -7.771 0.6250000000
124455  25.787  17.411  -7.905 0.5000000000
125515  21.961  17.593  -8.347 0.2500000000
125511  25.979  18.761  -9.229 0.5000000000
126497  22.581  19.601  -8.504 0.2500000000
127452  22.830  20.207  -9.359 0.2500000000
126523  25.851  19.668  -9.283 0.5000000000
126513  26.675  19.584  -8.801 0.5000000000
128419  22.921  20.901  -9.906 0.1250000000
128418  23.404  21.300  -9.708 0.2500000000
129329  25.569  22.269  -9.396 0.2500000000
127447  27.148  20.475  -8.626 0.3750000000
129328  26.806  22.430  -9.161 0.2500000000
97262  19.300  -5.470  -4.066 0.1250000000
97261  19.770  -5.855  -4.618 0.5000000000
97294  21.442  -5.142  -6.508 0.8750000000
95052  21.374  -6.551  -6.060 1.0000000000
96153  22.369  -6.109  -6.275 1.0000000000
99627  20.793  -3.526  -6.325 1.0000000000
97278  23.538  -5.515  -6.047 1.0000000000
103308  20.137  -0.864  -5.653 0.8750000000
100810  25.727  -3.329  -5.716 1.0000000000
100840  23.519  -2.432  -7.365 1.0000000000
100839  24.093  -1.999  -7.399 1.0000000000
99606  26.106  -3.876  -5.666 1.0000000000
104540  19.829  0.535  -5.526 0.5000000000
104558  20.265  0.294  -5.959 0.8750000000
103340  21.820  -0.289  -7.184 1.0000000000
103339  22.445  -0.483  -7.539 1.0000000000
100808  26.828  -2.981  -5.619 1.0000000000
102074  25.856  -1.529  -6.387 1.0000000000
102073  26.826  -1.455  -5.925 1.0000000000
104539  20.352  1.055  -5.880 0.6250000000
105787  20.429  1.894  -5.808 0.6250000000
103336  24.815  -0.093  -7.323 1.0000000000
103338  23.349  -0.494  -7.687 1.0000000000
104570  23.730  0.475  -7.801 1.0000000000
102072  27.928  -1.479  -6.009 1.0000000000
102087  29.942  -1.319  -6.859 0.8750000000
99638  29.412  -3.327  -8.126 0.8750000000
107104  22.613  2.420  -7.660 1.0000000000
104550  29.784  0.542  -6.374 1.0000000000
104555  24.821  1.001  -6.878 1.0000000000
105801  27.041  1.404  -6.461 1.0000000000
102086  30.815  -1.136  -7.693 0.8750000000
108339  25.092  3.281  -6.559 1.0000000000
108352  23.206  3.256  -7.377 1.0000000000
108338  25.693  2.802  -6.309 1.0000000000
107091  24.738  2.384  -6.954 1.0000000000
105803  25.116  1.515  -6.741 1.0000000000
107088  27.385  2.174  -6.013 1.0000000000
105798  30.143  1.578  -6.189 1.0000000000
104549  30.663  0.871  -6.550 1.0000000000
109530  20.756  4.466  -6.380 0.6250000000
109529  21.228  4.455  -7.034 0.7500000000
109528  22.904  4.574  -7.197 1.0000000000
109526  24.405  4.254  -6.564 1.0000000000
110740  23.702  5.000  -6.541 1.0000000000
108328  25.260  3.751  -6.179 1.0000000000
110739  24.181  4.855  -6.228 1.0000000000
109514  26.071  4.474  -5.200 1.0000000000
108323  29.809  4.018  -5.507 1.0000000000
108326  26.931  3.585  -5.338 1.0000000000
112004  23.588  7.234  -5.301 1.0000000000
113226  21.483  7.321  -5.791 0.7500000000
110707  25.768  5.538  -4.612 1.0000000000
110725  23.049  5.750  -6.184 1.0000000000
112014  24.041  6.282  -5.525 1.0000000000
109499  26.408  4.969  -4.711 1.0000000000
116814  23.360  10.268  -5.299 0.8750000000
112003  24.195  6.809  -5.192 1.0000000000
112001  26.198  6.583  -4.221 1.0000000000
110706  26.979  5.538  -4.321 1.0000000000
112002  25.149  6.695  -4.663 1.0000000000
110704  28.855  6.141  -4.571 1.0000000000
114466  26.008  9.451  -3.517 1.0000000000
113210  26.507  7.533  -3.663 1.0000000000
114464  27.366  9.059  -3.580 1.0000000000
115660  25.581  9.908  -3.724 1.0000000000
123406  21.850  16.347  -6.528 0.1250000000
122417  22.354  15.968  -7.128 0.1250000000
122406  22.355  15.714  -6.184 0.1250000000
125494  22.288  18.455  -8.047 0.2500000000
122405  22.992  15.546  -6.572 0.3750000000
123423  23.817  16.492  -7.400 0.5000000000
124466  25.598  18.081  -8.738 0.5000000000
124439  25.298  16.883  -7.384 0.7500000000
128416  25.008  21.897  -9.444 0.2500000000
129316  26.292  22.018  -9.047 0.2500000000
96106  19.184  -6.060  -3.678 0.2500000000
96085  18.792  -6.432  -2.379 0.1250000000
96107  18.955  -6.566  -3.279 0.1250000000
96124  20.052  -6.591  -4.803 0.6250000000
95016  20.419  -7.273  -5.067 0.7500000000
95050  22.556  -6.889  -6.055 1.0000000000
113228  20.094  6.692  -5.419 0.5000000000
110728  20.419  5.295  -5.989 0.6250000000
110741  22.754  5.082  -6.967 0.8750000000
112031  21.109  5.786  -6.600 0.7500000000
110726  22.079  5.759  -6.417 0.8750000000
112018  20.521  6.129  -6.238 0.8750000000
110727  21.581  5.758  -6.529 1.0000000000
112015  23.354  6.668  -5.616 1.0000000000
116800  24.980  10.710  -4.380 1.0000000000
116798  26.982  10.909  -4.132 1.0000000000
116785  28.519  9.924  -4.038 1.0000000000
121300  22.687  14.560  -5.914 0.3750000000
122403  25.164  15.584  -6.342 0.7500000000
123422  24.704  16.583  -7.261 0.7500000000
122404  24.116  15.300  -6.490 0.5000000000
128415  27.256  21.777  -8.905 0.2500000000
128397  27.594  21.229  -8.775 0.3750000000
90134  22.008  -11.434  -4.166 0.7500000000
90155  24.285  -11.011  -5.261 0.7500000000
90135  21.244  -11.103  -4.153 0.7500000000
91310  21.541  -10.551  -4.475 0.7500000000
91336  23.883  -10.425  -5.017 0.7500000000
91309  22.444  -10.583  -4.531 0.7500000000
92544  21.962  -9.869  -4.908 0.7500000000
91335  24.529  -10.211  -5.341 0.7500000000
92542  23.259  -9.922  -4.749 0.7500000000
92543  22.867  -9.887  -4.727 0.7500000000
93853  20.884  -8.220  -5.607 0.7500000000
92568  22.587  -9.208  -5.151 0.7500000000
93851  22.248  -8.353  -5.489 0.8750000000
93852  21.345  -8.281  -5.721 0.8750000000
92566  24.760  -9.316  -5.454 0.7500000000
92567  23.644  -9.564  -5.023 0.7500000000
93849  24.322  -8.399  -5.264 0.7500000000
95030  22.828  -7.538  -5.546 0.8750000000
93848  25.439  -8.479  -5.675 0.7500000000
95029  23.850  -7.293  -5.285 0.8750000000
95049  23.241  -6.881  -5.815 0.8750000000
96151  26.060  -7.200  -5.936 0.7500000000
96138  24.656  -6.457  -5.510 0.8750000000
97290  27.279  -6.198  -6.859 0.8750000000
96136  26.218  -6.217  -5.993 0.8750000000
97291  26.571  -5.671  -6.195 0.8750000000
98468  27.306  -4.891  -6.533 0.8750000000
97319  28.328  -5.017  -9.652 0.3750000000
98495  28.252  -4.696  -8.579 0.6250000000
98496  27.901  -4.727  -7.965 0.7500000000
98467  27.857  -4.334  -6.906 0.7500000000
97332  28.426  -4.386  -10.305 0.5000000000
98505  28.387  -4.202  -9.755 0.5000000000
99659  28.549  -3.259  -10.233 0.7500000000
99651  28.853  -3.918  -8.948 0.7500000000
99694  28.028  -2.714  -12.384 0.1250000000
99681  27.177  -2.762  -11.983 0.3750000000
100866  28.146  -2.421  -11.332 0.6250000000
99650  29.518  -3.347  -9.236 0.6250000000
99657  29.674  -2.589  -9.794 0.6250000000
100890  29.364  -2.380  -12.801 0.1250000000
100891  28.232  -2.027  -12.954 0.1250000000
102134  28.040  -0.829  -12.132 0.1250000000
103385  28.791  -0.561  -13.479 0.1250000000
103357  30.074  -1.083  -11.158 0.6250000000
102112  31.078  -1.214  -9.919 0.6250000000
102105  31.419  -1.219  -9.007 0.7500000000
102146  28.989  -0.963  -13.890 0.1250000000
104625  30.921  -0.085  -14.456 0.1250000000
103364  30.697  -0.489  -12.143 0.1250000000
103356  30.899  -0.757  -10.919 0.5000000000
103350  31.691  -0.506  -9.626 0.6250000000
104578  32.059  0.249  -8.873 0.7500000000
102145  30.272  -1.179  -13.746 0.1250000000
104599  31.690  -0.128  -11.563 0.5000000000
104590  32.277  0.623  -10.931 0.5000000000
104584  32.281  0.737  -9.991 0.6250000000
105821  32.190  1.165  -8.553 0.7500000000
117965  23.128  10.938  -5.368 0.6250000000
117940  23.438  12.106  -4.279 0.5000000000
117951  24.006  11.697  -4.471 0.7500000000
107120  32.412  2.072  -9.516 0.6250000000
108349  31.513  3.439  -7.758 0.6250000000
108335  31.176  3.059  -6.778 0.8750000000
107128  31.837  3.166  -10.357 0.5000000000
107121  31.840  2.810  -9.610 0.6250000000
109537  31.472  4.176  -8.479 0.6250000000
108350  31.091  3.930  -6.915 0.8750000000
112013  30.032  6.886  -5.824 0.8750000000
113207  29.210  7.694  -4.737 0.8750000000
109538  31.269  4.735  -7.680 0.7500000000
112012  30.276  6.407  -6.680 0.8750000000
112029  30.187  7.196  -6.900 0.8750000000
113241  29.801  7.942  -6.405 0.8750000000
113222  29.487  7.990  -5.266 0.8750000000
108378  31.528  3.757  -10.744 0.3750000000
108369  31.442  3.577  -9.863 0.5000000000
109549  31.183  4.201  -9.343 0.5000000000
110752  30.736  5.638  -8.333 0.6250000000
109572  30.882  4.268  -11.271 0.2500000000
109560  30.969  4.242  -10.262 0.3750000000
110761  30.404  5.565  -9.238 0.5000000000
119072  24.548  12.470  -4.594 0.6250000000
120184  24.916  13.225  -5.005 0.7500000000
117950  25.288  11.647  -4.416 0.8750000000
119071  25.677  12.589  -4.526 0.7500000000
117949  26.376  11.729  -4.250 0.8750000000
114472  28.456  8.862  -4.239 0.8750000000
115658  29.059  9.716  -4.680 0.7500000000
114504  29.699  8.904  -5.985 0.8750000000
112043  30.436  6.459  -8.080 0.6250000000
112044  30.024  7.166  -7.806 0.7500000000
109561  30.545  4.859  -9.724 0.3750000000
110773  30.038  5.829  -10.196 0.5000000000
114537  29.440  8.330  -7.850 0.7500000000
109573  30.378  4.914  -10.755 0.2500000000
120185  23.926  12.965  -5.256 0.6250000000
119069  27.768  12.582  -4.590 0.8750000000
117947  28.422  11.627  -4.486 0.8750000000
120181  27.959  13.160  -4.965 0.7500000000
116812  29.285  10.622  -5.170 0.8750000000
115704  29.418  9.802  -7.435 0.7500000000
113268  29.381  7.795  -8.408 0.5000000000
112089  28.650  6.889  -10.629 0.2500000000
112075  28.710  7.252  -10.037 0.5000000000
112074  29.421  6.701  -9.713 0.5000000000
110801  29.624  5.490  -12.142 0.2500000000
120198  24.168  13.668  -5.677 0.5000000000
122379  24.813  15.067  -5.888 0.5000000000
122378  25.758  15.125  -5.760 0.6250000000
121296  26.343  14.452  -5.338 0.7500000000
121295  27.592  14.312  -5.531 0.7500000000
122401  27.327  15.463  -6.287 0.7500000000
121294  28.437  13.987  -5.805 0.7500000000
120208  29.185  13.475  -6.736 0.7500000000
120209  28.824  13.487  -6.027 0.7500000000
122400  27.993  15.213  -6.638 0.7500000000
119092  29.076  12.665  -6.308 0.7500000000
117983  29.333  11.578  -7.569 0.7500000000
119103  29.179  12.614  -8.034 0.7500000000
115731  28.349  9.735  -9.612 0.5000000000
116857  28.748  10.547  -9.411 0.3750000000
116847  29.170  10.526  -8.680 0.6250000000
113294  28.236  7.851  -10.549 0.2500000000
114565  28.251  8.466  -9.887 0.3750000000
115739  27.796  9.803  -10.211 0.3750000000
123403  25.548  16.293  -6.844 0.6250000000
122402  26.234  15.647  -6.290 0.7500000000
122416  27.771  15.783  -6.816 0.7500000000
121331  28.699  14.911  -7.313 0.7500000000
121330  28.998  14.444  -7.739 0.7500000000
120229  28.910  12.933  -8.541 0.6250000000
117999  27.742  11.398  -10.259 0.3750000000
119110  28.528  12.336  -9.510 0.3750000000
113306  27.431  7.837  -11.510 0.1250000000
115749  26.637  9.621  -11.349 0.1250000000
116877  27.127  10.333  -10.814 0.2500000000
123402  26.768  16.423  -6.670 0.6250000000
123420  27.637  16.506  -7.353 0.7500000000
122422  28.623  15.787  -7.877 0.6250000000
120237  28.818  13.084  -9.061 0.3750000000
120228  29.122  13.560  -8.414 0.3750000000
120219  29.151  13.441  -7.512 0.7500000000
118009  27.216  11.516  -10.835 0.2500000000
119111  27.972  12.057  -9.979 0.3750000000
119104  28.948  12.388  -8.768 0.6250000000
116889  24.550  10.315  -12.481 0.1250000000
116888  25.304  10.293  -11.893 0.1250000000
114576  25.723  8.758  -12.251 0.1250000000
124438  26.035  16.977  -7.044 0.6250000000
124454  26.944  17.298  -7.788 0.6250000000
123429  28.471  16.603  -8.295 0.3750000000
122425  29.844  15.556  -9.155 0.3750000000
120276  28.544  13.696  -12.086 0.2500000000
120236  29.426  13.819  -9.366 0.3750000000
121335  29.557  14.569  -8.772 0.3750000000
119146  25.534  12.083  -12.655 0.1250000000
119135  27.568  12.354  -11.417 0.3750000000
119122  28.328  12.635  -10.383 0.3750000000
115761  23.823  9.940  -13.442 0.1250000000
118029  26.632  11.740  -12.078 0.1250000000
126512  27.719  19.567  -8.464 0.3750000000
124465  26.729  17.846  -8.516 0.3750000000
124464  27.883  17.717  -8.527 0.3750000000
124462  30.147  17.785  -8.956 0.3750000000
124463  29.006  17.637  -8.665 0.3750000000
122428  30.594  15.957  -10.376 0.3750000000
123435  30.164  16.176  -9.303 0.3750000000
123428  29.731  16.624  -8.906 0.3750000000
121352  29.619  14.538  -11.625 0.3750000000
120246  29.425  13.992  -10.358 0.3750000000
121340  30.039  14.797  -9.813 0.3750000000
120289  25.535  13.292  -13.707 0.1250000000
120278  26.999  12.845  -12.497 0.1250000000
119159  24.287  12.166  -13.611 0.1250000000
126510  29.793  19.780  -8.952 0.2500000000
124473  30.729  17.957  -9.635 0.2500000000
125507  30.092  18.857  -8.941 0.3750000000
125508  29.433  18.706  -8.593 0.3750000000
122436  30.405  16.135  -12.127 0.1250000000
123434  30.523  16.860  -9.617 0.3750000000
123427  30.227  17.063  -9.060 0.3750000000
121362  29.230  14.712  -12.549 0.1250000000
122433  30.081  15.188  -11.643 0.2500000000
121388  26.763  14.623  -14.371 0.1250000000
121363  28.476  14.171  -12.650 0.1250000000
127446  28.148  20.502  -8.519 0.3750000000
126511  28.788  19.650  -8.487 0.3750000000
126521  30.519  19.799  -9.695 0.2500000000
123442  30.753  16.782  -11.925 0.1250000000
124479  31.151  17.906  -11.855 0.1250000000
123445  30.260  16.571  -12.792 0.1250000000
124484  30.743  17.590  -12.613 0.1250000000
122461  25.742  14.825  -14.847 0.1250000000
123451  28.625  16.228  -14.298 0.1250000000
127478  31.058  20.590  -11.687 0.1250000000
124490  29.708  16.966  -13.947 0.1250000000
125535  31.001  18.318  -12.818 0.1250000000
122477  26.569  15.841  -15.263 0.1250000000
122478  25.447  15.386  -15.405 0.1250000000
97303  27.669  -5.741  -7.740 0.6250000000
105834  32.474  1.451  -10.279 0.6250000000
110738  30.523  5.724  -7.253 0.8750000000
112058  29.739  6.881  -8.621 0.5000000000
110787  29.890  5.630  -11.303 0.3750000000
120197  25.130  13.921  -5.418 0.6250000000
120183  26.129  13.617  -4.899 0.8750000000
119070  26.806  12.673  -4.449 0.8750000000
121286  26.986  14.086  -4.972 0.7500000000
119093  28.742  12.666  -5.673 0.7500000000
117975  29.293  11.637  -6.377 0.7500000000
116826  29.507  10.611  -6.057 0.7500000000
113269  28.879  8.256  -8.797 0.5000000000
114551  28.590  8.803  -9.235 0.5000000000
114538  29.161  8.830  -8.319 0.7500000000
113282  28.736  7.744  -9.394 0.5000000000
121376  27.343  14.338  -13.667 0.1250000000
123438  31.032  16.927  -10.916 0.2500000000
124489  30.150  17.414  -13.725 0.1250000000
123466  27.513  16.345  -15.120 0.1250000000
102123  28.766  -1.291  -11.762 0.5000000000
100864  29.639  -2.086  -10.513 0.6250000000
100848  30.447  -2.262  -8.918 0.7500000000
105844  32.451  1.491  -11.310 0.3750000000
107127  32.313  2.431  -10.531 0.3750000000
108390  31.543  3.760  -11.752 0.2500000000
121374  28.738  14.873  -13.139 0.1250000000
109584  31.039  4.427  -12.323 0.1250000000
87839  23.267  -12.914  -4.147 0.7500000000
88991  22.651  -12.457  -4.157 0.7500000000
90109  21.238  -11.655  -3.525 0.7500000000
90136  20.798  -11.040  -3.878 0.7500000000
88989  24.584  -12.519  -4.773 0.7500000000
90133  23.085  -11.422  -4.532 0.7500000000
89008  24.675  -11.679  -5.290 0.7500000000
92546  20.230  -8.810  -4.339 0.6250000000
92545  20.858  -9.564  -4.564 0.7500000000
92565  25.347  -9.291  -5.797 0.7500000000
93874  26.054  -8.593  -6.106 0.6250000000
97302  27.540  -6.357  -8.470 0.3750000000
97331  28.750  -4.786  -10.442 0.1250000000
98526  29.355  -3.914  -11.721 0.1250000000
100877  29.994  -2.781  -12.094 0.1250000000
100889  30.642  -2.429  -12.623 0.1250000000
102144  31.225  -1.507  -13.862 0.1250000000
102175  31.062  -0.856  -15.118 0.1250000000
104639  30.819  -0.152  -15.035 0.1250000000
117952  23.102  11.489  -4.859 0.3750000000
104624  31.471  0.416  -14.700 0.1250000000
104617  31.494  0.217  -13.818 0.1250000000
105854  32.516  1.509  -12.451 0.1250000000
107139  32.449  2.421  -11.744 0.2500000000
108377  32.159  3.248  -11.175 0.2500000000
119074  22.830  12.628  -4.715 0.5000000000
110815  28.993  5.503  -12.757 0.1250000000
109585  30.270  4.943  -11.930 0.2500000000
112116  27.705  6.083  -13.387 0.1250000000
113307  26.554  7.661  -12.130 0.1250000000
114585  25.160  8.248  -12.944 0.1250000000
121319  23.911  14.752  -6.249 0.3750000000
114586  24.467  8.560  -13.578 0.1250000000
116901  23.482  10.458  -13.644 0.1250000000
115771  23.660  9.518  -14.046 0.1250000000
120302  24.463  13.244  -14.297 0.1250000000
121392  23.188  14.087  -15.364 0.1250000000
125479  22.695  18.134  -6.933 0.1250000000
128412  29.749  21.479  -9.693 0.2500000000
128424  30.074  21.795  -10.364 0.1250000000
129347  30.045  22.445  -11.177 0.1250000000
125542  30.717  18.239  -13.496 0.1250000000
126540  31.491  19.606  -12.958 0.1250000000
124502  28.720  17.176  -14.815 0.1250000000
122479  24.156  15.627  -15.946 0.1250000000
123479  27.711  16.945  -15.421 0.1250000000
99621  27.602  -3.859  -6.393 0.7500000000
107100  31.451  2.303  -7.168 0.7500000000
105810  31.706  1.493  -7.803 0.7500000000
115663  21.857  9.813  -5.066 0.3750000000
113223  29.185  7.995  -4.699 0.8750000000
97276  25.234  -5.652  -5.632 0.8750000000
96139  23.785  -6.316  -5.750 0.8750000000
98485  28.170  -4.394  -7.542 0.7500000000
102106  30.735  -1.722  -9.452 0.6250000000
109524  30.693  4.747  -6.568 0.8750000000
116788  26.740  10.269  -3.916 0.8750000000
116797  27.894  10.849  -4.133 0.8750000000
114483  29.346  9.123  -5.115 0.8750000000
125510  27.214  18.638  -8.659 0.3750000000
129327  28.012  22.800  -9.590 0.1250000000
128413  28.965  21.832  -9.381 0.2500000000
90156  23.709  -10.974  -4.837 0.7500000000
90132  24.046  -11.638  -4.750 0.7500000000
91311  20.928  -10.561  -4.238 0.7500000000
91308  23.282  -10.364  -4.653 0.7500000000
92570  20.894  -8.816  -5.469 0.7500000000
93833  20.545  -8.249  -4.965 0.6250000000
92569  21.613  -9.069  -5.317 0.7500000000
93850  23.239  -8.382  -5.225 0.8750000000
95028  24.964  -7.446  -5.413 0.7500000000
95027  25.689  -7.516  -5.719 0.7500000000
96150  26.579  -6.818  -6.275 0.7500000000
96137  25.706  -6.628  -5.709 0.8750000000
96149  27.289  -7.060  -6.925 0.6250000000
98486  27.704  -4.833  -7.476 0.7500000000
96193  28.235  -5.787  -9.437 0.2500000000
97307  27.631  -5.620  -8.879 0.5000000000
97308  27.742  -5.099  -8.175 0.6250000000
98517  28.321  -3.668  -10.820 0.5000000000
99680  28.061  -3.220  -11.732 0.2500000000
98516  28.609  -4.187  -10.923 0.1250000000
102136  26.893  -1.791  -12.288 0.2500000000
102124  27.729  -1.495  -11.789 0.3750000000
100865  29.006  -2.241  -10.849 0.6250000000
100906  29.129  -1.659  -13.622 0.1250000000
100905  30.312  -1.871  -13.354 0.1250000000
100907  28.308  -1.286  -13.504 0.1250000000
103365  29.596  -0.876  -11.911 0.5000000000
103376  29.944  -0.624  -12.902 0.1250000000
103384  30.282  -0.805  -13.680 0.1250000000
104610  30.586  -0.220  -12.949 0.1250000000
104609  31.225  0.108  -12.723 0.1250000000
104591  31.899  -0.020  -10.443 0.6250000000
104598  32.236  0.596  -12.040 0.1250000000
107113  32.346  1.642  -8.990 0.6250000000
107114  31.791  2.269  -8.548 0.6250000000
109550  30.985  4.876  -8.793 0.6250000000
113254  29.661  7.857  -7.409 0.7500000000
114521  29.444  8.813  -7.199 0.7500000000
112057  30.153  6.227  -8.920 0.5000000000
120196  25.757  14.127  -5.318 0.6250000000
115689  29.480  9.809  -5.643 0.7500000000
112088  29.205  6.494  -10.501 0.3750000000
117964  28.942  11.700  -5.371 0.7500000000
115719  29.229  9.767  -8.190 0.6250000000
116836  29.421  10.656  -6.973 0.7500000000
113281  29.315  7.274  -9.031 0.5000000000
113314  27.828  7.143  -11.880 0.1250000000
112108  27.870  6.599  -12.533 0.1250000000
110802  29.077  6.068  -11.842 0.2500000000
110816  28.380  5.968  -12.685 0.1250000000
123401  27.446  16.131  -6.677 0.7500000000
121316  29.133  14.000  -7.119 0.7500000000
117984  29.121  11.177  -8.278 0.6250000000
116858  28.050  10.576  -9.983 0.3750000000
117998  28.311  11.400  -9.684 0.3750000000
113295  27.833  8.411  -11.070 0.1250000000
115748  27.290  9.836  -10.854 0.3750000000
122421  29.171  15.519  -8.369 0.3750000000
116868  26.904  10.995  -10.764 0.3750000000
114575  26.511  8.618  -11.811 0.1250000000
118020  26.368  11.161  -11.549 0.1250000000
115750  25.825  9.477  -11.750 0.1250000000
120247  28.904  13.199  -9.989 0.3750000000
119144  27.144  12.290  -12.161 0.2500000000
118031  25.097  11.246  -12.301 0.1250000000
118033  23.566  11.019  -13.245 0.1250000000
115759  25.067  9.374  -12.319 0.1250000000
118030  25.957  11.586  -12.158 0.1250000000
120262  28.085  12.904  -11.513 0.2500000000
119147  24.822  11.874  -12.892 0.1250000000
119157  25.883  12.706  -13.060 0.1250000000
125509  28.348  18.621  -8.475 0.3750000000
122432  30.492  15.795  -11.403 0.3750000000
121345  29.907  14.570  -10.771 0.3750000000
120290  24.868  12.797  -13.719 0.1250000000
121378  25.684  13.911  -14.264 0.1250000000
121390  25.118  14.333  -14.699 0.1250000000
120287  27.472  13.666  -13.085 0.1250000000
121364  27.913  13.943  -13.094 0.1250000000
118046  23.161  11.272  -13.889 0.1250000000
119170  23.624  12.456  -14.336 0.1250000000
126522  30.074  20.315  -9.406 0.2500000000
127445  29.068  20.722  -8.661 0.2500000000
125528  31.006  18.781  -10.290 0.2500000000
122444  29.327  15.423  -13.246 0.1250000000
122459  27.439  15.553  -14.507 0.1250000000
122446  27.798  15.076  -13.758 0.1250000000
122460  26.333  15.128  -14.793 0.1250000000
126533  30.951  19.816  -10.485 0.1250000000
126532  31.212  19.506  -11.121 0.1250000000
125534  31.259  18.730  -12.395 0.1250000000
123450  29.286  16.369  -13.906 0.1250000000
121404  24.464  14.841  -15.342 0.1250000000
122445  28.433  15.535  -13.793 0.1250000000
128432  30.910  21.291  -11.822 0.1250000000
127479  30.749  20.705  -11.152 0.1250000000
88990  23.577  -12.380  -4.470 0.7500000000
87838  23.948  -13.136  -4.057 0.7500000000
90108  21.950  -12.161  -3.598 0.7500000000
88968  22.137  -12.910  -3.504 0.7500000000
95048  26.174  -7.848  -6.151 0.6250000000
104616  32.157  0.731  -14.271 0.1250000000
104623  32.088  0.693  -15.211 0.1250000000
104608  32.094  0.749  -13.154 0.1250000000
113315  27.015  6.991  -12.238 0.1250000000
120303  23.050  13.234  -14.924 0.1250000000
121391  23.916  14.175  -14.897 0.1250000000
88969  21.404  -12.600  -3.158 0.7500000000
91282  20.436  -10.310  -3.745 0.5000000000
87816  24.057  -13.956  -3.933 0.6250000000
88988  25.492  -12.946  -5.052 0.3750000000
89006  26.178  -12.213  -5.377 0.2500000000
89007  25.320  -12.056  -5.594 0.3750000000
96166  27.563  -6.662  -8.478 0.3750000000
119073  23.544  12.424  -4.671 0.3750000000
120186  23.034  13.055  -5.335 0.2500000000
121320  23.563  15.009  -6.314 0.2500000000
90169  25.778  -10.952  -6.143 0.5000000000
92592  25.989  -9.418  -6.180 0.5000000000
93873  26.602  -8.598  -6.476 0.3750000000
87836  25.769  -13.956  -4.986 0.5000000000
95047  26.959  -7.739  -6.668 0.5000000000
86632  23.720  -14.785  -3.685 0.6250000000
91267  20.118  -10.726  -2.894 0.3750000000
88970  20.558  -12.123  -2.756 0.3750000000
87817  23.005  -13.561  -3.668 0.6250000000
86651  25.203  -14.831  -4.668 0.3750000000
86653  24.171  -14.843  -4.141 0.6250000000
91268  19.588  -10.340  -2.565 0.2500000000
87835  26.366  -13.761  -4.325 0.3750000000
90153  26.102  -11.362  -6.047 0.2500000000
88987  26.325  -12.955  -4.803 0.2500000000
90168  26.053  -10.846  -6.257 0.2500000000
92591  26.990  -9.426  -6.663 0.3750000000
95046  27.364  -7.598  -7.296 0.2500000000
96179  27.660  -7.337  -8.325 0.2500000000
105718  17.836  1.731  -2.536 0.1250000000
108316  18.660  3.578  -3.534 0.2500000000
96192  28.941  -6.098  -9.555 0.2500000000
112019  20.023  5.954  -5.692 0.3750000000
109501  19.330  4.454  -4.203 0.2500000000
115675  21.798  9.090  -5.132 0.2500000000
121287  23.027  13.648  -5.750 0.2500000000
107043  18.191  2.484  -2.730 0.1250000000
104504  18.139  0.636  -3.015 0.2500000000
95018  19.482  -7.210  -3.872 0.2500000000
110729  19.848  5.303  -5.398 0.3750000000
91334  25.249  -9.951  -5.826 0.5000000000
90110  20.522  -11.257  -3.263 0.5000000000
90154  25.236  -10.967  -5.690 0.5000000000
96178  27.920  -6.766  -8.844 0.2500000000
91283  19.811  -10.009  -3.163 0.3750000000
92523  20.448  -9.786  -4.055 0.3750000000
95017  19.890  -7.573  -4.241 0.2500000000
92524  20.064  -9.477  -3.867 0.3750000000
87815  24.391  -14.077  -4.128 0.6250000000
87837  24.746  -13.852  -4.415 0.5000000000
89005  26.808  -12.310  -5.101 0.2500000000
91352  25.801  -10.456  -6.164 0.3750000000
86650  25.972  -14.657  -4.392 0.3750000000
90090  20.200  -11.523  -2.634 0.3750000000
85397  25.515  -15.524  -4.214 0.3750000000
86652  24.524  -14.846  -4.389 0.5000000000
91351  26.588  -10.462  -6.330 0.2500000000
93872  27.401  -8.469  -7.067 0.2500000000
104473  17.723  1.023  -2.363 0.1250000000
86609  22.454  -14.886  -2.310 0.5000000000
85398  24.696  -15.713  -4.214 0.2500000000
84052  23.710  -16.803  -3.485 0.3750000000
85380  24.022  -15.884  -3.800 0.5000000000
86633  22.648  -14.545  -3.058 0.5000000000
85360  22.406  -15.799  -1.797 0.3750000000
86610  21.602  -14.325  -2.278 0.5000000000
86634  21.963  -14.489  -2.814 0.5000000000
87818  21.649  -13.785  -3.029 0.3750000000
83996  21.175  -16.277  -0.848 0.1250000000
87819  20.898  -12.976  -2.629 0.2500000000
82638  21.167  -18.275  -0.940 0.1250000000
84019  21.573  -16.775  -1.179 0.2500000000
84039  22.695  -16.740  -2.320 0.3750000000
84051  24.578  -16.528  -3.566 0.2500000000
84053  23.120  -17.060  -3.072 0.3750000000
83997  20.818  -16.727  -0.414 0.1250000000
84018  22.192  -16.593  -1.690 0.3750000000
85341  20.897  -14.817  -1.083 0.1250000000
87774  20.425  -13.521  -1.547 0.1250000000
108389  32.251  3.258  -12.276 0.1250000000
85399  24.206  -15.237  -4.121 0.3750000000
88971  20.271  -12.452  -2.423 0.2500000000
88949  20.174  -11.927  -2.548 0.2500000000
84050  25.240  -16.075  -3.781 0.2500000000
85381  23.107  -15.822  -2.964 0.5000000000
85379  24.409  -16.061  -3.916 0.3750000000
85361  21.998  -14.963  -1.656 0.2500000000
86611  21.121  -14.259  -1.950 0.1250000000
87796  20.945  -13.793  -2.276 0.1250000000
85340  21.434  -15.638  -1.140 0.2500000000
85326  20.566  -15.421  -0.392 0.1250000000
87797  20.339  -12.914  -2.187 0.1250000000
82622  20.700  -17.887  -0.412 0.1250000000
84020  21.151  -17.494  -0.867 0.1250000000
82636  22.224  -17.484  -1.848 0.3750000000
81410  23.984  -18.082  -3.452 0.2500000000
86588  21.355  -14.618  -1.528 0.1250000000
86589  20.830  -14.211  -1.562 0.1250000000
81385  21.958  -18.233  -1.749 0.2500000000
81397  23.227  -18.539  -2.677 0.2500000000
93820  19.855  -8.405  -3.750 0.2500000000
82660  24.078  -17.688  -3.519 0.2500000000
82637  21.661  -17.840  -1.294 0.1250000000
82651  22.863  -17.698  -2.660 0.2500000000
81398  22.329  -18.434  -2.205 0.1250000000
93812  19.348  -8.381  -2.676 0.1250000000
117953  22.260  11.063  -5.239 0.1250000000
116802  22.174  10.257  -5.278 0.1250000000
117954  21.852  10.966  -4.866 0.1250000000
117943  21.680  11.102  -4.269 0.1250000000
117942  22.140  11.947  -4.235 0.1250000000
117941  23.083  11.982  -4.269 0.1250000000
117936  21.065  11.563  -2.856 0.1250000000
120177  22.470  13.477  -4.144 0.1250000000
115653  20.765  9.668  -3.837 0.1250000000
117935  21.930  12.219  -3.314 0.1250000000
119064  22.356  12.717  -3.665 0.1250000000
119058  21.334  12.614  -1.829 0.1250000000
114478  21.104  8.818  -4.903 0.1250000000
115665  20.812  9.163  -4.260 0.1250000000
109502  18.853  4.111  -3.754 0.1250000000
90091  19.795  -11.069  -2.299 0.1250000000
91269  19.197  -9.836  -2.381 0.1250000000
112005  19.814  6.147  -4.939 0.1250000000
114467  20.053  8.492  -3.628 0.1250000000
116791  19.838  9.463  -3.287 0.1250000000
116790  20.209  9.890  -3.346 0.1250000000
116777  19.815  10.392  -1.570 0.1250000000
117928  20.841  11.719  -1.338 0.1250000000
120170  21.376  13.651  -2.185 0.1250000000
120169  22.169  13.606  -3.017 0.1250000000
96125  19.450  -6.552  -4.046 0.1250000000
96126  19.314  -7.000  -3.661 0.1250000000
93834  20.261  -8.237  -4.245 0.1250000000
119075  22.536  12.856  -4.350 0.1250000000
91284  19.504  -9.849  -2.761 0.1250000000
110710  19.619  5.362  -4.516 0.1250000000
95003  19.493  -7.647  -3.428 0.1250000000
92525  19.469  -9.206  -3.014 0.1250000000
93796  19.282  -8.372  -1.863 0.1250000000
92516  18.966  -9.154  -2.218 0.1250000000
116780  20.757  10.894  -3.030 0.1250000000
117929  20.171  11.110  -1.757 0.1250000000
119057  21.968  12.670  -2.624 0.1250000000
116767  19.655  9.841  -0.821 0.1250000000
121272  20.958  14.158  -1.954 0.1250000000
85396  26.134  -15.147  -3.862 0.1250000000
88986  27.053  -12.540  -4.589 0.1250000000
90152  27.049  -11.598  -5.549 0.1250000000
91333  26.782  -11.089  -6.015 0.1250000000
91332  27.366  -10.849  -6.016 0.1250000000
91349  28.639  -9.751  -6.568 0.1250000000
91365  28.217  -9.646  -6.997 0.1250000000
92590  27.522  -9.291  -7.001 0.1250000000
93889  28.588  -8.232  -7.606 0.1250000000
93890  27.926  -8.216  -7.659 0.1250000000
95067  29.353  -7.789  -7.748 0.1250000000
95079  28.659  -7.539  -8.330 0.1250000000
96177  29.274  -6.931  -9.114 0.1250000000
81396  24.035  -18.215  -3.139 0.1250000000
82650  23.323  -17.925  -3.058 0.1250000000
82649  24.557  -17.500  -2.757 0.1250000000
84038  24.852  -16.832  -2.909 0.1250000000
85378  25.852  -15.710  -3.516 0.1250000000
86630  26.621  -14.409  -3.567 0.1250000000
85377  26.462  -15.215  -3.302 0.1250000000
87814  26.894  -13.488  -3.677 0.1250000000
90107  27.616  -12.120  -4.498 0.1250000000
90130  28.012  -11.516  -5.047 0.1250000000
91331  28.329  -10.607  -5.720 0.1250000000
91330  29.164  -9.866  -5.763 0.1250000000
93888  29.656  -8.392  -7.022 0.1250000000
96191  30.077  -6.093  -9.479 0.1250000000
95078  29.788  -7.351  -8.341 0.1250000000
97318  28.758  -5.439  -10.075 0.1250000000
95080  27.929  -7.764  -8.289 0.1250000000
90131  27.333  -12.054  -4.994 0.1250000000
92605  28.071  -9.091  -7.220 0.1250000000
84037  25.458  -16.405  -2.830 0.1250000000
85359  26.194  -15.721  -2.928 0.1250000000
88966  27.442  -12.636  -3.777 0.1250000000
90151  27.721  -11.194  -5.633 0.1250000000
91350  27.710  -10.074  -6.831 0.1250000000
92604  28.913  -9.138  -7.069 0.1250000000
92603  29.399  -8.961  -6.623 0.1250000000
93901  28.123  -8.077  -7.957 0.1250000000
95066  30.243  -7.724  -7.617 0.1250000000
81383  24.162  -18.419  -1.980 0.1250000000
82635  24.672  -17.780  -2.127 0.1250000000
87813  27.436  -13.405  -3.157 0.1250000000
96176  30.451  -6.718  -8.844 0.1250000000
81411  23.744  -18.075  -3.296 0.2500000000
82648  25.020  -17.022  -2.603 0.1250000000
82661  23.535  -17.565  -3.312 0.3750000000
82662  23.197  -17.582  -3.077 0.3750000000
84060  25.112  -15.927  -4.154 0.2500000000
84061  24.919  -16.113  -4.009 0.2500000000
85325  20.947  -16.006  -0.700 0.1250000000
85339  21.894  -16.192  -1.454 0.3750000000
86608  26.806  -14.789  -3.031 0.1250000000
86631  24.275  -14.407  -4.136 0.6250000000
87795  21.376  -13.950  -2.554 0.5000000000
87820  20.493  -12.629  -2.502 0.2500000000
88967  26.709  -12.998  -4.167 0.1250000000
91364  28.469  -9.436  -7.011 0.1250000000
92589  29.126  -9.316  -6.513 0.1250000000
93821  19.519  -8.417  -3.214 0.1250000000
93900  28.265  -7.917  -8.094 0.1250000000
95002  19.845  -7.851  -3.746 0.2500000000
95051  21.793  -6.777  -6.164 1.0000000000
95068  27.592  -7.738  -7.834 0.2500000000
96167  27.409  -6.871  -7.967 0.3750000000
97275  25.977  -5.795  -5.758 0.8750000000
98454  23.865  -4.604  -6.133 1.0000000000
98470  23.581  -4.051  -6.616 1.0000000000
98488  21.665  -3.743  -6.939 1.0000000000
98527  28.779  -3.873  -11.539 0.1250000000
98528  28.429  -3.732  -11.262 0.2500000000
99624  23.297  -3.522  -7.108 1.0000000000
99626  21.393  -3.198  -6.705 1.0000000000
99641  22.390  -3.374  -7.279 1.0000000000
99649  29.921  -2.767  -9.377 0.6250000000
99658  29.268  -2.840  -9.836 0.6250000000
99668  27.789  -2.876  -11.412 0.3750000000
99669  27.112  -2.551  -11.757 0.3750000000
99679  29.007  -3.232  -12.151 0.1250000000
99693  28.619  -2.564  -12.535 0.1250000000
99695  27.517  -2.773  -12.177 0.3750000000
100797  18.914  -2.232  -3.824 0.1250000000
100809  26.250  -3.145  -5.616 1.0000000000
100837  29.740  -2.458  -7.497 1.0000000000
100842  21.860  -2.667  -7.189 1.0000000000
100854  30.071  -2.268  -9.855 0.6250000000
100855  29.428  -2.474  -10.214 0.6250000000
100856  28.829  -2.660  -10.472 0.6250000000
100867  27.283  -2.365  -11.657 0.3750000000
100878  27.117  -1.922  -11.616 0.3750000000
100879  26.675  -2.176  -11.921 0.3750000000
100892  27.230  -2.255  -12.448 0.2500000000
102059  20.229  -1.497  -5.595 0.8750000000
102071  29.018  -1.362  -6.322 1.0000000000
102075  24.983  -1.623  -6.782 1.0000000000
102085  31.125  -0.894  -7.836 0.8750000000
102089  24.422  -1.525  -7.262 1.0000000000
102098  31.319  -1.045  -8.145 0.8750000000
102113  30.208  -1.544  -10.536 0.6250000000
102114  29.330  -1.754  -11.089 0.5000000000
102115  28.618  -1.903  -11.449 0.5000000000
102122  29.601  -1.307  -11.300 0.6250000000
102125  26.944  -1.593  -11.974 0.3750000000
102135  27.771  -1.282  -12.646 0.2500000000
102147  28.129  -0.709  -13.537 0.1250000000
102160  31.052  -1.083  -14.627 0.1250000000
102161  30.726  -0.825  -14.313 0.1250000000
103299  18.506  -0.375  -3.605 0.2500000000
103318  28.329  -0.466  -6.095 1.0000000000
103322  24.744  -1.057  -7.161 1.0000000000
103323  21.286  -0.552  -6.589 1.0000000000
103334  30.587  -0.465  -7.095 1.0000000000
103366  28.603  -0.803  -12.151 0.5000000000
103375  30.616  -0.306  -12.714 0.1250000000
103377  28.447  -0.595  -12.757 0.1250000000
103378  28.133  -0.520  -13.214 0.1250000000
103386  28.294  -0.481  -13.340 0.1250000000
103396  30.807  -0.722  -14.941 0.1250000000
103397  30.764  -0.474  -14.640 0.1250000000
103413  30.784  -0.414  -15.036 0.1250000000
104552  27.669  0.480  -6.298 1.0000000000
104557  20.793  0.440  -6.321 0.8750000000
104567  30.470  0.156  -6.672 1.0000000000
104568  25.031  0.109  -7.208 1.0000000000
104571  22.790  0.436  -7.747 1.0000000000
104577  32.353  0.806  -9.239 0.6250000000
104585  32.073  0.254  -9.630 0.7500000000
104618  30.717  -0.227  -13.424 0.1250000000
105719  17.450  1.450  -1.981 0.1250000000
105797  30.858  1.581  -6.511 1.0000000000
105802  26.022  1.432  -6.652 1.0000000000
105812  24.529  1.530  -7.139 1.0000000000
105820  32.428  1.238  -9.036 0.6250000000
105828  32.460  1.335  -9.489 0.6250000000
107064  19.301  2.690  -4.167 0.5000000000
107075  28.630  3.050  -5.544 1.0000000000
107084  31.209  2.590  -6.732 1.0000000000
107089  26.357  2.342  -6.300 1.0000000000
107093  20.487  2.730  -6.218 0.6250000000
107102  24.112  2.304  -7.395 1.0000000000
107105  21.648  2.668  -7.390 1.0000000000
108327  25.885  3.392  -5.876 1.0000000000
108337  29.764  3.475  -5.562 1.0000000000
108341  23.519  3.712  -7.318 1.0000000000
108362  31.548  3.405  -8.923 0.6250000000
109487  18.583  4.288  -3.047 0.1250000000
109500  25.981  4.948  -4.786 1.0000000000
109511  29.366  4.622  -5.152 1.0000000000
109516  24.474  4.746  -6.119 1.0000000000
109517  20.267  4.475  -5.696 0.6250000000
109525  24.955  3.922  -6.312 1.0000000000
109527  23.447  4.291  -7.150 1.0000000000
109540  22.752  4.188  -7.397 1.0000000000
109541  21.918  4.355  -7.422 1.0000000000
110709  24.337  6.139  -5.430 1.0000000000
110720  28.787  5.261  -4.587 1.0000000000
110722  25.741  4.971  -4.886 1.0000000000
110723  25.257  5.104  -5.206 1.0000000000
110743  20.924  5.266  -6.587 0.6250000000
110753  22.677  4.676  -7.233 1.0000000000
110754  22.348  4.761  -7.278 1.0000000000
110774  29.568  6.322  -10.319 0.3750000000
110788  29.546  6.223  -10.895 0.3750000000
110803  28.493  6.383  -12.206 0.1250000000
110814  29.749  5.233  -12.872 0.1250000000
111999  28.331  6.821  -4.211 1.0000000000
112017  21.345  6.326  -6.339 0.8750000000
112028  30.326  6.595  -7.342 0.7500000000
112030  21.339  5.763  -6.579 0.7500000000
112073  30.060  6.109  -9.531 0.5000000000
112101  28.990  6.483  -11.087 0.2500000000
112102  28.463  6.723  -11.641 0.1250000000
113225  22.369  7.497  -5.609 0.8750000000
113305  28.135  7.297  -11.245 0.2500000000
114463  27.990  9.082  -3.743 0.8750000000
114465  26.554  9.202  -3.523 1.0000000000
114471  28.879  9.144  -4.642 0.8750000000
114473  27.861  8.444  -3.795 0.8750000000
114479  20.509  8.442  -4.396 0.1250000000
114484  29.041  8.485  -4.697 0.8750000000
114522  29.285  9.284  -7.781 0.7500000000
114552  28.118  9.135  -9.863 0.3750000000
114566  27.912  8.946  -10.599 0.3750000000
114574  27.396  8.940  -11.345 0.1250000000
114584  26.046  8.099  -12.480 0.1250000000
115630  19.862  9.409  0.103 0.1250000000
115649  28.291  9.529  -3.909 1.0000000000
115650  27.743  9.618  -3.694 1.0000000000
115652  26.291  9.887  -3.631 1.0000000000
115659  28.685  9.596  -4.284 0.7500000000
115664  21.304  9.669  -4.507 0.1250000000
115672  29.305  9.880  -5.055 0.7500000000
115673  23.340  9.461  -5.350 0.8750000000
115703  29.559  9.759  -6.546 0.7500000000
115730  29.123  9.667  -9.060 0.5000000000
115760  24.235  9.353  -13.109 0.1250000000
115770  23.980  8.875  -13.695 0.1250000000
116766  19.761  10.467  -0.714 0.1250000000
116786  28.184  10.120  -3.841 1.0000000000
116787  27.436  10.229  -3.913 0.8750000000
116789  20.941  10.517  -3.669 0.1250000000
116795  29.177  10.163  -4.774 0.7500000000
116796  28.781  10.432  -4.371 0.8750000000
116803  21.723  10.514  -4.734 0.1250000000
116813  28.977  11.130  -4.752 0.8750000000
116837  29.214  10.576  -7.839 0.6250000000
116867  27.335  10.627  -10.572 0.3750000000
116878  26.782  10.524  -11.027 0.2500000000
116879  26.047  10.344  -11.465 0.1250000000
116890  23.863  10.392  -13.009 0.1250000000
117948  27.408  11.753  -4.260 1.0000000000
117963  29.343  11.154  -5.719 0.7500000000
117966  22.862  10.667  -5.484 0.6250000000
117976  28.907  12.141  -5.970 0.7500000000
117989  29.223  11.833  -8.368 0.6250000000
117990  28.938  11.450  -8.998 0.6250000000
118010  26.780  11.194  -11.084 0.3750000000
118019  26.997  11.653  -11.565 0.2500000000
118021  25.690  10.964  -11.764 0.1250000000
118032  24.154  11.273  -12.850 0.1250000000
118045  23.691  11.514  -13.471 0.1250000000
119062  23.075  12.286  -4.467 0.3750000000
119063  22.621  12.383  -4.275 0.1250000000
119084  28.392  12.549  -5.025 0.8750000000
119098  29.382  12.582  -7.085 0.7500000000
119123  27.703  12.177  -10.572 0.3750000000
119134  28.095  12.690  -11.027 0.3750000000
119145  26.410  12.377  -12.529 0.1250000000
119158  25.161  12.484  -13.270 0.1250000000
119160  23.495  11.860  -13.979 0.1250000000
120160  21.197  13.565  -1.428 0.1250000000
120182  27.330  13.546  -4.860 0.8750000000
120187  22.604  13.165  -4.833 0.1250000000
120194  28.302  13.423  -5.416 0.7500000000
120195  27.810  13.611  -5.179 0.7500000000
120199  23.446  13.500  -5.682 0.2500000000
120260  29.450  14.124  -11.011 0.3750000000
120261  28.825  13.407  -11.281 0.2500000000
120277  27.782  13.255  -12.289 0.1250000000
120288  26.717  13.325  -13.083 0.1250000000
120301  25.229  13.662  -14.280 0.1250000000
120316  22.686  13.767  -15.495 0.1250000000
121285  27.315  13.999  -5.082 0.7500000000
121297  25.354  14.564  -5.526 0.6250000000
121298  24.404  14.468  -5.838 0.5000000000
121299  23.300  14.328  -6.120 0.2500000000
121317  28.589  14.458  -6.597 0.7500000000
121318  27.884  14.855  -6.267 0.7500000000
121339  30.393  15.384  -10.117 0.3750000000
121344  30.394  15.182  -10.601 0.3750000000
121351  30.234  14.970  -11.225 0.2500000000
121353  28.975  14.071  -12.056 0.1250000000
121375  28.113  14.670  -13.338 0.1250000000
121377  26.356  13.988  -13.941 0.1250000000
121389  26.025  14.449  -14.503 0.1250000000
122377  26.684  15.059  -5.762 0.7500000000
122382  22.629  15.183  -5.593 0.1250000000
122414  28.793  15.232  -7.702 0.7500000000
122415  28.332  15.514  -7.230 0.6250000000
122418  22.108  15.882  -6.804 0.1250000000
122424  30.361  15.741  -9.693 0.3750000000
122437  29.947  15.513  -12.347 0.1250000000
122458  28.220  15.937  -14.405 0.1250000000
122476  27.137  16.082  -15.137 0.1250000000
123404  24.487  16.051  -6.857 0.7500000000
123405  23.628  15.887  -7.009 0.5000000000
123419  28.311  16.133  -7.661 0.6250000000
123421  26.677  16.970  -7.314 0.6250000000
123424  22.777  16.161  -7.589 0.2500000000
123430  27.559  17.194  -8.158 0.6250000000
123431  22.209  16.396  -8.140 0.1250000000
123432  21.944  16.708  -8.139 0.1250000000
123437  31.169  17.514  -11.332 0.1250000000
123441  31.057  17.277  -11.601 0.1250000000
123446  29.811  16.048  -13.222 0.1250000000
123449  29.878  16.646  -13.544 0.1250000000
123464  28.861  16.772  -14.481 0.1250000000
123465  28.199  16.595  -14.817 0.1250000000
123480  26.927  16.655  -15.525 0.1250000000
124425  21.939  16.900  -6.277 0.1250000000
124458  22.602  16.504  -8.212 0.2500000000
124459  21.823  17.042  -7.824 0.2500000000
124470  21.967  17.065  -8.281 0.2500000000
124475  31.268  18.022  -10.999 0.1250000000
124476  31.044  17.684  -10.234 0.2500000000
124480  30.957  17.370  -11.998 0.1250000000
124483  31.048  18.128  -12.406 0.1250000000
125495  22.010  17.601  -7.570 0.2500000000
125519  30.478  18.735  -9.432 0.2500000000
125520  25.496  19.308  -9.355 0.5000000000
125521  24.946  19.168  -9.384 0.3750000000
125523  23.302  18.955  -9.470 0.2500000000
125527  31.259  18.754  -10.975 0.1250000000
125531  31.294  18.741  -11.549 0.1250000000
126509  30.240  19.287  -9.238 0.2500000000
126514  22.890  19.577  -9.267 0.2500000000
126515  23.013  19.940  -9.499 0.2500000000
126524  25.079  19.773  -9.300 0.3750000000
126527  23.157  20.094  -9.620 0.2500000000
126537  31.313  19.597  -12.053 0.1250000000
127449  25.334  20.764  -9.175 0.2500000000
127451  22.685  20.341  -9.053 0.2500000000
127460  30.243  20.867  -9.734 0.2500000000
127461  29.685  20.846  -9.260 0.2500000000
127464  23.560  20.408  -9.727 0.2500000000
127466  22.972  20.251  -9.552 0.2500000000
127471  30.927  20.249  -10.991 0.1250000000
127472  30.632  20.679  -10.510 0.1250000000
128396  28.379  21.280  -8.772 0.3750000000
128398  26.622  21.464  -8.898 0.2500000000
128400  24.977  21.079  -9.297 0.2500000000
128402  22.754  21.048  -9.256 0.1250000000
128403  22.750  20.552  -9.316 0.2500000000
128414  27.877  21.914  -9.053 0.3750000000
128417  24.398  21.577  -9.459 0.2500000000
128420  22.864  20.566  -9.546 0.2500000000
128425  29.517  21.939  -9.935 0.2500000000
128433  30.630  21.429  -11.312 0.1250000000
128439  30.820  21.626  -11.875 0.1250000000
129317  26.027  21.809  -9.036 0.2500000000
129330  24.398  22.329  -9.734 0.2500000000
