#!ascii label  , from subject 3072 vox2ras=TkReg
1004
46187  -10.235  -34.156  82.779 0.0000000000
56482  -28.362  -25.816  67.897 0.0000000000
63105  -26.335  -20.516  64.684 0.0000000000
59701  -22.570  -22.302  71.510 0.0000000000
66333  -33.490  -17.078  52.064 0.0000000000
67287  -28.502  -16.174  56.705 0.0000000000
58616  -29.748  -22.373  73.456 0.0000000000
57565  -26.492  -24.131  69.720 0.0000000000
67300  -38.147  -15.881  53.711 0.0000000000
70321  -39.617  -13.956  51.545 0.0000000000
73153  -40.480  -10.735  49.179 0.0000000000
66220  -30.067  -17.002  64.486 0.0000000000
64186  -27.046  -18.566  60.540 0.0000000000
67261  -32.293  -16.277  60.594 0.0000000000
71294  -33.725  -12.584  57.258 0.0000000000
52423  -18.807  -29.103  71.957 0.0000000000
46160  -8.438  -34.995  85.367 0.0000000000
60830  -29.400  -22.431  66.331 0.0000000000
66150  -28.511  -17.593  69.216 0.0000000000
54434  -19.675  -28.121  69.506 0.0000000000
57609  -20.837  -24.682  66.519 0.0000000000
74081  -38.266  -10.049  45.502 0.0000000000
75831  -42.871  -7.711  48.309 0.0000000000
67305  -30.482  -15.910  53.004 0.0000000000
70280  -36.233  -13.388  55.096 0.0000000000
48351  -11.600  -32.916  78.783 0.0000000000
41057  -4.951  -40.157  86.032 0.0000000000
67338  -38.691  -15.512  52.473 0.0000000000
66252  -31.069  -17.167  62.429 0.0000000000
50437  -17.333  -31.369  71.663 0.0000000000
46170  -9.599  -34.783  84.114 0.0000000000
57645  -29.288  -25.019  64.882 0.0000000000
57616  -29.532  -23.818  66.949 0.0000000000
56449  -20.730  -25.605  70.255 0.0000000000
56476  -20.050  -26.524  67.860 0.0000000000
59732  -21.705  -23.170  68.817 0.0000000000
56466  -27.038  -26.015  69.477 0.0000000000
56478  -25.562  -24.560  67.324 0.0000000000
56511  -26.991  -25.741  66.437 0.0000000000
58628  -22.959  -23.994  73.398 0.0000000000
55425  -20.862  -26.343  71.786 0.0000000000
70348  -34.735  -13.473  48.274 0.0000000000
73177  -36.667  -11.093  46.578 0.0000000000
73167  -41.990  -10.071  48.675 0.0000000000
65263  -27.575  -17.711  58.448 0.0000000000
68281  -29.326  -14.948  55.054 0.0000000000
71310  -34.845  -12.519  55.820 0.0000000000
50387  -15.114  -31.530  75.001 0.0000000000
49410  -14.340  -31.738  76.808 0.0000000000
49358  -13.993  -31.885  79.467 0.0000000000
49389  -11.754  -32.946  76.537 0.0000000000
42123  -6.178  -40.271  84.915 0.0000000000
57567  -29.694  -25.588  70.787 0.0000000000
58676  -30.455  -22.711  69.676 0.0000000000
60759  -30.980  -21.504  72.092 0.0000000000
62998  -24.763  -20.334  72.930 0.0000000000
59713  -24.281  -22.605  70.007 0.0000000000
60722  -27.291  -21.621  73.301 0.0000000000
57528  -28.059  -24.425  72.400 0.0000000000
67310  -35.577  -16.031  53.365 0.0000000000
68334  -35.818  -15.618  51.919 0.0000000000
70332  -36.720  -13.433  51.112 0.0000000000
71364  -37.000  -11.806  50.052 0.0000000000
73150  -37.248  -10.458  48.844 0.0000000000
71354  -40.069  -12.389  50.529 0.0000000000
65185  -27.712  -18.109  64.502 0.0000000000
64160  -25.877  -19.314  62.408 0.0000000000
65205  -28.433  -17.646  61.960 0.0000000000
65231  -29.731  -17.623  60.617 0.0000000000
67273  -29.989  -16.198  58.579 0.0000000000
69219  -30.613  -14.652  57.414 0.0000000000
70231  -32.648  -14.093  59.264 0.0000000000
51392  -18.333  -29.859  74.025 0.0000000000
50412  -15.829  -31.608  73.027 0.0000000000
76793  -40.385  -6.246  45.525 0.0000000000
46159  -6.665  -35.705  85.515 0.0000000000
59778  -28.884  -24.053  63.644 0.0000000000
61993  -28.273  -21.604  65.568 0.0000000000
61970  -29.599  -21.352  68.887 0.0000000000
63061  -28.623  -20.597  67.976 0.0000000000
65155  -27.195  -18.794  67.067 0.0000000000
67150  -28.959  -16.633  67.249 0.0000000000
57586  -23.743  -23.251  67.465 0.0000000000
55390  -20.816  -26.972  73.366 0.0000000000
53448  -19.034  -28.707  70.300 0.0000000000
74059  -38.681  -9.559  47.735 0.0000000000
74936  -39.913  -8.541  46.829 0.0000000000
75838  -40.759  -7.451  46.243 0.0000000000
77753  -42.926  -6.105  48.438 0.0000000000
46199  -9.022  -36.185  80.280 0.0000000000
45148  -8.870  -36.663  82.330 0.0000000000
67307  -32.500  -16.065  53.129 0.0000000000
69244  -31.916  -13.697  55.378 0.0000000000
69260  -33.236  -14.493  54.113 0.0000000000
68286  -34.638  -15.174  54.123 0.0000000000
69264  -37.310  -14.769  54.571 0.0000000000
48323  -11.084  -33.447  80.764 0.0000000000
44105  -7.621  -37.664  84.129 0.0000000000
44100  -6.437  -38.316  84.916 0.0000000000
43090  -5.097  -38.224  85.755 0.0000000000
46178  -9.537  -34.801  83.098 0.0000000000
56513  -28.570  -26.294  66.353 0.0000000000
56514  -29.196  -25.849  66.628 0.0000000000
56499  -29.363  -24.590  67.835 0.0000000000
58664  -21.526  -23.878  71.121 0.0000000000
57575  -20.884  -24.851  69.776 0.0000000000
60782  -21.613  -22.858  70.201 0.0000000000
55447  -27.695  -26.015  68.727 0.0000000000
56495  -26.830  -26.163  67.558 0.0000000000
55482  -27.415  -26.753  66.892 0.0000000000
56512  -27.738  -26.203  66.106 0.0000000000
61908  -23.259  -20.933  73.078 0.0000000000
60721  -22.727  -22.078  74.093 0.0000000000
59690  -22.626  -23.149  72.616 0.0000000000
57563  -21.499  -24.740  71.284 0.0000000000
72286  -36.344  -11.368  46.906 0.0000000000
62023  -27.071  -21.950  64.113 0.0000000000
62022  -26.395  -21.886  63.484 0.0000000000
66292  -27.656  -17.415  57.621 0.0000000000
66300  -27.408  -17.485  56.831 0.0000000000
68270  -28.648  -15.724  56.235 0.0000000000
50386  -14.219  -31.806  74.527 0.0000000000
49428  -15.130  -31.526  76.078 0.0000000000
49426  -13.097  -32.116  75.081 0.0000000000
49409  -13.376  -32.049  76.373 0.0000000000
49425  -12.081  -32.837  74.971 0.0000000000
58648  -29.382  -23.817  71.921 0.0000000000
58658  -30.189  -23.253  71.148 0.0000000000
59693  -30.580  -22.204  72.691 0.0000000000
64008  -26.236  -19.734  74.538 0.0000000000
61910  -26.052  -20.867  72.827 0.0000000000
61884  -27.366  -20.265  74.302 0.0000000000
59639  -29.200  -21.916  74.205 0.0000000000
58595  -28.577  -22.471  73.764 0.0000000000
58633  -29.034  -23.898  72.792 0.0000000000
57542  -28.824  -24.957  72.337 0.0000000000
67311  -36.631  -15.982  53.536 0.0000000000
68318  -35.789  -15.896  52.389 0.0000000000
67335  -36.886  -15.965  52.303 0.0000000000
69302  -39.334  -14.710  51.870 0.0000000000
69300  -37.509  -14.757  51.867 0.0000000000
70333  -37.744  -13.314  51.066 0.0000000000
71351  -36.849  -12.741  50.480 0.0000000000
71352  -37.943  -12.602  50.521 0.0000000000
71365  -38.260  -11.835  50.099 0.0000000000
70335  -39.849  -13.133  51.122 0.0000000000
66218  -28.544  -17.649  64.056 0.0000000000
66234  -27.664  -17.808  63.095 0.0000000000
66236  -29.205  -17.268  63.354 0.0000000000
66261  -31.442  -16.796  61.043 0.0000000000
65219  -30.459  -17.513  61.301 0.0000000000
66273  -31.180  -17.006  60.049 0.0000000000
65266  -29.733  -16.870  59.532 0.0000000000
67267  -31.119  -16.410  59.671 0.0000000000
68247  -31.232  -15.185  58.511 0.0000000000
68240  -32.584  -15.276  59.846 0.0000000000
53411  -19.404  -28.665  73.388 0.0000000000
52400  -19.183  -29.039  73.966 0.0000000000
51404  -18.489  -29.682  72.902 0.0000000000
50426  -16.695  -31.575  72.422 0.0000000000
78767  -41.516  -5.075  46.359 0.0000000000
78776  -41.443  -4.736  45.394 0.0000000000
47175  -7.513  -35.904  85.396 0.0000000000
58726  -29.466  -23.908  65.070 0.0000000000
58737  -29.281  -24.397  63.913 0.0000000000
59768  -29.163  -23.616  64.634 0.0000000000
60838  -28.345  -22.665  64.673 0.0000000000
62008  -28.871  -22.162  65.621 0.0000000000
60785  -30.807  -21.354  70.613 0.0000000000
59737  -30.254  -22.220  69.363 0.0000000000
61963  -30.035  -20.917  69.903 0.0000000000
65113  -28.884  -18.631  69.953 0.0000000000
64085  -29.575  -19.867  69.258 0.0000000000
65132  -29.071  -19.022  69.001 0.0000000000
64097  -27.797  -19.622  67.761 0.0000000000
65146  -27.725  -18.781  68.025 0.0000000000
66183  -27.602  -18.140  66.869 0.0000000000
67131  -28.730  -16.936  68.449 0.0000000000
56492  -20.356  -25.622  67.214 0.0000000000
59714  -25.487  -23.038  70.065 0.0000000000
59724  -24.325  -22.833  69.120 0.0000000000
58665  -25.465  -23.330  69.444 0.0000000000
57612  -24.457  -24.495  65.661 0.0000000000
55391  -21.526  -26.379  73.784 0.0000000000
54420  -20.174  -27.586  70.602 0.0000000000
54419  -19.650  -28.207  70.801 0.0000000000
53464  -19.079  -29.133  69.370 0.0000000000
53463  -18.859  -29.826  69.269 0.0000000000
73152  -39.395  -10.628  49.135 0.0000000000
73163  -37.804  -9.853  48.221 0.0000000000
73165  -39.998  -10.104  48.533 0.0000000000
74063  -42.527  -9.308  48.426 0.0000000000
74073  -40.995  -8.945  47.708 0.0000000000
74928  -41.430  -8.701  47.767 0.0000000000
74943  -40.794  -7.717  46.584 0.0000000000
75835  -41.645  -7.392  47.421 0.0000000000
76785  -41.543  -6.581  47.322 0.0000000000
76780  -42.610  -6.912  48.293 0.0000000000
64173  -26.206  -18.816  61.397 0.0000000000
63144  -25.288  -20.457  61.116 0.0000000000
66330  -30.744  -17.558  52.197 0.0000000000
67306  -31.489  -15.893  52.883 0.0000000000
70266  -31.889  -13.281  57.085 0.0000000000
69233  -31.527  -13.550  56.242 0.0000000000
70267  -32.895  -12.935  56.646 0.0000000000
71311  -35.919  -12.535  55.610 0.0000000000
70278  -34.061  -13.213  55.247 0.0000000000
70291  -34.744  -13.982  54.434 0.0000000000
69261  -34.336  -14.503  54.207 0.0000000000
69262  -35.324  -14.348  54.481 0.0000000000
68287  -35.497  -15.326  54.200 0.0000000000
70293  -37.243  -14.021  54.612 0.0000000000
48352  -12.350  -32.387  79.317 0.0000000000
48340  -12.657  -32.331  80.156 0.0000000000
48324  -12.003  -32.623  81.034 0.0000000000
48338  -10.692  -33.885  79.498 0.0000000000
47240  -10.123  -34.603  79.319 0.0000000000
47250  -10.093  -34.694  78.667 0.0000000000
43115  -7.888  -38.904  82.428 0.0000000000
44115  -8.361  -37.319  83.233 0.0000000000
43107  -7.346  -39.022  83.647 0.0000000000
42122  -6.014  -40.046  85.653 0.0000000000
43093  -6.265  -39.192  84.853 0.0000000000
42121  -5.505  -39.654  86.034 0.0000000000
44098  -5.589  -37.829  85.289 0.0000000000
42120  -4.931  -39.100  86.113 0.0000000000
61874  -28.127  -20.200  75.378 0.0000000000
68308  -38.767  -15.739  53.781 0.0000000000
67326  -38.334  -15.755  52.850 0.0000000000
68322  -39.486  -15.623  52.934 0.0000000000
66238  -30.921  -17.000  63.179 0.0000000000
51423  -18.297  -30.153  70.850 0.0000000000
51413  -17.917  -30.451  72.003 0.0000000000
46162  -10.121  -34.378  84.857 0.0000000000
45123  -8.649  -35.436  84.639 0.0000000000
56545  -28.937  -25.944  65.021 0.0000000000
57630  -29.410  -24.244  66.026 0.0000000000
58717  -29.530  -23.199  66.332 0.0000000000
66151  -29.094  -16.886  69.193 0.0000000000
55445  -20.178  -26.810  69.422 0.0000000000
55455  -19.939  -27.320  68.633 0.0000000000
56463  -20.409  -25.804  69.403 0.0000000000
57585  -20.624  -24.695  68.768 0.0000000000
58693  -21.258  -23.869  67.572 0.0000000000
56451  -26.919  -24.975  69.841 0.0000000000
56464  -25.974  -24.458  68.323 0.0000000000
56479  -26.478  -25.267  67.938 0.0000000000
56494  -26.250  -25.284  66.922 0.0000000000
55492  -26.825  -26.088  64.782 0.0000000000
57525  -23.114  -24.692  73.842 0.0000000000
56431  -21.950  -25.400  73.258 0.0000000000
57536  -22.436  -24.786  72.856 0.0000000000
56450  -20.951  -25.757  71.079 0.0000000000
70347  -34.671  -13.908  48.859 0.0000000000
73178  -37.167  -10.740  46.231 0.0000000000
72277  -42.931  -11.303  49.517 0.0000000000
73154  -41.493  -10.722  49.212 0.0000000000
65244  -27.287  -18.090  59.142 0.0000000000
67303  -28.265  -16.351  54.017 0.0000000000
68282  -30.151  -14.630  54.404 0.0000000000
71286  -35.317  -11.894  57.678 0.0000000000
71295  -34.562  -12.058  56.876 0.0000000000
72216  -36.577  -11.547  57.144 0.0000000000
51380  -16.566  -31.411  74.953 0.0000000000
50375  -15.872  -31.387  76.269 0.0000000000
49393  -15.239  -31.716  78.268 0.0000000000
49392  -14.559  -31.990  77.850 0.0000000000
49390  -12.619  -32.442  77.044 0.0000000000
49372  -11.674  -32.808  77.592 0.0000000000
48362  -10.623  -34.232  76.706 0.0000000000
49388  -11.244  -33.666  76.199 0.0000000000
56455  -29.450  -25.756  69.937 0.0000000000
56484  -29.341  -24.753  68.706 0.0000000000
57569  -29.658  -23.899  70.299 0.0000000000
58659  -30.595  -22.514  70.914 0.0000000000
61925  -23.598  -21.040  71.876 0.0000000000
60771  -23.333  -21.473  71.361 0.0000000000
61943  -25.171  -21.058  71.628 0.0000000000
60757  -26.263  -21.676  72.181 0.0000000000
58629  -26.882  -22.953  71.797 0.0000000000
60707  -28.171  -21.248  73.911 0.0000000000
58612  -27.762  -22.818  72.742 0.0000000000
57527  -27.834  -23.991  71.789 0.0000000000
56441  -27.174  -25.929  71.472 0.0000000000
56454  -28.505  -26.169  70.117 0.0000000000
62973  -23.829  -20.091  74.294 0.0000000000
67309  -34.618  -16.271  53.360 0.0000000000
66341  -33.332  -17.263  51.404 0.0000000000
67322  -34.727  -16.330  52.575 0.0000000000
68333  -34.913  -15.737  51.928 0.0000000000
69308  -34.916  -15.046  51.251 0.0000000000
68336  -37.455  -15.409  52.279 0.0000000000
70317  -36.018  -14.508  51.463 0.0000000000
70330  -34.981  -14.436  50.732 0.0000000000
70343  -35.322  -13.204  50.088 0.0000000000
71363  -35.746  -12.343  49.651 0.0000000000
72270  -35.600  -11.927  48.789 0.0000000000
72283  -36.180  -11.157  47.705 0.0000000000
72272  -37.568  -11.024  49.568 0.0000000000
72273  -38.785  -11.206  49.634 0.0000000000
72264  -40.624  -11.846  49.912 0.0000000000
70336  -40.902  -13.206  50.845 0.0000000000
71368  -41.828  -11.996  49.870 0.0000000000
65183  -26.167  -19.135  64.526 0.0000000000
64149  -25.955  -19.584  63.465 0.0000000000
65202  -26.379  -18.774  63.099 0.0000000000
65215  -27.080  -18.215  61.692 0.0000000000
65228  -27.375  -18.154  61.072 0.0000000000
65207  -30.085  -17.590  61.917 0.0000000000
65218  -29.539  -17.739  61.269 0.0000000000
64187  -27.848  -17.914  60.156 0.0000000000
64222  -28.383  -17.796  59.331 0.0000000000
66294  -29.227  -16.857  58.715 0.0000000000
67271  -28.981  -16.451  57.734 0.0000000000
68264  -29.695  -15.175  57.170 0.0000000000
68254  -30.165  -15.325  57.762 0.0000000000
69221  -31.758  -14.390  58.318 0.0000000000
70242  -33.296  -13.475  58.788 0.0000000000
70243  -33.997  -13.363  59.081 0.0000000000
71272  -35.490  -12.323  58.716 0.0000000000
51391  -18.026  -30.617  74.515 0.0000000000
50427  -17.229  -30.858  72.829 0.0000000000
50414  -17.274  -30.789  73.992 0.0000000000
50400  -16.058  -31.433  74.417 0.0000000000
62024  -27.708  -22.706  64.004 0.0000000000
63106  -26.968  -21.007  64.850 0.0000000000
58685  -30.110  -23.195  68.547 0.0000000000
59745  -29.866  -22.547  67.522 0.0000000000
61977  -29.693  -21.807  67.748 0.0000000000
63063  -29.423  -21.416  68.087 0.0000000000
63076  -29.126  -21.631  67.084 0.0000000000
61984  -28.392  -21.304  66.327 0.0000000000
63073  -27.215  -20.184  66.573 0.0000000000
64123  -26.214  -20.101  65.306 0.0000000000
65170  -27.149  -18.751  66.110 0.0000000000
66204  -28.431  -17.353  65.212 0.0000000000
67196  -29.578  -16.714  65.429 0.0000000000
67132  -29.642  -16.301  68.423 0.0000000000
67172  -29.811  -16.409  66.178 0.0000000000
60784  -22.409  -22.212  69.921 0.0000000000
58682  -22.255  -23.206  68.051 0.0000000000
57597  -21.603  -23.922  67.003 0.0000000000
57599  -24.464  -24.073  66.630 0.0000000000
57611  -23.419  -23.862  65.762 0.0000000000
54374  -20.484  -27.546  74.016 0.0000000000
53424  -19.471  -28.309  72.639 0.0000000000
55410  -20.565  -27.029  72.313 0.0000000000
54404  -19.759  -27.793  71.695 0.0000000000
52439  -18.605  -29.315  70.934 0.0000000000
52438  -18.475  -29.813  70.341 0.0000000000
73162  -36.741  -10.363  48.048 0.0000000000
73173  -37.388  -10.109  47.166 0.0000000000
74069  -37.918  -9.662  46.848 0.0000000000
74061  -40.566  -9.498  48.057 0.0000000000
74071  -39.282  -9.037  47.219 0.0000000000
74077  -38.855  -8.958  46.548 0.0000000000
74941  -39.362  -8.575  46.197 0.0000000000
74946  -39.383  -8.529  45.293 0.0000000000
74947  -39.829  -7.766  45.001 0.0000000000
76794  -40.750  -6.648  46.006 0.0000000000
77761  -41.460  -5.801  47.094 0.0000000000
47215  -9.321  -35.437  81.381 0.0000000000
45149  -9.173  -35.768  82.497 0.0000000000
45163  -8.661  -37.061  81.202 0.0000000000
62038  -25.553  -21.061  62.192 0.0000000000
67320  -32.718  -16.727  52.514 0.0000000000
69256  -29.641  -14.610  55.775 0.0000000000
69257  -30.179  -14.253  55.258 0.0000000000
68283  -31.093  -14.622  54.010 0.0000000000
71309  -33.792  -12.615  56.177 0.0000000000
69245  -32.749  -14.016  54.923 0.0000000000
68284  -31.858  -14.913  53.871 0.0000000000
68305  -33.087  -15.376  53.612 0.0000000000
67308  -33.679  -16.107  53.482 0.0000000000
67297  -35.227  -15.870  53.763 0.0000000000
68288  -36.551  -15.499  54.215 0.0000000000
68289  -37.565  -15.439  54.353 0.0000000000
47204  -11.033  -33.720  82.778 0.0000000000
48306  -11.476  -33.318  81.776 0.0000000000
47203  -10.348  -34.228  82.122 0.0000000000
47228  -9.415  -35.103  80.269 0.0000000000
46212  -9.584  -36.348  79.135 0.0000000000
45133  -9.111  -35.697  83.199 0.0000000000
45129  -8.477  -35.974  83.951 0.0000000000
45128  -7.913  -36.335  84.774 0.0000000000
43098  -6.880  -39.097  84.472 0.0000000000
44104  -7.031  -37.995  84.692 0.0000000000
45127  -7.134  -37.258  85.132 0.0000000000
45126  -6.640  -37.382  85.252 0.0000000000
45119  -5.746  -37.003  85.356 0.0000000000
41067  -4.666  -40.610  85.411 0.0000000000
43106  -4.418  -38.726  84.882 0.0000000000
46179  -10.207  -34.083  83.061 0.0000000000
56497  -28.532  -26.152  67.126 0.0000000000
56498  -29.000  -25.437  67.452 0.0000000000
59700  -22.246  -23.299  71.940 0.0000000000
59711  -21.736  -23.015  70.952 0.0000000000
55459  -27.839  -26.283  68.151 0.0000000000
55469  -27.474  -26.964  67.616 0.0000000000
55470  -28.048  -26.565  67.534 0.0000000000
56496  -28.005  -26.757  66.929 0.0000000000
60755  -22.892  -21.800  72.257 0.0000000000
60739  -22.665  -22.189  73.157 0.0000000000
72285  -35.909  -11.821  47.197 0.0000000000
63122  -26.694  -21.006  64.298 0.0000000000
60850  -26.688  -22.284  63.500 0.0000000000
63121  -26.208  -20.789  63.773 0.0000000000
66301  -28.046  -16.816  57.207 0.0000000000
66310  -27.812  -16.857  56.434 0.0000000000
67291  -28.029  -16.380  55.813 0.0000000000
49440  -13.509  -32.337  73.871 0.0000000000
49427  -14.172  -31.658  75.678 0.0000000000
58634  -29.529  -23.067  72.840 0.0000000000
58649  -30.091  -22.948  72.302 0.0000000000
58635  -30.068  -22.447  73.001 0.0000000000
62963  -27.002  -19.777  74.657 0.0000000000
62975  -26.559  -20.035  74.242 0.0000000000
62964  -27.402  -19.683  75.180 0.0000000000
58597  -29.384  -22.327  73.824 0.0000000000
58615  -29.211  -22.896  73.359 0.0000000000
63997  -26.461  -19.349  75.030 0.0000000000
67299  -37.588  -15.950  53.968 0.0000000000
67324  -36.662  -16.093  52.731 0.0000000000
67312  -37.508  -16.027  53.323 0.0000000000
70320  -38.583  -14.001  51.500 0.0000000000
70334  -38.790  -13.247  51.071 0.0000000000
71353  -39.027  -12.513  50.590 0.0000000000
66219  -29.352  -17.281  64.268 0.0000000000
67250  -32.051  -16.408  60.727 0.0000000000
67260  -31.927  -16.356  60.152 0.0000000000
66284  -30.845  -16.891  59.712 0.0000000000
68239  -31.682  -15.410  59.320 0.0000000000
68233  -32.259  -15.776  59.897 0.0000000000
53423  -19.272  -28.779  72.860 0.0000000000
52411  -18.981  -29.229  72.942 0.0000000000
52422  -18.713  -29.439  72.478 0.0000000000
78768  -42.257  -4.476  46.424 0.0000000000
47163  -7.850  -35.252  85.547 0.0000000000
46168  -7.666  -36.051  85.262 0.0000000000
59760  -29.366  -23.066  65.606 0.0000000000
60829  -29.254  -22.591  65.762 0.0000000000
60839  -28.886  -22.873  65.166 0.0000000000
61995  -29.276  -22.174  66.014 0.0000000000
60796  -30.469  -21.257  70.053 0.0000000000
63026  -30.145  -20.347  70.671 0.0000000000
66132  -28.640  -17.950  69.853 0.0000000000
65131  -28.429  -18.465  68.904 0.0000000000
66168  -28.010  -17.675  67.915 0.0000000000
53478  -19.308  -29.086  68.526 0.0000000000
58656  -26.204  -23.326  70.328 0.0000000000
57564  -25.990  -23.733  69.314 0.0000000000
53477  -19.090  -29.674  68.792 0.0000000000
74930  -43.119  -8.559  48.431 0.0000000000
74929  -42.098  -8.424  47.924 0.0000000000
74938  -41.806  -7.920  47.534 0.0000000000
75836  -42.216  -7.535  47.850 0.0000000000
64185  -25.967  -19.384  60.496 0.0000000000
63154  -25.936  -19.669  59.951 0.0000000000
67317  -29.865  -16.538  52.703 0.0000000000
67318  -30.638  -16.610  52.497 0.0000000000
68303  -31.266  -15.331  53.494 0.0000000000
70256  -33.003  -13.246  57.648 0.0000000000
70279  -35.139  -13.330  54.818 0.0000000000
69246  -35.711  -13.771  54.777 0.0000000000
69247  -36.061  -14.009  54.785 0.0000000000
70292  -36.622  -13.857  54.784 0.0000000000
48339  -11.658  -32.796  79.964 0.0000000000
48350  -10.658  -33.738  77.955 0.0000000000
44125  -7.630  -38.506  83.362 0.0000000000
41058  -5.577  -40.732  86.031 0.0000000000
67227  -31.372  -16.752  63.323 0.0000000000
51422  -17.748  -31.102  70.620 0.0000000000
46174  -9.589  -34.762  83.568 0.0000000000
46163  -10.495  -34.027  84.607 0.0000000000
46169  -9.263  -35.077  84.535 0.0000000000
56515  -29.320  -24.731  66.839 0.0000000000
56531  -29.537  -25.394  65.958 0.0000000000
57615  -29.422  -24.242  66.596 0.0000000000
57631  -29.455  -23.631  66.254 0.0000000000
58673  -21.034  -23.880  69.298 0.0000000000
57596  -20.697  -24.506  67.637 0.0000000000
58681  -21.122  -23.665  68.189 0.0000000000
56452  -26.682  -25.697  70.368 0.0000000000
56465  -26.917  -25.047  69.095 0.0000000000
55481  -26.976  -26.844  67.298 0.0000000000
56510  -25.889  -25.679  65.959 0.0000000000
56527  -26.743  -25.813  65.192 0.0000000000
56528  -27.514  -26.417  65.059 0.0000000000
59676  -22.610  -23.099  73.788 0.0000000000
59656  -22.831  -22.967  74.868 0.0000000000
58610  -22.726  -23.958  74.509 0.0000000000
57537  -23.041  -24.699  73.085 0.0000000000
56432  -22.773  -25.182  73.225 0.0000000000
55434  -20.582  -26.610  70.395 0.0000000000
65243  -26.735  -18.642  59.256 0.0000000000
65262  -26.639  -18.517  58.455 0.0000000000
68300  -28.651  -15.612  54.672 0.0000000000
68301  -29.212  -15.299  54.031 0.0000000000
72203  -36.483  -11.515  58.057 0.0000000000
72215  -35.970  -11.640  57.543 0.0000000000
71297  -36.680  -11.865  56.196 0.0000000000
51379  -16.322  -31.458  74.984 0.0000000000
50389  -16.629  -31.318  75.603 0.0000000000
50388  -16.026  -31.500  75.355 0.0000000000
49411  -15.273  -31.444  77.201 0.0000000000
49408  -12.556  -32.760  75.973 0.0000000000
49391  -13.601  -32.088  77.491 0.0000000000
49371  -11.087  -33.356  76.977 0.0000000000
56456  -29.047  -25.003  69.738 0.0000000000
57568  -29.337  -24.786  70.413 0.0000000000
59704  -30.529  -22.577  71.966 0.0000000000
59705  -30.765  -22.230  71.447 0.0000000000
61909  -24.162  -20.374  72.872 0.0000000000
61926  -24.534  -20.607  72.212 0.0000000000
62999  -25.327  -20.571  72.691 0.0000000000
61911  -26.709  -21.059  73.224 0.0000000000
60740  -26.115  -21.316  72.253 0.0000000000
59692  -26.447  -22.029  72.127 0.0000000000
59691  -26.401  -22.550  71.741 0.0000000000
59678  -27.052  -22.453  72.350 0.0000000000
60690  -28.490  -20.983  74.615 0.0000000000
58613  -28.378  -22.961  73.078 0.0000000000
58631  -28.147  -23.512  72.372 0.0000000000
57526  -27.576  -23.728  71.647 0.0000000000
57540  -27.261  -24.984  71.954 0.0000000000
56433  -27.542  -25.629  72.114 0.0000000000
57554  -29.209  -25.571  71.565 0.0000000000
56442  -28.335  -26.197  71.279 0.0000000000
56443  -29.304  -26.126  70.748 0.0000000000
64015  -25.074  -19.703  73.818 0.0000000000
62984  -24.282  -20.066  73.533 0.0000000000
69297  -35.359  -15.374  51.650 0.0000000000
67337  -38.452  -15.567  52.604 0.0000000000
68320  -37.840  -15.606  52.684 0.0000000000
68337  -38.171  -15.117  52.315 0.0000000000
70318  -36.672  -14.211  51.521 0.0000000000
69309  -35.431  -14.553  51.214 0.0000000000
70331  -35.642  -13.819  50.931 0.0000000000
70342  -34.704  -13.970  49.955 0.0000000000
72271  -36.252  -11.140  48.961 0.0000000000
71366  -39.325  -11.836  50.197 0.0000000000
72274  -39.979  -11.455  49.755 0.0000000000
72263  -40.346  -11.934  50.195 0.0000000000
65184  -26.606  -18.874  64.891 0.0000000000
65193  -26.181  -18.967  64.070 0.0000000000
65194  -27.032  -18.326  63.735 0.0000000000
66249  -28.108  -17.592  62.583 0.0000000000
66248  -27.649  -17.816  62.607 0.0000000000
65204  -27.710  -17.837  62.131 0.0000000000
65216  -27.852  -17.810  61.436 0.0000000000
66251  -29.822  -17.352  62.610 0.0000000000
65230  -28.757  -17.791  60.572 0.0000000000
64188  -28.395  -17.738  59.975 0.0000000000
65246  -29.017  -17.557  59.970 0.0000000000
66295  -29.726  -16.792  59.132 0.0000000000
67272  -29.318  -16.433  58.064 0.0000000000
67280  -29.736  -16.024  57.945 0.0000000000
68246  -30.663  -15.507  58.502 0.0000000000
69203  -31.921  -14.714  59.017 0.0000000000
69211  -31.647  -14.766  58.613 0.0000000000
69212  -32.060  -14.357  58.714 0.0000000000
70255  -32.124  -13.935  58.072 0.0000000000
71259  -34.837  -13.264  59.590 0.0000000000
71260  -35.341  -12.858  59.515 0.0000000000
71271  -34.509  -12.969  58.983 0.0000000000
51383  -18.861  -29.468  74.579 0.0000000000
51382  -18.508  -30.103  75.125 0.0000000000
50413  -16.608  -31.146  73.548 0.0000000000
50401  -16.800  -31.254  74.586 0.0000000000
62007  -28.615  -22.190  65.311 0.0000000000
60837  -28.062  -22.528  64.537 0.0000000000
62006  -27.962  -22.078  64.671 0.0000000000
62005  -27.491  -21.485  64.658 0.0000000000
63107  -27.610  -21.276  65.232 0.0000000000
57579  -29.706  -23.780  69.551 0.0000000000
57600  -29.511  -24.229  68.492 0.0000000000
58675  -30.179  -23.284  69.276 0.0000000000
60805  -29.928  -21.822  68.843 0.0000000000
59736  -30.110  -22.352  68.557 0.0000000000
60814  -29.997  -21.979  68.157 0.0000000000
63049  -29.191  -20.328  68.788 0.0000000000
63062  -29.011  -21.027  68.072 0.0000000000
63075  -28.673  -21.165  67.038 0.0000000000
64108  -27.422  -19.723  67.252 0.0000000000
63074  -27.919  -20.306  66.903 0.0000000000
64107  -26.998  -19.656  66.729 0.0000000000
63088  -26.967  -20.479  65.918 0.0000000000
64124  -26.575  -19.555  65.744 0.0000000000
66184  -28.192  -17.329  66.545 0.0000000000
66203  -27.688  -17.893  66.024 0.0000000000
67171  -28.908  -16.704  65.970 0.0000000000
67119  -30.469  -15.938  69.090 0.0000000000
67173  -30.911  -16.546  66.269 0.0000000000
55456  -20.147  -26.426  68.744 0.0000000000
54447  -19.746  -28.392  68.041 0.0000000000
55467  -19.955  -27.542  67.393 0.0000000000
59702  -23.635  -21.759  70.614 0.0000000000
59712  -22.644  -22.079  70.424 0.0000000000
59735  -24.290  -23.011  68.668 0.0000000000
59734  -23.680  -22.853  68.639 0.0000000000
58683  -23.398  -23.041  67.846 0.0000000000
58694  -21.988  -23.528  67.528 0.0000000000
57598  -23.118  -23.284  66.903 0.0000000000
53412  -19.813  -28.062  73.656 0.0000000000
54388  -20.129  -27.616  72.952 0.0000000000
55411  -21.273  -26.354  72.729 0.0000000000
54403  -19.587  -28.215  71.300 0.0000000000
53433  -19.258  -28.545  71.380 0.0000000000
53447  -18.685  -29.488  69.960 0.0000000000
73164  -38.942  -9.945  48.495 0.0000000000
74058  -38.004  -9.617  47.440 0.0000000000
73166  -41.013  -10.133  48.561 0.0000000000
74072  -40.251  -8.959  47.478 0.0000000000
74935  -39.322  -8.712  46.729 0.0000000000
74942  -40.192  -7.958  46.105 0.0000000000
75841  -40.466  -7.164  45.647 0.0000000000
75842  -40.981  -7.043  46.176 0.0000000000
77752  -42.427  -6.389  48.149 0.0000000000
77762  -42.213  -5.806  47.813 0.0000000000
77763  -42.908  -5.481  48.068 0.0000000000
47227  -9.224  -35.482  81.010 0.0000000000
46192  -9.107  -35.858  81.526 0.0000000000
63134  -25.825  -20.281  62.872 0.0000000000
63133  -25.533  -20.361  62.027 0.0000000000
67319  -31.644  -16.664  52.375 0.0000000000
69231  -30.127  -14.764  56.976 0.0000000000
69241  -29.600  -14.826  56.446 0.0000000000
69243  -31.016  -14.047  55.770 0.0000000000
69258  -30.994  -13.900  54.716 0.0000000000
70290  -34.156  -13.801  54.458 0.0000000000
70289  -33.438  -13.773  54.837 0.0000000000
69259  -32.071  -14.389  54.436 0.0000000000
69275  -32.796  -14.973  53.707 0.0000000000
68285  -33.892  -15.179  53.790 0.0000000000
67295  -34.224  -15.571  53.782 0.0000000000
67296  -34.650  -15.754  53.802 0.0000000000
69263  -36.370  -14.592  54.614 0.0000000000
67298  -37.093  -15.827  54.109 0.0000000000
48287  -10.918  -33.713  82.141 0.0000000000
48305  -10.558  -33.930  81.515 0.0000000000
47216  -9.651  -34.930  81.462 0.0000000000
48322  -10.271  -34.345  80.577 0.0000000000
47249  -9.833  -35.669  78.444 0.0000000000
47239  -9.732  -35.255  79.316 0.0000000000
45136  -9.149  -35.772  82.792 0.0000000000
45135  -8.807  -36.719  83.009 0.0000000000
44114  -7.877  -38.118  83.619 0.0000000000
44106  -8.038  -37.073  83.471 0.0000000000
42131  -6.912  -40.402  84.132 0.0000000000
42132  -7.331  -39.606  83.925 0.0000000000
45120  -6.451  -38.095  85.032 0.0000000000
44097  -5.229  -37.507  85.495 0.0000000000
45118  -5.351  -36.831  85.392 0.0000000000
42139  -4.280  -39.839  84.710 0.0000000000
56530  -29.194  -26.153  65.833 0.0000000000
56516  -29.424  -24.303  67.285 0.0000000000
57562  -21.092  -24.999  70.555 0.0000000000
58663  -21.229  -23.933  70.433 0.0000000000
59710  -21.500  -23.232  70.356 0.0000000000
59721  -21.478  -23.134  69.764 0.0000000000
56481  -27.245  -25.982  68.892 0.0000000000
56480  -27.041  -26.081  68.426 0.0000000000
55458  -27.309  -26.275  68.384 0.0000000000
57614  -27.228  -25.729  66.029 0.0000000000
61894  -22.954  -21.141  74.369 0.0000000000
58644  -23.046  -24.006  72.768 0.0000000000
58643  -22.617  -24.079  72.344 0.0000000000
59689  -22.605  -23.511  72.245 0.0000000000
58655  -21.943  -23.967  71.645 0.0000000000
71375  -35.076  -12.651  48.421 0.0000000000
62040  -27.676  -22.803  63.780 0.0000000000
65279  -26.845  -18.274  57.419 0.0000000000
67294  -28.046  -16.108  54.961 0.0000000000
68280  -28.623  -15.629  55.448 0.0000000000
49407  -11.696  -33.444  75.627 0.0000000000
49424  -11.734  -33.616  74.872 0.0000000000
57555  -29.523  -24.740  71.256 0.0000000000
58657  -29.590  -23.958  71.267 0.0000000000
59694  -30.792  -22.060  72.170 0.0000000000
64016  -25.374  -19.841  73.819 0.0000000000
61895  -26.339  -20.539  73.573 0.0000000000
61896  -27.080  -20.738  73.723 0.0000000000
59638  -28.833  -21.960  74.223 0.0000000000
58596  -29.008  -22.543  73.865 0.0000000000
58614  -28.864  -23.117  73.308 0.0000000000
58632  -28.607  -23.757  72.689 0.0000000000
57529  -28.531  -24.520  72.564 0.0000000000
58647  -29.038  -24.385  72.287 0.0000000000
64007  -25.652  -19.727  74.260 0.0000000000
67323  -35.797  -16.103  52.858 0.0000000000
68319  -36.359  -15.862  52.239 0.0000000000
69301  -38.394  -14.684  51.901 0.0000000000
70319  -37.602  -14.055  51.515 0.0000000000
65195  -27.858  -17.852  63.734 0.0000000000
66235  -28.376  -17.538  63.229 0.0000000000
66250  -28.871  -17.377  62.579 0.0000000000
66262  -32.076  -16.788  61.916 0.0000000000
65232  -30.571  -17.288  60.484 0.0000000000
65247  -29.806  -17.013  60.042 0.0000000000
65248  -30.595  -17.012  59.943 0.0000000000
66283  -30.323  -16.645  59.493 0.0000000000
67266  -30.692  -15.792  59.194 0.0000000000
68238  -31.080  -15.465  58.856 0.0000000000
69204  -32.446  -14.509  59.335 0.0000000000
53398  -19.585  -28.463  74.291 0.0000000000
51393  -18.744  -29.426  73.589 0.0000000000
51402  -15.557  -31.892  72.404 0.0000000000
77765  -40.688  -5.741  45.894 0.0000000000
76796  -40.287  -5.939  44.714 0.0000000000
77770  -41.090  -5.339  45.864 0.0000000000
78784  -41.256  -4.862  44.569 0.0000000000
47174  -7.355  -35.710  85.499 0.0000000000
57661  -29.364  -25.108  63.652 0.0000000000
60853  -28.922  -23.590  64.287 0.0000000000
59725  -30.584  -21.937  69.998 0.0000000000
60806  -30.060  -21.562  69.409 0.0000000000
61971  -29.818  -21.094  69.488 0.0000000000
64068  -29.545  -19.721  69.670 0.0000000000
64067  -29.380  -19.433  69.447 0.0000000000
64084  -29.243  -19.649  68.911 0.0000000000
63048  -28.742  -20.046  68.512 0.0000000000
63060  -28.297  -20.052  68.081 0.0000000000
64083  -28.519  -19.421  68.463 0.0000000000
65145  -27.395  -18.784  67.515 0.0000000000
66167  -27.575  -18.429  67.473 0.0000000000
67133  -30.793  -15.855  68.033 0.0000000000
56491  -20.152  -26.664  66.773 0.0000000000
59703  -25.430  -22.253  70.707 0.0000000000
58674  -24.816  -23.295  68.683 0.0000000000
56493  -25.374  -24.805  66.288 0.0000000000
55424  -20.585  -27.055  71.322 0.0000000000
73151  -38.257  -10.417  49.079 0.0000000000
74062  -41.519  -9.293  48.163 0.0000000000
74937  -41.065  -8.204  47.189 0.0000000000
75839  -41.183  -7.286  46.764 0.0000000000
76786  -42.070  -6.771  47.860 0.0000000000
46211  -9.004  -36.784  79.512 0.0000000000
45178  -8.768  -37.407  80.056 0.0000000000
64159  -25.681  -19.455  61.762 0.0000000000
64172  -25.520  -19.620  61.233 0.0000000000
64184  -25.432  -19.874  60.711 0.0000000000
70265  -31.537  -13.921  57.573 0.0000000000
69232  -31.042  -14.166  56.882 0.0000000000
70276  -32.175  -13.196  56.171 0.0000000000
49357  -13.169  -32.001  79.321 0.0000000000
48337  -10.016  -34.618  79.794 0.0000000000
44126  -8.338  -37.998  82.987 0.0000000000
43092  -5.834  -39.105  85.289 0.0000000000
44099  -6.068  -38.230  85.104 0.0000000000
43091  -5.458  -38.707  85.801 0.0000000000
59621  -29.425  -21.463  74.629 0.0000000000
67313  -38.396  -15.883  53.277 0.0000000000
67314  -38.996  -15.953  53.100 0.0000000000
67327  -38.877  -15.769  52.664 0.0000000000
70322  -40.694  -13.876  51.529 0.0000000000
67211  -30.778  -16.800  64.023 0.0000000000
66237  -30.289  -17.129  63.484 0.0000000000
67226  -30.855  -16.896  63.492 0.0000000000
67239  -31.599  -16.740  62.808 0.0000000000
68234  -32.633  -15.828  60.412 0.0000000000
51415  -18.591  -29.453  71.501 0.0000000000
51414  -18.540  -29.751  71.851 0.0000000000
46161  -9.339  -34.705  85.184 0.0000000000
45122  -8.531  -35.323  84.967 0.0000000000
56546  -29.384  -25.724  65.429 0.0000000000
58716  -29.424  -23.530  65.813 0.0000000000
59761  -29.466  -23.044  66.111 0.0000000000
55444  -19.934  -27.366  69.365 0.0000000000
56477  -20.385  -25.623  68.285 0.0000000000
57566  -26.904  -24.945  70.196 0.0000000000
57629  -27.285  -25.845  65.638 0.0000000000
56424  -23.132  -25.516  73.738 0.0000000000
56439  -21.611  -25.684  71.968 0.0000000000
57549  -22.133  -24.838  72.172 0.0000000000
55435  -20.789  -26.473  71.148 0.0000000000
54435  -20.000  -27.246  69.888 0.0000000000
69317  -34.479  -15.007  49.240 0.0000000000
74080  -37.730  -10.419  45.896 0.0000000000
72276  -42.050  -11.305  49.713 0.0000000000
73155  -42.434  -10.651  49.262 0.0000000000
75832  -43.687  -7.843  48.738 0.0000000000
64202  -27.285  -18.448  59.741 0.0000000000
64201  -26.519  -19.194  59.769 0.0000000000
68302  -30.273  -15.306  53.677 0.0000000000
71285  -34.537  -12.366  57.979 0.0000000000
71296  -35.679  -11.907  56.641 0.0000000000
71312  -36.934  -12.637  55.577 0.0000000000
70281  -37.192  -13.392  55.088 0.0000000000
50376  -16.224  -30.959  76.990 0.0000000000
49374  -13.813  -31.974  78.538 0.0000000000
49373  -12.681  -32.234  78.290 0.0000000000
39905  -5.017  -41.291  86.025 0.0000000000
56468  -28.344  -25.633  69.027 0.0000000000
56483  -28.929  -25.211  68.355 0.0000000000
56469  -29.126  -25.225  69.172 0.0000000000
57578  -29.292  -24.369  69.735 0.0000000000
58667  -30.303  -23.360  70.042 0.0000000000
58668  -30.577  -22.637  70.397 0.0000000000
59715  -30.881  -22.057  70.720 0.0000000000
60742  -31.035  -21.618  73.284 0.0000000000
61942  -24.432  -21.030  71.438 0.0000000000
60773  -25.089  -21.455  71.203 0.0000000000
61927  -25.626  -20.882  72.087 0.0000000000
60756  -25.888  -21.639  71.675 0.0000000000
58645  -26.640  -23.233  71.157 0.0000000000
57538  -26.996  -23.656  70.992 0.0000000000
61885  -27.982  -20.513  74.449 0.0000000000
60706  -27.758  -20.916  73.778 0.0000000000
60723  -27.774  -21.523  73.720 0.0000000000
59637  -28.478  -21.646  74.110 0.0000000000
59659  -27.876  -22.202  73.630 0.0000000000
59658  -27.490  -22.327  73.043 0.0000000000
58630  -27.475  -23.340  71.932 0.0000000000
58646  -27.108  -23.335  71.517 0.0000000000
57550  -26.920  -23.805  70.611 0.0000000000
57551  -26.879  -24.885  70.860 0.0000000000
56440  -26.796  -25.576  71.077 0.0000000000
56453  -27.467  -26.190  70.371 0.0000000000
56434  -27.889  -25.918  72.058 0.0000000000
64005  -23.700  -19.936  74.915 0.0000000000
62983  -23.432  -20.469  73.960 0.0000000000
67321  -33.730  -16.650  52.577 0.0000000000
67333  -33.872  -16.822  52.056 0.0000000000
67334  -34.067  -16.601  51.518 0.0000000000
68317  -35.297  -16.049  52.480 0.0000000000
68346  -34.192  -15.726  50.947 0.0000000000
67325  -37.529  -15.853  52.720 0.0000000000
67336  -37.130  -15.782  52.269 0.0000000000
68335  -36.616  -15.609  51.962 0.0000000000
69299  -36.709  -15.000  51.669 0.0000000000
69298  -35.833  -15.128  51.562 0.0000000000
71362  -34.861  -13.117  49.312 0.0000000000
71350  -36.018  -13.051  50.482 0.0000000000
71374  -34.704  -13.231  48.708 0.0000000000
72282  -35.658  -11.816  48.041 0.0000000000
72275  -41.060  -11.593  49.549 0.0000000000
71355  -41.128  -12.382  50.199 0.0000000000
64137  -25.970  -19.662  64.541 0.0000000000
65203  -27.161  -18.214  62.652 0.0000000000
65214  -26.464  -18.576  62.234 0.0000000000
64174  -26.946  -18.454  61.145 0.0000000000
65206  -29.272  -17.614  61.926 0.0000000000
65217  -28.668  -17.811  61.299 0.0000000000
65229  -27.890  -17.824  60.781 0.0000000000
64203  -27.939  -17.881  59.583 0.0000000000
65245  -27.996  -17.860  59.089 0.0000000000
65265  -29.318  -17.307  59.360 0.0000000000
65264  -28.597  -17.553  58.906 0.0000000000
66293  -28.461  -16.883  58.065 0.0000000000
67278  -28.708  -16.380  57.388 0.0000000000
67288  -28.931  -16.015  57.093 0.0000000000
67279  -29.363  -16.000  57.476 0.0000000000
69220  -31.246  -14.547  57.916 0.0000000000
70254  -31.631  -14.123  57.848 0.0000000000
71284  -33.786  -12.858  58.269 0.0000000000
68241  -33.003  -15.291  60.232 0.0000000000
69205  -33.297  -14.677  60.003 0.0000000000
70232  -33.022  -13.997  59.425 0.0000000000
70233  -34.184  -13.842  59.859 0.0000000000
71270  -33.921  -13.175  58.756 0.0000000000
72202  -35.902  -11.816  58.274 0.0000000000
51403  -17.865  -30.352  73.371 0.0000000000
50411  -15.140  -32.008  72.933 0.0000000000
50399  -15.088  -31.559  73.884 0.0000000000
78769  -43.451  -4.033  46.347 0.0000000000
78777  -42.641  -4.311  45.353 0.0000000000
60851  -27.990  -22.822  64.263 0.0000000000
62041  -27.925  -22.905  63.772 0.0000000000
57601  -29.679  -23.814  67.981 0.0000000000
58686  -30.279  -22.738  69.072 0.0000000000
58696  -29.939  -23.128  67.729 0.0000000000
58706  -29.682  -23.133  67.056 0.0000000000
59753  -29.591  -22.838  66.740 0.0000000000
61987  -29.462  -22.080  66.984 0.0000000000
63051  -29.732  -20.750  69.563 0.0000000000
63050  -29.558  -20.441  69.217 0.0000000000
63077  -29.479  -21.844  67.295 0.0000000000
61986  -29.322  -21.927  66.705 0.0000000000
63091  -29.197  -21.827  66.428 0.0000000000
61985  -28.722  -21.494  66.440 0.0000000000
63089  -27.817  -21.058  66.015 0.0000000000
63087  -26.559  -20.525  65.208 0.0000000000
64138  -26.193  -19.529  65.175 0.0000000000
65171  -27.534  -18.239  65.353 0.0000000000
66205  -29.382  -16.953  64.942 0.0000000000
66206  -29.892  -16.802  64.984 0.0000000000
67151  -30.182  -16.104  67.178 0.0000000000
67197  -30.540  -16.722  65.142 0.0000000000
60783  -21.912  -22.401  70.216 0.0000000000
59722  -22.085  -22.666  69.290 0.0000000000
59723  -23.052  -22.396  69.401 0.0000000000
57576  -25.750  -23.830  68.860 0.0000000000
57587  -24.578  -23.698  67.817 0.0000000000
57610  -22.072  -23.968  65.830 0.0000000000
53399  -20.058  -27.925  74.621 0.0000000000
52412  -19.138  -28.810  72.495 0.0000000000
53434  -19.398  -28.305  71.951 0.0000000000
52424  -19.189  -28.605  72.085 0.0000000000
51424  -18.470  -29.655  71.281 0.0000000000
73172  -36.662  -10.740  47.083 0.0000000000
74075  -37.702  -10.023  46.273 0.0000000000
74060  -39.616  -9.538  47.906 0.0000000000
74070  -38.461  -9.312  47.049 0.0000000000
74076  -38.270  -9.470  46.300 0.0000000000
74082  -38.786  -9.118  45.695 0.0000000000
76789  -40.664  -6.152  46.171 0.0000000000
76790  -41.071  -6.469  46.595 0.0000000000
77766  -41.091  -5.702  46.435 0.0000000000
78757  -41.494  -5.410  46.764 0.0000000000
78758  -41.934  -5.109  47.088 0.0000000000
78759  -43.139  -4.711  47.584 0.0000000000
46186  -9.685  -34.809  82.491 0.0000000000
46193  -9.458  -35.390  81.967 0.0000000000
46185  -9.221  -35.723  82.210 0.0000000000
44139  -8.489  -38.054  81.957 0.0000000000
62039  -25.766  -21.431  62.697 0.0000000000
63166  -25.819  -19.813  59.403 0.0000000000
66332  -32.954  -17.366  52.007 0.0000000000
68263  -29.123  -15.473  56.816 0.0000000000
68271  -28.994  -15.016  55.987 0.0000000000
69242  -30.293  -14.456  56.173 0.0000000000
70277  -32.997  -13.332  55.612 0.0000000000
68304  -32.241  -15.356  53.528 0.0000000000
68306  -35.804  -15.675  53.825 0.0000000000
68307  -36.149  -15.763  53.693 0.0000000000
48288  -11.326  -33.495  82.303 0.0000000000
46200  -9.416  -35.742  79.706 0.0000000000
47261  -10.017  -35.210  77.412 0.0000000000
45130  -9.090  -35.553  83.576 0.0000000000
45132  -8.623  -36.409  83.327 0.0000000000
43099  -7.271  -38.981  84.004 0.0000000000
46167  -7.202  -36.472  85.359 0.0000000000
46166  -6.776  -36.341  85.442 0.0000000000
44102  -6.164  -37.725  85.171 0.0000000000
45125  -6.184  -37.127  85.297 0.0000000000
46165  -6.263  -36.406  85.432 0.0000000000
42129  -4.580  -39.486  85.559 0.0000000000
43097  -4.790  -38.478  85.565 0.0000000000
44103  -6.350  -37.886  85.084 0.0000000000
45121  -6.549  -37.860  85.031 0.0000000000
51368  -16.310  -31.465  75.211 0.0000000000
51369  -16.524  -31.413  75.221 0.0000000000
51390  -15.500  -31.825  72.724 0.0000000000
51405  -18.744  -29.441  73.138 0.0000000000
52410  -18.730  -29.444  72.768 0.0000000000
55446  -27.455  -26.027  68.849 0.0000000000
55457  -26.992  -26.532  68.236 0.0000000000
55468  -26.899  -26.855  68.023 0.0000000000
55493  -26.989  -26.276  64.758 0.0000000000
56467  -27.583  -26.059  69.292 0.0000000000
56470  -29.288  -24.755  69.275 0.0000000000
56500  -29.521  -24.124  67.511 0.0000000000
57539  -27.326  -23.870  71.278 0.0000000000
57541  -28.046  -25.289  72.484 0.0000000000
57543  -29.161  -24.721  71.869 0.0000000000
57552  -26.946  -25.404  71.398 0.0000000000
57553  -28.496  -25.693  72.070 0.0000000000
57556  -29.638  -24.122  70.876 0.0000000000
57577  -26.343  -24.360  68.983 0.0000000000
57588  -29.456  -24.262  69.099 0.0000000000
57589  -29.719  -23.724  68.828 0.0000000000
57613  -27.047  -25.636  66.130 0.0000000000
57628  -27.056  -25.655  65.858 0.0000000000
58598  -29.644  -22.108  73.774 0.0000000000
58666  -25.975  -23.436  69.850 0.0000000000
58684  -24.187  -23.155  68.300 0.0000000000
58695  -22.673  -23.127  67.512 0.0000000000
59677  -26.758  -22.695  71.973 0.0000000000
59733  -22.689  -22.787  68.599 0.0000000000
60741  -26.565  -21.606  72.642 0.0000000000
60758  -30.966  -21.689  72.658 0.0000000000
60772  -24.303  -21.425  70.961 0.0000000000
60793  -21.585  -22.877  69.947 0.0000000000
60794  -21.734  -22.657  69.846 0.0000000000
60795  -22.190  -22.387  69.702 0.0000000000
60822  -29.620  -22.229  67.204 0.0000000000
60849  -26.485  -22.188  63.384 0.0000000000
60864  -27.971  -23.139  63.532 0.0000000000
61941  -23.860  -21.127  71.303 0.0000000000
61955  -30.415  -20.759  70.472 0.0000000000
61994  -28.897  -21.770  65.995 0.0000000000
61996  -29.396  -22.160  66.439 0.0000000000
62974  -26.002  -20.163  73.897 0.0000000000
62985  -25.466  -20.110  73.436 0.0000000000
63047  -28.525  -19.861  68.374 0.0000000000
63090  -28.821  -21.545  66.577 0.0000000000
64096  -27.319  -19.220  67.434 0.0000000000
64204  -28.494  -17.744  59.654 0.0000000000
64223  -28.775  -17.650  59.442 0.0000000000
65112  -28.550  -18.162  69.542 0.0000000000
67195  -29.031  -16.833  65.364 0.0000000000
68253  -29.566  -15.469  57.326 0.0000000000
68255  -30.834  -15.147  58.160 0.0000000000
68262  -28.752  -15.786  56.590 0.0000000000
68321  -38.060  -15.466  52.625 0.0000000000
69230  -29.613  -15.019  56.869 0.0000000000
69274  -32.468  -14.806  53.888 0.0000000000
70241  -32.532  -13.953  58.986 0.0000000000
71273  -36.057  -12.262  58.935 0.0000000000
71367  -39.925  -11.837  50.260 0.0000000000
72186  -35.973  -12.120  58.672 0.0000000000
77769  -40.649  -5.376  45.246 0.0000000000
78749  -43.407  -5.426  48.324 0.0000000000
78775  -40.894  -4.918  44.869 0.0000000000
