#!ascii label  , from subject 3072 vox2ras=TkReg
1332
57604  -39.572  -25.783  67.773 0.0000000000
51311  -29.121  -31.495  80.909 0.0000000000
57808  -41.733  -26.444  53.404 0.0000000000
55594  -33.649  -27.194  57.761 0.0000000000
59841  -42.126  -23.841  60.936 0.0000000000
53395  -36.121  -28.482  75.542 0.0000000000
47353  -32.826  -35.224  72.469 0.0000000000
50504  -31.625  -31.867  64.375 0.0000000000
49350  -23.410  -33.869  79.470 0.0000000000
59920  -50.463  -23.475  54.396 0.0000000000
46326  -30.102  -36.752  72.255 0.0000000000
55540  -37.209  -27.118  62.823 0.0000000000
58806  -37.505  -24.383  59.681 0.0000000000
59771  -40.808  -23.066  64.681 0.0000000000
54414  -39.101  -28.348  71.627 0.0000000000
52459  -34.695  -30.023  69.431 0.0000000000
52522  -35.832  -30.444  65.197 0.0000000000
53586  -32.721  -30.077  60.313 0.0000000000
61075  -51.401  -23.222  51.642 0.0000000000
48299  -26.850  -33.725  81.749 0.0000000000
49434  -27.036  -33.766  75.231 0.0000000000
46234  -30.088  -36.429  78.420 0.0000000000
54583  -42.060  -28.333  57.175 0.0000000000
53364  -31.387  -28.617  78.457 0.0000000000
48380  -30.226  -34.228  76.698 0.0000000000
52415  -30.373  -30.819  72.819 0.0000000000
50469  -30.803  -32.901  68.383 0.0000000000
44188  -21.479  -37.941  78.373 0.0000000000
57678  -45.942  -25.873  63.481 0.0000000000
57745  -46.222  -25.616  58.518 0.0000000000
59877  -49.234  -23.232  58.030 0.0000000000
59917  -45.618  -23.893  53.971 0.0000000000
61097  -46.656  -21.972  49.803 0.0000000000
47332  -22.533  -36.014  72.985 0.0000000000
45247  -34.603  -37.032  75.724 0.0000000000
56534  -38.986  -26.957  65.309 0.0000000000
58729  -39.152  -25.107  64.384 0.0000000000
58721  -40.423  -24.673  65.798 0.0000000000
55452  -39.063  -27.411  69.733 0.0000000000
52479  -38.352  -30.046  68.423 0.0000000000
54486  -38.826  -28.558  66.447 0.0000000000
54513  -36.685  -28.693  64.388 0.0000000000
57830  -39.700  -26.093  50.891 0.0000000000
58907  -41.784  -24.469  51.497 0.0000000000
48283  -28.426  -33.385  82.085 0.0000000000
47232  -28.041  -35.160  80.170 0.0000000000
48333  -29.740  -34.634  80.340 0.0000000000
57772  -33.850  -25.925  55.944 0.0000000000
59857  -39.556  -23.913  59.741 0.0000000000
58842  -38.151  -24.533  57.751 0.0000000000
58827  -40.476  -25.075  58.508 0.0000000000
56678  -40.387  -27.228  56.782 0.0000000000
56628  -41.913  -26.921  59.063 0.0000000000
54348  -33.971  -28.506  77.106 0.0000000000
53390  -30.571  -29.935  75.324 0.0000000000
53404  -33.559  -29.534  74.355 0.0000000000
51456  -32.778  -31.546  66.840 0.0000000000
51434  -31.899  -31.204  68.986 0.0000000000
50497  -30.640  -32.438  65.912 0.0000000000
54566  -33.534  -28.534  59.552 0.0000000000
56616  -46.569  -26.546  60.910 0.0000000000
58864  -48.631  -24.655  56.786 0.0000000000
58896  -48.292  -24.082  54.274 0.0000000000
59950  -46.449  -22.778  51.632 0.0000000000
61057  -48.887  -23.268  52.221 0.0000000000
59986  -50.277  -23.557  49.097 0.0000000000
46232  -22.523  -36.939  78.765 0.0000000000
45255  -21.989  -37.166  75.186 0.0000000000
48376  -23.339  -35.185  76.090 0.0000000000
47336  -28.356  -35.642  73.078 0.0000000000
48453  -26.718  -34.788  71.157 0.0000000000
47379  -28.049  -36.284  70.401 0.0000000000
48407  -31.724  -34.499  74.627 0.0000000000
47270  -32.881  -36.127  76.780 0.0000000000
47321  -34.440  -35.916  74.394 0.0000000000
55557  -35.834  -27.054  60.829 0.0000000000
57723  -35.766  -25.675  58.974 0.0000000000
57690  -36.913  -25.634  61.491 0.0000000000
59797  -38.855  -23.884  61.948 0.0000000000
59799  -41.028  -23.030  62.531 0.0000000000
53420  -37.652  -28.817  73.707 0.0000000000
53428  -35.563  -29.528  72.360 0.0000000000
52448  -37.317  -30.065  70.346 0.0000000000
51459  -36.111  -30.829  67.387 0.0000000000
51485  -33.699  -31.444  64.293 0.0000000000
51498  -32.753  -31.499  62.448 0.0000000000
53559  -34.716  -30.012  63.543 0.0000000000
54539  -35.362  -28.562  62.448 0.0000000000
59942  -51.021  -23.470  52.393 0.0000000000
63274  -50.385  -20.595  52.979 0.0000000000
49352  -25.433  -33.110  80.183 0.0000000000
49399  -25.232  -33.486  77.289 0.0000000000
48355  -26.735  -34.145  78.357 0.0000000000
47282  -28.244  -35.017  76.242 0.0000000000
46287  -29.862  -36.287  75.441 0.0000000000
57775  -35.967  -25.211  56.963 0.0000000000
54600  -41.507  -28.475  55.502 0.0000000000
55623  -42.252  -27.765  55.480 0.0000000000
52348  -29.553  -29.842  79.849 0.0000000000
50356  -28.820  -32.921  79.660 0.0000000000
52365  -28.702  -31.075  77.343 0.0000000000
50406  -29.275  -32.534  74.274 0.0000000000
49471  -30.353  -33.315  72.459 0.0000000000
52429  -32.178  -30.214  71.413 0.0000000000
51427  -30.656  -32.043  70.450 0.0000000000
48468  -31.634  -34.508  70.711 0.0000000000
60809  -40.815  -22.493  68.484 0.0000000000
54305  -30.050  -28.502  81.083 0.0000000000
55324  -33.699  -27.406  78.171 0.0000000000
55350  -35.831  -27.628  76.620 0.0000000000
60819  -42.284  -21.804  67.464 0.0000000000
61999  -42.811  -21.155  65.207 0.0000000000
60858  -43.686  -22.362  63.301 0.0000000000
59773  -45.460  -23.221  64.242 0.0000000000
58754  -44.222  -24.773  62.295 0.0000000000
55549  -43.814  -27.073  60.841 0.0000000000
56665  -43.859  -27.054  58.150 0.0000000000
57779  -43.834  -25.796  56.195 0.0000000000
57768  -48.264  -25.321  58.580 0.0000000000
58861  -45.718  -24.591  56.113 0.0000000000
58892  -43.519  -24.599  53.293 0.0000000000
59961  -43.543  -23.280  50.800 0.0000000000
61086  -49.687  -23.016  50.816 0.0000000000
44206  -20.417  -38.214  75.801 0.0000000000
46358  -21.815  -36.488  69.681 0.0000000000
48419  -24.418  -34.243  73.686 0.0000000000
47388  -23.745  -35.313  69.685 0.0000000000
48359  -31.053  -35.259  78.570 0.0000000000
45229  -31.855  -36.737  76.485 0.0000000000
45270  -32.503  -37.522  73.743 0.0000000000
44228  -35.817  -38.316  73.636 0.0000000000
56519  -39.845  -26.398  66.491 0.0000000000
57634  -40.162  -25.686  65.879 0.0000000000
57620  -40.346  -25.348  66.650 0.0000000000
56488  -39.197  -26.545  68.289 0.0000000000
54473  -39.187  -28.128  67.506 0.0000000000
55487  -39.371  -27.342  66.980 0.0000000000
55497  -39.372  -27.460  65.987 0.0000000000
56728  -41.217  -27.159  52.869 0.0000000000
57824  -40.532  -25.984  51.754 0.0000000000
58906  -40.862  -24.905  51.256 0.0000000000
57825  -41.316  -25.183  51.902 0.0000000000
49326  -29.013  -33.013  81.707 0.0000000000
47212  -28.969  -34.397  81.338 0.0000000000
49339  -29.275  -33.260  81.142 0.0000000000
55605  -33.006  -27.197  57.299 0.0000000000
56659  -33.786  -26.798  57.411 0.0000000000
58786  -40.670  -24.159  59.968 0.0000000000
58809  -40.425  -24.381  59.432 0.0000000000
58810  -41.615  -24.980  59.539 0.0000000000
57743  -41.335  -25.959  58.588 0.0000000000
58811  -42.280  -25.548  59.714 0.0000000000
53394  -35.165  -28.858  75.425 0.0000000000
53393  -34.005  -29.173  75.439 0.0000000000
53405  -34.813  -29.263  74.426 0.0000000000
50499  -32.284  -31.780  65.118 0.0000000000
50493  -32.121  -31.805  66.039 0.0000000000
50498  -31.426  -32.045  65.452 0.0000000000
50502  -29.896  -32.830  65.411 0.0000000000
55581  -33.378  -27.965  58.801 0.0000000000
54575  -32.551  -28.553  58.690 0.0000000000
55593  -32.613  -27.852  57.862 0.0000000000
59919  -49.787  -24.014  55.126 0.0000000000
59929  -49.358  -24.052  53.979 0.0000000000
59939  -48.797  -23.505  52.844 0.0000000000
59940  -49.740  -23.611  52.854 0.0000000000
48342  -22.874  -34.884  79.111 0.0000000000
47266  -22.746  -36.202  77.753 0.0000000000
49380  -23.573  -34.135  77.529 0.0000000000
46325  -29.194  -36.385  72.272 0.0000000000
47352  -28.085  -35.673  71.968 0.0000000000
46338  -29.469  -36.955  71.224 0.0000000000
45305  -29.111  -37.147  69.929 0.0000000000
45307  -30.724  -37.898  70.743 0.0000000000
48425  -32.497  -35.006  73.075 0.0000000000
48395  -33.096  -35.228  74.532 0.0000000000
47339  -34.360  -35.720  73.578 0.0000000000
56576  -36.846  -27.031  62.138 0.0000000000
56592  -36.463  -26.558  61.340 0.0000000000
56593  -36.923  -26.283  62.042 0.0000000000
58740  -39.735  -24.151  63.991 0.0000000000
58753  -38.015  -24.761  62.735 0.0000000000
59782  -40.119  -23.489  63.264 0.0000000000
59798  -39.862  -23.452  62.237 0.0000000000
59783  -40.733  -22.993  63.675 0.0000000000
54413  -38.732  -28.619  72.337 0.0000000000
53443  -37.356  -29.603  71.741 0.0000000000
53444  -38.444  -29.375  71.471 0.0000000000
52508  -37.424  -30.244  67.283 0.0000000000
52493  -37.063  -30.622  67.700 0.0000000000
51472  -36.223  -30.807  66.639 0.0000000000
51477  -34.679  -31.505  65.470 0.0000000000
51487  -35.049  -31.191  65.092 0.0000000000
52525  -34.512  -30.512  63.698 0.0000000000
53547  -35.529  -30.041  64.525 0.0000000000
55525  -37.242  -27.595  63.624 0.0000000000
54525  -35.663  -28.780  63.255 0.0000000000
55539  -36.632  -27.618  62.820 0.0000000000
55546  -35.460  -27.935  61.255 0.0000000000
48315  -26.332  -33.269  81.376 0.0000000000
49367  -26.149  -33.569  79.784 0.0000000000
48331  -26.913  -33.987  80.285 0.0000000000
46220  -29.453  -35.984  79.055 0.0000000000
47254  -27.940  -35.374  78.266 0.0000000000
46249  -29.349  -36.202  77.192 0.0000000000
46266  -29.338  -35.896  76.163 0.0000000000
46267  -30.084  -36.370  76.536 0.0000000000
57724  -36.396  -25.213  59.389 0.0000000000
57759  -35.553  -25.487  57.306 0.0000000000
58841  -37.080  -24.690  57.796 0.0000000000
57777  -38.695  -25.512  56.441 0.0000000000
58858  -37.743  -24.757  56.757 0.0000000000
57788  -38.161  -25.653  55.443 0.0000000000
55608  -41.441  -28.049  56.915 0.0000000000
54589  -41.149  -28.218  56.153 0.0000000000
54591  -42.051  -28.399  56.553 0.0000000000
55622  -41.869  -28.320  55.050 0.0000000000
54601  -42.104  -28.259  55.828 0.0000000000
53353  -30.157  -29.242  79.054 0.0000000000
52347  -29.078  -30.279  79.268 0.0000000000
53362  -29.730  -29.723  77.665 0.0000000000
52395  -30.854  -30.156  74.290 0.0000000000
52393  -29.517  -30.945  75.012 0.0000000000
51396  -29.486  -31.631  73.749 0.0000000000
49470  -29.839  -33.156  73.116 0.0000000000
50429  -29.839  -32.517  72.630 0.0000000000
52432  -34.806  -29.596  70.936 0.0000000000
52419  -33.773  -30.024  72.129 0.0000000000
52444  -33.373  -30.044  70.415 0.0000000000
50470  -31.232  -32.182  68.302 0.0000000000
51428  -31.197  -31.411  70.194 0.0000000000
49506  -30.783  -32.929  69.318 0.0000000000
49494  -30.927  -33.592  70.764 0.0000000000
52535  -32.688  -30.762  61.140 0.0000000000
55337  -34.523  -27.558  77.576 0.0000000000
56420  -38.292  -26.479  74.397 0.0000000000
60818  -41.742  -22.383  67.623 0.0000000000
61991  -43.305  -20.563  66.517 0.0000000000
62000  -43.612  -20.707  65.325 0.0000000000
62033  -43.228  -21.673  63.860 0.0000000000
62035  -44.631  -21.975  64.063 0.0000000000
58743  -45.912  -24.573  64.217 0.0000000000
59785  -45.143  -23.917  63.770 0.0000000000
57677  -45.183  -25.979  62.948 0.0000000000
57691  -43.804  -26.103  61.440 0.0000000000
56578  -45.190  -26.439  62.206 0.0000000000
57708  -46.321  -26.209  60.179 0.0000000000
56631  -44.775  -26.778  59.861 0.0000000000
56650  -45.510  -26.015  58.971 0.0000000000
56666  -44.318  -26.315  57.742 0.0000000000
57764  -44.982  -25.570  57.290 0.0000000000
58848  -48.726  -24.818  57.985 0.0000000000
58875  -47.533  -24.442  55.570 0.0000000000
58862  -46.794  -24.569  56.266 0.0000000000
58873  -45.504  -24.391  55.154 0.0000000000
58872  -44.641  -24.523  54.962 0.0000000000
58894  -44.681  -24.258  53.845 0.0000000000
59934  -43.608  -24.065  52.455 0.0000000000
59936  -45.220  -23.490  52.587 0.0000000000
61069  -46.065  -22.548  50.919 0.0000000000
61081  -44.785  -22.467  50.186 0.0000000000
61096  -45.106  -22.235  49.433 0.0000000000
59954  -51.202  -23.658  51.677 0.0000000000
59953  -50.768  -23.698  51.810 0.0000000000
59965  -51.007  -24.114  51.021 0.0000000000
46297  -22.377  -36.562  74.659 0.0000000000
45266  -21.278  -37.319  73.675 0.0000000000
46322  -22.031  -36.590  72.291 0.0000000000
46334  -21.571  -37.127  71.392 0.0000000000
46335  -22.200  -36.562  71.306 0.0000000000
49433  -26.130  -33.482  75.612 0.0000000000
49432  -25.085  -33.626  75.383 0.0000000000
49444  -25.631  -33.528  74.654 0.0000000000
48478  -25.155  -34.558  70.237 0.0000000000
46406  -26.241  -37.118  66.460 0.0000000000
50364  -29.003  -33.557  77.913 0.0000000000
48358  -30.378  -34.623  78.581 0.0000000000
48370  -31.226  -35.075  77.745 0.0000000000
45232  -33.964  -36.789  76.187 0.0000000000
46253  -32.551  -36.457  76.828 0.0000000000
45246  -33.690  -37.253  75.846 0.0000000000
45244  -31.830  -36.915  75.540 0.0000000000
45259  -33.636  -37.515  75.056 0.0000000000
44241  -34.175  -38.318  72.358 0.0000000000
56549  -37.900  -26.999  64.123 0.0000000000
56563  -37.973  -26.371  63.979 0.0000000000
57649  -39.275  -25.894  65.030 0.0000000000
58730  -39.626  -25.025  64.804 0.0000000000
59765  -40.713  -23.583  65.544 0.0000000000
55440  -39.189  -27.743  70.353 0.0000000000
53460  -39.029  -29.190  70.329 0.0000000000
53487  -39.391  -29.164  68.638 0.0000000000
53504  -38.616  -29.592  67.794 0.0000000000
53537  -37.580  -29.215  65.960 0.0000000000
54499  -37.016  -28.916  65.311 0.0000000000
54500  -37.916  -28.633  65.432 0.0000000000
55510  -38.363  -27.545  64.849 0.0000000000
58921  -41.026  -24.151  49.819 0.0000000000
48282  -27.743  -33.490  82.354 0.0000000000
48332  -27.428  -34.529  80.690 0.0000000000
47222  -28.620  -34.773  81.140 0.0000000000
47233  -28.688  -35.438  80.454 0.0000000000
46221  -29.973  -36.199  79.293 0.0000000000
59837  -38.916  -23.867  60.067 0.0000000000
58824  -37.798  -24.302  58.656 0.0000000000
58808  -39.337  -24.100  59.141 0.0000000000
58844  -39.541  -25.189  57.748 0.0000000000
57762  -39.823  -25.836  57.355 0.0000000000
56677  -39.580  -26.378  56.585 0.0000000000
56663  -40.539  -26.567  57.558 0.0000000000
56664  -41.335  -27.323  57.943 0.0000000000
55584  -41.916  -27.500  58.686 0.0000000000
53375  -32.693  -28.559  77.348 0.0000000000
53373  -30.634  -29.307  77.020 0.0000000000
53382  -31.679  -29.284  76.239 0.0000000000
53402  -31.504  -29.952  74.380 0.0000000000
52405  -31.855  -30.178  73.269 0.0000000000
51444  -33.839  -30.663  67.929 0.0000000000
52473  -33.188  -30.538  68.940 0.0000000000
51443  -32.979  -30.815  68.077 0.0000000000
50482  -31.505  -32.227  67.261 0.0000000000
50481  -30.859  -32.764  67.695 0.0000000000
49528  -29.935  -33.583  67.162 0.0000000000
50496  -30.123  -32.987  66.406 0.0000000000
53599  -33.224  -29.293  59.869 0.0000000000
53606  -31.867  -29.463  58.902 0.0000000000
56565  -46.555  -25.536  63.114 0.0000000000
56579  -46.016  -26.333  62.754 0.0000000000
56581  -46.777  -25.801  62.324 0.0000000000
56617  -47.299  -26.113  61.032 0.0000000000
57729  -47.238  -26.001  59.768 0.0000000000
60948  -49.507  -22.610  57.490 0.0000000000
58849  -49.340  -24.058  57.644 0.0000000000
58877  -49.243  -24.337  55.959 0.0000000000
58887  -48.260  -24.241  54.981 0.0000000000
59927  -47.114  -23.561  53.593 0.0000000000
59926  -45.964  -23.636  53.364 0.0000000000
59938  -47.706  -23.279  52.791 0.0000000000
61055  -47.313  -22.803  51.964 0.0000000000
61071  -48.010  -22.586  51.338 0.0000000000
61088  -51.453  -23.067  50.711 0.0000000000
59974  -51.097  -23.921  49.861 0.0000000000
59975  -51.516  -23.665  49.746 0.0000000000
45216  -22.202  -37.324  78.482 0.0000000000
45227  -21.977  -37.619  77.031 0.0000000000
46247  -22.432  -37.052  77.379 0.0000000000
47298  -22.670  -36.456  75.824 0.0000000000
47317  -22.824  -35.725  74.745 0.0000000000
48405  -27.253  -34.274  74.404 0.0000000000
48421  -26.482  -33.901  73.531 0.0000000000
48438  -27.303  -34.802  71.948 0.0000000000
47377  -26.968  -35.141  70.427 0.0000000000
47392  -27.185  -36.090  68.771 0.0000000000
46376  -27.587  -36.668  68.007 0.0000000000
46362  -28.343  -36.924  68.860 0.0000000000
48392  -30.777  -34.225  75.910 0.0000000000
48381  -31.390  -34.843  76.638 0.0000000000
47302  -32.774  -35.197  75.721 0.0000000000
47287  -34.375  -36.452  75.713 0.0000000000
46290  -34.898  -36.721  75.444 0.0000000000
55568  -35.074  -27.199  59.307 0.0000000000
56644  -34.741  -26.884  58.285 0.0000000000
56626  -35.612  -26.384  59.502 0.0000000000
57704  -36.594  -25.403  60.263 0.0000000000
58784  -37.107  -24.795  60.734 0.0000000000
57675  -37.757  -25.448  63.056 0.0000000000
58768  -38.022  -24.367  61.454 0.0000000000
58785  -38.107  -24.144  60.385 0.0000000000
59819  -39.646  -23.486  61.170 0.0000000000
59820  -40.663  -23.357  61.375 0.0000000000
59821  -41.702  -23.392  61.462 0.0000000000
53407  -36.921  -28.502  74.663 0.0000000000
53418  -35.686  -29.288  73.463 0.0000000000
53429  -36.607  -29.450  72.599 0.0000000000
53442  -36.444  -29.605  71.497 0.0000000000
52460  -35.757  -30.133  69.493 0.0000000000
52462  -37.596  -30.390  69.510 0.0000000000
52476  -36.129  -30.538  68.567 0.0000000000
52475  -35.077  -30.475  68.506 0.0000000000
51457  -34.126  -31.093  67.261 0.0000000000
51476  -33.848  -31.591  65.131 0.0000000000
51484  -33.027  -31.636  63.970 0.0000000000
51490  -32.196  -31.691  62.959 0.0000000000
51492  -33.560  -31.421  63.526 0.0000000000
52528  -33.466  -30.785  62.198 0.0000000000
52537  -33.621  -30.422  62.019 0.0000000000
53561  -36.076  -29.087  63.946 0.0000000000
53570  -35.107  -29.191  62.942 0.0000000000
53588  -33.919  -29.171  60.900 0.0000000000
54556  -34.378  -28.463  60.481 0.0000000000
55555  -34.654  -28.140  60.204 0.0000000000
61020  -51.103  -23.146  53.398 0.0000000000
62199  -50.726  -21.802  53.349 0.0000000000
62219  -50.597  -21.859  52.423 0.0000000000
62234  -50.562  -21.901  51.557 0.0000000000
62247  -50.561  -21.866  50.618 0.0000000000
49351  -24.351  -33.162  79.797 0.0000000000
49381  -24.303  -33.564  77.878 0.0000000000
49366  -25.287  -33.183  79.296 0.0000000000
49400  -26.296  -33.562  77.684 0.0000000000
49418  -27.010  -33.748  76.609 0.0000000000
48344  -27.442  -34.707  79.808 0.0000000000
48367  -27.313  -34.489  77.674 0.0000000000
48391  -27.576  -34.435  75.708 0.0000000000
47300  -28.147  -35.148  75.069 0.0000000000
46300  -28.852  -35.765  73.872 0.0000000000
46313  -30.284  -36.629  73.599 0.0000000000
56661  -35.153  -26.009  57.698 0.0000000000
57774  -35.515  -25.241  56.502 0.0000000000
55637  -41.759  -28.133  54.238 0.0000000000
56717  -42.106  -26.525  53.957 0.0000000000
52327  -29.338  -30.452  80.932 0.0000000000
50348  -28.859  -32.409  80.589 0.0000000000
51330  -28.675  -31.632  79.694 0.0000000000
51340  -28.662  -31.769  78.526 0.0000000000
49419  -28.810  -33.058  76.744 0.0000000000
53380  -29.691  -30.008  76.253 0.0000000000
51375  -28.668  -31.781  76.028 0.0000000000
49435  -29.446  -33.389  75.646 0.0000000000
49448  -30.178  -33.926  74.450 0.0000000000
48424  -31.525  -34.407  73.525 0.0000000000
48439  -31.632  -34.314  72.359 0.0000000000
53417  -34.346  -29.719  73.152 0.0000000000
52406  -32.617  -30.126  72.935 0.0000000000
52417  -31.949  -30.151  72.305 0.0000000000
52456  -31.908  -30.730  69.971 0.0000000000
51419  -31.099  -30.981  70.885 0.0000000000
51418  -30.627  -31.565  71.235 0.0000000000
50430  -30.238  -32.521  71.805 0.0000000000
49484  -31.285  -33.849  71.546 0.0000000000
51496  -31.229  -31.860  61.992 0.0000000000
58689  -39.575  -24.648  68.396 0.0000000000
58690  -40.184  -24.438  67.910 0.0000000000
45187  -22.203  -37.066  79.883 0.0000000000
49335  -23.392  -33.512  80.467 0.0000000000
50328  -24.579  -32.614  81.088 0.0000000000
48297  -25.510  -32.680  81.518 0.0000000000
50310  -27.848  -32.373  82.808 0.0000000000
50329  -28.156  -32.172  81.795 0.0000000000
51303  -28.806  -31.484  81.176 0.0000000000
52318  -29.365  -30.412  81.194 0.0000000000
53334  -29.982  -29.153  80.564 0.0000000000
53344  -30.760  -28.501  79.715 0.0000000000
53365  -31.733  -28.343  78.833 0.0000000000
55310  -32.696  -27.234  79.013 0.0000000000
54332  -32.528  -28.017  78.671 0.0000000000
54339  -33.490  -28.114  77.774 0.0000000000
54349  -34.838  -28.290  76.788 0.0000000000
54357  -36.087  -28.149  76.069 0.0000000000
54367  -36.901  -28.108  75.203 0.0000000000
53408  -37.768  -28.327  74.300 0.0000000000
54382  -38.483  -27.810  73.738 0.0000000000
57582  -38.895  -25.500  69.899 0.0000000000
59749  -40.982  -23.755  67.393 0.0000000000
59757  -41.409  -23.191  66.684 0.0000000000
59766  -41.283  -23.128  65.880 0.0000000000
61980  -42.882  -21.037  67.227 0.0000000000
60834  -42.263  -21.742  65.779 0.0000000000
60842  -41.500  -22.342  65.015 0.0000000000
60856  -41.717  -21.899  63.800 0.0000000000
60872  -42.866  -22.606  62.673 0.0000000000
59801  -43.129  -23.381  62.171 0.0000000000
60859  -44.728  -22.584  63.899 0.0000000000
59802  -43.913  -24.027  62.525 0.0000000000
58769  -42.917  -24.382  61.105 0.0000000000
58789  -43.239  -25.586  60.811 0.0000000000
56613  -43.137  -26.759  60.093 0.0000000000
55571  -43.291  -27.208  59.635 0.0000000000
56614  -44.482  -26.890  60.396 0.0000000000
55572  -44.089  -27.110  59.637 0.0000000000
55599  -43.224  -27.673  57.868 0.0000000000
56679  -42.759  -27.162  56.484 0.0000000000
56693  -43.153  -26.254  55.925 0.0000000000
57800  -42.425  -26.125  54.375 0.0000000000
57730  -48.044  -25.782  59.558 0.0000000000
57746  -47.166  -25.661  58.846 0.0000000000
58847  -47.913  -24.976  57.482 0.0000000000
58846  -46.981  -24.742  57.196 0.0000000000
57765  -46.040  -25.276  57.554 0.0000000000
57780  -44.748  -25.185  56.398 0.0000000000
58871  -43.852  -24.864  54.777 0.0000000000
57810  -43.058  -24.980  53.679 0.0000000000
58901  -42.682  -24.642  52.514 0.0000000000
59960  -42.577  -23.680  50.927 0.0000000000
59971  -42.660  -23.387  49.921 0.0000000000
59962  -44.578  -22.908  50.894 0.0000000000
61080  -43.975  -22.722  50.176 0.0000000000
61109  -43.038  -23.096  48.848 0.0000000000
59941  -50.483  -23.515  52.564 0.0000000000
61072  -49.141  -22.954  51.654 0.0000000000
61099  -48.078  -22.110  49.544 0.0000000000
59973  -50.433  -23.428  50.293 0.0000000000
61115  -48.419  -22.477  48.483 0.0000000000
61114  -47.049  -22.059  48.612 0.0000000000
45241  -21.350  -37.734  75.665 0.0000000000
48377  -23.777  -34.428  76.323 0.0000000000
48390  -23.826  -34.585  75.447 0.0000000000
47350  -23.868  -34.889  72.906 0.0000000000
48436  -25.679  -34.003  72.420 0.0000000000
47365  -23.902  -34.889  71.688 0.0000000000
47364  -23.294  -35.590  71.286 0.0000000000
46359  -22.638  -35.977  69.690 0.0000000000
49354  -29.302  -33.627  80.151 0.0000000000
47246  -30.487  -35.610  79.479 0.0000000000
46235  -30.702  -36.214  78.554 0.0000000000
47269  -31.771  -35.822  77.564 0.0000000000
46252  -31.544  -36.351  77.454 0.0000000000
46251  -30.922  -36.520  77.522 0.0000000000
46288  -30.875  -36.523  75.778 0.0000000000
45256  -31.133  -36.839  74.007 0.0000000000
45268  -30.953  -37.015  72.947 0.0000000000
46304  -36.666  -36.819  74.485 0.0000000000
45261  -35.702  -37.337  75.027 0.0000000000
44215  -35.094  -37.912  74.257 0.0000000000
44226  -33.683  -37.886  73.057 0.0000000000
45281  -32.323  -37.731  72.593 0.0000000000
45293  -31.328  -37.802  71.389 0.0000000000
57619  -39.882  -25.846  67.132 0.0000000000
55475  -39.276  -27.399  67.901 0.0000000000
56503  -39.515  -26.553  67.408 0.0000000000
57818  -40.982  -26.455  52.377 0.0000000000
57819  -41.525  -25.832  52.636 0.0000000000
50331  -28.786  -32.299  81.309 0.0000000000
49340  -29.147  -32.974  81.527 0.0000000000
58787  -41.177  -24.284  60.079 0.0000000000
58788  -42.462  -24.638  60.494 0.0000000000
55580  -32.824  -28.088  58.471 0.0000000000
60998  -50.378  -22.388  55.271 0.0000000000
59911  -50.063  -23.334  55.280 0.0000000000
59930  -50.347  -23.579  53.413 0.0000000000
48354  -23.077  -35.014  78.121 0.0000000000
49364  -23.503  -34.052  78.490 0.0000000000
46339  -29.950  -36.981  71.582 0.0000000000
45291  -29.761  -37.310  70.945 0.0000000000
45292  -30.215  -37.337  71.316 0.0000000000
48409  -33.090  -35.277  73.771 0.0000000000
47338  -33.623  -35.454  73.269 0.0000000000
56577  -37.239  -26.549  62.542 0.0000000000
58731  -40.184  -23.964  64.869 0.0000000000
58741  -40.308  -23.541  64.091 0.0000000000
53445  -39.129  -28.956  71.076 0.0000000000
53520  -37.193  -29.960  66.564 0.0000000000
52507  -36.907  -30.322  66.763 0.0000000000
52516  -36.163  -30.566  65.824 0.0000000000
51478  -35.482  -31.150  65.680 0.0000000000
52515  -35.692  -30.709  65.372 0.0000000000
52521  -35.333  -30.568  64.757 0.0000000000
55524  -36.789  -27.799  63.314 0.0000000000
55547  -35.927  -27.633  61.682 0.0000000000
48316  -26.772  -33.745  81.181 0.0000000000
46233  -29.390  -36.225  78.150 0.0000000000
46250  -30.113  -36.553  77.502 0.0000000000
58823  -36.946  -24.670  58.976 0.0000000000
55597  -41.843  -28.027  57.667 0.0000000000
54582  -41.810  -28.299  56.953 0.0000000000
55598  -42.507  -28.103  57.393 0.0000000000
53352  -29.666  -29.686  78.487 0.0000000000
53363  -30.607  -29.213  78.057 0.0000000000
52404  -30.957  -30.375  73.423 0.0000000000
52403  -30.118  -30.757  73.735 0.0000000000
51397  -29.841  -31.278  73.077 0.0000000000
51408  -29.650  -31.881  72.990 0.0000000000
51409  -30.103  -31.616  72.336 0.0000000000
52445  -34.309  -29.706  70.288 0.0000000000
52458  -33.681  -30.134  69.515 0.0000000000
49518  -30.866  -32.714  68.850 0.0000000000
49517  -30.714  -33.463  69.022 0.0000000000
52548  -32.919  -30.441  60.946 0.0000000000
52547  -32.459  -30.505  60.493 0.0000000000
62017  -43.587  -21.301  64.500 0.0000000000
57651  -46.683  -24.629  64.019 0.0000000000
58733  -46.499  -24.264  64.148 0.0000000000
57666  -46.245  -25.274  63.845 0.0000000000
57665  -45.642  -25.278  63.631 0.0000000000
57728  -46.306  -25.816  59.407 0.0000000000
57744  -45.201  -25.824  58.207 0.0000000000
60927  -48.576  -22.508  58.265 0.0000000000
59876  -48.733  -23.520  58.483 0.0000000000
58831  -49.185  -24.004  58.199 0.0000000000
59918  -46.404  -23.746  54.061 0.0000000000
58874  -46.497  -24.386  55.356 0.0000000000
58885  -46.080  -24.117  54.567 0.0000000000
58884  -45.134  -24.178  54.269 0.0000000000
59916  -45.239  -24.011  53.913 0.0000000000
59925  -44.930  -23.899  53.517 0.0000000000
61083  -46.545  -22.130  50.213 0.0000000000
61082  -45.641  -22.196  50.202 0.0000000000
62244  -45.768  -21.985  49.653 0.0000000000
62266  -46.261  -21.917  48.859 0.0000000000
44197  -21.243  -38.324  77.150 0.0000000000
47316  -22.509  -35.996  73.913 0.0000000000
46310  -22.083  -36.701  73.525 0.0000000000
46323  -22.505  -36.161  71.873 0.0000000000
49445  -26.575  -33.691  74.447 0.0000000000
46390  -25.642  -36.313  66.790 0.0000000000
48368  -29.921  -34.213  77.296 0.0000000000
49386  -30.049  -34.373  78.095 0.0000000000
48369  -30.482  -34.530  77.575 0.0000000000
45231  -33.587  -36.912  76.305 0.0000000000
56550  -38.573  -26.415  64.591 0.0000000000
56551  -39.141  -26.421  65.156 0.0000000000
57633  -39.736  -25.649  65.412 0.0000000000
54444  -39.316  -28.411  69.571 0.0000000000
53505  -39.309  -28.868  67.857 0.0000000000
53522  -38.531  -29.147  66.885 0.0000000000
54485  -38.211  -28.896  66.216 0.0000000000
55496  -38.851  -27.538  65.463 0.0000000000
57823  -39.954  -26.493  51.419 0.0000000000
58916  -41.293  -24.290  50.723 0.0000000000
48318  -27.864  -34.385  81.358 0.0000000000
48301  -28.207  -34.010  81.700 0.0000000000
47223  -29.214  -34.737  80.944 0.0000000000
47234  -29.401  -35.402  80.471 0.0000000000
46205  -29.391  -35.890  79.880 0.0000000000
46206  -29.913  -36.019  79.960 0.0000000000
56689  -33.043  -26.311  55.579 0.0000000000
59856  -39.062  -23.925  59.592 0.0000000000
58826  -39.682  -24.671  58.395 0.0000000000
57741  -40.094  -25.444  58.004 0.0000000000
56662  -39.968  -26.271  57.176 0.0000000000
57763  -40.344  -25.912  57.740 0.0000000000
57726  -41.863  -26.035  59.119 0.0000000000
56647  -41.335  -26.605  58.400 0.0000000000
55569  -42.190  -27.234  59.196 0.0000000000
54347  -33.185  -28.477  77.359 0.0000000000
53383  -33.074  -28.783  76.551 0.0000000000
53392  -32.693  -29.462  75.346 0.0000000000
53403  -32.272  -29.860  74.182 0.0000000000
53415  -32.480  -30.027  73.482 0.0000000000
50492  -31.397  -32.197  66.385 0.0000000000
50483  -31.951  -31.900  66.738 0.0000000000
50491  -30.753  -32.696  66.851 0.0000000000
50490  -30.300  -33.090  66.948 0.0000000000
53607  -32.419  -29.181  59.198 0.0000000000
54565  -32.877  -28.971  59.370 0.0000000000
57679  -46.669  -25.401  62.496 0.0000000000
56580  -46.611  -25.926  62.629 0.0000000000
57710  -47.486  -25.456  60.522 0.0000000000
56633  -47.146  -26.239  60.457 0.0000000000
56634  -47.634  -25.985  60.184 0.0000000000
60974  -49.829  -22.433  56.434 0.0000000000
62131  -50.030  -21.206  57.252 0.0000000000
62155  -49.801  -21.755  57.131 0.0000000000
59901  -49.501  -23.423  57.074 0.0000000000
59910  -49.693  -23.597  56.066 0.0000000000
58897  -48.781  -24.236  54.557 0.0000000000
58888  -49.051  -24.285  55.065 0.0000000000
58895  -47.732  -23.830  54.026 0.0000000000
59928  -48.185  -23.706  53.599 0.0000000000
61056  -48.318  -23.022  52.158 0.0000000000
61070  -46.982  -22.527  51.078 0.0000000000
46248  -22.400  -37.053  78.105 0.0000000000
47281  -22.727  -35.809  76.626 0.0000000000
47299  -22.693  -35.899  75.724 0.0000000000
48389  -23.282  -35.296  75.337 0.0000000000
47318  -28.030  -35.151  73.824 0.0000000000
48422  -27.316  -34.516  73.091 0.0000000000
47335  -27.738  -35.237  72.677 0.0000000000
47368  -28.127  -35.968  70.863 0.0000000000
47367  -27.372  -35.321  71.210 0.0000000000
47378  -27.561  -36.042  70.065 0.0000000000
46349  -27.954  -36.454  69.886 0.0000000000
46361  -27.874  -36.458  69.306 0.0000000000
44273  -30.027  -38.120  69.941 0.0000000000
45317  -29.349  -37.927  68.999 0.0000000000
48406  -30.884  -34.305  75.028 0.0000000000
48393  -31.652  -34.584  75.570 0.0000000000
48394  -32.579  -34.884  75.149 0.0000000000
47303  -33.498  -35.566  75.266 0.0000000000
47304  -34.679  -36.337  75.129 0.0000000000
47305  -35.459  -36.453  74.721 0.0000000000
56610  -35.557  -26.963  60.121 0.0000000000
57689  -36.591  -25.875  60.857 0.0000000000
57705  -36.752  -25.398  60.854 0.0000000000
57664  -38.115  -25.664  63.694 0.0000000000
57663  -37.686  -25.810  63.163 0.0000000000
59781  -39.103  -23.891  63.098 0.0000000000
59818  -38.836  -23.882  60.898 0.0000000000
53419  -36.744  -28.990  73.613 0.0000000000
53430  -37.590  -29.292  72.719 0.0000000000
52435  -37.700  -29.833  71.005 0.0000000000
52434  -37.030  -29.745  71.038 0.0000000000
52447  -36.409  -29.749  70.574 0.0000000000
53486  -38.897  -29.746  68.900 0.0000000000
52463  -38.372  -30.140  69.417 0.0000000000
52492  -36.502  -30.728  68.050 0.0000000000
52477  -36.997  -30.600  68.663 0.0000000000
51446  -36.097  -30.728  67.959 0.0000000000
51445  -35.602  -30.776  67.884 0.0000000000
52491  -34.902  -30.865  67.754 0.0000000000
51458  -35.235  -31.107  67.208 0.0000000000
51475  -33.049  -31.561  64.768 0.0000000000
51500  -33.987  -31.078  63.240 0.0000000000
52529  -33.919  -30.538  62.650 0.0000000000
53569  -34.545  -29.813  62.965 0.0000000000
54538  -34.713  -29.024  62.182 0.0000000000
54546  -34.460  -28.811  61.316 0.0000000000
55556  -35.183  -27.859  60.568 0.0000000000
55567  -34.292  -28.041  59.611 0.0000000000
62233  -49.953  -21.269  51.272 0.0000000000
62246  -50.058  -21.146  50.304 0.0000000000
49336  -24.645  -32.845  80.493 0.0000000000
48343  -26.812  -34.118  79.333 0.0000000000
49383  -26.099  -33.596  78.807 0.0000000000
48366  -26.765  -34.064  77.795 0.0000000000
47244  -28.002  -35.343  79.268 0.0000000000
47267  -28.072  -35.216  77.260 0.0000000000
48378  -27.658  -34.593  76.709 0.0000000000
47301  -28.727  -35.466  75.854 0.0000000000
46286  -28.946  -35.828  75.033 0.0000000000
46301  -29.594  -36.322  74.343 0.0000000000
46302  -30.461  -36.655  74.707 0.0000000000
56645  -35.226  -26.486  58.476 0.0000000000
57760  -36.183  -25.162  57.524 0.0000000000
57776  -37.854  -25.067  55.925 0.0000000000
55606  -40.117  -27.386  55.943 0.0000000000
54599  -41.040  -28.358  55.757 0.0000000000
54612  -41.305  -28.951  54.414 0.0000000000
55638  -42.084  -27.911  54.847 0.0000000000
56706  -41.937  -27.560  54.230 0.0000000000
56707  -42.179  -27.163  54.675 0.0000000000
52338  -29.433  -30.055  80.472 0.0000000000
52337  -28.914  -30.702  80.204 0.0000000000
52357  -29.058  -30.558  78.266 0.0000000000
52356  -28.685  -31.150  78.439 0.0000000000
51351  -28.532  -31.724  77.748 0.0000000000
50372  -28.612  -32.653  77.196 0.0000000000
53381  -30.384  -29.738  75.975 0.0000000000
53372  -29.693  -29.821  76.766 0.0000000000
51385  -29.190  -31.696  74.662 0.0000000000
51376  -28.962  -31.579  75.469 0.0000000000
50395  -28.867  -32.595  75.273 0.0000000000
50383  -29.027  -33.051  75.912 0.0000000000
49436  -30.113  -33.881  75.329 0.0000000000
49447  -29.485  -33.336  74.795 0.0000000000
49460  -30.437  -33.816  73.467 0.0000000000
49461  -30.990  -33.905  72.776 0.0000000000
49472  -30.992  -33.713  72.125 0.0000000000
52430  -33.150  -30.199  71.331 0.0000000000
52418  -32.843  -30.104  72.156 0.0000000000
51435  -32.661  -30.744  68.894 0.0000000000
52457  -32.699  -30.477  69.589 0.0000000000
50449  -30.752  -32.031  69.976 0.0000000000
50440  -30.522  -32.648  70.944 0.0000000000
48467  -30.920  -34.031  70.327 0.0000000000
49495  -31.482  -34.022  71.106 0.0000000000
48455  -31.820  -34.354  71.493 0.0000000000
51497  -32.035  -31.705  62.185 0.0000000000
45198  -22.157  -37.257  79.450 0.0000000000
50327  -23.939  -32.710  81.119 0.0000000000
49303  -27.679  -32.829  82.725 0.0000000000
53325  -29.633  -29.463  81.441 0.0000000000
53355  -31.502  -28.261  79.275 0.0000000000
56360  -33.455  -26.838  78.642 0.0000000000
55336  -34.006  -27.751  77.693 0.0000000000
55338  -35.335  -27.239  77.140 0.0000000000
54341  -34.952  -27.819  77.088 0.0000000000
54350  -35.610  -28.013  76.572 0.0000000000
54351  -36.091  -27.848  76.311 0.0000000000
54358  -36.496  -27.939  75.756 0.0000000000
54359  -36.940  -27.717  75.320 0.0000000000
54368  -37.442  -27.905  74.883 0.0000000000
55386  -38.378  -27.157  74.062 0.0000000000
55402  -38.841  -27.104  73.464 0.0000000000
54383  -38.880  -27.657  73.149 0.0000000000
57592  -39.076  -25.478  68.612 0.0000000000
59740  -40.757  -23.327  67.874 0.0000000000
58699  -40.694  -24.383  67.329 0.0000000000
59750  -41.288  -23.232  67.296 0.0000000000
60825  -41.800  -22.485  67.070 0.0000000000
60833  -41.730  -22.438  66.250 0.0000000000
61990  -42.825  -21.083  66.193 0.0000000000
60843  -42.207  -21.564  65.001 0.0000000000
62015  -42.067  -21.653  64.430 0.0000000000
60857  -42.628  -22.027  63.371 0.0000000000
59800  -42.214  -23.032  62.129 0.0000000000
60873  -43.632  -23.060  62.685 0.0000000000
60846  -46.222  -22.532  64.303 0.0000000000
60844  -45.202  -22.509  64.246 0.0000000000
58755  -44.813  -24.819  63.075 0.0000000000
59803  -44.492  -24.062  63.217 0.0000000000
59823  -43.361  -23.953  61.849 0.0000000000
58770  -43.468  -24.760  61.553 0.0000000000
56594  -43.644  -26.798  60.862 0.0000000000
57707  -43.358  -26.309  60.658 0.0000000000
55558  -43.589  -27.000  60.451 0.0000000000
56630  -42.844  -27.110  59.683 0.0000000000
56596  -45.736  -26.579  61.666 0.0000000000
56615  -45.388  -26.564  60.602 0.0000000000
56649  -44.482  -26.709  58.899 0.0000000000
55587  -44.083  -27.099  59.140 0.0000000000
55586  -43.699  -27.288  58.841 0.0000000000
55610  -42.877  -27.650  57.202 0.0000000000
57789  -42.690  -26.155  55.168 0.0000000000
57790  -43.456  -25.570  55.350 0.0000000000
57748  -48.416  -25.336  58.916 0.0000000000
57731  -48.314  -25.270  59.484 0.0000000000
57747  -47.939  -25.737  58.973 0.0000000000
58845  -46.202  -24.755  56.829 0.0000000000
57766  -47.079  -25.279  58.008 0.0000000000
57781  -45.527  -25.047  56.848 0.0000000000
58860  -44.930  -24.643  55.677 0.0000000000
58883  -44.376  -24.485  54.199 0.0000000000
58882  -43.644  -24.701  53.984 0.0000000000
58891  -42.878  -24.867  53.084 0.0000000000
59947  -43.245  -23.852  51.950 0.0000000000
59937  -46.464  -23.223  52.503 0.0000000000
59949  -45.482  -22.959  51.603 0.0000000000
61095  -44.196  -22.449  49.484 0.0000000000
61094  -43.600  -22.730  49.540 0.0000000000
61093  -43.102  -23.039  49.308 0.0000000000
61041  -51.143  -23.112  53.003 0.0000000000
59931  -50.845  -23.322  53.049 0.0000000000
59964  -50.362  -23.518  51.245 0.0000000000
61073  -49.807  -23.307  51.424 0.0000000000
61085  -48.701  -22.430  50.592 0.0000000000
45242  -22.163  -37.449  76.059 0.0000000000
45226  -21.545  -37.818  76.467 0.0000000000
45253  -20.601  -37.711  74.289 0.0000000000
45290  -20.686  -37.594  71.569 0.0000000000
46346  -21.691  -36.853  70.528 0.0000000000
45304  -20.964  -37.412  70.556 0.0000000000
45315  -21.090  -37.078  69.668 0.0000000000
45328  -21.256  -36.790  68.655 0.0000000000
49398  -24.196  -33.829  76.841 0.0000000000
49443  -24.757  -33.785  74.575 0.0000000000
49431  -24.380  -33.969  75.190 0.0000000000
48403  -24.103  -34.359  74.592 0.0000000000
48418  -23.775  -34.686  74.013 0.0000000000
47334  -23.818  -34.777  73.552 0.0000000000
48437  -26.636  -34.258  72.241 0.0000000000
48452  -25.878  -34.302  71.467 0.0000000000
47376  -24.399  -34.723  70.583 0.0000000000
48451  -24.930  -34.355  71.603 0.0000000000
47375  -23.584  -35.326  70.628 0.0000000000
46348  -23.028  -35.882  70.564 0.0000000000
46360  -23.253  -35.661  69.993 0.0000000000
45329  -28.004  -37.242  67.922 0.0000000000
45346  -27.656  -37.595  67.314 0.0000000000
48346  -30.635  -34.994  79.411 0.0000000000
48347  -30.978  -35.259  78.958 0.0000000000
47256  -30.626  -35.947  79.091 0.0000000000
47257  -30.979  -35.698  78.728 0.0000000000
47285  -32.561  -35.506  76.445 0.0000000000
47284  -31.735  -35.377  77.112 0.0000000000
45230  -32.682  -36.858  76.524 0.0000000000
45219  -32.116  -36.598  76.911 0.0000000000
45218  -31.741  -36.626  76.953 0.0000000000
45217  -31.339  -36.632  76.811 0.0000000000
46268  -30.974  -36.615  76.816 0.0000000000
46289  -31.436  -36.641  76.343 0.0000000000
45258  -32.682  -37.365  74.805 0.0000000000
45257  -31.832  -37.207  74.429 0.0000000000
45269  -31.692  -37.354  73.372 0.0000000000
46305  -37.140  -37.117  74.222 0.0000000000
45262  -36.500  -37.144  74.925 0.0000000000
44218  -36.866  -37.481  74.586 0.0000000000
44216  -35.826  -37.863  74.460 0.0000000000
45272  -34.341  -37.695  74.395 0.0000000000
44227  -34.607  -37.985  73.474 0.0000000000
44256  -33.504  -38.496  71.487 0.0000000000
44240  -33.067  -38.084  72.362 0.0000000000
44239  -32.570  -37.962  72.175 0.0000000000
45294  -31.868  -37.755  71.981 0.0000000000
44255  -32.309  -38.097  71.583 0.0000000000
56535  -39.650  -26.366  65.653 0.0000000000
56536  -40.088  -26.163  66.038 0.0000000000
56520  -40.137  -25.920  66.258 0.0000000000
56474  -38.906  -26.535  69.311 0.0000000000
55463  -39.156  -27.456  68.869 0.0000000000
54487  -39.163  -28.082  66.691 0.0000000000
54502  -39.156  -28.159  66.139 0.0000000000
56727  -40.697  -26.950  52.202 0.0000000000
57831  -40.208  -25.330  50.925 0.0000000000
49317  -28.657  -32.957  82.083 0.0000000000
48302  -28.882  -33.721  81.605 0.0000000000
48319  -29.249  -34.174  81.116 0.0000000000
56675  -34.254  -26.147  56.691 0.0000000000
59839  -40.443  -23.818  60.362 0.0000000000
59858  -40.005  -23.872  59.944 0.0000000000
57725  -41.115  -25.367  58.865 0.0000000000
57742  -40.811  -25.888  58.168 0.0000000000
57727  -42.412  -26.115  59.581 0.0000000000
53384  -34.448  -28.694  76.258 0.0000000000
51468  -33.013  -31.665  65.671 0.0000000000
50503  -30.592  -32.247  64.840 0.0000000000
54576  -33.059  -28.465  59.138 0.0000000000
54581  -32.262  -28.466  58.056 0.0000000000
60997  -49.945  -22.942  55.725 0.0000000000
47253  -22.878  -36.019  78.859 0.0000000000
48364  -23.322  -34.913  77.019 0.0000000000
46311  -28.882  -36.033  72.983 0.0000000000
46324  -28.633  -36.012  72.377 0.0000000000
46337  -28.666  -36.315  71.507 0.0000000000
46350  -28.587  -36.702  70.195 0.0000000000
46351  -29.247  -37.068  70.562 0.0000000000
45306  -29.654  -37.565  70.249 0.0000000000
44274  -30.442  -38.248  70.137 0.0000000000
48408  -32.460  -34.858  74.139 0.0000000000
47320  -33.727  -35.500  74.166 0.0000000000
58739  -38.904  -24.819  63.917 0.0000000000
53431  -38.306  -28.914  72.895 0.0000000000
52494  -37.958  -30.125  67.766 0.0000000000
52478  -37.765  -30.427  68.589 0.0000000000
51460  -36.556  -30.660  67.131 0.0000000000
51471  -35.670  -31.158  66.575 0.0000000000
51486  -34.530  -31.145  64.559 0.0000000000
51493  -34.095  -31.179  63.840 0.0000000000
52520  -34.793  -30.635  64.328 0.0000000000
52526  -34.923  -30.354  64.199 0.0000000000
54527  -36.998  -28.168  64.022 0.0000000000
54526  -36.504  -28.223  63.497 0.0000000000
54540  -35.910  -28.100  62.656 0.0000000000
54548  -35.641  -28.167  62.063 0.0000000000
54547  -35.228  -28.308  61.542 0.0000000000
49337  -25.792  -32.836  80.964 0.0000000000
49353  -26.310  -33.391  80.619 0.0000000000
47245  -28.734  -35.652  79.636 0.0000000000
47255  -28.728  -35.732  78.711 0.0000000000
47268  -28.671  -35.812  77.751 0.0000000000
47283  -28.720  -35.650  76.771 0.0000000000
57739  -35.654  -25.611  58.084 0.0000000000
57740  -36.293  -25.105  58.461 0.0000000000
58859  -38.553  -24.894  57.163 0.0000000000
55596  -41.077  -27.554  57.222 0.0000000000
55607  -40.888  -27.954  56.349 0.0000000000
54590  -41.460  -28.254  56.314 0.0000000000
52366  -29.153  -30.495  77.339 0.0000000000
52385  -30.580  -30.119  74.933 0.0000000000
52384  -29.984  -30.234  75.323 0.0000000000
52394  -30.097  -30.509  74.601 0.0000000000
52402  -29.628  -31.053  74.338 0.0000000000
50418  -29.561  -32.505  73.419 0.0000000000
53441  -35.470  -29.558  71.333 0.0000000000
53427  -34.685  -29.718  71.966 0.0000000000
53440  -34.771  -29.620  71.396 0.0000000000
52431  -34.109  -29.798  71.228 0.0000000000
50457  -30.918  -32.181  69.365 0.0000000000
50448  -30.689  -32.695  70.115 0.0000000000
50456  -30.749  -32.818  69.635 0.0000000000
49505  -30.725  -33.450  69.867 0.0000000000
51509  -32.593  -31.232  61.669 0.0000000000
55279  -30.587  -27.664  81.040 0.0000000000
56361  -34.099  -26.640  78.153 0.0000000000
55325  -34.581  -27.051  77.780 0.0000000000
55385  -37.806  -27.164  74.603 0.0000000000
60810  -41.513  -22.174  68.144 0.0000000000
60811  -42.153  -21.828  67.924 0.0000000000
62016  -42.731  -21.430  64.474 0.0000000000
62034  -44.176  -21.782  63.895 0.0000000000
59775  -46.584  -23.471  64.118 0.0000000000
58732  -46.301  -24.363  64.252 0.0000000000
59774  -46.105  -23.662  64.402 0.0000000000
59786  -45.683  -23.899  64.308 0.0000000000
58742  -45.425  -24.685  63.718 0.0000000000
57676  -44.387  -25.510  62.230 0.0000000000
57692  -44.574  -26.258  62.086 0.0000000000
56595  -44.472  -26.702  61.224 0.0000000000
56632  -45.454  -26.344  59.674 0.0000000000
56681  -44.235  -25.956  56.907 0.0000000000
59863  -48.551  -24.175  58.987 0.0000000000
58830  -48.672  -24.576  58.822 0.0000000000
58863  -47.767  -24.685  56.515 0.0000000000
58893  -44.225  -24.340  53.449 0.0000000000
58903  -43.855  -24.368  53.002 0.0000000000
59924  -44.446  -24.100  53.218 0.0000000000
59935  -44.156  -23.997  52.729 0.0000000000
59948  -44.368  -23.391  51.775 0.0000000000
59963  -45.318  -22.653  50.752 0.0000000000
61111  -44.403  -22.444  48.755 0.0000000000
61059  -51.279  -23.199  52.361 0.0000000000
61126  -49.212  -23.357  47.764 0.0000000000
61116  -49.382  -23.074  48.357 0.0000000000
44196  -20.442  -38.564  76.753 0.0000000000
45267  -21.855  -37.040  74.347 0.0000000000
46309  -21.542  -37.036  72.856 0.0000000000
46321  -21.409  -37.234  72.147 0.0000000000
46347  -22.403  -36.355  70.515 0.0000000000
49416  -25.217  -33.605  76.297 0.0000000000
49456  -25.201  -33.678  74.016 0.0000000000
48466  -26.343  -34.765  70.083 0.0000000000
48465  -25.862  -34.493  70.584 0.0000000000
47389  -24.699  -34.919  69.445 0.0000000000
47402  -23.799  -35.451  68.676 0.0000000000
47423  -23.901  -35.646  66.865 0.0000000000
46404  -24.589  -36.494  66.142 0.0000000000
46405  -25.674  -36.860  66.326 0.0000000000
49384  -28.961  -33.426  78.470 0.0000000000
48357  -29.693  -34.296  78.956 0.0000000000
49385  -29.372  -33.924  78.366 0.0000000000
47271  -33.304  -36.314  76.593 0.0000000000
46254  -33.052  -36.408  76.694 0.0000000000
46271  -33.448  -36.554  76.486 0.0000000000
45245  -32.740  -37.212  75.802 0.0000000000
44242  -35.425  -38.503  72.478 0.0000000000
56562  -37.599  -26.484  63.303 0.0000000000
57648  -38.901  -25.461  64.446 0.0000000000
54429  -39.238  -28.421  70.701 0.0000000000
53473  -39.209  -29.310  69.437 0.0000000000
54457  -39.339  -28.279  68.387 0.0000000000
53503  -38.123  -29.845  67.480 0.0000000000
53521  -37.758  -29.737  66.873 0.0000000000
53536  -36.942  -29.782  66.037 0.0000000000
53548  -36.133  -29.819  64.839 0.0000000000
54501  -38.707  -28.192  65.645 0.0000000000
54515  -38.197  -28.195  65.077 0.0000000000
54514  -37.566  -28.208  64.583 0.0000000000
55509  -37.745  -27.579  64.314 0.0000000000
58914  -39.790  -25.273  50.213 0.0000000000
48300  -27.451  -33.889  81.761 0.0000000000
48317  -27.363  -34.240  81.310 0.0000000000
47221  -27.973  -34.834  80.896 0.0000000000
47211  -28.665  -34.244  81.438 0.0000000000
58807  -38.473  -24.039  59.417 0.0000000000
58825  -38.736  -24.329  58.501 0.0000000000
58843  -38.964  -24.776  57.788 0.0000000000
57761  -39.146  -25.303  57.225 0.0000000000
57778  -39.316  -25.734  56.892 0.0000000000
56676  -38.987  -26.050  56.309 0.0000000000
56646  -40.923  -26.359  58.020 0.0000000000
53374  -31.817  -28.696  77.452 0.0000000000
53391  -31.337  -29.807  75.097 0.0000000000
52396  -31.498  -30.088  73.916 0.0000000000
52474  -33.979  -30.489  68.626 0.0000000000
51442  -32.045  -31.611  67.747 0.0000000000
51455  -32.043  -31.806  67.132 0.0000000000
49525  -30.496  -33.573  68.077 0.0000000000
49529  -30.462  -33.127  67.353 0.0000000000
49532  -29.614  -33.555  66.047 0.0000000000
53587  -33.251  -29.918  60.667 0.0000000000
53598  -32.468  -29.818  59.744 0.0000000000
53597  -31.971  -29.869  59.377 0.0000000000
52563  -31.200  -30.094  58.499 0.0000000000
54574  -31.964  -28.886  58.172 0.0000000000
57667  -46.627  -25.052  63.621 0.0000000000
56564  -46.384  -25.714  63.348 0.0000000000
56597  -46.636  -26.385  61.906 0.0000000000
57680  -46.860  -25.711  62.105 0.0000000000
56598  -46.976  -25.974  61.985 0.0000000000
57709  -46.870  -26.309  60.356 0.0000000000
59886  -49.370  -23.489  57.725 0.0000000000
58865  -49.291  -24.246  56.936 0.0000000000
58876  -48.475  -24.502  55.808 0.0000000000
58886  -47.256  -23.996  54.583 0.0000000000
61084  -47.556  -22.252  50.410 0.0000000000
59966  -51.352  -23.733  50.824 0.0000000000
44198  -21.569  -37.973  77.739 0.0000000000
45215  -22.017  -37.527  77.959 0.0000000000
46265  -22.589  -37.107  76.500 0.0000000000
47265  -22.583  -36.543  76.889 0.0000000000
47280  -22.683  -36.487  76.189 0.0000000000
46283  -22.634  -36.835  75.634 0.0000000000
46298  -22.599  -36.295  75.268 0.0000000000
48404  -26.836  -33.927  74.103 0.0000000000
47351  -27.612  -35.283  71.969 0.0000000000
48454  -27.147  -34.940  71.433 0.0000000000
47406  -27.038  -36.261  68.123 0.0000000000
46377  -28.134  -37.117  68.241 0.0000000000
45316  -28.993  -37.273  69.371 0.0000000000
48382  -32.252  -34.965  75.931 0.0000000000
47286  -33.757  -36.078  76.211 0.0000000000
55582  -34.361  -27.291  58.466 0.0000000000
55595  -34.158  -27.067  57.936 0.0000000000
55583  -34.887  -27.001  58.615 0.0000000000
56611  -36.105  -26.291  60.379 0.0000000000
56627  -36.070  -25.774  59.714 0.0000000000
58805  -36.884  -24.888  59.889 0.0000000000
57674  -37.440  -25.675  62.527 0.0000000000
58752  -37.593  -25.125  62.415 0.0000000000
58767  -37.453  -25.010  61.920 0.0000000000
59838  -39.558  -23.734  60.355 0.0000000000
59840  -41.440  -23.824  60.734 0.0000000000
53406  -35.935  -28.890  74.544 0.0000000000
53458  -36.089  -29.574  71.080 0.0000000000
52446  -35.351  -29.688  70.399 0.0000000000
53459  -38.566  -29.744  70.266 0.0000000000
52449  -38.111  -30.163  70.404 0.0000000000
52461  -36.734  -30.279  69.525 0.0000000000
52490  -34.391  -30.672  67.978 0.0000000000
51470  -34.900  -31.445  66.395 0.0000000000
51469  -33.918  -31.542  66.121 0.0000000000
50505  -32.464  -31.696  64.388 0.0000000000
51483  -32.325  -31.701  63.721 0.0000000000
50510  -31.647  -31.758  63.487 0.0000000000
51491  -32.938  -31.661  63.193 0.0000000000
51499  -33.467  -31.264  62.714 0.0000000000
51510  -33.141  -31.124  62.081 0.0000000000
52536  -33.252  -30.545  61.504 0.0000000000
53577  -33.496  -30.124  61.270 0.0000000000
53560  -35.215  -29.786  63.896 0.0000000000
53578  -33.912  -29.825  61.710 0.0000000000
54555  -33.667  -28.927  60.280 0.0000000000
54567  -33.973  -28.482  59.985 0.0000000000
54557  -34.838  -28.369  60.963 0.0000000000
59921  -50.919  -23.323  53.642 0.0000000000
61019  -51.086  -22.723  53.881 0.0000000000
61040  -51.150  -22.732  53.006 0.0000000000
61058  -51.142  -22.606  52.425 0.0000000000
61074  -51.132  -22.561  51.653 0.0000000000
63273  -49.881  -20.293  52.401 0.0000000000
62218  -49.988  -21.195  52.186 0.0000000000
61087  -51.033  -22.408  50.976 0.0000000000
61101  -51.052  -22.490  50.237 0.0000000000
62259  -50.801  -21.660  49.424 0.0000000000
61102  -51.657  -22.854  49.594 0.0000000000
49365  -24.337  -33.461  78.883 0.0000000000
49382  -25.256  -33.334  78.305 0.0000000000
49417  -26.020  -33.392  76.702 0.0000000000
48356  -27.390  -34.729  78.809 0.0000000000
46299  -28.451  -35.443  73.989 0.0000000000
46285  -28.463  -35.483  74.399 0.0000000000
46312  -29.469  -36.316  73.237 0.0000000000
47354  -33.398  -35.472  72.463 0.0000000000
56660  -34.386  -26.658  57.631 0.0000000000
57758  -34.869  -25.770  57.037 0.0000000000
57773  -34.659  -25.564  56.189 0.0000000000
58857  -36.514  -24.877  56.565 0.0000000000
55621  -40.477  -28.150  55.459 0.0000000000
55650  -41.341  -28.161  53.385 0.0000000000
56716  -41.756  -27.311  53.819 0.0000000000
50349  -28.672  -32.159  80.976 0.0000000000
51321  -28.881  -31.359  80.879 0.0000000000
51320  -28.705  -31.518  80.448 0.0000000000
51329  -28.732  -31.753  79.043 0.0000000000
50355  -28.749  -32.384  79.015 0.0000000000
50363  -28.712  -32.932  78.212 0.0000000000
50373  -28.865  -33.290  77.579 0.0000000000
49420  -29.338  -33.504  76.521 0.0000000000
52373  -28.811  -30.854  76.968 0.0000000000
52383  -29.378  -30.780  75.705 0.0000000000
51363  -28.978  -31.244  76.082 0.0000000000
51362  -28.612  -31.523  76.744 0.0000000000
50382  -28.707  -32.565  76.249 0.0000000000
49421  -30.023  -33.818  76.038 0.0000000000
48423  -30.932  -34.256  74.221 0.0000000000
49459  -29.676  -33.289  73.890 0.0000000000
48440  -32.363  -34.791  72.066 0.0000000000
53416  -33.120  -29.887  73.494 0.0000000000
52407  -33.363  -30.058  72.796 0.0000000000
52416  -31.157  -30.500  72.567 0.0000000000
52443  -32.471  -30.364  70.563 0.0000000000
52442  -31.617  -30.622  70.720 0.0000000000
52428  -31.254  -30.611  71.565 0.0000000000
52427  -30.624  -30.948  72.061 0.0000000000
49483  -30.652  -33.305  71.570 0.0000000000
52546  -31.818  -30.623  60.146 0.0000000000
57605  -40.134  -25.180  67.460 0.0000000000
57593  -39.706  -25.106  67.973 0.0000000000
59739  -39.890  -23.809  68.569 0.0000000000
45206  -22.059  -37.406  78.922 0.0000000000
46219  -22.559  -36.688  79.482 0.0000000000
47243  -22.773  -35.872  79.673 0.0000000000
48330  -22.887  -34.904  80.069 0.0000000000
50340  -24.891  -32.703  80.850 0.0000000000
49325  -25.299  -32.656  81.260 0.0000000000
48298  -26.167  -33.110  81.582 0.0000000000
48280  -26.348  -33.327  82.030 0.0000000000
48266  -26.619  -33.131  82.349 0.0000000000
48281  -27.003  -33.604  82.224 0.0000000000
48267  -27.278  -33.228  82.532 0.0000000000
49315  -27.872  -33.162  82.675 0.0000000000
49316  -28.188  -32.945  82.609 0.0000000000
50321  -28.339  -32.625  82.125 0.0000000000
50330  -28.614  -32.435  81.610 0.0000000000
53343  -30.154  -29.202  79.844 0.0000000000
53354  -30.878  -28.717  79.018 0.0000000000
53356  -31.946  -27.930  79.192 0.0000000000
54331  -32.038  -28.319  78.429 0.0000000000
54338  -32.584  -28.441  77.940 0.0000000000
54340  -34.357  -28.055  77.400 0.0000000000
53385  -35.409  -28.499  76.158 0.0000000000
55351  -36.167  -27.273  76.424 0.0000000000
53396  -36.625  -28.271  75.304 0.0000000000
54369  -38.048  -27.779  74.353 0.0000000000
53409  -38.180  -28.137  74.111 0.0000000000
53421  -38.233  -28.457  73.706 0.0000000000
54397  -38.690  -28.298  73.107 0.0000000000
54398  -39.009  -27.904  72.512 0.0000000000
55418  -39.389  -27.319  72.038 0.0000000000
56437  -39.573  -26.398  72.457 0.0000000000
55429  -39.386  -27.541  71.143 0.0000000000
56460  -39.189  -26.707  70.480 0.0000000000
58709  -40.864  -24.381  66.756 0.0000000000
58710  -41.281  -23.824  66.924 0.0000000000
59756  -40.960  -23.802  66.349 0.0000000000
59772  -41.108  -23.071  65.293 0.0000000000
63069  -42.709  -20.718  67.707 0.0000000000
61981  -43.227  -20.501  67.136 0.0000000000
60826  -42.364  -21.803  66.740 0.0000000000
60841  -41.143  -22.655  64.631 0.0000000000
60855  -41.122  -22.508  64.186 0.0000000000
60870  -41.236  -22.482  63.372 0.0000000000
60871  -41.891  -22.346  62.875 0.0000000000
62032  -42.454  -21.639  63.946 0.0000000000
59822  -42.732  -23.835  61.375 0.0000000000
62018  -44.707  -21.631  64.403 0.0000000000
59784  -44.287  -23.326  63.224 0.0000000000
57706  -42.825  -26.056  60.073 0.0000000000
56612  -42.843  -26.572  59.893 0.0000000000
56629  -42.503  -26.757  59.569 0.0000000000
55570  -42.536  -27.407  59.295 0.0000000000
55585  -42.713  -27.820  58.559 0.0000000000
55559  -43.921  -27.123  60.435 0.0000000000
55609  -42.520  -27.695  56.511 0.0000000000
56680  -43.303  -26.855  56.922 0.0000000000
56692  -42.594  -26.957  55.932 0.0000000000
57809  -42.371  -25.647  53.547 0.0000000000
57767  -47.916  -25.380  58.315 0.0000000000
57791  -44.253  -25.105  55.553 0.0000000000
57801  -43.059  -25.409  54.412 0.0000000000
57820  -42.333  -25.209  52.768 0.0000000000
58900  -42.041  -24.951  52.211 0.0000000000
58909  -42.962  -24.282  52.294 0.0000000000
58908  -42.516  -24.365  51.991 0.0000000000
59945  -42.028  -24.179  51.327 0.0000000000
59970  -41.823  -23.763  50.313 0.0000000000
59972  -43.379  -23.045  49.940 0.0000000000
59951  -49.314  -23.429  52.300 0.0000000000
59952  -49.971  -23.533  51.976 0.0000000000
61098  -47.023  -21.995  49.626 0.0000000000
61100  -49.400  -22.685  49.580 0.0000000000
62257  -46.813  -21.858  49.218 0.0000000000
44207  -21.041  -38.194  76.354 0.0000000000
45254  -21.317  -37.422  74.712 0.0000000000
45303  -20.045  -37.813  70.539 0.0000000000
45314  -20.331  -37.507  69.715 0.0000000000
49397  -23.649  -34.235  76.991 0.0000000000
49415  -24.418  -33.973  75.918 0.0000000000
48402  -23.503  -34.980  74.634 0.0000000000
47333  -23.199  -35.294  73.623 0.0000000000
49458  -26.341  -33.756  73.987 0.0000000000
48420  -25.367  -33.752  73.309 0.0000000000
48435  -24.660  -34.319  72.595 0.0000000000
47349  -23.099  -35.646  72.249 0.0000000000
46336  -22.761  -36.049  71.291 0.0000000000
46373  -22.803  -35.781  68.662 0.0000000000
46372  -21.991  -36.129  68.953 0.0000000000
46391  -26.641  -36.620  67.058 0.0000000000
50341  -29.053  -32.603  81.063 0.0000000000
48345  -29.857  -34.397  79.492 0.0000000000
48334  -30.327  -35.211  79.902 0.0000000000
47235  -30.084  -35.558  80.104 0.0000000000
46207  -30.168  -35.938  79.866 0.0000000000
46236  -31.259  -36.069  78.122 0.0000000000
45243  -31.214  -36.894  74.917 0.0000000000
47356  -34.773  -35.939  73.187 0.0000000000
47340  -34.985  -36.065  73.705 0.0000000000
46314  -35.642  -36.284  73.759 0.0000000000
46291  -35.828  -36.653  74.992 0.0000000000
45248  -35.721  -36.950  75.314 0.0000000000
44217  -36.533  -37.675  74.583 0.0000000000
45260  -34.730  -37.470  74.986 0.0000000000
45271  -33.506  -37.640  73.980 0.0000000000
45282  -33.009  -37.775  73.158 0.0000000000
45280  -31.484  -37.509  72.399 0.0000000000
45279  -30.802  -37.331  72.078 0.0000000000
45228  -31.517  -36.667  76.886 0.0000000000
45249  -36.196  -36.868  75.103 0.0000000000
45263  -37.048  -37.304  74.456 0.0000000000
45345  -27.146  -37.121  66.986 0.0000000000
46222  -30.285  -36.036  79.418 0.0000000000
46269  -31.459  -36.693  76.769 0.0000000000
46270  -33.077  -36.739  76.593 0.0000000000
46272  -34.217  -36.585  76.039 0.0000000000
46284  -22.633  -36.389  75.601 0.0000000000
46292  -36.393  -36.828  74.952 0.0000000000
46303  -35.954  -36.450  74.345 0.0000000000
46389  -25.153  -36.049  66.817 0.0000000000
46392  -27.296  -36.953  67.303 0.0000000000
47247  -30.811  -35.364  79.157 0.0000000000
47319  -28.418  -35.494  73.714 0.0000000000
47322  -35.229  -36.260  74.365 0.0000000000
47337  -33.090  -35.343  72.924 0.0000000000
47348  -22.522  -36.072  72.337 0.0000000000
47366  -26.981  -35.118  70.955 0.0000000000
47387  -23.165  -35.651  69.421 0.0000000000
47424  -24.193  -35.886  66.530 0.0000000000
48268  -27.642  -33.223  82.607 0.0000000000
48279  -25.707  -32.747  81.730 0.0000000000
48284  -28.795  -33.231  81.883 0.0000000000
48365  -23.694  -34.304  76.744 0.0000000000
48379  -29.687  -33.999  76.980 0.0000000000
48426  -33.085  -35.323  73.280 0.0000000000
48464  -25.242  -34.414  70.888 0.0000000000
49304  -28.000  -32.600  82.840 0.0000000000
49327  -29.012  -32.792  81.458 0.0000000000
49338  -26.390  -33.285  81.117 0.0000000000
49368  -28.902  -33.285  78.862 0.0000000000
49369  -29.326  -33.792  79.285 0.0000000000
49401  -26.863  -33.929  77.451 0.0000000000
49402  -28.931  -33.313  77.090 0.0000000000
49403  -29.371  -33.783  77.441 0.0000000000
49404  -29.849  -34.212  77.769 0.0000000000
49446  -27.023  -33.831  74.678 0.0000000000
49457  -25.955  -33.636  73.971 0.0000000000
50326  -23.641  -32.942  81.190 0.0000000000
50339  -24.129  -32.767  80.793 0.0000000000
50342  -28.937  -32.519  81.236 0.0000000000
50394  -28.676  -32.142  75.714 0.0000000000
51341  -28.729  -31.218  78.162 0.0000000000
51352  -28.821  -30.988  77.805 0.0000000000
51479  -35.950  -31.058  66.157 0.0000000000
52346  -28.640  -31.150  78.896 0.0000000000
52374  -29.199  -30.574  76.456 0.0000000000
52375  -29.686  -30.208  75.917 0.0000000000
52433  -36.673  -29.673  71.049 0.0000000000
52495  -38.330  -29.958  68.003 0.0000000000
52557  -32.106  -30.346  59.944 0.0000000000
53366  -31.940  -28.094  79.006 0.0000000000
53386  -35.858  -28.299  76.097 0.0000000000
53457  -35.863  -29.591  70.853 0.0000000000
53472  -38.805  -29.626  69.670 0.0000000000
54330  -31.798  -28.404  78.385 0.0000000000
54337  -31.945  -28.410  78.146 0.0000000000
54472  -39.017  -28.773  67.176 0.0000000000
55548  -43.631  -26.995  60.711 0.0000000000
55566  -33.748  -28.175  59.326 0.0000000000
56648  -44.012  -27.071  58.634 0.0000000000
57650  -46.464  -24.738  64.093 0.0000000000
58700  -41.100  -23.971  67.171 0.0000000000
58720  -40.018  -25.281  65.486 0.0000000000
58783  -36.843  -25.011  60.295 0.0000000000
58902  -43.388  -24.352  52.655 0.0000000000
59741  -41.300  -22.762  67.679 0.0000000000
59946  -42.347  -24.072  51.460 0.0000000000
59959  -41.944  -24.011  51.059 0.0000000000
61974  -42.485  -21.213  67.792 0.0000000000
62245  -46.068  -21.909  49.945 0.0000000000
62255  -45.745  -21.994  49.119 0.0000000000
62256  -46.385  -21.893  49.507 0.0000000000
62265  -45.813  -22.075  48.706 0.0000000000
62267  -46.630  -21.832  49.038 0.0000000000
