#!ascii label  , from subject 3072 vox2ras=TkReg
883
55507  -32.293  -27.832  64.683 0.0000000000
49502  -19.309  -33.967  69.593 0.0000000000
54495  -24.258  -29.359  65.876 0.0000000000
72285  -35.909  -11.821  47.197 0.0000000000
74960  -39.781  -8.597  43.706 0.0000000000
49439  -12.593  -32.796  74.073 0.0000000000
69313  -34.480  -14.961  50.329 0.0000000000
57673  -33.971  -25.269  62.402 0.0000000000
53544  -28.354  -29.886  64.433 0.0000000000
49478  -15.675  -33.255  70.993 0.0000000000
47311  -15.335  -36.182  74.301 0.0000000000
55520  -28.567  -26.970  62.755 0.0000000000
57686  -29.173  -25.694  61.005 0.0000000000
51467  -21.823  -31.252  66.994 0.0000000000
57658  -25.116  -25.935  63.373 0.0000000000
62223  -31.942  -20.899  51.559 0.0000000000
64327  -35.635  -19.483  49.552 0.0000000000
66372  -38.082  -17.786  47.998 0.0000000000
44162  -9.153  -38.748  78.527 0.0000000000
42151  -7.694  -40.340  82.962 0.0000000000
59850  -27.525  -24.173  59.617 0.0000000000
60958  -27.443  -22.192  56.795 0.0000000000
63249  -29.143  -20.924  54.004 0.0000000000
45239  -12.478  -37.574  75.386 0.0000000000
48449  -19.400  -34.086  71.659 0.0000000000
49481  -21.398  -33.484  71.041 0.0000000000
54482  -30.893  -28.921  65.694 0.0000000000
51430  -17.967  -31.175  69.335 0.0000000000
49500  -17.242  -33.947  69.594 0.0000000000
47374  -17.242  -34.996  71.582 0.0000000000
56529  -28.443  -26.447  65.465 0.0000000000
55518  -27.112  -27.107  63.360 0.0000000000
65329  -31.876  -18.844  51.322 0.0000000000
62238  -33.528  -20.947  50.724 0.0000000000
65344  -33.288  -18.634  49.836 0.0000000000
67373  -36.002  -16.400  47.938 0.0000000000
69327  -37.290  -14.837  46.998 0.0000000000
67377  -39.570  -16.691  47.091 0.0000000000
70361  -37.617  -13.415  46.538 0.0000000000
71396  -38.795  -12.474  45.759 0.0000000000
60864  -27.971  -23.139  63.532 0.0000000000
58780  -28.141  -24.611  61.048 0.0000000000
60879  -26.053  -22.522  62.163 0.0000000000
63178  -25.784  -20.127  58.544 0.0000000000
64252  -26.567  -19.394  56.560 0.0000000000
62164  -28.549  -21.333  55.687 0.0000000000
65304  -27.502  -18.242  54.277 0.0000000000
65310  -28.484  -18.471  52.927 0.0000000000
53528  -22.175  -29.139  65.447 0.0000000000
47274  -10.624  -35.457  76.267 0.0000000000
47325  -11.839  -35.423  73.847 0.0000000000
39908  -6.919  -42.750  85.344 0.0000000000
38879  -5.477  -42.743  86.173 0.0000000000
67348  -33.612  -16.678  50.494 0.0000000000
59816  -33.174  -23.766  61.258 0.0000000000
53541  -25.485  -30.311  64.811 0.0000000000
50422  -14.099  -33.231  72.160 0.0000000000
46320  -13.527  -35.993  72.604 0.0000000000
47361  -15.128  -35.379  71.778 0.0000000000
74970  -40.762  -8.430  42.289 0.0000000000
54523  -30.634  -28.609  63.256 0.0000000000
55543  -30.559  -27.380  61.563 0.0000000000
56573  -29.300  -26.687  61.968 0.0000000000
51440  -18.902  -30.888  67.875 0.0000000000
50466  -20.612  -33.000  67.659 0.0000000000
52485  -19.917  -30.557  66.960 0.0000000000
54478  -20.244  -28.633  65.717 0.0000000000
55502  -21.648  -27.535  63.777 0.0000000000
58725  -22.786  -24.622  64.543 0.0000000000
54519  -23.439  -28.332  62.892 0.0000000000
54531  -25.726  -28.865  62.545 0.0000000000
53556  -28.575  -29.613  63.364 0.0000000000
61003  -32.768  -22.613  54.156 0.0000000000
66362  -34.172  -17.548  49.051 0.0000000000
65359  -37.106  -18.978  48.949 0.0000000000
72302  -40.087  -11.783  44.987 0.0000000000
43131  -8.461  -39.362  80.581 0.0000000000
39951  -8.314  -42.384  82.484 0.0000000000
56589  -31.743  -26.578  60.983 0.0000000000
57721  -31.467  -25.188  59.701 0.0000000000
59853  -30.765  -23.656  59.213 0.0000000000
62084  -25.176  -21.450  59.719 0.0000000000
60919  -27.164  -22.887  58.114 0.0000000000
60922  -29.961  -22.344  58.579 0.0000000000
62118  -30.217  -21.739  57.582 0.0000000000
62144  -31.267  -20.937  56.170 0.0000000000
62180  -31.276  -21.952  54.633 0.0000000000
62187  -29.944  -21.089  52.675 0.0000000000
65318  -29.983  -18.485  52.248 0.0000000000
50447  -22.482  -32.403  69.933 0.0000000000
47249  -9.833  -35.669  78.444 0.0000000000
45211  -10.572  -38.303  76.753 0.0000000000
47291  -14.004  -36.330  74.894 0.0000000000
39939  -4.699  -42.305  83.377 0.0000000000
48477  -19.261  -34.141  70.231 0.0000000000
49480  -20.288  -33.754  71.398 0.0000000000
49492  -20.362  -33.689  70.285 0.0000000000
54497  -31.493  -28.487  65.281 0.0000000000
50464  -18.120  -32.617  68.506 0.0000000000
50452  -17.372  -33.111  69.119 0.0000000000
49501  -18.247  -34.119  69.471 0.0000000000
48475  -17.939  -34.472  70.134 0.0000000000
66340  -32.331  -17.973  51.136 0.0000000000
65330  -32.224  -18.923  50.898 0.0000000000
66354  -32.938  -17.792  50.402 0.0000000000
71375  -35.076  -12.651  48.421 0.0000000000
70354  -35.311  -13.692  47.648 0.0000000000
70355  -36.253  -13.621  47.198 0.0000000000
69334  -37.498  -14.184  46.749 0.0000000000
71387  -36.665  -12.637  46.675 0.0000000000
72293  -36.906  -11.686  46.412 0.0000000000
60863  -27.047  -22.879  63.263 0.0000000000
65279  -26.845  -18.274  57.419 0.0000000000
65293  -26.705  -18.125  56.158 0.0000000000
66317  -27.639  -16.952  55.936 0.0000000000
67293  -27.662  -16.704  54.718 0.0000000000
54479  -22.839  -28.852  66.024 0.0000000000
54464  -23.204  -29.498  66.925 0.0000000000
54481  -24.466  -29.506  66.933 0.0000000000
48386  -11.478  -34.213  75.109 0.0000000000
49438  -11.937  -33.509  74.187 0.0000000000
73197  -40.404  -10.585  44.013 0.0000000000
39907  -6.363  -42.468  85.870 0.0000000000
57646  -34.700  -25.017  63.905 0.0000000000
58766  -33.812  -24.494  61.731 0.0000000000
53532  -26.974  -30.613  65.313 0.0000000000
53517  -28.595  -30.054  66.930 0.0000000000
50435  -16.026  -32.694  71.009 0.0000000000
50425  -15.925  -31.854  71.906 0.0000000000
51401  -15.333  -31.985  72.542 0.0000000000
49477  -15.216  -33.278  71.323 0.0000000000
48444  -14.661  -34.443  71.334 0.0000000000
48445  -15.490  -34.903  71.187 0.0000000000
48432  -18.316  -34.750  72.930 0.0000000000
48431  -17.474  -35.264  73.051 0.0000000000
54535  -29.731  -28.356  62.415 0.0000000000
55535  -30.192  -27.924  62.063 0.0000000000
56560  -28.799  -26.420  62.592 0.0000000000
53493  -19.154  -29.812  68.165 0.0000000000
52484  -19.237  -30.434  67.680 0.0000000000
53494  -19.556  -29.542  67.408 0.0000000000
55480  -20.160  -27.679  66.268 0.0000000000
56507  -20.253  -26.821  65.744 0.0000000000
55500  -20.641  -27.705  64.687 0.0000000000
56524  -20.578  -26.230  64.933 0.0000000000
56509  -25.249  -25.082  65.355 0.0000000000
57641  -24.561  -25.056  63.881 0.0000000000
56554  -22.814  -26.318  62.976 0.0000000000
56570  -24.144  -27.178  62.584 0.0000000000
54530  -24.510  -28.324  62.594 0.0000000000
55530  -25.385  -27.361  62.668 0.0000000000
55519  -27.896  -26.891  63.104 0.0000000000
55532  -27.486  -27.754  62.735 0.0000000000
54533  -28.068  -28.503  62.573 0.0000000000
53557  -29.510  -29.148  63.331 0.0000000000
61045  -32.139  -22.072  52.528 0.0000000000
61027  -34.391  -22.789  53.180 0.0000000000
62205  -33.468  -22.020  51.775 0.0000000000
64307  -34.248  -19.984  49.949 0.0000000000
63281  -35.199  -21.376  50.675 0.0000000000
68351  -34.066  -15.825  49.947 0.0000000000
67355  -33.745  -16.735  49.527 0.0000000000
68357  -34.382  -16.044  49.329 0.0000000000
67374  -36.902  -16.494  47.814 0.0000000000
66370  -36.218  -17.493  48.362 0.0000000000
65372  -37.697  -18.575  48.529 0.0000000000
64343  -38.393  -19.228  48.680 0.0000000000
71397  -39.888  -12.512  45.442 0.0000000000
72301  -39.188  -11.594  45.208 0.0000000000
73195  -39.176  -10.682  44.900 0.0000000000
46211  -9.004  -36.784  79.512 0.0000000000
45178  -8.768  -37.407  80.056 0.0000000000
44155  -8.784  -38.695  79.665 0.0000000000
41115  -9.024  -41.389  80.781 0.0000000000
39930  -8.344  -42.980  83.980 0.0000000000
56587  -29.755  -26.580  61.178 0.0000000000
55544  -31.561  -27.164  61.610 0.0000000000
56606  -29.751  -26.075  60.611 0.0000000000
58799  -27.841  -24.538  60.437 0.0000000000
57719  -29.947  -25.096  59.473 0.0000000000
58801  -29.294  -24.791  59.526 0.0000000000
58803  -31.205  -24.483  59.397 0.0000000000
59851  -28.640  -24.158  59.272 0.0000000000
63154  -25.936  -19.669  59.951 0.0000000000
62139  -26.310  -21.544  56.924 0.0000000000
62116  -25.927  -21.804  57.728 0.0000000000
60934  -26.758  -22.347  57.372 0.0000000000
60920  -28.028  -23.112  58.224 0.0000000000
60936  -28.609  -22.671  57.728 0.0000000000
60938  -30.024  -22.057  58.165 0.0000000000
62142  -29.316  -22.055  56.688 0.0000000000
63238  -28.849  -20.937  54.895 0.0000000000
62165  -29.584  -21.466  55.591 0.0000000000
63239  -29.705  -21.196  54.794 0.0000000000
62167  -31.784  -21.237  55.516 0.0000000000
63250  -29.781  -21.436  54.266 0.0000000000
61001  -31.084  -22.166  53.720 0.0000000000
62178  -29.800  -21.378  53.535 0.0000000000
66323  -29.373  -16.866  52.867 0.0000000000
65317  -29.173  -18.526  52.562 0.0000000000
67318  -30.638  -16.610  52.497 0.0000000000
50479  -21.392  -32.005  67.184 0.0000000000
50454  -21.603  -32.806  68.510 0.0000000000
51441  -22.516  -31.528  68.208 0.0000000000
46278  -11.407  -36.948  75.239 0.0000000000
46257  -10.470  -36.762  76.251 0.0000000000
45222  -10.799  -38.071  76.225 0.0000000000
47328  -14.984  -36.211  73.328 0.0000000000
47327  -13.849  -36.277  73.105 0.0000000000
47292  -14.759  -36.310  74.980 0.0000000000
48433  -19.142  -34.296  72.742 0.0000000000
48434  -19.891  -33.903  72.631 0.0000000000
49468  -21.254  -33.482  72.110 0.0000000000
49469  -22.103  -33.271  72.001 0.0000000000
53534  -29.187  -29.632  65.321 0.0000000000
53518  -29.206  -29.686  66.420 0.0000000000
51422  -17.748  -31.102  70.620 0.0000000000
50444  -16.993  -32.866  70.288 0.0000000000
49499  -16.696  -34.193  70.084 0.0000000000
48460  -16.595  -34.693  70.601 0.0000000000
48474  -17.168  -34.570  70.146 0.0000000000
48448  -18.440  -34.505  71.874 0.0000000000
56544  -28.206  -26.335  64.202 0.0000000000
57659  -28.455  -26.017  63.624 0.0000000000
56526  -25.732  -25.736  64.969 0.0000000000
55517  -26.258  -26.734  63.499 0.0000000000
56543  -27.585  -26.643  64.399 0.0000000000
64293  -31.515  -19.587  51.552 0.0000000000
63280  -32.694  -20.787  51.108 0.0000000000
64305  -32.559  -19.806  50.791 0.0000000000
64306  -33.336  -19.675  50.216 0.0000000000
64325  -33.861  -19.229  49.696 0.0000000000
68358  -34.810  -15.903  48.751 0.0000000000
69325  -35.345  -14.824  47.937 0.0000000000
68366  -36.118  -15.662  47.624 0.0000000000
67375  -37.801  -16.412  47.368 0.0000000000
66383  -39.408  -17.323  47.527 0.0000000000
68368  -38.035  -15.562  47.010 0.0000000000
68375  -38.522  -15.108  46.847 0.0000000000
69336  -39.455  -14.479  46.165 0.0000000000
70362  -38.358  -13.380  46.250 0.0000000000
72294  -37.725  -11.548  46.035 0.0000000000
43167  -9.977  -39.607  78.212 0.0000000000
43153  -9.296  -39.918  79.063 0.0000000000
42203  -10.195  -40.619  79.481 0.0000000000
59814  -28.307  -24.386  62.522 0.0000000000
58764  -28.565  -24.813  61.890 0.0000000000
59813  -28.076  -24.335  62.030 0.0000000000
59812  -27.426  -24.065  61.863 0.0000000000
59832  -26.483  -23.767  60.311 0.0000000000
64221  -26.341  -19.331  58.912 0.0000000000
65262  -26.639  -18.517  58.455 0.0000000000
64251  -26.373  -19.866  57.260 0.0000000000
63218  -26.377  -20.588  56.631 0.0000000000
62163  -27.627  -21.124  55.765 0.0000000000
63219  -26.939  -20.415  55.858 0.0000000000
63237  -27.785  -20.324  55.100 0.0000000000
64269  -27.825  -19.532  54.151 0.0000000000
64276  -28.150  -19.307  53.512 0.0000000000
65309  -27.874  -18.293  53.496 0.0000000000
53513  -22.103  -29.842  66.429 0.0000000000
52486  -22.570  -30.572  67.619 0.0000000000
53495  -22.861  -29.751  67.483 0.0000000000
48385  -11.375  -34.954  75.058 0.0000000000
46295  -11.628  -36.654  74.808 0.0000000000
42141  -7.353  -40.879  83.670 0.0000000000
42131  -6.912  -40.402  84.132 0.0000000000
41060  -6.404  -41.539  85.044 0.0000000000
41059  -6.041  -41.184  85.691 0.0000000000
39905  -5.017  -41.291  86.025 0.0000000000
60881  -32.566  -22.846  61.079 0.0000000000
53540  -24.840  -29.857  65.335 0.0000000000
53529  -24.985  -29.733  66.423 0.0000000000
50398  -14.407  -32.124  73.518 0.0000000000
49452  -13.826  -32.493  73.050 0.0000000000
48413  -12.728  -34.476  72.957 0.0000000000
48429  -13.385  -34.395  72.469 0.0000000000
47345  -14.631  -35.794  72.449 0.0000000000
47329  -15.984  -36.021  73.536 0.0000000000
47362  -16.120  -35.400  71.783 0.0000000000
47347  -16.567  -35.690  72.765 0.0000000000
47313  -17.045  -35.706  74.746 0.0000000000
74961  -40.228  -8.237  43.114 0.0000000000
54511  -31.506  -28.317  64.420 0.0000000000
55522  -32.428  -27.483  63.518 0.0000000000
54537  -30.981  -28.419  62.967 0.0000000000
55542  -29.762  -27.302  61.676 0.0000000000
57671  -28.830  -25.649  62.284 0.0000000000
57661  -29.364  -25.108  63.652 0.0000000000
58750  -29.431  -25.007  63.154 0.0000000000
58749  -28.864  -24.773  63.150 0.0000000000
60865  -28.405  -23.749  63.442 0.0000000000
50465  -18.910  -32.862  67.877 0.0000000000
49515  -20.292  -33.384  68.177 0.0000000000
50477  -19.382  -32.436  67.514 0.0000000000
51452  -20.438  -31.369  66.865 0.0000000000
52500  -20.640  -30.616  66.463 0.0000000000
54463  -19.876  -28.622  66.761 0.0000000000
53511  -20.090  -29.721  66.154 0.0000000000
53512  -20.962  -29.996  65.956 0.0000000000
53527  -21.403  -29.225  65.503 0.0000000000
54492  -21.805  -28.710  64.754 0.0000000000
54493  -22.685  -28.822  64.890 0.0000000000
57625  -21.955  -24.641  65.022 0.0000000000
57654  -21.719  -25.428  63.765 0.0000000000
55514  -22.189  -27.217  63.184 0.0000000000
54508  -23.415  -28.880  64.120 0.0000000000
54520  -24.547  -29.282  63.340 0.0000000000
53553  -25.507  -30.139  63.645 0.0000000000
53554  -26.587  -30.080  63.604 0.0000000000
55531  -26.495  -27.740  62.731 0.0000000000
54532  -27.051  -28.637  62.620 0.0000000000
53545  -29.324  -29.477  64.236 0.0000000000
54510  -30.784  -28.733  63.919 0.0000000000
52468  -18.229  -30.738  68.940 0.0000000000
62226  -34.145  -21.793  51.328 0.0000000000
67347  -33.337  -17.265  50.391 0.0000000000
66361  -33.499  -17.705  49.649 0.0000000000
65357  -35.045  -18.382  48.947 0.0000000000
67363  -35.179  -16.648  48.437 0.0000000000
65370  -35.820  -18.006  48.663 0.0000000000
64328  -36.692  -19.555  49.382 0.0000000000
64329  -37.787  -19.671  49.244 0.0000000000
72303  -40.635  -11.759  44.752 0.0000000000
73196  -39.743  -10.564  44.488 0.0000000000
74100  -39.484  -9.025  43.910 0.0000000000
44139  -8.489  -38.054  81.957 0.0000000000
42163  -8.035  -39.694  82.376 0.0000000000
42187  -8.822  -40.805  80.438 0.0000000000
42175  -8.538  -40.681  81.073 0.0000000000
41095  -7.858  -41.439  82.541 0.0000000000
39929  -7.696  -42.377  83.690 0.0000000000
55537  -32.513  -27.106  62.369 0.0000000000
55545  -32.261  -26.700  61.568 0.0000000000
56590  -32.474  -25.998  61.192 0.0000000000
57700  -29.766  -25.639  59.998 0.0000000000
57702  -31.667  -25.650  60.174 0.0000000000
57687  -33.164  -25.177  61.155 0.0000000000
58804  -32.283  -24.551  59.741 0.0000000000
59835  -32.221  -23.271  60.172 0.0000000000
60908  -31.411  -22.801  59.878 0.0000000000
60878  -25.387  -22.196  61.241 0.0000000000
59831  -25.708  -23.151  59.880 0.0000000000
63165  -25.417  -20.685  59.137 0.0000000000
60917  -25.744  -22.345  58.723 0.0000000000
59870  -27.365  -23.405  58.733 0.0000000000
59871  -28.259  -23.673  58.826 0.0000000000
60907  -30.275  -22.806  59.061 0.0000000000
62143  -30.384  -21.481  56.398 0.0000000000
61002  -31.808  -22.519  54.018 0.0000000000
61023  -31.191  -21.877  53.224 0.0000000000
62202  -30.570  -21.041  52.216 0.0000000000
63261  -28.984  -20.097  52.625 0.0000000000
63263  -30.361  -20.276  51.936 0.0000000000
63264  -31.077  -20.424  51.773 0.0000000000
65320  -31.415  -18.713  51.575 0.0000000000
66331  -31.748  -17.613  51.726 0.0000000000
49504  -21.098  -33.334  68.871 0.0000000000
50438  -22.020  -33.048  70.382 0.0000000000
51432  -23.026  -31.594  69.551 0.0000000000
45191  -9.552  -36.837  78.533 0.0000000000
47261  -10.017  -35.210  77.412 0.0000000000
46239  -10.031  -36.519  77.099 0.0000000000
45209  -9.767  -38.215  77.423 0.0000000000
44169  -10.439  -39.153  77.660 0.0000000000
47326  -12.730  -35.813  73.253 0.0000000000
47309  -13.345  -36.499  74.147 0.0000000000
46279  -13.458  -37.091  75.192 0.0000000000
38900  -5.039  -43.467  84.911 0.0000000000
38889  -4.720  -42.688  84.982 0.0000000000
39916  -4.718  -41.867  85.383 0.0000000000
55495  -33.189  -27.214  65.353 0.0000000000
49491  -19.678  -33.933  70.551 0.0000000000
54512  -31.860  -28.229  64.980 0.0000000000
49513  -18.397  -33.642  68.829 0.0000000000
50463  -17.837  -33.296  68.759 0.0000000000
48476  -18.785  -34.323  70.123 0.0000000000
66332  -32.954  -17.366  52.007 0.0000000000
66333  -33.490  -17.078  52.064 0.0000000000
71379  -35.783  -12.676  47.310 0.0000000000
71380  -36.366  -13.113  46.981 0.0000000000
71386  -36.047  -12.244  46.902 0.0000000000
72292  -36.281  -11.935  46.733 0.0000000000
66309  -27.290  -17.383  56.041 0.0000000000
54494  -23.491  -29.013  65.361 0.0000000000
54480  -23.692  -29.175  66.436 0.0000000000
49425  -12.081  -32.837  74.971 0.0000000000
74101  -40.241  -9.447  43.524 0.0000000000
73210  -40.804  -10.312  43.443 0.0000000000
58751  -34.317  -24.450  62.733 0.0000000000
53543  -27.336  -30.272  64.492 0.0000000000
53533  -28.064  -30.187  65.782 0.0000000000
50434  -15.551  -32.906  71.330 0.0000000000
49487  -14.919  -33.833  70.940 0.0000000000
49488  -15.435  -33.771  70.786 0.0000000000
54534  -28.929  -28.364  62.431 0.0000000000
55534  -29.199  -27.494  62.236 0.0000000000
53478  -19.308  -29.086  68.526 0.0000000000
56508  -20.334  -25.769  66.086 0.0000000000
57624  -21.060  -24.997  65.444 0.0000000000
56525  -25.192  -25.235  64.523 0.0000000000
57627  -24.461  -24.764  64.782 0.0000000000
57642  -25.039  -25.485  63.668 0.0000000000
57657  -24.527  -25.745  63.235 0.0000000000
56556  -24.803  -26.370  62.921 0.0000000000
56571  -24.606  -26.977  62.673 0.0000000000
56557  -25.511  -26.477  63.204 0.0000000000
55533  -28.378  -27.675  62.607 0.0000000000
62203  -31.554  -21.487  52.142 0.0000000000
61046  -32.984  -22.328  52.448 0.0000000000
62204  -32.608  -21.765  51.909 0.0000000000
64308  -35.013  -19.933  50.001 0.0000000000
63298  -36.046  -20.790  50.675 0.0000000000
63311  -36.356  -20.210  49.932 0.0000000000
66381  -37.648  -17.099  47.712 0.0000000000
66371  -37.096  -17.508  48.177 0.0000000000
65373  -38.701  -18.540  48.199 0.0000000000
73186  -38.549  -10.857  45.239 0.0000000000
45190  -9.126  -37.477  78.837 0.0000000000
58800  -28.324  -24.726  59.999 0.0000000000
60957  -26.848  -21.924  56.796 0.0000000000
60935  -27.719  -22.710  57.470 0.0000000000
60959  -28.369  -22.449  56.952 0.0000000000
60960  -28.951  -22.391  57.258 0.0000000000
63248  -28.315  -20.161  54.219 0.0000000000
63240  -30.094  -21.479  54.659 0.0000000000
51453  -21.711  -31.535  67.054 0.0000000000
50480  -21.940  -31.712  67.520 0.0000000000
51454  -22.079  -31.261  67.343 0.0000000000
45251  -11.645  -37.059  75.148 0.0000000000
45238  -11.464  -37.435  75.515 0.0000000000
45223  -12.018  -38.223  76.236 0.0000000000
47310  -14.378  -36.296  74.184 0.0000000000
42152  -7.694  -39.506  82.722 0.0000000000
43114  -7.404  -39.120  83.066 0.0000000000
56547  -34.167  -26.156  63.967 0.0000000000
53535  -30.075  -29.197  65.026 0.0000000000
53519  -30.070  -29.313  66.050 0.0000000000
51431  -18.089  -30.686  70.110 0.0000000000
50453  -17.605  -32.137  69.767 0.0000000000
49490  -16.631  -33.622  70.085 0.0000000000
48462  -18.589  -34.477  70.887 0.0000000000
56527  -26.743  -25.813  65.192 0.0000000000
55505  -27.544  -26.709  63.848 0.0000000000
64294  -32.081  -19.652  51.332 0.0000000000
65343  -32.644  -18.881  50.326 0.0000000000
69324  -34.771  -14.607  48.498 0.0000000000
70353  -34.754  -14.102  48.123 0.0000000000
69326  -36.297  -14.634  47.331 0.0000000000
68367  -37.080  -15.612  47.337 0.0000000000
69328  -38.004  -14.768  46.934 0.0000000000
69335  -38.427  -14.350  46.491 0.0000000000
69344  -38.851  -13.900  46.070 0.0000000000
71388  -37.867  -12.487  46.266 0.0000000000
59793  -28.096  -24.004  62.991 0.0000000000
59792  -27.619  -23.736  62.767 0.0000000000
60880  -26.929  -23.473  62.384 0.0000000000
59811  -26.584  -23.672  61.469 0.0000000000
64238  -26.298  -19.076  57.383 0.0000000000
65302  -27.111  -18.096  55.202 0.0000000000
64263  -26.942  -19.285  55.517 0.0000000000
64268  -27.403  -19.221  54.629 0.0000000000
63247  -27.804  -19.841  54.514 0.0000000000
64275  -27.653  -18.951  53.963 0.0000000000
67303  -28.265  -16.351  54.017 0.0000000000
54449  -24.155  -29.464  68.375 0.0000000000
54448  -23.345  -29.320  68.011 0.0000000000
48397  -11.483  -34.859  74.546 0.0000000000
47307  -11.461  -35.647  74.525 0.0000000000
47308  -12.236  -36.195  74.141 0.0000000000
41078  -7.323  -41.698  83.979 0.0000000000
41068  -7.061  -41.193  83.978 0.0000000000
41069  -7.046  -41.733  84.554 0.0000000000
39906  -5.661  -41.967  86.164 0.0000000000
59795  -33.798  -23.335  61.784 0.0000000000
62042  -33.756  -22.816  61.873 0.0000000000
60882  -32.948  -22.895  61.541 0.0000000000
53530  -25.581  -30.260  65.883 0.0000000000
52511  -26.047  -30.606  65.876 0.0000000000
50410  -14.500  -32.476  72.678 0.0000000000
50411  -15.140  -32.008  72.933 0.0000000000
50409  -13.895  -32.896  72.468 0.0000000000
49464  -13.762  -33.593  72.273 0.0000000000
47360  -14.402  -35.149  71.888 0.0000000000
47346  -15.589  -35.828  72.576 0.0000000000
47373  -16.801  -35.143  71.296 0.0000000000
47363  -16.973  -35.207  72.081 0.0000000000
48414  -17.552  -35.459  73.761 0.0000000000
47330  -16.940  -35.665  73.802 0.0000000000
54524  -31.182  -28.349  63.508 0.0000000000
54536  -30.510  -28.361  62.698 0.0000000000
57644  -28.834  -25.615  64.121 0.0000000000
57660  -28.711  -25.641  63.254 0.0000000000
59779  -29.105  -23.901  64.046 0.0000000000
58736  -29.050  -24.397  63.529 0.0000000000
59778  -28.884  -24.053  63.644 0.0000000000
59794  -28.484  -24.338  63.004 0.0000000000
50476  -18.691  -32.250  67.828 0.0000000000
51450  -18.907  -31.885  67.600 0.0000000000
53526  -20.696  -29.235  65.630 0.0000000000
54506  -21.414  -28.034  64.306 0.0000000000
54505  -20.933  -27.883  64.498 0.0000000000
54507  -22.399  -28.198  63.849 0.0000000000
57626  -23.631  -24.474  65.142 0.0000000000
57611  -23.419  -23.862  65.762 0.0000000000
58705  -23.102  -24.185  65.284 0.0000000000
58704  -22.789  -23.984  65.483 0.0000000000
58724  -22.518  -24.577  64.808 0.0000000000
57638  -21.346  -25.273  64.500 0.0000000000
57639  -22.268  -24.846  64.280 0.0000000000
55515  -23.097  -27.341  62.853 0.0000000000
54518  -22.724  -27.845  63.115 0.0000000000
54509  -24.124  -29.487  64.695 0.0000000000
54521  -25.392  -29.574  62.992 0.0000000000
53564  -25.971  -29.772  62.933 0.0000000000
53566  -27.800  -29.330  62.766 0.0000000000
53555  -27.575  -29.849  63.548 0.0000000000
54522  -30.012  -28.706  62.981 0.0000000000
53558  -30.231  -28.884  63.514 0.0000000000
52469  -18.753  -30.364  68.534 0.0000000000
51439  -18.522  -31.403  68.164 0.0000000000
62225  -33.209  -21.333  51.169 0.0000000000
62239  -34.017  -21.243  50.731 0.0000000000
66342  -33.720  -17.099  51.033 0.0000000000
66355  -33.385  -17.254  50.743 0.0000000000
65356  -34.035  -18.469  49.376 0.0000000000
68365  -35.344  -15.887  48.077 0.0000000000
67372  -35.565  -16.450  48.149 0.0000000000
65371  -36.682  -18.219  48.613 0.0000000000
65358  -36.143  -18.818  48.919 0.0000000000
64330  -38.960  -19.704  49.325 0.0000000000
70370  -39.680  -13.316  45.868 0.0000000000
74089  -39.227  -9.610  44.622 0.0000000000
74090  -39.896  -10.040  44.166 0.0000000000
44148  -8.424  -38.285  80.849 0.0000000000
43124  -8.300  -39.251  81.629 0.0000000000
42202  -9.491  -40.658  79.715 0.0000000000
43140  -8.803  -40.338  79.812 0.0000000000
42201  -9.049  -40.709  79.905 0.0000000000
41104  -8.500  -41.557  81.490 0.0000000000
42162  -8.197  -40.429  81.905 0.0000000000
41094  -7.678  -41.873  82.863 0.0000000000
39941  -7.763  -42.238  83.020 0.0000000000
39919  -8.103  -43.144  84.376 0.0000000000
55536  -31.346  -27.889  62.623 0.0000000000
56574  -32.891  -26.395  61.852 0.0000000000
58763  -28.283  -24.577  61.632 0.0000000000
58781  -28.825  -25.127  60.521 0.0000000000
57720  -30.578  -25.163  59.563 0.0000000000
57701  -30.840  -25.648  60.112 0.0000000000
57703  -32.437  -25.377  60.404 0.0000000000
57722  -32.051  -25.280  59.868 0.0000000000
58782  -32.916  -24.522  60.625 0.0000000000
59854  -31.793  -23.711  59.559 0.0000000000
62070  -25.167  -21.345  60.730 0.0000000000
60893  -25.335  -22.310  60.306 0.0000000000
63166  -25.819  -19.813  59.403 0.0000000000
60918  -26.308  -22.602  58.349 0.0000000000
62098  -25.767  -22.036  58.335 0.0000000000
59849  -26.476  -23.292  59.183 0.0000000000
60921  -29.158  -22.978  58.641 0.0000000000
62085  -30.363  -22.129  59.074 0.0000000000
62141  -28.057  -21.797  56.329 0.0000000000
62168  -32.697  -21.607  55.828 0.0000000000
62181  -32.189  -22.204  54.966 0.0000000000
62188  -30.709  -21.612  53.091 0.0000000000
62189  -31.266  -21.774  52.889 0.0000000000
64281  -28.711  -19.360  52.799 0.0000000000
64282  -29.410  -19.377  52.374 0.0000000000
64283  -30.120  -19.416  51.938 0.0000000000
64284  -30.867  -19.495  51.723 0.0000000000
65319  -30.793  -18.530  51.859 0.0000000000
50455  -22.327  -32.321  68.912 0.0000000000
50446  -21.840  -32.947  69.412 0.0000000000
50439  -22.680  -32.607  70.837 0.0000000000
52470  -23.119  -30.766  68.817 0.0000000000
53514  -25.194  -29.337  67.394 0.0000000000
46212  -9.584  -36.348  79.135 0.0000000000
46225  -9.710  -36.431  78.178 0.0000000000
48362  -10.623  -34.232  76.706 0.0000000000
46240  -10.391  -35.877  76.828 0.0000000000
45221  -10.387  -37.272  76.419 0.0000000000
45210  -10.003  -37.888  77.004 0.0000000000
44180  -10.052  -38.540  77.392 0.0000000000
44181  -10.772  -38.708  77.066 0.0000000000
47343  -13.172  -35.366  72.649 0.0000000000
46319  -13.125  -36.055  72.768 0.0000000000
46296  -12.543  -37.001  74.630 0.0000000000
74109  -40.647  -8.889  42.858 0.0000000000
38908  -4.883  -42.844  83.681 0.0000000000
38899  -4.759  -42.828  84.179 0.0000000000
39928  -4.519  -42.025  84.324 0.0000000000
48463  -19.247  -34.218  70.730 0.0000000000
49479  -19.654  -34.001  71.075 0.0000000000
54496  -30.854  -28.857  64.737 0.0000000000
49512  -17.793  -33.681  69.077 0.0000000000
66339  -31.819  -18.257  51.422 0.0000000000
66353  -32.493  -18.385  50.685 0.0000000000
70348  -34.735  -13.473  48.274 0.0000000000
69333  -36.830  -14.162  46.987 0.0000000000
70360  -36.852  -13.528  46.808 0.0000000000
60862  -26.356  -22.298  63.147 0.0000000000
65292  -27.028  -17.708  55.712 0.0000000000
66315  -27.304  -17.400  55.499 0.0000000000
66319  -27.455  -17.415  54.602 0.0000000000
67290  -27.720  -16.555  55.233 0.0000000000
54465  -23.960  -29.459  67.430 0.0000000000
48398  -11.638  -34.247  74.371 0.0000000000
48411  -11.526  -34.863  73.993 0.0000000000
73198  -41.230  -10.886  43.806 0.0000000000
39903  -6.589  -43.193  85.986 0.0000000000
38880  -6.129  -42.984  86.206 0.0000000000
37878  -5.767  -43.368  86.053 0.0000000000
59796  -34.220  -23.767  62.234 0.0000000000
59817  -33.835  -23.778  61.702 0.0000000000
53542  -26.326  -30.476  64.477 0.0000000000
52512  -26.549  -30.663  65.901 0.0000000000
52513  -27.238  -30.579  66.068 0.0000000000
52514  -27.655  -30.489  66.320 0.0000000000
53500  -28.748  -29.851  67.684 0.0000000000
50436  -16.671  -31.955  71.262 0.0000000000
50424  -15.223  -32.447  71.951 0.0000000000
49466  -14.797  -33.155  71.710 0.0000000000
49465  -14.296  -33.595  71.777 0.0000000000
49476  -14.722  -33.616  71.350 0.0000000000
48447  -17.652  -34.850  72.084 0.0000000000
48415  -18.207  -35.324  74.012 0.0000000000
55467  -19.955  -27.542  67.393 0.0000000000
56491  -20.152  -26.664  66.773 0.0000000000
55490  -20.324  -27.662  65.271 0.0000000000
56523  -20.391  -26.966  65.196 0.0000000000
55491  -20.536  -27.154  64.850 0.0000000000
55501  -20.956  -27.197  64.237 0.0000000000
57612  -24.457  -24.495  65.661 0.0000000000
57640  -23.375  -24.762  64.232 0.0000000000
57655  -22.555  -25.385  63.510 0.0000000000
57656  -23.621  -25.521  63.306 0.0000000000
56555  -23.894  -26.581  62.733 0.0000000000
55528  -23.768  -27.548  62.577 0.0000000000
54529  -23.963  -28.038  62.493 0.0000000000
55529  -24.378  -27.592  62.512 0.0000000000
53567  -28.731  -29.077  62.694 0.0000000000
53568  -29.399  -28.778  62.709 0.0000000000
61025  -32.435  -22.456  53.236 0.0000000000
61026  -33.380  -22.665  53.222 0.0000000000
61047  -34.002  -22.383  52.261 0.0000000000
63296  -33.846  -20.580  50.411 0.0000000000
62240  -34.544  -21.494  50.792 0.0000000000
63297  -34.919  -20.934  50.421 0.0000000000
68346  -34.192  -15.726  50.947 0.0000000000
67362  -34.456  -16.681  48.890 0.0000000000
67364  -35.804  -16.887  48.224 0.0000000000
67365  -36.405  -16.957  48.090 0.0000000000
65360  -37.603  -19.144  48.824 0.0000000000
72300  -38.374  -11.563  45.633 0.0000000000
72312  -39.673  -11.173  44.826 0.0000000000
74088  -38.797  -10.301  45.071 0.0000000000
39942  -8.156  -42.673  83.293 0.0000000000
56588  -30.862  -26.847  60.890 0.0000000000
56607  -30.362  -26.222  60.485 0.0000000000
58779  -27.826  -24.516  60.765 0.0000000000
58802  -30.224  -24.527  59.236 0.0000000000
59852  -29.602  -23.712  59.038 0.0000000000
63153  -25.380  -20.271  60.132 0.0000000000
63195  -25.882  -20.684  57.591 0.0000000000
63194  -25.693  -21.261  57.935 0.0000000000
60937  -29.500  -22.300  57.753 0.0000000000
62117  -29.712  -22.085  57.324 0.0000000000
62166  -30.575  -21.332  55.230 0.0000000000
62179  -30.378  -21.833  54.207 0.0000000000
63256  -29.210  -20.820  52.980 0.0000000000
66322  -28.653  -17.345  53.133 0.0000000000
66328  -28.933  -17.944  52.695 0.0000000000
66329  -29.644  -17.465  52.530 0.0000000000
66330  -30.744  -17.558  52.197 0.0000000000
50467  -21.222  -32.694  67.693 0.0000000000
50468  -21.923  -32.247  67.964 0.0000000000
46277  -10.886  -36.565  75.580 0.0000000000
46258  -10.461  -36.223  76.398 0.0000000000
46276  -10.640  -36.938  75.936 0.0000000000
45237  -10.733  -37.270  75.902 0.0000000000
44191  -10.853  -38.446  76.660 0.0000000000
44192  -11.283  -38.569  76.604 0.0000000000
57662  -34.347  -25.241  63.238 0.0000000000
48416  -19.060  -34.693  73.800 0.0000000000
48417  -19.808  -34.146  73.578 0.0000000000
49453  -20.554  -33.806  73.345 0.0000000000
48450  -20.044  -33.868  72.026 0.0000000000
49467  -20.555  -33.688  72.431 0.0000000000
50445  -17.269  -31.873  70.701 0.0000000000
50443  -16.443  -33.226  70.459 0.0000000000
49489  -16.121  -33.735  70.527 0.0000000000
48459  -15.834  -34.427  70.812 0.0000000000
48461  -17.571  -34.814  71.014 0.0000000000
56559  -28.382  -26.331  63.214 0.0000000000
56541  -25.532  -25.806  64.000 0.0000000000
56558  -25.836  -26.345  63.810 0.0000000000
56542  -26.087  -26.207  64.388 0.0000000000
55503  -26.652  -26.356  64.522 0.0000000000
55504  -27.093  -26.639  64.246 0.0000000000
63278  -31.741  -20.414  51.584 0.0000000000
62224  -32.354  -21.159  51.478 0.0000000000
63279  -32.311  -20.428  51.316 0.0000000000
63294  -32.640  -20.398  50.977 0.0000000000
63295  -33.090  -20.524  50.736 0.0000000000
64326  -34.622  -19.269  49.523 0.0000000000
69317  -34.479  -15.007  49.240 0.0000000000
69318  -34.916  -15.234  48.475 0.0000000000
66382  -38.436  -17.159  47.555 0.0000000000
67376  -38.748  -16.450  47.135 0.0000000000
68369  -38.740  -15.722  46.789 0.0000000000
67384  -39.262  -16.139  46.761 0.0000000000
69345  -39.332  -13.807  45.950 0.0000000000
70369  -38.885  -13.313  45.926 0.0000000000
71389  -38.491  -12.899  46.090 0.0000000000
71395  -38.199  -12.007  45.958 0.0000000000
43166  -9.496  -39.313  78.371 0.0000000000
59834  -27.823  -24.355  61.451 0.0000000000
59833  -27.427  -24.322  60.867 0.0000000000
64237  -25.955  -19.360  57.970 0.0000000000
65278  -26.329  -18.727  57.813 0.0000000000
62140  -26.995  -21.452  56.301 0.0000000000
63255  -28.635  -20.192  53.296 0.0000000000
67302  -27.662  -16.916  54.241 0.0000000000
66321  -27.737  -17.386  53.852 0.0000000000
67304  -29.391  -16.158  53.255 0.0000000000
52502  -21.896  -30.862  66.906 0.0000000000
53479  -23.203  -30.008  68.378 0.0000000000
48372  -11.112  -34.469  75.719 0.0000000000
48373  -11.369  -33.955  75.526 0.0000000000
47290  -11.059  -35.537  75.311 0.0000000000
46294  -11.151  -36.140  74.948 0.0000000000
45252  -11.945  -37.218  75.014 0.0000000000
47294  -16.446  -36.074  75.481 0.0000000000
42150  -7.589  -40.959  83.272 0.0000000000
42142  -7.496  -39.915  83.684 0.0000000000
41058  -5.577  -40.732  86.031 0.0000000000
67334  -34.067  -16.601  51.518 0.0000000000
60895  -32.686  -22.384  61.199 0.0000000000
53515  -25.699  -30.095  67.052 0.0000000000
50386  -14.219  -31.806  74.527 0.0000000000
49440  -13.509  -32.337  73.871 0.0000000000
49450  -12.426  -33.655  73.505 0.0000000000
49451  -13.154  -33.227  72.997 0.0000000000
47344  -13.812  -35.410  72.314 0.0000000000
48430  -13.974  -34.435  71.926 0.0000000000
48446  -16.173  -34.997  71.091 0.0000000000
47312  -16.248  -35.961  74.513 0.0000000000
55506  -31.838  -28.029  64.333 0.0000000000
55521  -31.723  -27.931  63.873 0.0000000000
57672  -29.168  -25.095  63.020 0.0000000000
60852  -28.436  -23.356  64.145 0.0000000000
49514  -19.237  -33.498  68.444 0.0000000000
49522  -19.549  -33.139  67.795 0.0000000000
49523  -20.033  -32.996  67.507 0.0000000000
51451  -19.417  -31.435  67.407 0.0000000000
50478  -20.412  -32.307  67.169 0.0000000000
50488  -20.930  -31.766  66.818 0.0000000000
51465  -21.015  -31.291  66.651 0.0000000000
51466  -21.527  -31.266  66.769 0.0000000000
54447  -19.746  -28.392  68.041 0.0000000000
52501  -21.299  -30.691  66.489 0.0000000000
54491  -20.837  -28.480  64.903 0.0000000000
56539  -21.198  -26.131  63.950 0.0000000000
55513  -21.475  -26.840  63.573 0.0000000000
56553  -21.847  -26.141  63.265 0.0000000000
53552  -24.800  -29.963  64.298 0.0000000000
55516  -25.750  -26.842  63.048 0.0000000000
53565  -26.769  -29.410  62.995 0.0000000000
53546  -30.147  -29.087  64.117 0.0000000000
52452  -18.142  -30.725  69.296 0.0000000000
61005  -34.812  -22.674  54.115 0.0000000000
62206  -33.951  -22.120  51.770 0.0000000000
61065  -34.644  -22.208  51.662 0.0000000000
62227  -35.098  -21.769  50.932 0.0000000000
66341  -33.332  -17.263  51.404 0.0000000000
67354  -33.351  -17.211  50.049 0.0000000000
66368  -34.930  -17.394  48.722 0.0000000000
66369  -35.535  -17.366  48.500 0.0000000000
65369  -35.328  -17.776  48.710 0.0000000000
63312  -37.132  -20.115  49.792 0.0000000000
72314  -40.950  -11.425  44.360 0.0000000000
72313  -40.237  -11.223  44.573 0.0000000000
74951  -39.564  -8.559  44.378 0.0000000000
43115  -7.888  -38.904  82.428 0.0000000000
43141  -8.601  -39.726  79.819 0.0000000000
43130  -8.500  -40.180  80.433 0.0000000000
43123  -8.348  -39.991  81.120 0.0000000000
41087  -7.708  -41.063  82.918 0.0000000000
41086  -7.558  -41.581  83.273 0.0000000000
39918  -7.544  -42.750  84.456 0.0000000000
56575  -33.538  -25.962  62.110 0.0000000000
57688  -33.599  -25.371  61.747 0.0000000000
56608  -31.229  -26.210  60.492 0.0000000000
56609  -31.951  -26.052  60.563 0.0000000000
58765  -33.280  -24.466  61.178 0.0000000000
59855  -32.358  -23.790  59.822 0.0000000000
59815  -32.576  -23.176  60.889 0.0000000000
60894  -32.322  -22.616  60.736 0.0000000000
62055  -25.578  -21.869  62.288 0.0000000000
63133  -25.533  -20.361  62.027 0.0000000000
62054  -25.387  -21.423  61.845 0.0000000000
59810  -25.714  -23.111  60.949 0.0000000000
62115  -25.669  -21.557  58.222 0.0000000000
62097  -25.466  -21.656  58.809 0.0000000000
60904  -25.507  -22.423  59.352 0.0000000000
59848  -25.831  -22.995  59.290 0.0000000000
59872  -28.890  -23.580  59.000 0.0000000000
60906  -29.660  -23.126  58.928 0.0000000000
62071  -31.741  -22.199  60.362 0.0000000000
62099  -30.381  -21.769  58.690 0.0000000000
60981  -33.169  -22.413  55.106 0.0000000000
61024  -31.624  -22.100  53.033 0.0000000000
61044  -31.755  -21.915  52.561 0.0000000000
63262  -29.666  -20.315  52.305 0.0000000000
62201  -30.111  -20.720  52.262 0.0000000000
49503  -20.283  -33.629  69.201 0.0000000000
49493  -21.201  -33.415  69.870 0.0000000000
49482  -22.250  -33.103  71.214 0.0000000000
52454  -23.462  -30.746  69.843 0.0000000000
51433  -23.268  -31.599  70.207 0.0000000000
51425  -23.076  -32.014  70.410 0.0000000000
51416  -23.239  -32.135  71.288 0.0000000000
54466  -24.877  -28.997  67.889 0.0000000000
47260  -9.841  -35.960  77.795 0.0000000000
45201  -9.628  -37.180  77.901 0.0000000000
45200  -9.385  -38.096  77.756 0.0000000000
44168  -9.633  -38.900  77.804 0.0000000000
44170  -11.358  -39.212  77.740 0.0000000000
48412  -11.970  -34.553  73.562 0.0000000000
47293  -15.609  -36.226  75.148 0.0000000000
46281  -15.049  -36.585  75.745 0.0000000000
46259  -13.798  -37.094  76.074 0.0000000000
45224  -13.179  -37.761  76.240 0.0000000000
74102  -40.943  -9.935  43.116 0.0000000000
38890  -4.964  -43.047  85.868 0.0000000000
39917  -5.041  -42.237  86.117 0.0000000000
39948  -4.826  -42.191  82.732 0.0000000000
41093  -4.725  -41.541  82.453 0.0000000000
41076  -4.391  -40.986  84.508 0.0000000000
39940  -4.960  -42.812  83.419 0.0000000000
39950  -7.803  -42.051  82.667 0.0000000000
41077  -7.257  -41.339  83.871 0.0000000000
41114  -8.758  -41.099  80.970 0.0000000000
42130  -7.103  -40.808  83.885 0.0000000000
42140  -7.195  -41.066  83.778 0.0000000000
42188  -9.322  -41.070  80.235 0.0000000000
43152  -9.132  -40.410  79.614 0.0000000000
44179  -9.688  -38.430  77.561 0.0000000000
45236  -10.544  -37.077  76.125 0.0000000000
46307  -13.263  -36.264  73.096 0.0000000000
46308  -13.488  -36.271  72.869 0.0000000000
47324  -11.533  -35.218  74.189 0.0000000000
48458  -15.178  -34.289  70.845 0.0000000000
49406  -11.336  -33.854  75.754 0.0000000000
49516  -21.018  -33.141  68.155 0.0000000000
50423  -14.468  -32.941  72.123 0.0000000000
50489  -21.318  -31.623  66.814 0.0000000000
51389  -15.292  -31.943  72.775 0.0000000000
52453  -18.409  -30.342  69.637 0.0000000000
52455  -23.446  -31.251  70.171 0.0000000000
52506  -27.963  -30.552  66.783 0.0000000000
53496  -25.320  -29.008  67.770 0.0000000000
53531  -26.124  -30.619  65.354 0.0000000000
56540  -25.212  -25.243  63.988 0.0000000000
56572  -25.079  -26.786  62.814 0.0000000000
56591  -33.127  -25.796  61.595 0.0000000000
57643  -28.554  -25.872  63.804 0.0000000000
58714  -22.583  -24.327  65.245 0.0000000000
58715  -23.006  -24.433  64.859 0.0000000000
59836  -32.687  -23.801  60.321 0.0000000000
59869  -26.827  -23.059  58.585 0.0000000000
60866  -33.765  -23.077  61.896 0.0000000000
60905  -25.943  -22.774  58.945 0.0000000000
61064  -34.194  -22.160  51.743 0.0000000000
63177  -25.555  -20.984  58.339 0.0000000000
63241  -31.983  -20.836  55.781 0.0000000000
63242  -32.277  -20.981  55.897 0.0000000000
63282  -35.524  -21.313  50.788 0.0000000000
64342  -37.865  -19.207  48.751 0.0000000000
65301  -27.192  -17.606  55.501 0.0000000000
66308  -27.228  -17.482  55.717 0.0000000000
66316  -27.422  -17.185  55.430 0.0000000000
