#!ascii label  , from subject 3072 vox2ras=TkReg
1009
56212  27.726  -30.668  59.511 0.0000000000
71092  37.113  -15.612  48.192 0.0000000000
64365  29.132  -22.792  54.728 0.0000000000
48559  9.471  -37.403  73.734 0.0000000000
59255  21.837  -27.326  64.421 0.0000000000
67400  30.584  -19.856  53.531 0.0000000000
51986  15.613  -34.603  68.397 0.0000000000
47455  14.092  -38.353  71.886 0.0000000000
54146  18.190  -32.615  65.235 0.0000000000
70147  39.973  -16.414  46.429 0.0000000000
60190  28.467  -26.584  61.155 0.0000000000
62204  27.831  -24.859  58.865 0.0000000000
58371  32.356  -28.131  60.156 0.0000000000
74893  39.080  -11.112  46.249 0.0000000000
73050  41.783  -13.288  44.337 0.0000000000
72052  33.641  -14.021  50.962 0.0000000000
67419  37.378  -19.362  51.509 0.0000000000
67423  32.999  -19.512  51.098 0.0000000000
63291  32.888  -23.894  53.621 0.0000000000
54178  26.560  -32.790  63.632 0.0000000000
46186  8.609  -40.152  78.071 0.0000000000
47316  3.663  -38.787  79.320 0.0000000000
48399  2.649  -37.137  83.008 0.0000000000
57282  24.217  -29.637  61.068 0.0000000000
54166  21.998  -32.642  64.719 0.0000000000
66428  25.978  -20.508  58.028 0.0000000000
65383  29.756  -21.812  59.547 0.0000000000
76704  44.152  -9.311  42.057 0.0000000000
70140  38.211  -16.258  47.562 0.0000000000
69198  39.137  -17.551  49.401 0.0000000000
58375  28.443  -28.428  59.423 0.0000000000
59307  30.218  -27.366  58.115 0.0000000000
56209  30.460  -30.101  59.387 0.0000000000
73918  35.895  -12.703  48.537 0.0000000000
74884  38.488  -11.034  48.476 0.0000000000
73017  37.295  -13.292  47.025 0.0000000000
72103  38.938  -14.350  45.983 0.0000000000
43045  2.130  -42.381  82.880 0.0000000000
70100  33.409  -16.743  50.351 0.0000000000
69167  32.355  -17.640  51.598 0.0000000000
65459  29.528  -21.425  53.828 0.0000000000
64416  30.931  -21.543  52.758 0.0000000000
63271  31.081  -24.035  54.296 0.0000000000
63222  31.680  -23.828  56.765 0.0000000000
47436  11.751  -38.191  72.527 0.0000000000
47397  14.009  -38.679  75.004 0.0000000000
47382  11.302  -39.240  75.087 0.0000000000
47332  10.523  -39.547  78.144 0.0000000000
46233  8.549  -39.095  75.578 0.0000000000
48491  4.589  -37.023  78.341 0.0000000000
48438  2.957  -37.708  80.913 0.0000000000
58339  22.988  -28.324  62.564 0.0000000000
55204  22.573  -31.031  61.553 0.0000000000
57258  20.678  -29.563  62.872 0.0000000000
51998  18.944  -34.992  67.502 0.0000000000
54109  19.904  -32.948  67.554 0.0000000000
62174  30.519  -23.843  59.800 0.0000000000
64262  28.700  -22.869  59.691 0.0000000000
69142  32.058  -17.716  53.519 0.0000000000
68270  29.821  -19.097  54.643 0.0000000000
67382  28.366  -19.686  55.060 0.0000000000
49775  16.751  -36.343  68.651 0.0000000000
48598  16.519  -37.409  71.470 0.0000000000
49770  14.625  -36.451  69.752 0.0000000000
50820  12.889  -35.909  70.732 0.0000000000
50804  10.629  -35.370  72.507 0.0000000000
58308  18.959  -28.813  64.404 0.0000000000
57180  17.252  -29.489  66.386 0.0000000000
53098  16.744  -33.367  66.473 0.0000000000
62150  26.630  -25.529  62.827 0.0000000000
62162  25.395  -24.243  61.339 0.0000000000
60208  27.633  -25.960  59.593 0.0000000000
61179  30.506  -25.459  58.427 0.0000000000
75843  41.585  -10.138  44.122 0.0000000000
73927  40.540  -12.449  44.842 0.0000000000
71143  40.516  -14.701  44.946 0.0000000000
71080  35.274  -15.356  49.043 0.0000000000
69200  36.970  -16.947  49.512 0.0000000000
69182  35.278  -17.269  49.760 0.0000000000
67437  35.458  -19.014  50.338 0.0000000000
65501  35.374  -21.265  51.814 0.0000000000
67425  31.558  -19.505  51.838 0.0000000000
65485  33.198  -21.732  51.986 0.0000000000
54225  27.181  -32.220  61.105 0.0000000000
55182  30.150  -31.800  61.999 0.0000000000
73910  35.228  -12.118  50.497 0.0000000000
49663  7.937  -36.189  75.017 0.0000000000
47369  6.146  -38.380  76.080 0.0000000000
46189  5.469  -40.119  78.067 0.0000000000
44040  5.639  -41.363  80.272 0.0000000000
45021  3.888  -41.016  80.444 0.0000000000
46139  1.711  -39.680  81.782 0.0000000000
46128  1.185  -39.376  82.929 0.0000000000
46094  0.796  -38.262  83.866 0.0000000000
56193  26.305  -30.587  60.129 0.0000000000
54213  24.409  -32.201  61.556 0.0000000000
54163  24.271  -33.032  64.008 0.0000000000
55144  20.320  -31.749  65.540 0.0000000000
65435  27.319  -21.436  56.377 0.0000000000
63182  25.508  -23.208  58.740 0.0000000000
64324  27.226  -22.870  57.391 0.0000000000
64322  29.024  -23.346  56.893 0.0000000000
56164  32.206  -30.102  62.460 0.0000000000
74915  45.458  -11.256  40.859 0.0000000000
74908  43.253  -11.769  43.157 0.0000000000
73057  44.756  -13.037  42.442 0.0000000000
71091  37.778  -15.783  47.666 0.0000000000
69211  38.709  -17.231  48.503 0.0000000000
70112  37.914  -16.700  48.869 0.0000000000
57292  28.303  -29.470  59.005 0.0000000000
57304  28.969  -29.134  58.583 0.0000000000
56211  28.823  -30.457  59.273 0.0000000000
73006  35.905  -13.586  48.267 0.0000000000
73018  36.951  -13.426  47.443 0.0000000000
72094  36.767  -13.822  47.563 0.0000000000
72092  37.957  -14.959  47.209 0.0000000000
44006  1.057  -41.539  83.048 0.0000000000
71061  32.480  -16.179  51.765 0.0000000000
71051  32.730  -16.427  53.107 0.0000000000
64382  29.550  -22.257  54.026 0.0000000000
64381  30.212  -22.790  54.053 0.0000000000
63273  29.774  -22.984  54.441 0.0000000000
63246  31.374  -24.123  55.404 0.0000000000
63224  29.700  -23.835  55.987 0.0000000000
48557  10.762  -37.870  73.241 0.0000000000
47400  10.933  -38.617  73.885 0.0000000000
47401  9.793  -38.481  74.136 0.0000000000
47366  9.870  -39.383  75.749 0.0000000000
47402  8.952  -38.049  74.436 0.0000000000
59270  22.598  -27.498  63.884 0.0000000000
58341  21.258  -28.800  62.601 0.0000000000
58326  20.498  -28.572  63.298 0.0000000000
51966  19.057  -35.127  69.316 0.0000000000
64242  25.391  -21.895  62.290 0.0000000000
63143  30.941  -23.078  61.120 0.0000000000
67381  28.919  -19.318  54.805 0.0000000000
68248  28.299  -18.074  56.265 0.0000000000
50865  16.383  -35.622  68.043 0.0000000000
49776  15.867  -36.280  68.647 0.0000000000
50855  14.928  -35.767  69.059 0.0000000000
51949  13.726  -34.858  70.676 0.0000000000
50821  12.366  -35.437  71.325 0.0000000000
49738  11.641  -36.300  71.667 0.0000000000
58275  18.561  -28.160  66.340 0.0000000000
54090  16.142  -32.838  67.991 0.0000000000
55115  16.378  -32.012  67.340 0.0000000000
53057  16.029  -34.003  67.776 0.0000000000
50871  17.217  -35.373  67.592 0.0000000000
61140  26.670  -26.015  61.407 0.0000000000
60198  28.211  -26.572  60.293 0.0000000000
58382  31.321  -28.033  58.835 0.0000000000
60214  29.827  -26.386  58.155 0.0000000000
59299  31.813  -27.432  59.078 0.0000000000
61153  31.980  -25.670  59.943 0.0000000000
59292  32.831  -27.524  60.552 0.0000000000
74889  38.429  -11.090  47.401 0.0000000000
75839  40.469  -10.547  44.994 0.0000000000
74899  39.450  -11.446  45.667 0.0000000000
71117  39.046  -15.543  46.254 0.0000000000
71130  40.191  -15.317  45.408 0.0000000000
70158  40.227  -16.043  45.836 0.0000000000
71081  34.560  -14.886  49.694 0.0000000000
71070  34.998  -15.887  49.300 0.0000000000
71071  34.422  -15.482  49.843 0.0000000000
68318  33.877  -18.316  50.451 0.0000000000
67422  34.018  -19.740  50.898 0.0000000000
66514  35.582  -20.622  51.477 0.0000000000
66515  34.476  -20.507  51.289 0.0000000000
68277  31.407  -18.631  53.523 0.0000000000
68288  31.426  -18.701  52.541 0.0000000000
67407  31.094  -19.549  52.428 0.0000000000
64398  32.633  -23.114  52.993 0.0000000000
64414  32.437  -22.252  52.490 0.0000000000
64413  33.414  -22.465  52.513 0.0000000000
64412  34.375  -22.510  52.661 0.0000000000
54195  27.067  -32.430  62.727 0.0000000000
54194  28.099  -32.386  62.746 0.0000000000
72992  33.651  -13.895  51.534 0.0000000000
73911  34.414  -12.602  50.769 0.0000000000
73001  34.685  -13.623  49.393 0.0000000000
48599  15.615  -38.028  71.658 0.0000000000
47432  15.019  -38.317  72.687 0.0000000000
46185  9.404  -39.835  77.890 0.0000000000
47315  9.928  -39.454  78.510 0.0000000000
46170  9.262  -39.683  78.875 0.0000000000
46172  7.857  -40.445  78.949 0.0000000000
49647  6.832  -35.700  76.350 0.0000000000
48544  6.801  -37.075  75.580 0.0000000000
49648  6.120  -36.358  76.601 0.0000000000
47334  3.992  -38.757  78.629 0.0000000000
47352  4.460  -38.756  77.826 0.0000000000
46190  4.575  -39.749  78.378 0.0000000000
45061  5.623  -41.078  79.388 0.0000000000
45062  4.669  -40.542  79.238 0.0000000000
44041  5.057  -41.422  80.655 0.0000000000
45044  3.621  -40.495  79.975 0.0000000000
47269  2.434  -38.162  81.661 0.0000000000
47285  2.013  -38.928  81.431 0.0000000000
47270  1.801  -38.577  82.113 0.0000000000
46127  1.440  -39.236  82.586 0.0000000000
47260  1.989  -38.244  82.951 0.0000000000
57268  24.945  -29.198  61.464 0.0000000000
57267  26.183  -29.093  61.008 0.0000000000
57281  25.151  -29.658  60.650 0.0000000000
55220  25.568  -31.200  60.422 0.0000000000
55222  23.739  -30.979  60.622 0.0000000000
55170  22.091  -32.285  63.314 0.0000000000
54182  23.048  -32.686  63.176 0.0000000000
54141  22.956  -33.504  64.608 0.0000000000
55159  18.296  -31.010  64.729 0.0000000000
56147  19.047  -30.430  64.523 0.0000000000
55145  19.492  -31.590  65.152 0.0000000000
55113  20.895  -32.226  67.374 0.0000000000
68300  37.364  -18.524  50.953 0.0000000000
69166  38.186  -18.104  50.841 0.0000000000
68299  38.066  -18.618  51.712 0.0000000000
66427  26.606  -19.718  58.446 0.0000000000
66445  26.560  -20.102  57.323 0.0000000000
66446  26.364  -20.890  57.359 0.0000000000
62190  26.331  -24.837  59.633 0.0000000000
63166  25.539  -23.888  59.544 0.0000000000
63165  26.642  -24.052  59.002 0.0000000000
64279  28.904  -21.997  59.396 0.0000000000
64300  27.555  -23.224  58.165 0.0000000000
65398  28.675  -22.243  58.252 0.0000000000
64323  28.104  -22.797  57.048 0.0000000000
65415  29.324  -22.570  57.779 0.0000000000
65414  30.199  -22.578  58.231 0.0000000000
55180  31.435  -31.216  62.586 0.0000000000
74916  44.968  -11.203  41.456 0.0000000000
74904  41.538  -11.654  44.277 0.0000000000
75842  42.032  -10.652  43.890 0.0000000000
73931  42.585  -12.388  43.857 0.0000000000
72148  44.278  -13.826  42.858 0.0000000000
71172  45.510  -15.198  42.409 0.0000000000
54073  15.309  -32.932  69.243 0.0000000000
53021  14.752  -33.797  69.970 0.0000000000
70148  39.156  -16.294  46.649 0.0000000000
70125  40.701  -17.042  48.581 0.0000000000
69210  39.731  -17.434  48.547 0.0000000000
59300  28.965  -27.596  59.681 0.0000000000
60206  28.866  -26.777  59.518 0.0000000000
59309  28.966  -27.932  58.548 0.0000000000
57302  30.109  -28.782  58.273 0.0000000000
57289  31.109  -28.929  59.483 0.0000000000
74877  38.549  -11.209  49.485 0.0000000000
74891  36.982  -11.643  48.064 0.0000000000
74890  37.589  -11.549  47.606 0.0000000000
73925  38.116  -12.494  46.391 0.0000000000
73924  38.816  -12.546  45.939 0.0000000000
72104  38.213  -14.326  46.657 0.0000000000
71118  38.341  -15.178  46.774 0.0000000000
44004  3.417  -42.532  83.460 0.0000000000
72986  33.479  -14.080  51.911 0.0000000000
71072  33.407  -15.638  50.431 0.0000000000
71060  32.769  -15.375  51.451 0.0000000000
70086  32.645  -16.944  51.358 0.0000000000
68320  32.437  -18.064  51.230 0.0000000000
66480  30.180  -20.273  53.720 0.0000000000
66489  30.435  -20.511  53.227 0.0000000000
65471  30.449  -21.345  53.155 0.0000000000
64400  30.607  -22.334  53.353 0.0000000000
63292  31.829  -23.757  53.531 0.0000000000
63270  32.112  -24.190  54.459 0.0000000000
63221  32.838  -24.058  56.506 0.0000000000
53125  26.105  -33.430  65.174 0.0000000000
48588  12.741  -38.170  71.836 0.0000000000
47414  13.899  -38.549  73.713 0.0000000000
47415  12.781  -38.700  73.446 0.0000000000
47399  12.044  -39.121  74.208 0.0000000000
47363  12.481  -39.232  76.485 0.0000000000
47349  10.039  -39.546  76.633 0.0000000000
46222  8.071  -39.508  76.040 0.0000000000
48508  5.225  -36.474  77.507 0.0000000000
48474  4.544  -37.009  79.118 0.0000000000
48476  3.539  -38.276  79.621 0.0000000000
47317  3.391  -38.840  79.874 0.0000000000
48455  3.660  -36.973  80.278 0.0000000000
48418  3.542  -36.313  82.296 0.0000000000
48398  3.373  -35.993  83.292 0.0000000000
57270  23.067  -29.256  61.684 0.0000000000
55223  23.060  -30.858  60.913 0.0000000000
57271  22.366  -29.509  61.740 0.0000000000
56167  21.366  -30.200  62.505 0.0000000000
56145  21.025  -30.836  63.947 0.0000000000
53096  19.130  -33.947  66.230 0.0000000000
53113  19.338  -33.350  66.058 0.0000000000
53077  19.560  -33.887  67.791 0.0000000000
66512  37.552  -20.156  51.733 0.0000000000
65385  25.592  -21.040  59.894 0.0000000000
62186  30.058  -24.177  59.300 0.0000000000
62188  28.151  -24.094  58.871 0.0000000000
63162  29.341  -23.442  59.675 0.0000000000
64241  29.984  -22.502  60.573 0.0000000000
76705  43.422  -9.386  42.646 0.0000000000
44978  0.626  -39.936  83.280 0.0000000000
68268  32.137  -18.376  54.775 0.0000000000
68269  31.000  -18.831  54.453 0.0000000000
67390  30.236  -19.726  54.146 0.0000000000
67391  29.196  -19.771  54.506 0.0000000000
66482  28.895  -20.558  54.465 0.0000000000
65449  28.306  -21.483  55.021 0.0000000000
49766  18.141  -36.240  70.287 0.0000000000
49751  17.612  -36.637  70.635 0.0000000000
49752  16.839  -37.141  70.195 0.0000000000
48632  15.477  -37.270  69.958 0.0000000000
48618  14.116  -37.548  70.597 0.0000000000
51968  14.569  -35.058  69.868 0.0000000000
49755  13.572  -36.712  70.475 0.0000000000
48601  13.400  -37.960  71.149 0.0000000000
48603  11.958  -37.190  71.634 0.0000000000
49720  10.923  -36.618  72.014 0.0000000000
49700  10.178  -36.555  73.051 0.0000000000
59257  20.083  -27.844  64.098 0.0000000000
58290  18.768  -28.294  65.034 0.0000000000
56131  17.779  -29.856  65.077 0.0000000000
55147  17.450  -31.560  65.182 0.0000000000
56087  16.934  -30.242  67.063 0.0000000000
55133  16.718  -31.463  66.487 0.0000000000
53115  17.685  -33.297  65.576 0.0000000000
51999  17.822  -35.074  66.931 0.0000000000
50870  18.022  -35.455  67.736 0.0000000000
62135  26.018  -24.196  63.480 0.0000000000
63134  25.427  -23.442  62.376 0.0000000000
61124  25.785  -25.174  62.081 0.0000000000
61157  26.278  -25.490  60.493 0.0000000000
61183  27.801  -25.286  59.051 0.0000000000
60215  28.927  -26.207  58.640 0.0000000000
60216  28.448  -25.723  58.967 0.0000000000
62202  29.359  -24.744  58.749 0.0000000000
61154  31.638  -25.132  59.712 0.0000000000
62160  32.059  -24.754  60.484 0.0000000000
76692  40.854  -9.774  44.887 0.0000000000
74905  40.807  -11.544  44.590 0.0000000000
73933  41.253  -12.462  44.426 0.0000000000
73043  39.777  -13.438  45.476 0.0000000000
73042  40.354  -13.341  45.064 0.0000000000
71094  35.475  -14.787  48.686 0.0000000000
70113  37.316  -16.421  48.903 0.0000000000
70114  36.297  -16.257  49.174 0.0000000000
69201  36.012  -16.827  49.503 0.0000000000
68315  36.718  -18.069  50.411 0.0000000000
69183  34.163  -17.463  50.136 0.0000000000
68317  34.856  -18.296  50.053 0.0000000000
67420  36.287  -19.417  50.907 0.0000000000
66513  36.682  -20.252  51.619 0.0000000000
66499  36.153  -21.067  51.988 0.0000000000
69153  31.912  -17.733  52.394 0.0000000000
68303  31.907  -18.577  51.622 0.0000000000
67424  32.167  -19.522  51.423 0.0000000000
66502  31.344  -20.282  52.213 0.0000000000
66517  32.518  -20.383  51.544 0.0000000000
66516  33.475  -20.421  51.278 0.0000000000
65484  34.185  -21.857  52.099 0.0000000000
55218  27.479  -31.580  60.432 0.0000000000
55217  28.711  -31.352  60.308 0.0000000000
54209  28.588  -32.191  61.990 0.0000000000
54175  29.671  -32.480  63.369 0.0000000000
73914  35.555  -12.177  49.461 0.0000000000
73000  35.232  -13.324  48.870 0.0000000000
49681  9.054  -36.370  73.741 0.0000000000
50772  8.391  -35.294  74.779 0.0000000000
48560  8.761  -37.179  74.227 0.0000000000
47385  8.099  -38.330  75.120 0.0000000000
47368  7.344  -38.822  75.692 0.0000000000
46223  7.043  -39.420  76.344 0.0000000000
47370  5.325  -37.827  76.577 0.0000000000
47350  5.973  -39.243  76.719 0.0000000000
46187  7.575  -40.304  78.269 0.0000000000
45075  7.036  -40.665  78.815 0.0000000000
45041  7.045  -41.078  80.640 0.0000000000
44027  3.379  -41.714  81.570 0.0000000000
46149  2.659  -39.549  80.647 0.0000000000
46150  2.340  -39.793  81.133 0.0000000000
44028  2.810  -41.853  81.908 0.0000000000
45005  1.504  -40.474  82.293 0.0000000000
45006  1.410  -41.246  82.590 0.0000000000
44977  0.890  -39.801  83.099 0.0000000000
47239  1.405  -37.544  83.866 0.0000000000
46093  1.022  -38.450  83.679 0.0000000000
46111  0.799  -39.014  83.382 0.0000000000
58376  27.513  -29.127  59.564 0.0000000000
58365  26.782  -28.975  60.061 0.0000000000
56213  26.925  -30.439  59.626 0.0000000000
55219  26.425  -31.384  60.421 0.0000000000
54212  25.563  -32.255  61.524 0.0000000000
54196  25.903  -32.687  62.683 0.0000000000
54214  23.432  -32.114  61.559 0.0000000000
54197  24.763  -32.555  62.428 0.0000000000
54162  25.091  -33.139  64.167 0.0000000000
57239  19.575  -28.957  63.733 0.0000000000
56146  20.037  -30.232  64.153 0.0000000000
56128  20.687  -31.269  64.810 0.0000000000
54125  20.171  -32.421  66.017 0.0000000000
55131  21.183  -32.361  66.813 0.0000000000
54124  21.636  -32.748  66.312 0.0000000000
69199  38.085  -17.097  49.348 0.0000000000
68249  27.586  -18.885  56.163 0.0000000000
66473  27.729  -20.391  55.482 0.0000000000
64367  27.932  -22.206  55.838 0.0000000000
64243  25.225  -22.713  61.529 0.0000000000
65386  25.209  -22.085  59.544 0.0000000000
65400  25.285  -22.372  58.798 0.0000000000
63180  27.130  -23.686  58.449 0.0000000000
63201  26.892  -23.519  57.848 0.0000000000
64325  26.468  -22.388  57.369 0.0000000000
64350  27.025  -22.241  57.076 0.0000000000
64348  28.303  -22.702  56.171 0.0000000000
64347  29.009  -23.119  55.658 0.0000000000
63200  29.964  -24.016  56.908 0.0000000000
55215  30.433  -31.044  60.652 0.0000000000
56175  31.271  -30.619  60.970 0.0000000000
57263  32.166  -29.103  61.216 0.0000000000
57246  33.036  -29.108  62.807 0.0000000000
58349  32.916  -28.516  61.682 0.0000000000
75864  45.742  -10.591  40.532 0.0000000000
76706  42.740  -9.809  42.901 0.0000000000
74912  43.684  -11.385  42.707 0.0000000000
73053  43.559  -13.035  43.318 0.0000000000
73936  43.703  -12.286  43.073 0.0000000000
74911  44.376  -11.295  42.096 0.0000000000
73941  44.869  -12.212  41.789 0.0000000000
73067  45.857  -13.094  40.918 0.0000000000
70127  38.007  -16.503  48.247 0.0000000000
70128  37.354  -16.200  48.442 0.0000000000
55236  28.419  -31.024  59.615 0.0000000000
72079  36.549  -14.377  47.904 0.0000000000
72078  37.495  -15.020  47.672 0.0000000000
43996  0.749  -40.705  83.221 0.0000000000
64383  28.871  -22.250  54.476 0.0000000000
63248  29.616  -23.509  54.973 0.0000000000
48558  10.215  -37.846  73.471 0.0000000000
59272  21.078  -28.010  63.454 0.0000000000
59256  20.763  -27.640  63.974 0.0000000000
51946  19.185  -35.294  70.232 0.0000000000
64225  25.739  -21.792  63.204 0.0000000000
50866  15.397  -35.562  68.592 0.0000000000
53058  15.642  -33.512  68.508 0.0000000000
51985  16.306  -34.785  67.813 0.0000000000
61139  27.740  -26.303  61.362 0.0000000000
58372  31.699  -28.355  59.590 0.0000000000
59298  32.347  -27.467  59.793 0.0000000000
74894  38.521  -11.552  46.410 0.0000000000
74888  39.015  -10.750  47.075 0.0000000000
75833  39.370  -10.821  46.056 0.0000000000
74900  38.959  -11.753  45.876 0.0000000000
71116  39.829  -15.920  45.935 0.0000000000
70146  41.492  -16.256  46.661 0.0000000000
44003  4.420  -42.266  83.363 0.0000000000
72062  33.882  -14.356  50.214 0.0000000000
72063  33.734  -14.975  50.371 0.0000000000
67439  33.659  -19.004  50.792 0.0000000000
67389  30.911  -19.330  53.811 0.0000000000
67399  31.027  -19.327  53.147 0.0000000000
64397  33.650  -23.225  53.054 0.0000000000
54177  27.629  -32.664  63.663 0.0000000000
54160  27.046  -32.992  64.759 0.0000000000
72991  33.878  -13.424  51.127 0.0000000000
72998  34.148  -13.441  50.016 0.0000000000
48600  14.518  -38.066  71.263 0.0000000000
47453  15.299  -38.240  72.324 0.0000000000
47454  14.831  -38.345  72.062 0.0000000000
46171  8.423  -40.172  79.222 0.0000000000
46173  4.098  -39.625  79.137 0.0000000000
45063  4.058  -40.312  79.554 0.0000000000
46174  3.581  -39.646  79.567 0.0000000000
47259  2.363  -37.876  82.380 0.0000000000
48400  2.057  -37.658  83.354 0.0000000000
56195  24.395  -30.328  60.567 0.0000000000
55156  22.022  -32.343  63.953 0.0000000000
54165  22.389  -32.753  64.113 0.0000000000
54142  22.352  -33.096  65.048 0.0000000000
55146  18.610  -31.819  64.886 0.0000000000
55158  18.970  -31.194  64.705 0.0000000000
68286  38.111  -18.248  51.421 0.0000000000
66416  26.178  -20.036  59.160 0.0000000000
66415  26.849  -19.894  58.998 0.0000000000
62189  27.257  -24.463  59.014 0.0000000000
65384  28.825  -21.767  58.958 0.0000000000
65397  29.481  -21.944  58.549 0.0000000000
65396  30.359  -22.148  58.973 0.0000000000
76717  44.933  -9.247  41.578 0.0000000000
75855  44.497  -10.286  41.641 0.0000000000
73932  41.978  -12.450  44.201 0.0000000000
74903  42.132  -11.645  44.040 0.0000000000
73049  42.462  -13.181  44.079 0.0000000000
55080  15.572  -32.018  69.672 0.0000000000
54056  15.117  -32.593  70.297 0.0000000000
54072  15.894  -32.198  68.901 0.0000000000
70139  38.908  -16.724  47.342 0.0000000000
69219  39.275  -17.235  47.938 0.0000000000
69197  40.224  -17.376  49.564 0.0000000000
59301  28.788  -27.949  58.771 0.0000000000
57291  29.285  -29.682  58.699 0.0000000000
57303  29.529  -28.970  58.373 0.0000000000
57290  30.442  -29.353  58.983 0.0000000000
57279  30.788  -29.941  59.599 0.0000000000
73913  36.158  -11.874  48.908 0.0000000000
74886  36.800  -11.413  48.803 0.0000000000
73917  36.497  -12.182  48.254 0.0000000000
73921  37.001  -12.526  47.573 0.0000000000
73920  37.514  -12.458  46.905 0.0000000000
73032  37.814  -13.310  46.595 0.0000000000
72077  37.907  -15.357  47.457 0.0000000000
71107  38.318  -15.787  47.099 0.0000000000
71106  38.804  -16.160  46.786 0.0000000000
43044  2.539  -42.339  82.993 0.0000000000
72050  33.125  -14.613  52.461 0.0000000000
70078  32.385  -16.934  52.086 0.0000000000
69185  32.711  -17.618  50.986 0.0000000000
66490  30.046  -20.622  53.617 0.0000000000
65472  29.958  -21.032  53.506 0.0000000000
63294  30.531  -23.024  53.824 0.0000000000
63293  30.938  -23.363  53.629 0.0000000000
47435  12.422  -38.420  72.547 0.0000000000
47416  11.848  -38.626  73.236 0.0000000000
47381  12.312  -39.330  75.366 0.0000000000
47364  11.574  -39.455  76.238 0.0000000000
47365  10.651  -39.484  75.962 0.0000000000
47384  9.245  -38.870  75.156 0.0000000000
46221  9.166  -39.571  76.135 0.0000000000
49580  4.451  -36.292  80.149 0.0000000000
48475  3.944  -37.596  79.269 0.0000000000
49581  4.068  -36.864  79.785 0.0000000000
58323  23.292  -27.720  63.330 0.0000000000
58338  23.760  -28.343  62.928 0.0000000000
58354  23.579  -28.619  62.334 0.0000000000
58355  23.220  -28.792  62.052 0.0000000000
57255  22.566  -28.884  62.050 0.0000000000
58342  20.827  -29.059  62.674 0.0000000000
57257  21.282  -29.422  62.462 0.0000000000
56168  20.859  -30.168  62.912 0.0000000000
56158  21.115  -30.654  63.100 0.0000000000
52007  18.463  -34.388  66.384 0.0000000000
53078  19.199  -34.242  66.870 0.0000000000
66405  25.775  -19.901  60.367 0.0000000000
63161  30.101  -23.432  59.752 0.0000000000
64240  30.505  -22.502  61.167 0.0000000000
63144  30.232  -22.951  60.803 0.0000000000
44979  0.262  -40.204  83.437 0.0000000000
68276  31.746  -18.306  54.125 0.0000000000
67392  28.643  -20.176  54.671 0.0000000000
66472  28.308  -20.748  54.917 0.0000000000
49767  17.523  -36.469  69.451 0.0000000000
49769  15.280  -36.568  69.333 0.0000000000
49753  16.035  -37.097  69.850 0.0000000000
48617  15.001  -37.616  70.492 0.0000000000
49754  14.292  -37.008  70.013 0.0000000000
51947  14.642  -34.454  69.962 0.0000000000
51948  14.282  -34.727  70.413 0.0000000000
50840  13.615  -35.415  70.509 0.0000000000
49736  12.852  -36.989  70.852 0.0000000000
48602  12.539  -37.512  71.407 0.0000000000
49737  12.365  -36.569  71.270 0.0000000000
50803  11.054  -35.678  72.067 0.0000000000
49721  10.567  -36.318  72.571 0.0000000000
58274  19.607  -27.321  65.846 0.0000000000
57198  17.848  -29.007  65.624 0.0000000000
57199  17.344  -29.808  65.576 0.0000000000
56132  17.454  -30.455  65.202 0.0000000000
56108  16.919  -30.453  65.873 0.0000000000
54110  16.296  -32.828  66.942 0.0000000000
55134  16.575  -32.341  66.618 0.0000000000
54128  16.613  -32.792  66.470 0.0000000000
54127  16.973  -32.624  65.934 0.0000000000
53097  17.289  -33.429  66.063 0.0000000000
52018  17.599  -33.741  65.928 0.0000000000
52008  17.410  -34.129  66.387 0.0000000000
50864  17.532  -35.998  68.307 0.0000000000
50854  18.049  -36.050  68.927 0.0000000000
62136  25.624  -23.855  62.845 0.0000000000
62151  26.158  -25.078  62.799 0.0000000000
61156  27.159  -25.997  60.271 0.0000000000
61170  26.730  -25.450  59.907 0.0000000000
61168  27.936  -25.633  59.190 0.0000000000
59308  29.246  -27.435  58.585 0.0000000000
60213  30.843  -26.437  58.378 0.0000000000
61180  29.579  -25.486  58.426 0.0000000000
62200  30.532  -25.003  58.563 0.0000000000
62185  30.794  -24.757  58.795 0.0000000000
61167  31.444  -25.496  59.035 0.0000000000
60187  33.260  -26.157  60.777 0.0000000000
76686  41.299  -9.100  45.509 0.0000000000
76687  40.626  -9.635  45.754 0.0000000000
74898  40.123  -11.484  45.179 0.0000000000
73030  39.172  -13.483  45.809 0.0000000000
73923  39.384  -12.834  45.643 0.0000000000
72115  40.181  -14.210  45.207 0.0000000000
72126  40.777  -14.137  44.810 0.0000000000
70098  34.971  -16.362  49.506 0.0000000000
70115  35.514  -16.235  49.306 0.0000000000
69202  35.465  -16.665  49.525 0.0000000000
69181  36.420  -17.546  49.847 0.0000000000
70099  34.284  -16.489  49.967 0.0000000000
67438  34.488  -19.053  50.491 0.0000000000
67436  36.044  -18.842  50.464 0.0000000000
66500  35.642  -21.217  51.885 0.0000000000
68304  31.349  -19.044  52.006 0.0000000000
68287  31.686  -18.289  52.245 0.0000000000
65488  30.868  -20.847  52.689 0.0000000000
65487  31.465  -21.097  52.374 0.0000000000
65486  32.307  -21.296  52.094 0.0000000000
65504  33.043  -21.063  51.583 0.0000000000
65503  33.868  -21.159  51.627 0.0000000000
55200  27.641  -32.069  61.081 0.0000000000
55199  28.243  -31.926  61.149 0.0000000000
54210  27.627  -32.205  61.794 0.0000000000
54176  28.693  -32.619  63.558 0.0000000000
54193  29.012  -32.474  62.677 0.0000000000
74880  35.938  -11.667  50.370 0.0000000000
72068  35.117  -14.305  48.995 0.0000000000
72080  35.639  -14.267  48.441 0.0000000000
49735  17.082  -36.982  71.149 0.0000000000
49734  17.705  -36.495  71.623 0.0000000000
49719  17.156  -36.885  72.134 0.0000000000
46184  11.044  -39.592  78.051 0.0000000000
50788  9.491  -35.491  73.502 0.0000000000
50755  7.996  -35.185  75.638 0.0000000000
49682  8.438  -36.253  74.305 0.0000000000
48542  8.181  -37.163  74.700 0.0000000000
48543  7.498  -37.144  75.174 0.0000000000
47387  6.525  -37.657  75.728 0.0000000000
47386  7.069  -37.921  75.538 0.0000000000
46224  6.453  -39.276  76.511 0.0000000000
48490  5.059  -36.344  77.763 0.0000000000
48509  5.046  -37.130  77.245 0.0000000000
48510  4.657  -37.878  77.714 0.0000000000
46210  5.004  -39.411  77.644 0.0000000000
47351  5.242  -38.545  77.097 0.0000000000
46209  5.736  -39.677  77.347 0.0000000000
46208  6.688  -39.921  77.098 0.0000000000
46188  6.443  -40.207  78.069 0.0000000000
45076  6.085  -40.697  78.732 0.0000000000
44053  6.466  -41.203  79.943 0.0000000000
44039  6.453  -41.253  80.249 0.0000000000
44026  4.415  -41.639  81.040 0.0000000000
44015  4.438  -42.112  82.285 0.0000000000
47299  2.990  -38.730  80.440 0.0000000000
45023  2.312  -40.954  81.576 0.0000000000
44990  1.205  -39.794  82.680 0.0000000000
44991  0.960  -40.215  82.864 0.0000000000
46110  1.118  -38.974  83.256 0.0000000000
48367  1.631  -36.831  84.446 0.0000000000
47240  1.112  -37.767  84.047 0.0000000000
46095  0.530  -37.919  84.118 0.0000000000
57280  26.174  -29.743  60.216 0.0000000000
57294  26.625  -30.024  59.686 0.0000000000
56192  26.931  -30.979  59.931 0.0000000000
55201  24.989  -31.738  60.875 0.0000000000
54227  25.790  -31.812  60.735 0.0000000000
55203  23.226  -31.451  61.139 0.0000000000
54215  22.745  -31.777  61.706 0.0000000000
54181  24.021  -32.964  63.140 0.0000000000
54198  23.713  -32.568  62.309 0.0000000000
54180  24.963  -32.881  63.338 0.0000000000
53126  25.234  -33.578  64.897 0.0000000000
53127  24.388  -33.428  64.704 0.0000000000
58307  19.596  -28.376  64.102 0.0000000000
57220  19.354  -29.397  64.076 0.0000000000
56129  19.873  -30.977  64.890 0.0000000000
54126  19.765  -32.851  66.513 0.0000000000
54108  20.350  -32.444  67.068 0.0000000000
55112  21.189  -32.472  67.558 0.0000000000
68229  27.221  -18.428  56.922 0.0000000000
67372  27.019  -19.395  56.641 0.0000000000
66461  27.153  -20.569  56.377 0.0000000000
65450  27.786  -21.429  55.681 0.0000000000
63145  25.320  -23.699  61.665 0.0000000000
63153  25.222  -23.690  60.790 0.0000000000
64263  24.934  -22.892  60.174 0.0000000000
64282  25.142  -22.924  59.191 0.0000000000
64302  25.379  -22.803  58.692 0.0000000000
63163  28.595  -23.316  59.355 0.0000000000
63164  27.740  -23.659  58.800 0.0000000000
63202  26.426  -23.146  57.659 0.0000000000
65416  28.606  -22.687  57.513 0.0000000000
64320  31.246  -22.991  57.745 0.0000000000
55198  29.383  -31.829  61.466 0.0000000000
55216  29.844  -31.183  60.592 0.0000000000
55197  30.505  -31.325  61.301 0.0000000000
56157  31.845  -30.886  62.845 0.0000000000
55196  31.216  -31.123  61.847 0.0000000000
56165  31.800  -30.537  62.197 0.0000000000
57264  31.886  -29.893  61.499 0.0000000000
57248  32.050  -29.972  62.144 0.0000000000
58335  33.102  -28.819  62.346 0.0000000000
59284  33.611  -27.581  61.717 0.0000000000
73948  45.713  -12.153  40.771 0.0000000000
76691  41.462  -9.508  44.535 0.0000000000
74909  42.703  -11.521  43.549 0.0000000000
75847  42.564  -10.576  43.181 0.0000000000
74913  42.980  -11.211  42.940 0.0000000000
75846  43.121  -10.484  42.636 0.0000000000
73058  44.056  -12.992  42.893 0.0000000000
73942  44.256  -12.209  42.529 0.0000000000
70126  38.593  -16.957  47.994 0.0000000000
69212  38.180  -16.878  48.778 0.0000000000
56210  29.891  -30.309  59.191 0.0000000000
73005  36.522  -13.245  47.950 0.0000000000
72093  37.298  -14.149  47.225 0.0000000000
72105  37.637  -13.773  46.860 0.0000000000
44018  1.592  -42.006  82.679 0.0000000000
71055  32.637  -15.564  52.319 0.0000000000
71050  33.058  -15.769  53.204 0.0000000000
71056  32.551  -16.266  52.571 0.0000000000
64401  29.988  -21.692  53.539 0.0000000000
63272  30.302  -23.499  54.266 0.0000000000
63247  30.398  -23.914  55.150 0.0000000000
63223  30.634  -23.935  56.214 0.0000000000
47417  11.222  -38.113  72.950 0.0000000000
47383  10.274  -39.199  74.910 0.0000000000
48436  4.029  -36.332  81.007 0.0000000000
58324  22.356  -27.886  63.118 0.0000000000
58340  22.074  -28.546  62.581 0.0000000000
58325  21.478  -28.248  63.096 0.0000000000
51984  19.172  -35.019  68.522 0.0000000000
51997  19.497  -34.529  68.324 0.0000000000
65353  25.284  -21.610  61.573 0.0000000000
62161  31.753  -24.033  60.896 0.0000000000
63149  31.179  -23.702  60.725 0.0000000000
63142  31.510  -23.485  61.218 0.0000000000
68261  29.030  -18.778  55.190 0.0000000000
68262  27.999  -18.945  55.627 0.0000000000
49777  15.315  -36.102  68.821 0.0000000000
51926  13.959  -34.364  70.969 0.0000000000
51927  13.387  -34.522  71.214 0.0000000000
55095  16.136  -31.601  68.300 0.0000000000
53079  16.345  -33.629  67.143 0.0000000000
52000  16.797  -34.550  67.224 0.0000000000
50872  16.703  -35.087  67.674 0.0000000000
61123  26.323  -25.636  62.228 0.0000000000
61122  27.042  -26.059  62.569 0.0000000000
61155  27.694  -26.355  60.447 0.0000000000
60199  27.712  -26.358  59.934 0.0000000000
59306  31.142  -27.374  58.480 0.0000000000
60205  31.628  -26.574  58.863 0.0000000000
61166  31.848  -26.091  59.296 0.0000000000
60204  32.142  -26.627  59.475 0.0000000000
60196  32.701  -26.520  60.260 0.0000000000
60195  33.256  -26.804  60.717 0.0000000000
75824  39.665  -10.285  47.544 0.0000000000
75832  39.852  -10.382  45.921 0.0000000000
73928  39.863  -12.468  45.378 0.0000000000
71131  39.362  -14.921  45.694 0.0000000000
70157  40.975  -16.140  45.734 0.0000000000
72069  34.575  -14.337  49.542 0.0000000000
69184  33.279  -17.600  50.531 0.0000000000
67421  35.059  -19.775  50.820 0.0000000000
65502  34.829  -21.273  51.688 0.0000000000
69143  31.575  -18.116  52.907 0.0000000000
64415  31.522  -21.925  52.612 0.0000000000
54211  26.636  -32.370  61.753 0.0000000000
73885  34.833  -13.029  52.523 0.0000000000
73899  34.609  -12.810  51.914 0.0000000000
73915  34.702  -12.767  49.728 0.0000000000
48587  15.674  -38.068  72.915 0.0000000000
47333  10.064  -39.620  77.601 0.0000000000
46158  9.196  -39.546  79.945 0.0000000000
45058  8.224  -40.347  79.813 0.0000000000
50756  7.499  -35.280  76.203 0.0000000000
49664  7.201  -36.080  75.588 0.0000000000
49665  6.594  -36.457  75.978 0.0000000000
48526  6.254  -37.187  76.020 0.0000000000
48527  5.621  -37.213  76.474 0.0000000000
48492  4.310  -37.990  78.343 0.0000000000
45077  5.225  -40.521  78.694 0.0000000000
45042  5.074  -41.065  79.730 0.0000000000
45043  4.535  -41.017  80.099 0.0000000000
47284  2.543  -38.774  81.021 0.0000000000
46109  1.462  -38.781  83.072 0.0000000000
56194  25.355  -30.436  60.339 0.0000000000
55221  24.636  -31.105  60.437 0.0000000000
55202  24.042  -31.668  60.922 0.0000000000
55183  22.145  -31.549  62.403 0.0000000000
54199  22.745  -32.334  62.310 0.0000000000
54164  23.390  -33.135  63.894 0.0000000000
53128  23.736  -33.337  64.487 0.0000000000
53112  23.604  -33.680  65.152 0.0000000000
57221  18.454  -29.392  64.678 0.0000000000
56130  19.389  -31.040  64.770 0.0000000000
54088  20.691  -32.591  68.237 0.0000000000
69180  37.496  -17.671  50.204 0.0000000000
68285  38.540  -18.195  51.749 0.0000000000
67359  26.644  -19.055  57.595 0.0000000000
66462  26.662  -20.767  56.948 0.0000000000
65436  26.766  -21.531  56.897 0.0000000000
62175  25.806  -24.992  60.238 0.0000000000
62191  25.732  -24.595  59.961 0.0000000000
64281  27.708  -23.319  58.619 0.0000000000
64280  28.307  -22.664  58.992 0.0000000000
64299  28.027  -22.759  57.890 0.0000000000
64321  30.045  -23.353  57.577 0.0000000000
54174  30.566  -32.032  63.111 0.0000000000
55181  30.753  -31.573  62.336 0.0000000000
55169  31.107  -31.591  62.959 0.0000000000
55168  31.581  -31.275  63.409 0.0000000000
56156  32.351  -30.310  63.239 0.0000000000
75854  45.202  -10.184  40.943 0.0000000000
75837  41.795  -11.153  44.208 0.0000000000
71173  44.691  -14.637  42.786 0.0000000000
72147  45.252  -13.971  42.310 0.0000000000
53037  15.258  -33.927  69.128 0.0000000000
55094  16.262  -30.696  68.573 0.0000000000
54091  15.701  -32.839  68.629 0.0000000000
70138  40.215  -16.972  47.572 0.0000000000
60197  28.797  -27.014  60.517 0.0000000000
58385  28.949  -28.434  58.591 0.0000000000
58384  29.734  -28.223  58.283 0.0000000000
58383  30.624  -28.293  58.393 0.0000000000
58373  31.006  -28.565  59.068 0.0000000000
58361  31.958  -28.638  60.306 0.0000000000
74885  37.660  -11.317  48.644 0.0000000000
74895  37.875  -11.699  46.789 0.0000000000
73031  38.491  -13.425  46.199 0.0000000000
44016  3.480  -42.143  82.527 0.0000000000
72053  33.306  -14.531  51.097 0.0000000000
70085  32.847  -16.291  50.959 0.0000000000
70101  32.965  -17.034  50.800 0.0000000000
68319  32.843  -18.459  50.884 0.0000000000
64399  31.634  -22.829  53.056 0.0000000000
63269  33.183  -24.333  54.566 0.0000000000
63245  32.425  -24.304  55.574 0.0000000000
54161  25.976  -33.176  64.355 0.0000000000
54140  27.198  -33.264  65.444 0.0000000000
47434  13.375  -38.479  72.428 0.0000000000
47433  14.347  -38.404  72.698 0.0000000000
47398  13.115  -39.132  74.526 0.0000000000
47348  10.865  -39.444  77.210 0.0000000000
46205  9.525  -39.813  77.053 0.0000000000
46206  8.773  -39.859  77.057 0.0000000000
46207  7.801  -39.931  77.142 0.0000000000
49615  4.985  -36.153  78.419 0.0000000000
48456  3.365  -37.980  80.066 0.0000000000
48437  3.575  -36.602  81.228 0.0000000000
48419  2.796  -37.207  81.886 0.0000000000
57269  23.898  -28.921  61.711 0.0000000000
57283  23.513  -29.595  61.346 0.0000000000
56196  23.503  -30.253  60.966 0.0000000000
56177  22.897  -29.869  61.366 0.0000000000
56197  22.841  -30.447  61.234 0.0000000000
56178  22.287  -30.227  61.664 0.0000000000
57256  21.833  -29.130  62.144 0.0000000000
56179  21.862  -30.234  62.087 0.0000000000
56166  22.022  -30.707  62.196 0.0000000000
55184  21.550  -30.976  62.630 0.0000000000
55171  21.506  -31.450  63.261 0.0000000000
55157  21.589  -32.039  64.360 0.0000000000
53114  18.604  -33.567  65.675 0.0000000000
54145  19.316  -32.598  65.504 0.0000000000
53095  19.475  -33.509  66.829 0.0000000000
54089  20.206  -33.304  68.591 0.0000000000
67418  38.283  -19.367  51.682 0.0000000000
65399  25.472  -21.387  58.658 0.0000000000
62187  29.031  -23.965  58.976 0.0000000000
63152  28.943  -23.072  60.027 0.0000000000
63150  30.586  -23.408  60.304 0.0000000000
63151  29.749  -22.989  60.154 0.0000000000
64261  29.238  -22.474  59.884 0.0000000000
72124  42.345  -14.037  44.162 0.0000000000
69136  32.351  -18.058  54.231 0.0000000000
66481  29.584  -20.608  53.985 0.0000000000
65460  28.844  -21.469  54.400 0.0000000000
50838  18.661  -35.748  70.671 0.0000000000
49768  16.390  -36.699  69.335 0.0000000000
48616  16.079  -37.608  70.558 0.0000000000
51967  14.809  -34.818  69.406 0.0000000000
50856  14.612  -35.617  69.706 0.0000000000
50839  14.202  -35.979  70.194 0.0000000000
48589  12.106  -37.877  71.985 0.0000000000
48590  11.281  -37.478  72.096 0.0000000000
48574  10.865  -37.587  72.738 0.0000000000
48575  10.447  -37.222  72.957 0.0000000000
48576  9.998  -37.117  73.288 0.0000000000
59244  20.085  -27.521  64.741 0.0000000000
58289  19.435  -27.818  64.879 0.0000000000
56148  18.156  -30.291  64.746 0.0000000000
55160  17.775  -30.736  64.870 0.0000000000
55114  16.556  -31.004  67.687 0.0000000000
54147  17.530  -32.551  65.389 0.0000000000
52017  17.921  -34.015  65.769 0.0000000000
50863  18.498  -35.558  68.524 0.0000000000
50853  18.484  -35.841  69.606 0.0000000000
64210  25.695  -22.669  63.445 0.0000000000
63124  25.591  -23.360  63.169 0.0000000000
62152  25.583  -24.353  62.279 0.0000000000
61142  25.565  -24.865  61.416 0.0000000000
61141  25.953  -25.490  61.416 0.0000000000
61158  25.698  -25.155  60.798 0.0000000000
61169  27.276  -25.354  59.374 0.0000000000
60207  28.231  -26.218  59.384 0.0000000000
61182  28.224  -25.264  58.893 0.0000000000
62203  28.565  -24.700  58.807 0.0000000000
62173  31.210  -24.407  59.894 0.0000000000
62172  31.704  -25.020  60.036 0.0000000000
75838  41.281  -10.627  44.375 0.0000000000
73929  39.269  -12.210  45.644 0.0000000000
72116  39.599  -14.289  45.591 0.0000000000
73051  41.019  -13.323  44.615 0.0000000000
72125  41.566  -14.197  44.462 0.0000000000
71093  36.073  -15.065  48.470 0.0000000000
71078  37.055  -16.067  48.533 0.0000000000
71079  36.521  -15.820  48.713 0.0000000000
68301  36.489  -18.639  50.544 0.0000000000
68316  35.912  -18.273  50.126 0.0000000000
66498  36.955  -20.761  52.226 0.0000000000
70072  32.437  -16.965  52.899 0.0000000000
69154  31.632  -18.198  52.518 0.0000000000
68302  32.416  -19.023  51.148 0.0000000000
66503  30.821  -20.212  52.651 0.0000000000
66501  31.903  -20.625  52.001 0.0000000000
66518  31.863  -20.076  51.748 0.0000000000
65483  35.377  -21.824  52.337 0.0000000000
55237  28.062  -31.257  59.847 0.0000000000
54208  29.193  -32.228  62.128 0.0000000000
54192  29.770  -32.182  62.444 0.0000000000
48586  16.445  -37.452  72.541 0.0000000000
50787  10.128  -35.637  73.005 0.0000000000
49701  9.742  -36.438  73.394 0.0000000000
50771  8.873  -35.378  74.037 0.0000000000
47403  8.498  -37.712  74.604 0.0000000000
47367  7.923  -38.913  75.613 0.0000000000
46234  8.168  -38.963  75.592 0.0000000000
49649  5.495  -36.620  76.979 0.0000000000
45074  7.551  -40.521  78.878 0.0000000000
45059  7.709  -40.610  79.488 0.0000000000
45060  6.708  -41.019  79.705 0.0000000000
45040  7.544  -40.726  80.375 0.0000000000
44025  5.632  -41.580  81.178 0.0000000000
46160  3.018  -39.712  80.045 0.0000000000
45022  3.092  -40.715  80.727 0.0000000000
44017  2.330  -41.975  82.425 0.0000000000
47250  1.580  -38.080  83.463 0.0000000000
47223  1.296  -37.204  84.263 0.0000000000
47251  1.228  -38.188  83.707 0.0000000000
62134  26.942  -25.308  63.606 0.0000000000
57293  27.252  -29.873  59.385 0.0000000000
58377  26.822  -29.512  59.707 0.0000000000
54226  26.500  -32.105  60.874 0.0000000000
54179  25.709  -32.944  63.622 0.0000000000
58306  20.187  -28.083  63.821 0.0000000000
58327  19.820  -28.797  63.586 0.0000000000
57238  19.942  -29.420  63.532 0.0000000000
57219  19.733  -29.693  63.896 0.0000000000
56159  20.585  -30.134  63.412 0.0000000000
54144  19.836  -32.056  65.571 0.0000000000
55132  20.704  -32.209  66.434 0.0000000000
55143  21.107  -32.143  65.692 0.0000000000
54143  21.804  -32.631  65.355 0.0000000000
54123  22.202  -33.203  65.894 0.0000000000
69179  38.575  -17.748  50.173 0.0000000000
67383  27.568  -19.543  55.820 0.0000000000
64366  28.432  -22.238  55.184 0.0000000000
64226  25.414  -22.626  62.710 0.0000000000
65371  25.214  -21.868  60.628 0.0000000000
63181  26.150  -23.627  58.351 0.0000000000
64301  25.673  -22.627  58.094 0.0000000000
65417  25.994  -21.560  57.629 0.0000000000
64349  27.546  -22.189  56.544 0.0000000000
63199  30.795  -23.577  57.066 0.0000000000
63198  31.247  -23.462  57.210 0.0000000000
56191  28.857  -31.018  59.651 0.0000000000
56190  29.462  -30.871  59.801 0.0000000000
56189  30.585  -30.545  60.097 0.0000000000
56176  30.752  -30.949  60.716 0.0000000000
56188  31.148  -30.287  60.381 0.0000000000
57278  31.413  -29.534  60.218 0.0000000000
57277  31.967  -28.890  60.666 0.0000000000
57231  32.850  -29.568  63.058 0.0000000000
57247  32.571  -29.540  62.242 0.0000000000
58360  32.477  -28.392  60.818 0.0000000000
59285  33.054  -27.873  61.162 0.0000000000
59291  33.436  -27.297  61.004 0.0000000000
76696  42.319  -9.598  43.557 0.0000000000
76695  42.930  -9.078  43.251 0.0000000000
75845  43.827  -10.391  42.221 0.0000000000
72135  42.894  -13.735  43.935 0.0000000000
73054  43.051  -13.113  43.736 0.0000000000
73937  43.140  -12.371  43.452 0.0000000000
72149  43.840  -13.460  43.136 0.0000000000
73949  45.267  -11.891  41.206 0.0000000000
73056  45.402  -13.072  41.804 0.0000000000
73940  45.450  -12.492  41.315 0.0000000000
44005  2.768  -42.334  83.122 0.0000000000
44054  6.189  -41.291  79.879 0.0000000000
46169  10.807  -39.519  78.453 0.0000000000
48454  4.038  -36.416  80.798 0.0000000000
48591  10.737  -37.090  72.420 0.0000000000
48615  16.631  -37.297  70.835 0.0000000000
48633  14.903  -37.095  69.781 0.0000000000
49567  4.393  -35.856  81.139 0.0000000000
49600  4.371  -36.812  79.487 0.0000000000
49630  5.344  -36.553  77.305 0.0000000000
52009  16.765  -33.962  66.759 0.0000000000
53124  26.735  -33.359  65.450 0.0000000000
54173  31.119  -31.737  63.342 0.0000000000
54191  30.310  -31.918  62.477 0.0000000000
55092  21.277  -32.563  67.803 0.0000000000
56149  17.761  -30.333  64.932 0.0000000000
57254  24.061  -28.640  62.448 0.0000000000
57272  21.794  -29.787  62.040 0.0000000000
59271  21.680  -27.728  63.642 0.0000000000
61181  28.838  -25.360  58.714 0.0000000000
62176  25.526  -24.515  60.565 0.0000000000
62201  30.166  -24.881  58.623 0.0000000000
67408  30.726  -19.871  52.972 0.0000000000
68263  27.698  -19.118  55.865 0.0000000000
68271  29.234  -19.216  54.750 0.0000000000
69152  38.519  -18.113  51.365 0.0000000000
69220  38.841  -17.138  47.915 0.0000000000
