#!ascii label  , from subject 3072 vox2ras=TkReg
656
53943  24.196  -33.204  81.034 0.0000000000
64204  37.903  -22.356  63.054 0.0000000000
64230  45.603  -23.042  61.788 0.0000000000
60099  40.018  -26.035  70.987 0.0000000000
49658  29.387  -36.716  75.591 0.0000000000
48440  27.722  -37.780  79.476 0.0000000000
64217  41.315  -22.187  62.492 0.0000000000
66326  42.453  -20.700  66.150 0.0000000000
58150  37.775  -29.188  71.681 0.0000000000
50744  34.500  -36.440  74.321 0.0000000000
69123  49.426  -17.424  55.295 0.0000000000
66426  46.162  -20.983  58.336 0.0000000000
63035  36.284  -23.290  68.553 0.0000000000
67225  37.537  -19.860  68.576 0.0000000000
50698  27.147  -36.189  78.197 0.0000000000
51743  26.095  -35.769  80.777 0.0000000000
65331  39.490  -21.659  62.580 0.0000000000
65301  41.918  -21.196  64.444 0.0000000000
66353  39.590  -20.729  64.699 0.0000000000
51932  38.748  -34.244  71.272 0.0000000000
48497  31.449  -38.104  76.770 0.0000000000
50747  32.531  -37.038  75.102 0.0000000000
47374  33.537  -38.291  75.786 0.0000000000
67387  48.373  -18.921  54.441 0.0000000000
68220  49.410  -18.984  57.228 0.0000000000
66455  48.045  -19.824  56.890 0.0000000000
64250  44.283  -22.404  59.938 0.0000000000
64286  44.316  -22.202  57.767 0.0000000000
65359  46.104  -22.393  60.774 0.0000000000
64247  47.354  -22.457  60.531 0.0000000000
62155  46.914  -23.882  60.807 0.0000000000
59174  38.847  -27.698  71.394 0.0000000000
61030  36.905  -26.026  70.706 0.0000000000
62998  37.585  -24.260  70.600 0.0000000000
65219  36.131  -21.574  68.712 0.0000000000
65176  38.568  -22.713  70.587 0.0000000000
66266  39.662  -21.400  69.532 0.0000000000
62027  39.816  -25.037  69.726 0.0000000000
49604  28.792  -37.015  77.529 0.0000000000
64252  42.052  -22.820  60.492 0.0000000000
64214  44.468  -22.805  62.802 0.0000000000
64200  43.536  -22.354  63.731 0.0000000000
64175  43.266  -22.481  65.594 0.0000000000
52967  36.343  -33.386  72.675 0.0000000000
55027  38.064  -31.982  71.851 0.0000000000
56018  39.118  -30.916  70.981 0.0000000000
57112  39.931  -29.830  69.996 0.0000000000
58251  40.665  -28.277  68.475 0.0000000000
51885  34.922  -34.734  72.670 0.0000000000
50759  36.120  -35.918  73.645 0.0000000000
68265  50.321  -17.581  54.956 0.0000000000
66457  46.766  -20.918  57.094 0.0000000000
66409  47.971  -20.296  59.593 0.0000000000
64266  48.307  -22.338  59.431 0.0000000000
66331  37.606  -20.633  65.760 0.0000000000
67222  40.058  -19.812  68.234 0.0000000000
65230  40.843  -21.216  68.013 0.0000000000
51747  24.295  -34.612  81.359 0.0000000000
52866  25.396  -34.505  80.608 0.0000000000
50645  25.441  -35.869  80.738 0.0000000000
65319  39.180  -21.483  63.162 0.0000000000
66368  40.264  -21.070  64.106 0.0000000000
66354  38.828  -21.202  64.530 0.0000000000
48516  32.427  -38.014  76.494 0.0000000000
67377  47.872  -19.619  55.025 0.0000000000
67376  48.308  -18.831  55.695 0.0000000000
67369  47.852  -19.579  55.905 0.0000000000
65342  45.434  -22.512  61.193 0.0000000000
65360  45.234  -22.221  60.476 0.0000000000
64249  46.288  -22.764  61.315 0.0000000000
64248  46.757  -22.620  60.952 0.0000000000
60101  39.099  -26.488  71.378 0.0000000000
61013  37.890  -25.843  71.445 0.0000000000
62008  38.551  -24.887  71.134 0.0000000000
64090  37.752  -23.074  70.842 0.0000000000
62980  38.989  -24.021  71.003 0.0000000000
62995  39.540  -23.775  70.349 0.0000000000
61028  39.978  -26.011  69.965 0.0000000000
50697  27.918  -36.551  78.056 0.0000000000
49586  28.706  -37.158  78.099 0.0000000000
47301  29.915  -38.093  78.094 0.0000000000
64234  40.728  -22.332  61.608 0.0000000000
64253  40.956  -22.620  60.656 0.0000000000
64233  41.711  -22.635  61.540 0.0000000000
64232  42.865  -22.809  61.457 0.0000000000
64216  42.347  -22.513  62.446 0.0000000000
64201  42.774  -22.215  63.301 0.0000000000
66350  42.301  -20.818  65.273 0.0000000000
65281  42.990  -21.469  65.616 0.0000000000
65261  42.938  -21.833  66.128 0.0000000000
64176  42.463  -22.506  65.851 0.0000000000
65262  42.217  -21.385  66.556 0.0000000000
51882  37.276  -34.494  72.781 0.0000000000
54004  37.265  -32.514  72.508 0.0000000000
52984  37.781  -33.807  72.316 0.0000000000
54032  39.229  -32.786  71.267 0.0000000000
56035  39.539  -30.747  70.572 0.0000000000
50746  33.311  -36.803  74.826 0.0000000000
50781  34.056  -36.079  73.426 0.0000000000
51866  34.810  -35.455  73.206 0.0000000000
51884  35.703  -34.624  73.135 0.0000000000
50760  35.303  -35.848  73.812 0.0000000000
68266  48.759  -17.766  54.155 0.0000000000
69121  50.142  -17.206  55.030 0.0000000000
67342  49.089  -19.665  58.309 0.0000000000
65392  45.132  -21.860  58.364 0.0000000000
64311  44.312  -22.132  56.914 0.0000000000
65430  45.520  -21.453  57.004 0.0000000000
65444  45.496  -21.528  56.065 0.0000000000
66440  46.364  -20.862  57.931 0.0000000000
66439  47.502  -20.312  57.939 0.0000000000
66425  46.711  -20.697  58.832 0.0000000000
63157  47.748  -23.424  59.779 0.0000000000
64246  47.955  -22.289  60.063 0.0000000000
58152  36.969  -29.735  71.817 0.0000000000
58186  36.432  -28.385  70.841 0.0000000000
62056  36.928  -24.624  68.735 0.0000000000
61054  36.756  -25.778  68.295 0.0000000000
67209  36.803  -20.518  69.128 0.0000000000
66290  35.447  -20.383  67.301 0.0000000000
67241  36.049  -19.788  67.616 0.0000000000
67275  36.039  -19.814  66.009 0.0000000000
67239  37.999  -19.778  67.726 0.0000000000
67253  38.539  -19.936  66.920 0.0000000000
67224  38.467  -19.829  68.441 0.0000000000
64113  39.735  -22.562  69.151 0.0000000000
66265  40.126  -20.976  69.082 0.0000000000
64128  39.627  -22.527  67.972 0.0000000000
64146  39.573  -22.481  67.210 0.0000000000
50668  26.653  -35.577  79.545 0.0000000000
49557  27.385  -37.047  80.433 0.0000000000
47274  27.141  -38.119  79.982 0.0000000000
48424  26.788  -37.284  80.676 0.0000000000
65329  40.800  -21.888  62.749 0.0000000000
65316  42.286  -21.775  63.888 0.0000000000
65317  41.102  -21.483  63.521 0.0000000000
66351  41.387  -20.623  64.901 0.0000000000
67272  41.062  -19.886  66.288 0.0000000000
50713  30.708  -37.176  76.346 0.0000000000
49656  31.232  -37.348  75.292 0.0000000000
50711  31.536  -37.264  76.003 0.0000000000
50729  32.925  -37.112  75.390 0.0000000000
49634  33.960  -37.178  74.964 0.0000000000
48530  35.061  -37.206  74.530 0.0000000000
47373  33.935  -38.619  75.487 0.0000000000
68253  48.929  -17.885  55.309 0.0000000000
68238  49.477  -18.411  56.612 0.0000000000
68239  48.819  -18.446  56.519 0.0000000000
68221  49.030  -18.919  57.359 0.0000000000
67343  48.679  -19.482  58.202 0.0000000000
64268  43.329  -22.562  59.130 0.0000000000
64267  44.311  -22.309  58.781 0.0000000000
65377  45.197  -22.037  59.404 0.0000000000
65390  46.486  -21.179  59.555 0.0000000000
66410  47.158  -20.858  59.724 0.0000000000
65358  47.081  -21.762  60.403 0.0000000000
63148  47.535  -23.191  60.457 0.0000000000
58185  38.164  -28.614  71.585 0.0000000000
59168  37.265  -27.611  71.278 0.0000000000
60094  37.678  -26.418  71.412 0.0000000000
62029  37.137  -25.125  70.456 0.0000000000
63034  36.668  -23.500  69.323 0.0000000000
64129  36.036  -22.334  68.208 0.0000000000
64101  37.137  -22.855  70.259 0.0000000000
65190  37.518  -22.051  70.471 0.0000000000
67179  37.965  -21.024  70.174 0.0000000000
67177  39.046  -20.544  69.744 0.0000000000
65203  39.142  -22.062  70.376 0.0000000000
63015  39.640  -23.572  69.913 0.0000000000
62054  39.885  -24.445  68.674 0.0000000000
51834  26.734  -36.207  77.099 0.0000000000
50734  28.162  -36.548  76.911 0.0000000000
48498  29.555  -37.030  76.699 0.0000000000
49602  30.351  -37.509  76.965 0.0000000000
47320  31.053  -38.509  77.388 0.0000000000
64251  43.210  -22.768  60.299 0.0000000000
64231  44.340  -22.654  61.343 0.0000000000
64213  45.066  -23.325  63.096 0.0000000000
64199  44.333  -23.202  63.912 0.0000000000
63106  44.111  -23.593  64.638 0.0000000000
65300  42.981  -21.443  64.640 0.0000000000
64189  44.039  -22.932  65.089 0.0000000000
55001  35.769  -32.347  72.154 0.0000000000
54999  36.315  -31.849  72.476 0.0000000000
55973  36.803  -31.368  72.430 0.0000000000
56004  37.939  -31.004  71.741 0.0000000000
52997  38.771  -33.701  71.573 0.0000000000
55043  38.624  -31.963  71.534 0.0000000000
57081  38.270  -30.029  71.581 0.0000000000
57097  38.762  -29.717  71.265 0.0000000000
58201  39.812  -28.674  70.649 0.0000000000
59181  40.353  -27.656  70.363 0.0000000000
59190  40.660  -27.533  69.579 0.0000000000
57127  40.554  -28.719  69.304 0.0000000000
52968  35.607  -33.680  72.536 0.0000000000
51883  36.561  -34.362  73.071 0.0000000000
50777  37.288  -35.553  72.811 0.0000000000
48547  35.724  -37.489  73.869 0.0000000000
48546  36.475  -37.224  73.405 0.0000000000
68273  50.447  -17.741  54.255 0.0000000000
66478  46.397  -20.631  54.666 0.0000000000
66456  47.667  -20.224  56.663 0.0000000000
67344  48.075  -19.613  58.351 0.0000000000
67332  48.599  -19.838  59.043 0.0000000000
66398  47.633  -21.077  60.021 0.0000000000
66396  48.276  -21.076  59.717 0.0000000000
65389  48.753  -21.705  58.865 0.0000000000
59183  36.702  -27.580  70.186 0.0000000000
65305  36.233  -21.112  64.739 0.0000000000
65283  37.958  -21.316  65.102 0.0000000000
66330  38.732  -20.682  65.483 0.0000000000
67273  40.262  -19.950  66.200 0.0000000000
67250  41.127  -19.864  66.956 0.0000000000
67190  39.725  -20.282  69.080 0.0000000000
67202  40.769  -20.323  68.014 0.0000000000
66289  41.381  -20.768  67.558 0.0000000000
64144  41.097  -21.630  67.189 0.0000000000
60121  40.676  -26.855  69.193 0.0000000000
60129  40.324  -26.709  68.338 0.0000000000
52853  24.497  -34.260  81.313 0.0000000000
52854  23.991  -34.031  81.697 0.0000000000
52868  24.084  -33.597  81.459 0.0000000000
52867  24.739  -33.840  80.943 0.0000000000
52852  25.158  -34.640  81.044 0.0000000000
65320  38.490  -21.963  63.247 0.0000000000
66370  38.883  -21.542  63.803 0.0000000000
65303  38.191  -21.621  64.169 0.0000000000
66466  47.295  -20.263  55.412 0.0000000000
65341  45.744  -22.624  61.288 0.0000000000
64229  46.472  -23.161  61.484 0.0000000000
63139  46.241  -23.596  62.022 0.0000000000
60100  39.784  -26.635  70.987 0.0000000000
61020  39.027  -25.444  71.400 0.0000000000
61012  39.379  -25.323  71.288 0.0000000000
62007  39.050  -24.703  71.271 0.0000000000
61011  39.677  -25.428  71.062 0.0000000000
61988  39.529  -24.752  70.855 0.0000000000
61018  39.986  -25.882  70.685 0.0000000000
48462  27.757  -37.041  79.133 0.0000000000
49587  27.891  -36.683  78.602 0.0000000000
48461  28.347  -37.460  78.795 0.0000000000
47303  28.587  -38.484  78.871 0.0000000000
64202  41.938  -22.158  63.204 0.0000000000
66325  42.719  -21.057  65.742 0.0000000000
65282  42.725  -21.321  66.134 0.0000000000
64160  42.690  -22.074  66.236 0.0000000000
51902  37.989  -34.653  72.315 0.0000000000
50745  33.952  -36.602  74.458 0.0000000000
50762  33.697  -36.553  74.176 0.0000000000
50761  34.510  -35.989  73.776 0.0000000000
69133  49.471  -17.178  54.628 0.0000000000
69122  49.791  -17.274  55.235 0.0000000000
65391  45.913  -21.330  58.926 0.0000000000
65412  44.996  -21.813  57.411 0.0000000000
65411  45.745  -21.154  57.920 0.0000000000
65429  46.063  -21.087  57.406 0.0000000000
66441  46.055  -20.945  58.065 0.0000000000
62178  47.326  -23.792  59.433 0.0000000000
58169  36.820  -28.888  71.578 0.0000000000
62046  36.670  -23.990  68.842 0.0000000000
62057  36.374  -24.211  68.095 0.0000000000
67208  37.281  -20.443  69.314 0.0000000000
67226  36.632  -20.148  68.619 0.0000000000
67240  37.027  -19.783  67.718 0.0000000000
63050  39.565  -23.347  68.430 0.0000000000
64127  39.750  -22.359  68.554 0.0000000000
63051  39.300  -23.142  67.781 0.0000000000
51761  26.431  -35.336  79.910 0.0000000000
51777  26.223  -35.138  79.467 0.0000000000
50669  26.733  -35.684  79.967 0.0000000000
49571  27.158  -36.256  79.902 0.0000000000
49558  27.055  -36.686  80.548 0.0000000000
49544  26.512  -36.597  80.704 0.0000000000
65344  39.252  -21.707  61.896 0.0000000000
65362  39.181  -21.892  61.228 0.0000000000
65343  39.688  -21.799  62.073 0.0000000000
64235  40.090  -21.974  61.805 0.0000000000
65330  40.202  -21.793  62.634 0.0000000000
65318  39.925  -21.427  63.297 0.0000000000
66352  40.462  -20.474  64.799 0.0000000000
66328  40.806  -20.126  65.563 0.0000000000
49619  31.012  -37.530  76.611 0.0000000000
50712  31.147  -37.216  76.164 0.0000000000
49637  31.929  -37.918  76.500 0.0000000000
48515  33.207  -37.920  75.998 0.0000000000
49636  32.546  -37.541  76.013 0.0000000000
49635  33.349  -37.334  75.487 0.0000000000
49654  33.700  -37.541  75.440 0.0000000000
49653  34.054  -37.492  75.209 0.0000000000
67368  48.261  -19.284  56.592 0.0000000000
67354  48.481  -19.348  57.474 0.0000000000
65376  45.977  -21.796  59.884 0.0000000000
65375  46.589  -21.536  60.131 0.0000000000
64228  47.087  -23.126  61.122 0.0000000000
63137  47.045  -23.518  60.996 0.0000000000
59175  38.225  -27.948  71.505 0.0000000000
59167  37.724  -27.285  71.402 0.0000000000
60102  38.278  -26.753  71.450 0.0000000000
62981  37.969  -24.809  70.982 0.0000000000
61991  37.726  -25.331  71.177 0.0000000000
62982  37.723  -24.981  70.884 0.0000000000
63016  36.989  -23.865  70.022 0.0000000000
64115  36.722  -22.972  69.754 0.0000000000
65177  38.359  -22.783  70.700 0.0000000000
65189  38.167  -22.294  70.708 0.0000000000
67180  37.699  -21.165  70.158 0.0000000000
66234  37.840  -21.457  70.406 0.0000000000
66233  38.453  -21.388  70.407 0.0000000000
65188  38.768  -22.186  70.505 0.0000000000
62028  39.759  -24.346  70.016 0.0000000000
64100  39.370  -22.999  70.119 0.0000000000
63014  39.857  -24.111  69.655 0.0000000000
63033  39.714  -23.474  69.616 0.0000000000
62044  40.022  -24.750  69.292 0.0000000000
51819  26.672  -35.722  77.675 0.0000000000
51835  26.183  -35.177  76.854 0.0000000000
50715  28.052  -36.545  77.532 0.0000000000
50714  28.559  -36.740  77.296 0.0000000000
50733  28.772  -36.767  76.869 0.0000000000
48499  29.438  -36.945  76.894 0.0000000000
49620  30.026  -37.053  76.636 0.0000000000
49603  29.672  -37.333  77.144 0.0000000000
64269  42.290  -22.831  59.385 0.0000000000
63119  44.498  -24.005  63.915 0.0000000000
64190  43.579  -22.313  64.807 0.0000000000
64174  43.735  -22.911  65.356 0.0000000000
63087  43.753  -23.203  65.282 0.0000000000
54006  35.923  -32.908  72.371 0.0000000000
55000  35.911  -31.867  72.352 0.0000000000
53996  36.143  -32.325  72.380 0.0000000000
54019  37.994  -32.814  72.257 0.0000000000
54998  36.883  -31.871  72.473 0.0000000000
55011  37.576  -31.912  72.201 0.0000000000
55990  37.222  -31.244  72.236 0.0000000000
52982  39.218  -34.185  71.773 0.0000000000
52996  38.939  -33.642  71.390 0.0000000000
55042  39.246  -31.837  71.166 0.0000000000
56019  38.624  -30.883  71.360 0.0000000000
56003  38.287  -30.647  71.554 0.0000000000
57096  39.115  -30.088  70.908 0.0000000000
57113  39.631  -29.453  70.522 0.0000000000
59182  39.851  -27.837  70.687 0.0000000000
58200  40.179  -28.616  70.126 0.0000000000
58217  40.479  -28.468  69.649 0.0000000000
57128  40.487  -29.164  69.416 0.0000000000
49655  31.966  -37.254  74.976 0.0000000000
49672  31.414  -37.286  74.647 0.0000000000
51903  34.473  -35.015  72.465 0.0000000000
51904  34.269  -34.498  72.127 0.0000000000
51886  34.695  -34.093  72.305 0.0000000000
52969  35.098  -33.645  72.271 0.0000000000
50779  36.079  -35.189  73.454 0.0000000000
50778  36.699  -35.229  73.294 0.0000000000
50758  36.650  -35.956  73.289 0.0000000000
48565  36.854  -37.230  72.941 0.0000000000
67385  50.290  -18.533  55.032 0.0000000000
64287  43.447  -22.472  58.037 0.0000000000
64312  43.608  -22.400  57.087 0.0000000000
65443  46.083  -21.267  56.682 0.0000000000
66468  45.711  -21.347  55.508 0.0000000000
66467  46.498  -21.100  55.839 0.0000000000
66424  47.520  -19.983  59.034 0.0000000000
67333  48.162  -19.622  58.982 0.0000000000
65357  47.697  -21.654  60.152 0.0000000000
65356  48.079  -21.457  59.870 0.0000000000
65374  48.518  -21.360  59.474 0.0000000000
60103  36.995  -26.722  71.055 0.0000000000
59176  36.930  -27.678  70.900 0.0000000000
60111  36.816  -26.723  70.467 0.0000000000
66305  37.280  -20.148  66.305 0.0000000000
66332  36.605  -20.291  65.790 0.0000000000
65284  36.977  -21.064  65.323 0.0000000000
66304  38.122  -20.218  66.266 0.0000000000
67237  39.860  -19.786  67.618 0.0000000000
67252  39.571  -19.931  66.738 0.0000000000
67251  40.443  -19.818  66.909 0.0000000000
67236  40.544  -19.847  67.580 0.0000000000
66231  39.335  -20.655  69.599 0.0000000000
67176  39.345  -20.542  69.378 0.0000000000
66248  39.711  -20.745  69.361 0.0000000000
66279  40.443  -21.159  68.546 0.0000000000
66264  40.479  -20.664  68.545 0.0000000000
66278  40.943  -20.963  68.114 0.0000000000
67219  41.063  -20.482  67.838 0.0000000000
65229  41.253  -21.031  67.768 0.0000000000
65263  41.676  -21.404  66.961 0.0000000000
64162  40.494  -22.292  66.548 0.0000000000
59198  40.653  -27.542  69.266 0.0000000000
60115  40.680  -26.866  69.705 0.0000000000
59207  40.626  -27.591  68.835 0.0000000000
52877  25.719  -34.538  80.208 0.0000000000
52850  25.914  -35.118  80.521 0.0000000000
50644  25.896  -36.010  81.030 0.0000000000
51745  25.377  -35.394  80.908 0.0000000000
51746  25.013  -34.997  81.212 0.0000000000
65332  38.911  -21.727  62.475 0.0000000000
66369  39.476  -21.302  63.940 0.0000000000
48496  31.936  -38.440  76.713 0.0000000000
48517  31.928  -38.130  76.611 0.0000000000
48495  32.658  -38.384  76.461 0.0000000000
61021  38.499  -25.743  71.389 0.0000000000
62997  38.175  -24.090  70.767 0.0000000000
62996  38.715  -24.160  70.886 0.0000000000
64088  38.674  -23.745  70.758 0.0000000000
64074  38.661  -23.335  70.641 0.0000000000
65175  38.853  -22.942  70.486 0.0000000000
62979  39.364  -24.047  70.800 0.0000000000
62006  39.636  -24.509  70.477 0.0000000000
61029  39.713  -25.054  70.115 0.0000000000
49605  28.377  -36.754  78.063 0.0000000000
49585  29.449  -37.510  77.675 0.0000000000
48460  29.381  -37.717  78.143 0.0000000000
64254  39.899  -22.073  60.823 0.0000000000
64215  43.411  -22.627  62.540 0.0000000000
66349  42.750  -21.045  65.500 0.0000000000
64159  43.036  -22.145  66.032 0.0000000000
63088  43.092  -23.220  65.416 0.0000000000
64177  41.436  -22.474  65.813 0.0000000000
52966  37.186  -33.422  72.655 0.0000000000
52951  36.908  -32.800  72.663 0.0000000000
55056  39.601  -31.701  70.641 0.0000000000
55055  39.810  -31.273  70.341 0.0000000000
56034  39.975  -30.690  70.138 0.0000000000
50763  33.034  -36.780  74.606 0.0000000000
49671  32.406  -36.870  74.454 0.0000000000
49670  33.112  -36.760  74.115 0.0000000000
49709  33.324  -36.377  72.930 0.0000000000
50796  34.033  -35.621  72.499 0.0000000000
50780  34.534  -35.545  73.049 0.0000000000
51865  35.084  -35.370  73.317 0.0000000000
49669  35.562  -36.620  74.007 0.0000000000
69132  50.009  -16.854  54.460 0.0000000000
68204  49.209  -19.262  57.727 0.0000000000
65431  44.749  -21.775  56.512 0.0000000000
63147  47.851  -22.831  60.183 0.0000000000
63156  48.023  -22.915  59.954 0.0000000000
57065  36.391  -30.284  72.281 0.0000000000
61036  36.847  -25.774  70.022 0.0000000000
61043  36.960  -25.579  69.040 0.0000000000
61044  36.914  -25.049  68.291 0.0000000000
66268  36.516  -20.887  69.147 0.0000000000
66280  35.779  -20.627  68.278 0.0000000000
67256  35.671  -19.908  66.550 0.0000000000
67255  36.588  -19.808  66.699 0.0000000000
67254  37.576  -19.843  66.923 0.0000000000
67238  38.966  -19.813  67.656 0.0000000000
67223  39.361  -19.854  68.323 0.0000000000
65218  39.600  -21.960  69.592 0.0000000000
65217  39.815  -21.788  69.041 0.0000000000
65231  40.300  -21.557  68.249 0.0000000000
64145  40.451  -21.838  67.513 0.0000000000
51807  26.606  -35.467  78.332 0.0000000000
51792  26.354  -35.337  78.969 0.0000000000
50683  27.072  -36.087  78.847 0.0000000000
49588  27.366  -36.489  79.270 0.0000000000
48442  27.393  -36.670  79.888 0.0000000000
48441  27.618  -37.132  79.920 0.0000000000
48422  27.391  -38.012  79.797 0.0000000000
48423  27.312  -37.483  80.305 0.0000000000
47275  26.964  -37.972  80.278 0.0000000000
48403  26.404  -37.179  80.923 0.0000000000
64218  40.600  -22.079  62.271 0.0000000000
65302  41.348  -20.994  64.265 0.0000000000
66367  40.933  -20.850  64.277 0.0000000000
66327  41.725  -20.237  65.766 0.0000000000
67271  41.634  -20.153  66.413 0.0000000000
51901  38.602  -34.716  71.745 0.0000000000
49638  30.006  -36.845  75.980 0.0000000000
49657  30.458  -37.046  75.491 0.0000000000
50749  31.066  -37.169  75.785 0.0000000000
50731  31.266  -37.237  75.902 0.0000000000
50730  32.027  -37.350  75.703 0.0000000000
50728  33.614  -36.945  74.998 0.0000000000
50727  34.051  -36.798  74.620 0.0000000000
49633  34.356  -36.835  74.596 0.0000000000
48514  34.230  -37.351  74.984 0.0000000000
48531  34.420  -37.719  74.991 0.0000000000
47391  34.648  -38.415  74.784 0.0000000000
68252  49.456  -17.854  55.780 0.0000000000
68205  49.174  -18.958  57.897 0.0000000000
62165  47.206  -23.869  60.109 0.0000000000
58168  37.686  -28.508  71.579 0.0000000000
60095  37.326  -26.580  71.290 0.0000000000
61014  37.460  -25.844  71.318 0.0000000000
62045  36.931  -24.619  69.537 0.0000000000
64116  36.407  -22.529  69.161 0.0000000000
64102  36.677  -22.338  69.789 0.0000000000
65204  36.936  -21.732  70.007 0.0000000000
66252  36.783  -21.315  69.544 0.0000000000
66251  37.053  -21.038  69.633 0.0000000000
67194  37.562  -20.957  69.878 0.0000000000
67193  37.993  -20.652  69.703 0.0000000000
67192  38.652  -20.435  69.513 0.0000000000
67178  38.519  -20.774  70.036 0.0000000000
66232  39.028  -20.873  70.181 0.0000000000
65202  39.445  -22.024  70.074 0.0000000000
65187  39.135  -22.566  70.351 0.0000000000
64114  39.578  -22.723  69.602 0.0000000000
63032  39.864  -23.460  69.188 0.0000000000
50716  27.344  -36.356  77.694 0.0000000000
49640  28.392  -36.647  76.366 0.0000000000
49639  29.071  -36.764  76.420 0.0000000000
49584  30.096  -37.680  77.404 0.0000000000
48480  30.743  -38.050  77.246 0.0000000000
48479  31.314  -38.433  77.054 0.0000000000
63128  45.702  -23.947  62.682 0.0000000000
63118  44.913  -23.746  63.414 0.0000000000
64198  44.751  -23.446  63.467 0.0000000000
65315  42.935  -21.947  63.933 0.0000000000
55012  35.488  -31.455  72.262 0.0000000000
55992  35.861  -30.966  72.729 0.0000000000
53994  36.952  -32.348  72.552 0.0000000000
55974  36.443  -31.334  72.550 0.0000000000
57050  36.391  -30.882  72.545 0.0000000000
57049  36.735  -30.924  72.356 0.0000000000
57064  37.293  -30.333  71.906 0.0000000000
57063  37.815  -29.722  71.703 0.0000000000
52983  38.500  -33.708  71.912 0.0000000000
54018  38.472  -32.961  71.882 0.0000000000
54033  38.827  -32.899  71.566 0.0000000000
55044  38.325  -32.012  71.688 0.0000000000
57082  37.862  -30.270  71.729 0.0000000000
58167  38.083  -29.147  71.659 0.0000000000
58184  38.540  -28.841  71.441 0.0000000000
58183  39.268  -28.722  71.035 0.0000000000
59173  39.404  -27.463  71.166 0.0000000000
60110  40.148  -27.210  70.600 0.0000000000
60109  40.418  -26.760  70.329 0.0000000000
59191  40.558  -27.797  69.873 0.0000000000
58216  40.585  -28.272  69.361 0.0000000000
57156  40.703  -28.715  68.698 0.0000000000
56061  40.605  -30.136  68.942 0.0000000000
57144  40.719  -29.320  68.704 0.0000000000
49673  30.555  -37.256  74.710 0.0000000000
49690  31.915  -36.787  73.780 0.0000000000
54008  35.136  -32.953  71.905 0.0000000000
54007  35.583  -32.880  72.186 0.0000000000
49652  34.879  -36.648  74.420 0.0000000000
49668  36.363  -36.655  73.559 0.0000000000
49667  36.880  -36.337  73.084 0.0000000000
53944  23.509  -33.236  81.118 0.0000000000
67355  47.819  -19.851  57.879 0.0000000000
67331  48.911  -20.181  59.041 0.0000000000
66397  48.043  -20.992  59.877 0.0000000000
66408  48.466  -20.602  59.452 0.0000000000
66407  48.846  -20.761  59.200 0.0000000000
64205  37.069  -22.503  63.301 0.0000000000
66333  35.893  -20.115  65.543 0.0000000000
65304  37.262  -21.566  64.547 0.0000000000
66329  39.782  -20.183  65.612 0.0000000000
66303  39.066  -20.238  66.224 0.0000000000
66302  39.569  -20.093  66.174 0.0000000000
67249  41.539  -20.338  66.897 0.0000000000
67206  38.936  -20.165  68.892 0.0000000000
67205  39.649  -20.004  68.775 0.0000000000
67204  40.096  -19.992  68.608 0.0000000000
66247  40.134  -20.399  68.939 0.0000000000
67189  40.046  -20.052  68.856 0.0000000000
67221  40.503  -19.972  68.039 0.0000000000
67220  40.863  -20.191  67.848 0.0000000000
67234  41.319  -20.413  67.479 0.0000000000
66301  41.783  -20.789  66.987 0.0000000000
64161  41.561  -21.827  66.666 0.0000000000
60108  40.532  -26.563  70.033 0.0000000000
61034  40.497  -26.352  69.570 0.0000000000
61035  40.170  -25.708  69.437 0.0000000000
60128  40.580  -27.055  68.734 0.0000000000
60122  40.580  -26.495  68.886 0.0000000000
61041  40.291  -25.674  68.785 0.0000000000
47273  27.950  -37.983  79.664 0.0000000000
47287  27.792  -38.418  79.503 0.0000000000
47289  27.011  -38.459  79.931 0.0000000000
47304  27.086  -38.732  79.859 0.0000000000
48459  30.072  -37.936  77.783 0.0000000000
48463  27.360  -36.547  79.647 0.0000000000
48481  29.640  -37.176  76.874 0.0000000000
48482  29.326  -37.103  77.039 0.0000000000
48513  34.470  -37.144  74.736 0.0000000000
48532  33.855  -37.902  75.543 0.0000000000
48533  30.900  -37.313  75.300 0.0000000000
48534  30.691  -37.247  75.207 0.0000000000
48549  31.088  -37.434  74.986 0.0000000000
48550  30.888  -37.381  75.039 0.0000000000
49545  26.080  -36.502  80.864 0.0000000000
49559  27.179  -36.107  80.062 0.0000000000
49570  27.343  -36.771  80.278 0.0000000000
49572  27.052  -36.025  79.905 0.0000000000
49618  31.707  -37.453  76.176 0.0000000000
49621  29.180  -36.917  76.931 0.0000000000
49687  36.854  -36.843  73.194 0.0000000000
49708  33.800  -36.184  73.137 0.0000000000
50643  26.302  -36.101  80.734 0.0000000000
50656  26.804  -35.986  80.202 0.0000000000
50657  26.873  -35.879  80.008 0.0000000000
50682  27.499  -36.429  78.422 0.0000000000
50696  28.371  -36.686  77.637 0.0000000000
50732  30.689  -37.006  76.067 0.0000000000
50748  31.700  -37.323  75.528 0.0000000000
50795  34.531  -35.226  72.674 0.0000000000
51744  25.803  -35.771  80.829 0.0000000000
51760  26.409  -35.689  80.421 0.0000000000
51778  26.185  -35.012  79.879 0.0000000000
52849  26.087  -35.515  80.625 0.0000000000
52851  25.628  -35.063  80.722 0.0000000000
52864  26.117  -35.291  80.430 0.0000000000
52865  25.932  -34.947  80.319 0.0000000000
52952  36.595  -32.824  72.589 0.0000000000
53995  36.556  -32.365  72.518 0.0000000000
53997  35.902  -32.457  72.249 0.0000000000
54005  36.280  -32.721  72.478 0.0000000000
55013  35.415  -32.253  71.983 0.0000000000
55026  38.386  -32.448  71.783 0.0000000000
55975  36.116  -31.367  72.741 0.0000000000
55991  36.203  -30.949  72.738 0.0000000000
56020  38.309  -31.586  71.635 0.0000000000
57143  40.664  -28.736  69.081 0.0000000000
58151  37.409  -29.392  71.721 0.0000000000
58234  40.641  -28.194  68.964 0.0000000000
59208  40.523  -27.634  68.240 0.0000000000
60091  39.914  -25.725  71.292 0.0000000000
60092  39.799  -25.890  71.407 0.0000000000
60093  39.465  -25.892  71.395 0.0000000000
60116  40.693  -27.229  69.864 0.0000000000
61010  39.984  -25.747  71.034 0.0000000000
61019  39.715  -25.280  70.526 0.0000000000
61022  37.099  -25.885  71.110 0.0000000000
61027  40.501  -26.438  69.827 0.0000000000
61040  40.525  -26.217  69.209 0.0000000000
61989  39.308  -24.679  71.127 0.0000000000
61990  38.093  -25.283  71.267 0.0000000000
62009  37.482  -25.269  70.958 0.0000000000
64073  38.997  -23.554  70.650 0.0000000000
64075  38.467  -23.006  70.659 0.0000000000
64087  39.194  -23.321  70.440 0.0000000000
64089  38.329  -23.293  70.748 0.0000000000
65205  36.590  -21.707  69.403 0.0000000000
65245  41.627  -21.125  67.232 0.0000000000
65246  41.195  -21.400  67.415 0.0000000000
65247  40.729  -21.460  67.824 0.0000000000
65285  36.462  -20.725  65.305 0.0000000000
65321  37.616  -22.000  63.730 0.0000000000
65373  48.806  -21.045  59.267 0.0000000000
65410  46.031  -21.004  57.762 0.0000000000
66235  37.441  -21.340  70.128 0.0000000000
66249  39.403  -21.149  69.922 0.0000000000
66250  39.086  -21.565  70.339 0.0000000000
66263  40.792  -20.544  68.123 0.0000000000
66267  36.897  -20.701  69.320 0.0000000000
66277  41.106  -20.749  67.896 0.0000000000
66355  36.107  -20.482  65.275 0.0000000000
66438  47.838  -20.013  57.357 0.0000000000
67191  39.261  -20.378  69.216 0.0000000000
67203  40.420  -20.223  68.356 0.0000000000
67207  38.112  -20.117  69.162 0.0000000000
67235  41.065  -19.997  67.522 0.0000000000
67274  39.804  -20.026  66.169 0.0000000000
