#!ascii label  , from subject 3057 vox2ras=TkReg
472
19159  -47.692  -72.008  9.750 0.0000000000
19329  -43.024  -71.624  0.918 0.0000000000
21268  -40.854  -69.682  11.174 0.0000000000
20365  -45.641  -70.934  5.347 0.0000000000
21318  -38.751  -69.814  7.522 0.0000000000
15909  -42.508  -74.622  13.279 0.0000000000
17971  -37.808  -72.239  15.922 0.0000000000
20119  -41.578  -70.832  19.351 0.0000000000
22268  -38.322  -68.556  11.804 0.0000000000
21293  -40.500  -69.635  9.265 0.0000000000
22294  -37.394  -69.030  9.957 0.0000000000
16931  -40.268  -73.777  14.648 0.0000000000
15856  -39.799  -74.202  18.223 0.0000000000
22186  -42.283  -68.665  17.335 0.0000000000
22182  -38.691  -68.093  18.111 0.0000000000
17048  -45.374  -73.663  6.519 0.0000000000
18187  -44.138  -71.756  3.294 0.0000000000
17116  -46.007  -72.802  3.155 0.0000000000
19333  -46.278  -71.831  1.107 0.0000000000
20234  -44.387  -71.087  11.022 0.0000000000
20297  -47.140  -70.771  7.595 0.0000000000
20315  -42.411  -70.425  6.703 0.0000000000
19230  -40.947  -71.429  4.298 0.0000000000
18002  -41.905  -72.671  12.521 0.0000000000
19102  -39.122  -70.965  13.613 0.0000000000
22224  -36.848  -68.881  14.562 0.0000000000
16867  -40.993  -73.454  20.932 0.0000000000
19044  -38.377  -71.518  18.879 0.0000000000
22181  -36.492  -68.613  17.621 0.0000000000
25538  -34.680  -65.473  15.396 0.0000000000
16045  -46.049  -73.856  5.174 0.0000000000
23446  -40.123  -67.403  1.544 0.0000000000
21420  -43.082  -69.559  -0.197 0.0000000000
22459  -45.214  -68.508  -2.143 0.0000000000
23315  -36.852  -67.880  12.125 0.0000000000
22279  -37.104  -68.285  11.137 0.0000000000
18100  -46.844  -72.232  7.842 0.0000000000
19278  -43.401  -71.883  2.768 0.0000000000
19280  -45.378  -71.635  2.552 0.0000000000
19331  -45.248  -71.480  0.753 0.0000000000
18258  -46.147  -72.001  0.585 0.0000000000
19352  -44.681  -71.192  0.128 0.0000000000
21270  -42.591  -70.360  10.797 0.0000000000
21280  -42.334  -70.101  10.288 0.0000000000
21301  -39.255  -69.912  8.231 0.0000000000
20291  -41.384  -70.104  7.799 0.0000000000
21336  -40.727  -70.210  7.051 0.0000000000
19208  -41.860  -70.947  5.241 0.0000000000
20337  -40.748  -70.723  5.839 0.0000000000
18004  -43.763  -72.747  12.197 0.0000000000
16939  -42.009  -73.783  12.875 0.0000000000
17973  -38.877  -72.778  14.965 0.0000000000
17987  -39.616  -72.298  13.885 0.0000000000
19090  -38.594  -71.474  14.264 0.0000000000
20205  -38.048  -70.137  13.807 0.0000000000
20188  -36.971  -70.268  15.182 0.0000000000
19015  -41.440  -72.065  20.833 0.0000000000
17923  -39.539  -72.501  19.952 0.0000000000
20117  -39.673  -70.901  19.318 0.0000000000
25478  -37.321  -66.370  18.348 0.0000000000
23191  -37.119  -67.649  18.245 0.0000000000
24328  -35.964  -66.838  17.853 0.0000000000
24348  -35.254  -66.761  16.269 0.0000000000
20318  -45.706  -70.472  6.666 0.0000000000
19212  -47.005  -71.662  6.171 0.0000000000
19236  -46.638  -71.697  4.920 0.0000000000
15042  -44.270  -75.009  3.374 0.0000000000
24567  -40.579  -66.652  0.983 0.0000000000
22419  -41.692  -68.584  0.704 0.0000000000
23501  -43.821  -67.699  -1.605 0.0000000000
21258  -39.961  -69.399  12.002 0.0000000000
21278  -40.719  -69.451  10.216 0.0000000000
22281  -39.305  -69.326  10.657 0.0000000000
22295  -38.276  -69.344  9.754 0.0000000000
21290  -37.856  -69.440  9.038 0.0000000000
15908  -41.653  -74.414  13.660 0.0000000000
16924  -40.067  -74.111  15.953 0.0000000000
16912  -38.553  -73.279  16.564 0.0000000000
20157  -41.708  -69.960  18.160 0.0000000000
21180  -40.144  -69.559  18.421 0.0000000000
22184  -40.167  -68.629  18.113 0.0000000000
24330  -39.051  -66.607  18.093 0.0000000000
26651  -37.565  -64.930  17.766 0.0000000000
19234  -45.403  -71.150  4.608 0.0000000000
19257  -46.328  -71.699  3.725 0.0000000000
19256  -45.774  -71.460  3.551 0.0000000000
18230  -46.316  -71.977  2.030 0.0000000000
16144  -44.242  -74.030  0.836 0.0000000000
17166  -45.018  -73.043  -0.315 0.0000000000
18289  -45.170  -72.552  -0.793 0.0000000000
18319  -45.487  -71.649  -1.647 0.0000000000
20249  -46.347  -71.196  10.590 0.0000000000
20278  -47.315  -71.005  8.805 0.0000000000
20295  -45.130  -70.398  7.552 0.0000000000
20317  -44.640  -70.469  6.670 0.0000000000
21304  -41.703  -69.899  8.862 0.0000000000
20293  -42.945  -70.342  7.594 0.0000000000
20340  -44.161  -70.692  5.871 0.0000000000
19232  -43.162  -71.258  4.646 0.0000000000
19253  -42.667  -71.645  3.654 0.0000000000
19277  -42.182  -71.805  2.616 0.0000000000
19127  -44.766  -71.582  11.463 0.0000000000
20221  -42.679  -71.309  11.762 0.0000000000
20220  -42.125  -70.877  11.918 0.0000000000
17989  -41.255  -73.094  13.008 0.0000000000
19104  -40.652  -71.654  12.811 0.0000000000
21248  -40.095  -69.931  12.726 0.0000000000
22242  -38.662  -68.960  13.001 0.0000000000
22255  -37.562  -68.304  13.127 0.0000000000
23285  -36.460  -67.742  13.681 0.0000000000
16877  -40.194  -73.840  19.873 0.0000000000
16887  -38.884  -73.280  18.599 0.0000000000
17950  -37.455  -72.066  17.549 0.0000000000
21178  -38.222  -69.456  18.373 0.0000000000
20134  -37.578  -70.248  18.293 0.0000000000
20154  -36.501  -70.334  16.992 0.0000000000
22195  -35.950  -68.748  16.172 0.0000000000
24387  -35.571  -67.269  14.475 0.0000000000
18125  -47.310  -72.105  7.239 0.0000000000
16028  -46.078  -74.030  5.843 0.0000000000
17082  -45.853  -73.457  4.152 0.0000000000
16066  -45.001  -74.815  4.482 0.0000000000
20362  -38.942  -70.994  4.114 0.0000000000
19250  -39.704  -71.290  2.871 0.0000000000
19302  -40.863  -71.239  1.684 0.0000000000
21410  -41.033  -69.528  0.934 0.0000000000
20440  -43.273  -70.734  0.177 0.0000000000
21431  -43.775  -69.757  -0.494 0.0000000000
21434  -46.206  -69.727  -1.344 0.0000000000
23299  -35.935  -67.242  12.476 0.0000000000
23314  -36.295  -67.544  11.984 0.0000000000
18080  -46.106  -72.235  8.691 0.0000000000
18081  -46.956  -71.869  8.875 0.0000000000
19305  -43.753  -71.825  1.676 0.0000000000
19306  -44.866  -71.669  1.619 0.0000000000
19330  -44.131  -71.597  0.627 0.0000000000
21269  -41.964  -70.182  11.327 0.0000000000
21279  -41.557  -69.744  10.353 0.0000000000
20289  -39.313  -70.058  7.501 0.0000000000
20271  -40.078  -70.291  7.701 0.0000000000
20290  -39.800  -70.260  7.293 0.0000000000
20313  -40.206  -70.387  6.652 0.0000000000
20312  -38.948  -70.028  6.641 0.0000000000
14852  -42.927  -75.386  13.276 0.0000000000
15930  -43.751  -74.428  12.733 0.0000000000
16953  -43.090  -73.665  12.525 0.0000000000
16940  -42.665  -74.148  12.850 0.0000000000
17972  -38.301  -72.500  15.477 0.0000000000
17978  -38.579  -72.260  14.775 0.0000000000
19082  -38.185  -71.957  14.956 0.0000000000
19089  -37.888  -71.038  14.525 0.0000000000
19081  -37.441  -71.454  15.427 0.0000000000
20120  -42.535  -70.837  19.261 0.0000000000
20121  -43.185  -70.868  19.255 0.0000000000
19030  -41.993  -71.330  19.978 0.0000000000
19029  -40.942  -71.382  20.123 0.0000000000
20118  -40.573  -70.837  19.452 0.0000000000
26650  -36.605  -65.182  17.829 0.0000000000
25494  -36.490  -66.094  18.182 0.0000000000
25493  -35.644  -65.949  17.545 0.0000000000
26677  -35.646  -64.916  17.194 0.0000000000
20342  -46.038  -70.820  5.920 0.0000000000
20343  -46.696  -71.099  5.828 0.0000000000
20366  -46.097  -71.105  5.209 0.0000000000
23461  -41.995  -67.739  0.492 0.0000000000
23479  -43.685  -67.863  -1.116 0.0000000000
23478  -43.000  -67.496  -0.802 0.0000000000
22257  -39.057  -68.824  12.375 0.0000000000
22269  -39.204  -69.049  11.463 0.0000000000
22280  -38.334  -69.171  10.752 0.0000000000
21291  -38.739  -69.602  9.066 0.0000000000
16913  -39.414  -73.978  16.837 0.0000000000
16902  -39.303  -73.922  17.971 0.0000000000
20158  -42.675  -70.122  17.948 0.0000000000
21196  -41.989  -69.437  17.644 0.0000000000
21195  -40.989  -69.410  18.079 0.0000000000
22185  -41.291  -68.606  17.595 0.0000000000
25496  -38.307  -65.768  17.924 0.0000000000
16026  -45.166  -74.152  6.277 0.0000000000
19233  -44.294  -71.311  4.495 0.0000000000
19255  -44.739  -71.573  3.484 0.0000000000
19308  -46.220  -71.796  1.559 0.0000000000
18229  -46.168  -72.222  1.677 0.0000000000
17133  -45.538  -72.848  1.313 0.0000000000
17150  -44.932  -73.363  0.512 0.0000000000
19354  -46.084  -70.994  -0.407 0.0000000000
17167  -45.580  -72.393  -0.174 0.0000000000
18290  -45.726  -71.795  -0.709 0.0000000000
18318  -45.071  -72.354  -1.463 0.0000000000
19376  -46.172  -70.918  -1.257 0.0000000000
20248  -45.186  -70.865  10.380 0.0000000000
20263  -45.991  -70.685  9.570 0.0000000000
20294  -44.015  -70.381  7.554 0.0000000000
21294  -41.287  -69.686  9.455 0.0000000000
20292  -41.995  -70.281  7.645 0.0000000000
20316  -43.527  -70.457  6.662 0.0000000000
20339  -42.969  -70.803  5.675 0.0000000000
19209  -43.868  -71.063  5.224 0.0000000000
19207  -41.314  -71.066  5.172 0.0000000000
19231  -42.038  -71.309  4.647 0.0000000000
19252  -41.560  -71.718  3.510 0.0000000000
18003  -42.788  -72.654  12.243 0.0000000000
19114  -43.241  -71.796  11.833 0.0000000000
19113  -42.376  -71.806  12.123 0.0000000000
19112  -41.548  -71.687  12.423 0.0000000000
15907  -41.041  -74.346  14.167 0.0000000000
16938  -41.026  -73.782  13.567 0.0000000000
19103  -39.668  -71.528  13.482 0.0000000000
20208  -40.372  -70.715  12.842 0.0000000000
20207  -39.584  -70.460  13.260 0.0000000000
21247  -39.299  -69.525  12.992 0.0000000000
20206  -38.743  -70.387  13.621 0.0000000000
21235  -37.075  -69.458  14.622 0.0000000000
21245  -37.659  -69.507  13.872 0.0000000000
22240  -37.144  -68.568  13.964 0.0000000000
23286  -37.076  -68.113  13.411 0.0000000000
22239  -36.586  -68.215  14.154 0.0000000000
17922  -38.951  -72.463  19.406 0.0000000000
17936  -38.148  -72.533  18.289 0.0000000000
17935  -37.696  -71.701  18.280 0.0000000000
22165  -39.642  -69.123  18.343 0.0000000000
21179  -39.167  -69.599  18.503 0.0000000000
22164  -39.017  -68.763  18.231 0.0000000000
22162  -36.860  -68.424  17.980 0.0000000000
21177  -37.293  -69.305  18.110 0.0000000000
21193  -36.647  -69.137  17.650 0.0000000000
20155  -36.850  -70.107  17.659 0.0000000000
21192  -36.371  -69.628  17.104 0.0000000000
20172  -36.448  -70.020  16.334 0.0000000000
22180  -36.149  -68.692  17.101 0.0000000000
25539  -35.016  -66.300  15.641 0.0000000000
24368  -35.321  -67.053  15.363 0.0000000000
25562  -35.014  -66.435  14.598 0.0000000000
19176  -47.384  -71.325  8.130 0.0000000000
19190  -47.483  -71.454  7.061 0.0000000000
18150  -46.626  -72.410  5.501 0.0000000000
17064  -46.340  -73.291  5.746 0.0000000000
16044  -45.515  -74.489  5.452 0.0000000000
14998  -45.280  -75.021  4.978 0.0000000000
18189  -46.452  -72.282  4.118 0.0000000000
17098  -45.800  -73.235  3.408 0.0000000000
15017  -43.522  -75.564  3.282 0.0000000000
15019  -44.584  -74.959  3.914 0.0000000000
20335  -38.032  -70.107  5.638 0.0000000000
20361  -38.304  -70.529  4.476 0.0000000000
19274  -39.755  -70.971  2.360 0.0000000000
19275  -40.240  -71.264  2.263 0.0000000000
21419  -42.077  -69.841  0.389 0.0000000000
20451  -43.559  -70.179  -0.315 0.0000000000
21449  -45.354  -68.726  -1.764 0.0000000000
21433  -45.409  -69.220  -1.238 0.0000000000
21450  -45.916  -69.080  -1.981 0.0000000000
22267  -37.545  -68.214  12.299 0.0000000000
22278  -36.447  -68.102  10.713 0.0000000000
23214  -40.631  -67.631  17.635 0.0000000000
24332  -40.967  -66.617  17.560 0.0000000000
18123  -45.691  -73.031  7.010 0.0000000000
18206  -44.037  -71.970  3.011 0.0000000000
19279  -44.397  -71.792  2.586 0.0000000000
19307  -45.780  -71.589  1.620 0.0000000000
19332  -45.969  -71.632  0.744 0.0000000000
19353  -45.410  -71.088  -0.096 0.0000000000
20233  -43.036  -70.822  11.252 0.0000000000
20246  -43.075  -70.441  10.245 0.0000000000
20260  -42.803  -70.231  9.409 0.0000000000
21292  -39.624  -69.661  9.133 0.0000000000
21303  -41.120  -69.860  8.501 0.0000000000
21302  -40.234  -70.069  8.243 0.0000000000
21337  -40.863  -70.130  7.247 0.0000000000
20314  -41.236  -70.235  6.912 0.0000000000
20338  -41.827  -70.596  5.792 0.0000000000
19206  -40.442  -71.198  5.013 0.0000000000
16952  -42.438  -73.210  12.508 0.0000000000
16930  -39.412  -73.093  14.733 0.0000000000
17980  -39.786  -72.844  14.241 0.0000000000
17979  -39.148  -72.396  14.395 0.0000000000
19091  -39.241  -71.931  13.989 0.0000000000
20198  -38.172  -70.679  14.140 0.0000000000
20197  -37.551  -70.393  14.460 0.0000000000
21220  -36.697  -69.625  15.252 0.0000000000
18999  -42.169  -72.203  21.263 0.0000000000
17910  -40.669  -72.699  20.700 0.0000000000
19014  -40.459  -72.084  20.405 0.0000000000
19028  -39.799  -71.731  20.059 0.0000000000
19027  -39.069  -71.469  19.468 0.0000000000
23193  -38.311  -67.278  18.222 0.0000000000
22163  -37.901  -68.375  18.148 0.0000000000
24310  -37.279  -66.990  18.421 0.0000000000
23190  -36.412  -67.632  17.983 0.0000000000
22161  -36.358  -68.190  17.602 0.0000000000
23210  -35.820  -67.633  17.197 0.0000000000
24327  -35.391  -66.700  17.113 0.0000000000
25520  -35.005  -65.775  16.551 0.0000000000
25519  -34.798  -65.181  16.079 0.0000000000
20319  -46.613  -70.620  6.643 0.0000000000
20320  -47.211  -70.910  6.570 0.0000000000
20344  -47.118  -71.142  6.223 0.0000000000
18170  -46.548  -72.311  4.794 0.0000000000
17097  -45.317  -73.644  3.124 0.0000000000
23447  -40.749  -67.576  1.156 0.0000000000
22406  -40.922  -68.456  1.106 0.0000000000
23448  -41.387  -67.649  0.827 0.0000000000
22420  -42.518  -68.546  0.170 0.0000000000
21421  -43.641  -69.119  -0.466 0.0000000000
22457  -44.138  -68.076  -1.230 0.0000000000
22458  -44.744  -68.210  -1.671 0.0000000000
21267  -40.012  -69.334  10.941 0.0000000000
21277  -39.889  -69.385  10.024 0.0000000000
21276  -39.031  -69.469  9.924 0.0000000000
21300  -38.381  -69.611  8.245 0.0000000000
15896  -40.972  -74.561  14.738 0.0000000000
16923  -39.132  -73.382  15.611 0.0000000000
16922  -38.448  -73.046  15.949 0.0000000000
17965  -38.064  -72.710  16.265 0.0000000000
20139  -42.164  -70.473  18.613 0.0000000000
20138  -41.204  -70.285  18.730 0.0000000000
20156  -41.183  -69.906  18.303 0.0000000000
21194  -40.470  -69.192  18.226 0.0000000000
22183  -39.296  -68.100  18.058 0.0000000000
23213  -39.695  -67.514  17.976 0.0000000000
23212  -38.883  -67.463  18.218 0.0000000000
24329  -38.361  -66.441  18.131 0.0000000000
25495  -37.370  -65.690  18.164 0.0000000000
26678  -36.721  -64.368  17.337 0.0000000000
19211  -45.275  -70.917  5.232 0.0000000000
19235  -46.163  -71.338  4.488 0.0000000000
18208  -46.166  -72.270  2.998 0.0000000000
17115  -45.803  -72.815  2.514 0.0000000000
17132  -44.837  -73.553  1.347 0.0000000000
16174  -43.858  -73.965  -1.253 0.0000000000
17180  -44.488  -73.260  -1.290 0.0000000000
17202  -44.501  -72.721  -1.959 0.0000000000
20250  -47.223  -71.404  10.310 0.0000000000
19168  -47.247  -71.575  9.059 0.0000000000
20264  -47.003  -70.898  9.658 0.0000000000
20277  -46.657  -70.622  8.619 0.0000000000
20276  -45.584  -70.470  8.534 0.0000000000
20296  -46.231  -70.432  7.567 0.0000000000
20341  -45.197  -70.722  5.834 0.0000000000
21295  -42.020  -69.897  9.494 0.0000000000
20272  -41.703  -70.094  8.282 0.0000000000
20273  -42.357  -70.163  8.547 0.0000000000
19210  -44.724  -70.946  5.205 0.0000000000
20363  -42.249  -70.922  5.306 0.0000000000
19254  -43.739  -71.611  3.655 0.0000000000
19304  -42.727  -71.761  1.772 0.0000000000
19143  -47.007  -71.627  10.864 0.0000000000
20235  -45.406  -71.288  11.062 0.0000000000
19115  -44.258  -72.021  11.842 0.0000000000
19126  -43.941  -71.365  11.550 0.0000000000
20232  -42.356  -70.614  11.489 0.0000000000
21260  -41.579  -70.418  12.003 0.0000000000
17988  -40.388  -72.688  13.509 0.0000000000
18001  -41.076  -72.399  12.734 0.0000000000
20219  -41.239  -70.827  12.454 0.0000000000
21259  -40.899  -70.077  12.121 0.0000000000
22256  -38.221  -68.573  12.669 0.0000000000
21246  -38.414  -69.531  13.433 0.0000000000
22241  -37.967  -68.874  13.342 0.0000000000
23301  -37.068  -67.868  12.923 0.0000000000
23300  -36.460  -67.461  12.782 0.0000000000
16865  -39.896  -73.063  20.203 0.0000000000
16888  -39.613  -73.781  18.797 0.0000000000
16901  -38.588  -73.416  17.604 0.0000000000
17951  -37.958  -72.782  17.162 0.0000000000
17964  -37.531  -72.200  16.531 0.0000000000
20137  -40.311  -70.330  18.803 0.0000000000
20136  -39.456  -70.299  18.784 0.0000000000
20135  -38.478  -70.433  18.681 0.0000000000
19043  -37.807  -71.019  18.462 0.0000000000
19059  -37.222  -71.111  17.819 0.0000000000
19073  -37.005  -71.531  16.852 0.0000000000
19080  -36.745  -70.559  15.787 0.0000000000
21219  -36.318  -69.344  15.756 0.0000000000
22210  -36.071  -68.552  15.327 0.0000000000
23228  -35.551  -67.572  16.144 0.0000000000
22209  -35.836  -68.238  15.394 0.0000000000
23250  -36.086  -68.289  14.834 0.0000000000
23284  -35.901  -67.438  13.995 0.0000000000
24402  -35.673  -67.009  13.621 0.0000000000
18082  -47.290  -71.647  8.477 0.0000000000
18124  -46.682  -72.584  6.708 0.0000000000
19189  -47.297  -72.018  6.765 0.0000000000
17049  -46.078  -73.579  6.397 0.0000000000
16027  -45.559  -74.165  6.119 0.0000000000
16068  -45.937  -73.652  4.658 0.0000000000
16087  -45.071  -74.255  3.837 0.0000000000
16067  -45.597  -74.221  4.564 0.0000000000
23339  -35.700  -67.592  10.497 0.0000000000
21289  -36.877  -69.199  8.938 0.0000000000
21299  -37.521  -69.517  8.164 0.0000000000
21317  -38.080  -69.601  7.472 0.0000000000
20336  -39.424  -70.733  5.342 0.0000000000
19229  -39.859  -71.274  4.053 0.0000000000
19251  -40.540  -71.567  3.249 0.0000000000
19276  -41.149  -71.640  2.460 0.0000000000
19328  -42.405  -71.545  1.228 0.0000000000
21409  -40.313  -69.229  1.397 0.0000000000
20421  -40.292  -70.385  1.584 0.0000000000
20422  -41.311  -70.657  1.067 0.0000000000
20439  -42.231  -71.101  0.775 0.0000000000
20452  -44.320  -70.517  -0.370 0.0000000000
20453  -45.407  -70.220  -0.672 0.0000000000
21432  -44.430  -69.371  -0.728 0.0000000000
20454  -46.207  -70.090  -0.876 0.0000000000
20466  -46.341  -70.250  -1.466 0.0000000000
15867  -39.913  -74.349  17.632 0.0000000000
15910  -43.269  -74.834  13.056 0.0000000000
15929  -43.068  -74.374  12.863 0.0000000000
16043  -44.888  -74.658  5.895 0.0000000000
16088  -45.541  -73.771  3.815 0.0000000000
16866  -40.224  -73.325  20.363 0.0000000000
16875  -39.230  -73.207  19.184 0.0000000000
16876  -39.668  -73.225  19.772 0.0000000000
16914  -40.033  -74.297  16.553 0.0000000000
17083  -46.167  -72.974  4.748 0.0000000000
17099  -46.107  -72.838  3.745 0.0000000000
17909  -39.969  -72.587  20.313 0.0000000000
17911  -41.162  -72.742  21.011 0.0000000000
18101  -47.312  -71.798  7.908 0.0000000000
18188  -44.347  -71.779  3.093 0.0000000000
18205  -43.813  -71.840  3.195 0.0000000000
18207  -46.172  -72.244  2.273 0.0000000000
18259  -46.313  -71.910  1.387 0.0000000000
18998  -41.755  -72.342  21.177 0.0000000000
19013  -40.041  -72.114  20.312 0.0000000000
19016  -42.512  -71.604  20.672 0.0000000000
19058  -36.737  -70.843  17.203 0.0000000000
19072  -36.693  -70.853  16.433 0.0000000000
19116  -45.002  -72.178  11.685 0.0000000000
19128  -45.649  -71.890  11.509 0.0000000000
19158  -47.513  -72.145  9.629 0.0000000000
19167  -47.438  -71.985  9.457 0.0000000000
19213  -47.264  -71.232  6.476 0.0000000000
19303  -41.778  -71.515  1.594 0.0000000000
19355  -46.422  -70.469  -0.958 0.0000000000
19377  -46.449  -70.401  -1.210 0.0000000000
20116  -38.953  -70.883  19.122 0.0000000000
20187  -36.617  -69.975  15.667 0.0000000000
20236  -46.009  -71.505  11.171 0.0000000000
20251  -47.555  -71.685  10.245 0.0000000000
20265  -47.467  -71.509  9.743 0.0000000000
20270  -39.740  -70.209  7.810 0.0000000000
20364  -42.596  -71.102  5.105 0.0000000000
20367  -46.392  -71.329  5.124 0.0000000000
20441  -44.067  -71.132  -0.006 0.0000000000
20455  -46.503  -70.135  -1.121 0.0000000000
21181  -40.783  -69.905  18.438 0.0000000000
21204  -36.190  -69.305  16.516 0.0000000000
21234  -36.592  -69.054  15.029 0.0000000000
21319  -40.445  -70.243  7.408 0.0000000000
21320  -40.904  -70.039  7.665 0.0000000000
21335  -38.453  -69.774  7.055 0.0000000000
21435  -46.442  -69.963  -1.343 0.0000000000
22194  -35.763  -68.223  15.770 0.0000000000
22223  -36.492  -68.526  14.596 0.0000000000
22421  -43.165  -68.717  -0.314 0.0000000000
23192  -37.805  -67.474  18.207 0.0000000000
23209  -35.461  -67.169  16.718 0.0000000000
23211  -38.327  -67.742  18.153 0.0000000000
23229  -35.834  -68.169  16.498 0.0000000000
23249  -35.744  -67.917  15.093 0.0000000000
23265  -35.961  -67.690  14.314 0.0000000000
23266  -36.218  -68.056  14.432 0.0000000000
23328  -36.604  -67.869  11.587 0.0000000000
23462  -42.380  -67.570  -0.085 0.0000000000
23502  -44.380  -67.726  -1.987 0.0000000000
24309  -36.640  -66.979  18.341 0.0000000000
24311  -37.940  -66.804  18.231 0.0000000000
24312  -38.540  -66.901  18.250 0.0000000000
25477  -36.912  -66.599  18.414 0.0000000000
25479  -37.885  -66.196  18.180 0.0000000000
