#!ascii label  , from subject 3057 vox2ras=TkReg
2229
75362  41.355  -14.024  53.857 0.0000000000
59992  28.418  -28.176  73.376 0.0000000000
44284  19.463  -41.737  67.972 0.0000000000
49807  14.168  -35.775  72.028 0.0000000000
45274  29.049  -38.997  73.951 0.0000000000
52100  22.712  -35.182  66.077 0.0000000000
68659  33.937  -20.210  56.950 0.0000000000
81068  49.471  -9.430  54.237 0.0000000000
64948  37.486  -23.728  68.167 0.0000000000
57713  32.998  -29.695  65.472 0.0000000000
60217  25.904  -27.030  60.268 0.0000000000
46387  20.378  -39.560  74.355 0.0000000000
48689  18.131  -37.430  70.318 0.0000000000
47479  16.848  -37.675  76.172 0.0000000000
43233  22.865  -42.261  70.769 0.0000000000
67334  41.738  -21.291  66.305 0.0000000000
58666  28.965  -28.242  78.536 0.0000000000
62509  32.141  -24.281  75.709 0.0000000000
64917  34.938  -23.508  69.910 0.0000000000
63797  29.881  -24.007  68.866 0.0000000000
61491  30.376  -26.535  62.747 0.0000000000
58805  26.451  -28.575  67.320 0.0000000000
47648  18.382  -38.349  62.102 0.0000000000
53242  19.567  -33.894  60.688 0.0000000000
79962  44.963  -10.439  54.184 0.0000000000
81173  46.965  -9.993  47.589 0.0000000000
44345  17.894  -41.836  63.128 0.0000000000
46517  16.975  -39.696  64.530 0.0000000000
53116  29.471  -33.699  73.387 0.0000000000
53166  27.639  -33.545  68.548 0.0000000000
48688  25.645  -37.547  70.102 0.0000000000
46479  20.774  -40.001  66.140 0.0000000000
72062  37.645  -17.282  55.555 0.0000000000
51962  14.566  -34.577  79.088 0.0000000000
50930  10.620  -34.912  75.167 0.0000000000
77597  46.616  -12.507  58.281 0.0000000000
73052  42.630  -16.405  59.396 0.0000000000
69779  39.097  -19.762  61.598 0.0000000000
66177  34.941  -22.211  63.155 0.0000000000
60139  33.333  -27.383  63.572 0.0000000000
67263  38.289  -21.830  72.671 0.0000000000
56493  36.237  -31.101  69.080 0.0000000000
56609  37.719  -30.170  62.711 0.0000000000
57825  32.726  -29.413  58.808 0.0000000000
54313  24.900  -31.738  63.747 0.0000000000
46348  20.637  -38.591  76.373 0.0000000000
46390  18.227  -38.894  75.247 0.0000000000
48570  18.568  -37.580  77.200 0.0000000000
45267  22.512  -39.720  75.240 0.0000000000
57558  29.411  -28.674  75.867 0.0000000000
61304  30.806  -26.116  74.714 0.0000000000
63753  31.048  -24.412  72.322 0.0000000000
61355  28.622  -26.234  71.846 0.0000000000
61412  27.940  -25.996  69.165 0.0000000000
60023  27.360  -28.023  70.733 0.0000000000
45506  16.572  -40.342  59.884 0.0000000000
47730  16.985  -38.707  58.585 0.0000000000
78843  42.856  -11.974  53.420 0.0000000000
80033  43.437  -10.125  50.564 0.0000000000
78872  40.920  -11.702  51.222 0.0000000000
43309  18.749  -42.313  65.845 0.0000000000
44329  17.177  -41.423  64.466 0.0000000000
46480  18.412  -39.821  66.021 0.0000000000
49814  15.510  -36.631  71.086 0.0000000000
49856  16.092  -36.131  68.065 0.0000000000
51018  14.432  -35.651  69.190 0.0000000000
51021  11.805  -35.099  69.616 0.0000000000
53041  30.139  -34.116  76.527 0.0000000000
49785  30.397  -36.640  74.039 0.0000000000
49810  28.132  -36.381  71.075 0.0000000000
46416  27.408  -38.717  72.001 0.0000000000
43257  21.191  -42.643  69.512 0.0000000000
44270  22.355  -41.451  68.455 0.0000000000
43307  20.552  -42.575  66.370 0.0000000000
45447  19.994  -41.179  64.235 0.0000000000
70973  35.709  -18.833  56.439 0.0000000000
72103  36.628  -18.063  51.943 0.0000000000
69889  34.639  -19.803  52.775 0.0000000000
49750  9.152  -36.097  76.458 0.0000000000
71962  40.894  -17.602  60.346 0.0000000000
69764  42.270  -19.070  62.833 0.0000000000
66111  39.338  -22.133  66.442 0.0000000000
66173  38.474  -22.032  64.293 0.0000000000
64989  36.488  -22.736  65.545 0.0000000000
65004  33.165  -23.775  64.216 0.0000000000
63826  34.565  -25.385  66.953 0.0000000000
60057  33.248  -27.245  69.209 0.0000000000
58753  34.924  -28.713  71.131 0.0000000000
56507  34.433  -30.895  68.354 0.0000000000
55411  37.693  -31.393  66.028 0.0000000000
56591  35.159  -30.896  63.784 0.0000000000
57795  35.241  -30.188  60.484 0.0000000000
57761  32.735  -29.749  62.264 0.0000000000
60214  29.539  -27.304  59.417 0.0000000000
52089  25.570  -34.860  67.229 0.0000000000
54279  26.837  -32.629  66.199 0.0000000000
53195  24.391  -33.629  65.105 0.0000000000
55512  20.840  -31.789  58.971 0.0000000000
83323  48.905  -7.917  50.869 0.0000000000
81095  50.068  -10.379  53.488 0.0000000000
45337  20.229  -40.820  70.677 0.0000000000
47545  19.359  -38.960  69.203 0.0000000000
47516  18.935  -38.474  72.758 0.0000000000
47509  17.070  -37.721  73.498 0.0000000000
48642  15.841  -37.134  74.224 0.0000000000
45263  26.079  -39.729  75.197 0.0000000000
45309  25.593  -40.273  72.607 0.0000000000
45295  23.816  -40.505  73.771 0.0000000000
44228  21.544  -41.147  72.432 0.0000000000
68553  43.264  -20.128  65.244 0.0000000000
69661  37.677  -19.664  68.687 0.0000000000
66018  33.019  -22.387  72.985 0.0000000000
64934  32.397  -23.182  69.422 0.0000000000
61425  31.488  -26.668  67.512 0.0000000000
60140  31.781  -27.812  64.054 0.0000000000
61439  29.726  -26.492  66.299 0.0000000000
61453  27.955  -27.082  65.383 0.0000000000
58858  27.221  -28.314  64.051 0.0000000000
49920  20.143  -36.357  64.133 0.0000000000
52126  21.269  -34.163  63.479 0.0000000000
51127  18.467  -35.696  61.522 0.0000000000
81070  47.382  -9.108  54.116 0.0000000000
80012  47.725  -10.079  51.885 0.0000000000
80031  45.406  -9.694  50.582 0.0000000000
48738  17.982  -37.686  66.470 0.0000000000
55254  29.805  -31.789  75.916 0.0000000000
56412  28.683  -31.212  73.475 0.0000000000
56449  27.518  -30.994  71.593 0.0000000000
53138  28.459  -33.421  71.240 0.0000000000
51016  27.273  -35.407  69.140 0.0000000000
49842  24.469  -36.435  68.217 0.0000000000
46432  24.432  -39.684  70.646 0.0000000000
47553  22.536  -38.845  68.506 0.0000000000
48734  21.685  -37.197  66.722 0.0000000000
47589  19.691  -39.116  64.869 0.0000000000
45471  18.507  -40.290  62.456 0.0000000000
74193  39.586  -15.610  54.606 0.0000000000
75378  39.005  -14.209  51.223 0.0000000000
74217  37.735  -16.134  51.766 0.0000000000
49722  15.574  -35.880  77.825 0.0000000000
49738  14.146  -35.517  76.365 0.0000000000
51981  12.262  -33.853  77.312 0.0000000000
50959  12.346  -34.939  73.349 0.0000000000
81040  47.385  -9.280  56.474 0.0000000000
78810  45.591  -11.460  56.671 0.0000000000
77641  43.641  -13.081  56.094 0.0000000000
74165  42.282  -15.349  56.816 0.0000000000
72035  40.388  -16.605  57.569 0.0000000000
72012  38.091  -17.683  58.685 0.0000000000
69797  36.230  -19.517  59.485 0.0000000000
68584  40.815  -20.612  63.434 0.0000000000
67410  37.525  -21.027  62.020 0.0000000000
67423  34.216  -21.514  60.113 0.0000000000
65043  32.342  -23.515  60.970 0.0000000000
61526  33.167  -26.569  60.770 0.0000000000
64915  39.047  -23.981  70.457 0.0000000000
64903  36.868  -23.716  71.901 0.0000000000
60018  37.694  -27.702  71.754 0.0000000000
61390  36.141  -27.023  69.398 0.0000000000
58817  34.558  -28.711  67.080 0.0000000000
58870  37.206  -28.964  63.547 0.0000000000
58926  31.372  -28.826  60.549 0.0000000000
56496  26.750  -30.663  68.650 0.0000000000
56547  26.394  -30.165  65.276 0.0000000000
57765  25.396  -29.456  62.460 0.0000000000
54324  22.570  -32.594  62.559 0.0000000000
56645  22.861  -30.782  60.897 0.0000000000
46349  19.406  -38.162  76.645 0.0000000000
47427  19.640  -37.429  77.380 0.0000000000
58712  29.057  -28.933  74.841 0.0000000000
59969  29.613  -27.643  75.489 0.0000000000
61306  29.513  -27.232  74.246 0.0000000000
62565  29.912  -26.361  73.552 0.0000000000
60007  28.701  -27.423  73.264 0.0000000000
61356  28.104  -26.623  71.486 0.0000000000
58754  27.785  -28.770  72.000 0.0000000000
77670  42.543  -13.066  54.097 0.0000000000
78859  41.917  -11.887  52.408 0.0000000000
77691  41.272  -12.488  52.482 0.0000000000
43293  19.327  -42.283  66.869 0.0000000000
44311  18.241  -41.576  65.755 0.0000000000
45366  18.874  -40.875  67.028 0.0000000000
48672  14.895  -36.736  71.826 0.0000000000
49836  14.761  -36.178  69.877 0.0000000000
49827  14.062  -35.896  71.052 0.0000000000
51020  12.783  -35.207  69.518 0.0000000000
50996  13.393  -35.632  71.154 0.0000000000
47497  28.627  -38.660  75.038 0.0000000000
47495  29.546  -37.829  74.624 0.0000000000
49771  30.314  -36.655  74.798 0.0000000000
47512  29.325  -37.988  73.375 0.0000000000
47513  28.779  -38.194  72.788 0.0000000000
46395  28.613  -38.852  73.045 0.0000000000
43268  20.172  -42.477  68.443 0.0000000000
42317  20.919  -43.231  67.998 0.0000000000
43292  20.058  -42.699  66.995 0.0000000000
43308  19.671  -42.516  66.150 0.0000000000
69825  35.064  -19.289  57.021 0.0000000000
69855  34.811  -18.900  54.408 0.0000000000
69843  33.982  -19.689  55.348 0.0000000000
70871  45.091  -18.047  63.427 0.0000000000
70889  43.505  -17.948  62.355 0.0000000000
70857  43.572  -18.812  63.437 0.0000000000
64960  38.226  -22.735  67.060 0.0000000000
64972  37.878  -22.916  66.338 0.0000000000
64962  36.673  -23.521  67.235 0.0000000000
63837  35.201  -24.220  66.715 0.0000000000
63824  36.081  -24.025  67.337 0.0000000000
58818  32.712  -28.441  67.832 0.0000000000
57664  33.475  -29.332  68.746 0.0000000000
56522  33.574  -30.626  66.540 0.0000000000
55414  34.730  -31.412  65.417 0.0000000000
55438  33.749  -30.772  64.275 0.0000000000
56612  34.427  -30.482  62.681 0.0000000000
56572  32.900  -30.131  64.099 0.0000000000
52098  24.059  -34.777  66.156 0.0000000000
52107  24.807  -33.854  65.629 0.0000000000
52109  23.318  -34.242  65.301 0.0000000000
82250  49.621  -9.216  53.520 0.0000000000
81081  49.854  -9.899  54.125 0.0000000000
45315  20.479  -40.042  72.426 0.0000000000
46420  19.985  -39.697  71.348 0.0000000000
47506  19.687  -39.035  73.287 0.0000000000
47489  17.904  -38.549  75.321 0.0000000000
47508  18.173  -38.359  73.958 0.0000000000
47499  17.170  -37.845  74.682 0.0000000000
48656  16.352  -37.328  73.555 0.0000000000
47491  16.480  -37.597  75.532 0.0000000000
45252  25.702  -39.680  75.865 0.0000000000
45278  25.460  -40.084  74.481 0.0000000000
45265  24.208  -40.076  75.246 0.0000000000
45283  21.096  -39.481  74.825 0.0000000000
45297  21.901  -40.275  73.669 0.0000000000
45314  20.994  -40.538  72.641 0.0000000000
45326  20.631  -41.159  71.357 0.0000000000
62511  31.217  -25.458  76.453 0.0000000000
63695  31.471  -23.527  77.271 0.0000000000
64851  32.462  -22.885  76.169 0.0000000000
65997  32.664  -22.331  75.019 0.0000000000
64867  32.502  -23.252  74.895 0.0000000000
63768  30.800  -23.956  71.104 0.0000000000
64906  31.498  -23.522  71.583 0.0000000000
64935  31.335  -23.494  69.174 0.0000000000
63812  32.525  -24.644  68.046 0.0000000000
63814  30.812  -24.516  67.671 0.0000000000
61438  30.599  -26.458  66.653 0.0000000000
63830  29.479  -24.715  67.467 0.0000000000
60074  26.812  -27.436  67.433 0.0000000000
61428  27.726  -26.178  66.988 0.0000000000
60091  27.133  -27.111  66.311 0.0000000000
58845  27.398  -27.807  64.813 0.0000000000
58832  26.484  -28.434  65.713 0.0000000000
49934  19.221  -36.757  63.444 0.0000000000
51112  19.398  -35.722  62.837 0.0000000000
49949  18.253  -36.750  61.933 0.0000000000
81085  45.592  -9.713  53.829 0.0000000000
81098  46.717  -9.603  52.652 0.0000000000
81122  44.987  -9.751  52.112 0.0000000000
80059  43.502  -10.478  48.715 0.0000000000
44362  16.847  -41.489  62.040 0.0000000000
43362  16.536  -41.766  62.714 0.0000000000
47546  18.915  -38.077  68.944 0.0000000000
47555  18.717  -38.427  68.019 0.0000000000
48713  18.225  -37.637  68.341 0.0000000000
51044  15.122  -35.624  67.324 0.0000000000
51057  16.168  -36.030  66.651 0.0000000000
53090  30.387  -33.599  75.215 0.0000000000
54149  29.879  -32.888  76.647 0.0000000000
54173  30.044  -32.790  75.322 0.0000000000
56384  29.447  -30.873  75.400 0.0000000000
54197  29.073  -32.576  73.313 0.0000000000
55306  28.417  -32.032  72.645 0.0000000000
53117  29.113  -33.384  72.836 0.0000000000
48686  27.295  -37.310  70.634 0.0000000000
51003  28.028  -35.452  70.207 0.0000000000
49821  26.864  -36.348  69.914 0.0000000000
49840  25.901  -36.022  68.611 0.0000000000
49832  25.629  -36.742  69.251 0.0000000000
44224  24.602  -40.883  72.036 0.0000000000
45325  25.031  -40.021  71.459 0.0000000000
44245  23.687  -41.121  70.455 0.0000000000
45364  21.655  -41.076  67.651 0.0000000000
46465  22.335  -39.867  68.254 0.0000000000
47562  21.988  -38.960  67.876 0.0000000000
48721  21.992  -37.738  67.369 0.0000000000
47573  21.017  -39.028  66.595 0.0000000000
48736  20.489  -38.346  65.849 0.0000000000
46494  20.484  -39.993  65.333 0.0000000000
44344  18.505  -41.772  63.543 0.0000000000
45470  19.176  -40.468  62.993 0.0000000000
44360  18.480  -41.241  62.806 0.0000000000
73134  38.914  -16.278  54.691 0.0000000000
74205  38.508  -15.589  53.400 0.0000000000
73140  37.867  -16.317  53.623 0.0000000000
71040  37.805  -18.660  50.778 0.0000000000
49707  15.230  -35.513  78.358 0.0000000000
49737  14.837  -35.845  76.950 0.0000000000
50899  14.523  -35.310  77.630 0.0000000000
51983  10.477  -34.611  77.079 0.0000000000
51997  11.332  -34.349  76.495 0.0000000000
50929  12.460  -34.728  75.534 0.0000000000
52024  11.323  -34.681  75.029 0.0000000000
50981  11.521  -34.738  72.531 0.0000000000
50961  10.327  -34.910  73.732 0.0000000000
82197  49.223  -8.613  56.861 0.0000000000
78791  46.827  -11.449  57.794 0.0000000000
77620  46.272  -12.081  57.673 0.0000000000
77639  45.153  -12.136  56.616 0.0000000000
77622  44.813  -13.020  57.035 0.0000000000
74134  43.859  -15.297  58.617 0.0000000000
75304  43.476  -14.561  57.338 0.0000000000
73090  42.428  -15.773  58.107 0.0000000000
73107  41.522  -16.076  57.150 0.0000000000
73068  41.660  -16.516  58.585 0.0000000000
70901  40.295  -18.300  60.808 0.0000000000
71986  40.006  -17.608  59.532 0.0000000000
70903  38.738  -18.681  60.485 0.0000000000
70938  37.359  -18.248  58.925 0.0000000000
69787  38.140  -19.260  60.539 0.0000000000
68554  42.603  -20.597  65.542 0.0000000000
68566  42.474  -20.528  64.844 0.0000000000
67356  41.535  -21.410  64.869 0.0000000000
66175  37.015  -22.119  63.691 0.0000000000
67378  37.747  -21.671  63.268 0.0000000000
67380  36.395  -21.572  62.659 0.0000000000
67412  35.885  -21.274  61.551 0.0000000000
66212  35.176  -21.782  61.676 0.0000000000
66214  33.260  -22.567  61.142 0.0000000000
66201  33.750  -22.417  62.037 0.0000000000
61461  32.904  -26.125  64.395 0.0000000000
62710  32.325  -25.452  62.548 0.0000000000
61506  33.408  -27.212  61.934 0.0000000000
60178  34.504  -27.733  61.859 0.0000000000
66049  38.854  -23.198  71.381 0.0000000000
67282  34.887  -21.651  71.364 0.0000000000
67264  36.382  -21.931  72.101 0.0000000000
64904  36.272  -23.665  71.288 0.0000000000
55326  35.759  -31.011  70.594 0.0000000000
58751  36.229  -29.087  71.857 0.0000000000
57629  37.045  -29.640  70.942 0.0000000000
60035  37.749  -27.512  70.625 0.0000000000
58787  35.939  -28.946  69.308 0.0000000000
60069  35.146  -27.839  68.409 0.0000000000
57663  35.197  -29.606  68.074 0.0000000000
56567  37.723  -30.950  64.504 0.0000000000
57723  37.775  -29.784  65.033 0.0000000000
57739  38.750  -29.309  63.510 0.0000000000
58867  39.217  -28.562  62.589 0.0000000000
57775  38.836  -28.986  61.564 0.0000000000
57793  36.820  -29.085  60.767 0.0000000000
56663  33.783  -30.090  59.260 0.0000000000
57823  34.463  -29.347  58.729 0.0000000000
61478  31.292  -26.900  64.002 0.0000000000
58911  31.605  -28.830  62.509 0.0000000000
60180  30.281  -27.336  61.666 0.0000000000
60233  30.391  -27.579  58.806 0.0000000000
55340  27.534  -31.842  69.983 0.0000000000
56481  26.812  -30.855  69.795 0.0000000000
55355  27.130  -31.748  68.941 0.0000000000
54303  25.398  -32.230  64.390 0.0000000000
55417  26.690  -31.200  65.756 0.0000000000
55440  25.822  -31.487  64.160 0.0000000000
56595  26.054  -30.260  63.665 0.0000000000
56597  24.861  -30.856  63.159 0.0000000000
53225  20.693  -33.716  62.515 0.0000000000
53224  21.474  -33.429  62.591 0.0000000000
54334  20.971  -32.962  61.589 0.0000000000
55492  22.178  -31.161  60.380 0.0000000000
57814  23.407  -29.340  59.655 0.0000000000
80042  47.291  -9.687  50.058 0.0000000000
80028  48.755  -10.277  50.775 0.0000000000
75387  39.194  -14.312  49.706 0.0000000000
46376  20.421  -39.273  75.236 0.0000000000
46388  19.627  -39.305  74.762 0.0000000000
46365  19.636  -38.508  75.865 0.0000000000
46366  18.736  -38.191  75.872 0.0000000000
46351  17.699  -37.860  76.250 0.0000000000
45257  21.526  -39.165  75.841 0.0000000000
57521  29.429  -28.645  77.440 0.0000000000
58665  29.458  -27.901  77.833 0.0000000000
58678  29.716  -27.708  77.074 0.0000000000
59954  30.534  -26.645  76.167 0.0000000000
61287  31.415  -25.629  75.460 0.0000000000
62546  31.823  -24.575  74.817 0.0000000000
62547  31.211  -25.359  74.503 0.0000000000
62583  30.159  -25.258  72.497 0.0000000000
62615  29.490  -25.129  70.809 0.0000000000
63799  28.654  -25.125  68.887 0.0000000000
62616  28.674  -25.890  70.690 0.0000000000
61374  27.093  -26.798  70.397 0.0000000000
58789  26.797  -28.579  69.256 0.0000000000
46571  17.291  -39.370  60.683 0.0000000000
48842  17.454  -37.788  60.754 0.0000000000
46608  17.088  -39.219  59.114 0.0000000000
79975  43.980  -10.821  53.613 0.0000000000
79993  44.295  -10.241  52.514 0.0000000000
80017  42.675  -11.042  51.834 0.0000000000
78883  41.541  -11.227  50.794 0.0000000000
43343  18.467  -42.169  64.227 0.0000000000
43344  17.643  -42.099  63.734 0.0000000000
43327  17.781  -42.089  64.545 0.0000000000
45400  17.936  -40.569  65.523 0.0000000000
46497  17.568  -39.724  65.084 0.0000000000
48691  16.582  -36.659  70.781 0.0000000000
48704  16.684  -36.660  69.011 0.0000000000
49835  15.485  -36.325  69.763 0.0000000000
51030  14.855  -35.662  68.327 0.0000000000
51033  12.070  -35.152  68.761 0.0000000000
50935  30.487  -35.755  74.563 0.0000000000
50952  29.729  -35.325  73.337 0.0000000000
52036  29.441  -34.553  73.024 0.0000000000
49798  29.063  -36.523  72.451 0.0000000000
48676  28.262  -37.369  71.532 0.0000000000
47532  26.794  -38.078  70.881 0.0000000000
43246  22.034  -42.428  70.186 0.0000000000
43244  23.055  -41.805  69.779 0.0000000000
43266  21.726  -42.557  68.481 0.0000000000
43278  21.478  -42.436  67.613 0.0000000000
44293  20.808  -41.505  66.128 0.0000000000
45422  20.439  -41.117  64.841 0.0000000000
44327  20.225  -42.106  64.946 0.0000000000
43342  19.084  -42.192  64.604 0.0000000000
72063  36.801  -17.811  55.720 0.0000000000
72086  37.011  -17.604  53.821 0.0000000000
71008  36.165  -18.163  53.798 0.0000000000
71022  35.830  -18.686  52.403 0.0000000000
51967  10.001  -34.764  77.570 0.0000000000
50917  10.083  -35.484  76.121 0.0000000000
50962  9.598  -35.459  74.001 0.0000000000
49765  9.147  -36.135  75.545 0.0000000000
73031  43.520  -16.573  60.418 0.0000000000
71984  41.951  -16.817  59.511 0.0000000000
71942  42.432  -17.669  61.193 0.0000000000
70891  41.603  -18.405  61.763 0.0000000000
69777  41.013  -18.935  62.031 0.0000000000
66110  40.557  -21.934  66.230 0.0000000000
66150  39.992  -22.365  64.998 0.0000000000
66130  39.166  -22.510  65.692 0.0000000000
66132  37.223  -22.608  65.441 0.0000000000
65002  35.408  -22.530  64.419 0.0000000000
65003  34.481  -22.776  64.125 0.0000000000
64991  34.139  -23.621  65.464 0.0000000000
63847  33.594  -24.760  65.597 0.0000000000
61448  33.506  -26.534  65.858 0.0000000000
62631  34.209  -25.577  69.284 0.0000000000
62612  35.239  -25.678  70.550 0.0000000000
60039  34.004  -27.751  70.203 0.0000000000
56479  34.600  -30.244  69.686 0.0000000000
55369  35.629  -31.456  68.448 0.0000000000
56506  35.670  -31.198  68.021 0.0000000000
55388  36.028  -31.733  67.043 0.0000000000
55435  36.624  -31.340  64.800 0.0000000000
56610  36.555  -30.473  62.711 0.0000000000
57778  36.204  -30.004  61.506 0.0000000000
56629  34.695  -30.541  61.611 0.0000000000
56643  34.082  -30.386  60.832 0.0000000000
57796  33.319  -29.898  60.613 0.0000000000
62711  29.116  -26.024  62.255 0.0000000000
60181  29.617  -26.951  61.280 0.0000000000
61529  28.553  -26.608  60.685 0.0000000000
60215  28.519  -26.928  59.026 0.0000000000
60256  28.869  -26.721  56.915 0.0000000000
52087  26.974  -34.043  67.000 0.0000000000
53184  26.956  -33.248  66.680 0.0000000000
52095  26.614  -33.590  66.593 0.0000000000
53194  25.331  -33.277  65.308 0.0000000000
54304  24.484  -32.624  64.150 0.0000000000
53251  20.068  -33.045  59.704 0.0000000000
54374  19.783  -32.878  57.506 0.0000000000
84272  48.723  -6.956  52.703 0.0000000000
82272  49.986  -9.582  52.418 0.0000000000
79988  50.929  -11.266  52.885 0.0000000000
45343  19.862  -40.881  69.602 0.0000000000
46456  19.344  -39.881  68.340 0.0000000000
46446  19.504  -39.989  69.358 0.0000000000
47535  19.548  -39.121  69.989 0.0000000000
47527  17.966  -37.705  71.309 0.0000000000
47507  19.266  -38.677  73.599 0.0000000000
47517  17.777  -37.854  72.564 0.0000000000
48678  17.131  -37.415  71.860 0.0000000000
48670  16.526  -37.307  72.639 0.0000000000
48657  15.788  -36.876  73.170 0.0000000000
48643  15.052  -36.671  73.700 0.0000000000
46385  27.658  -39.540  74.943 0.0000000000
45291  27.708  -39.592  73.337 0.0000000000
45293  25.667  -40.253  73.603 0.0000000000
45310  24.737  -40.584  72.881 0.0000000000
44225  23.753  -41.176  72.356 0.0000000000
45280  23.549  -40.318  74.530 0.0000000000
44215  22.853  -41.008  72.975 0.0000000000
43234  22.235  -42.204  71.077 0.0000000000
43247  21.537  -42.209  70.711 0.0000000000
44259  20.287  -41.570  69.869 0.0000000000
67449  32.864  -21.675  57.245 0.0000000000
68670  32.837  -21.147  54.919 0.0000000000
66285  32.372  -22.555  55.158 0.0000000000
69723  44.861  -19.006  64.904 0.0000000000
68518  41.386  -20.186  66.767 0.0000000000
68520  39.604  -20.611  66.761 0.0000000000
68521  38.676  -20.705  67.210 0.0000000000
66089  38.064  -22.493  68.700 0.0000000000
68441  33.449  -20.966  73.774 0.0000000000
67283  33.988  -21.628  71.553 0.0000000000
64891  32.381  -23.444  72.922 0.0000000000
66054  32.859  -22.502  71.434 0.0000000000
66080  33.684  -22.918  69.755 0.0000000000
63796  33.276  -24.627  68.487 0.0000000000
60073  32.281  -27.114  68.446 0.0000000000
58831  32.100  -27.976  66.991 0.0000000000
58855  32.551  -28.964  64.988 0.0000000000
60117  31.840  -27.707  66.014 0.0000000000
61450  30.873  -26.833  65.766 0.0000000000
61451  29.658  -26.721  65.520 0.0000000000
62667  28.624  -25.504  67.234 0.0000000000
61440  28.682  -26.378  66.355 0.0000000000
61465  28.926  -26.614  64.093 0.0000000000
60129  28.339  -26.845  63.745 0.0000000000
60143  27.118  -27.549  63.291 0.0000000000
60182  26.035  -27.564  61.773 0.0000000000
51085  21.488  -35.480  65.031 0.0000000000
52117  22.213  -34.381  64.501 0.0000000000
52119  20.638  -35.238  64.280 0.0000000000
52135  19.367  -34.984  62.329 0.0000000000
52144  19.224  -34.686  61.441 0.0000000000
49968  17.572  -36.804  60.428 0.0000000000
51159  18.046  -35.520  59.553 0.0000000000
81069  48.540  -9.557  54.082 0.0000000000
79973  49.102  -10.152  53.765 0.0000000000
81097  47.709  -9.845  52.507 0.0000000000
80013  47.068  -9.775  51.520 0.0000000000
81145  46.427  -9.695  49.504 0.0000000000
80032  44.329  -9.796  50.603 0.0000000000
80058  44.543  -10.085  48.681 0.0000000000
46457  19.044  -39.305  67.685 0.0000000000
47575  18.516  -38.822  66.417 0.0000000000
48751  17.662  -38.064  65.537 0.0000000000
49854  17.087  -36.791  67.082 0.0000000000
48752  17.257  -37.325  65.756 0.0000000000
56355  28.667  -30.412  77.777 0.0000000000
57545  29.281  -29.644  76.519 0.0000000000
57569  29.015  -30.012  74.919 0.0000000000
57581  28.552  -30.212  73.772 0.0000000000
57611  27.868  -29.584  72.337 0.0000000000
56429  28.116  -31.136  72.447 0.0000000000
55327  27.958  -32.194  71.087 0.0000000000
53151  28.210  -33.539  70.293 0.0000000000
52049  28.634  -34.352  71.659 0.0000000000
52072  28.057  -34.392  69.846 0.0000000000
52073  27.724  -34.413  69.060 0.0000000000
52080  26.753  -34.966  68.078 0.0000000000
51040  24.857  -35.702  67.712 0.0000000000
51041  24.107  -35.721  67.382 0.0000000000
45323  26.326  -39.617  71.988 0.0000000000
46430  25.806  -38.893  71.255 0.0000000000
47534  25.051  -38.632  70.501 0.0000000000
45342  22.951  -40.579  69.385 0.0000000000
46454  23.314  -39.300  69.465 0.0000000000
48700  23.949  -37.844  69.223 0.0000000000
48710  24.227  -37.179  68.678 0.0000000000
49853  22.557  -36.888  67.355 0.0000000000
49867  22.274  -36.477  66.621 0.0000000000
49885  20.643  -36.939  65.508 0.0000000000
48769  19.625  -37.553  64.316 0.0000000000
47631  19.096  -38.597  63.369 0.0000000000
46516  19.791  -39.817  64.344 0.0000000000
46534  19.394  -39.617  63.569 0.0000000000
46552  18.309  -39.271  62.139 0.0000000000
45488  17.351  -40.339  61.014 0.0000000000
75349  40.552  -14.947  54.174 0.0000000000
75374  39.880  -13.797  52.763 0.0000000000
75364  39.053  -14.911  53.049 0.0000000000
72094  37.105  -17.260  52.302 0.0000000000
72110  38.140  -17.411  50.326 0.0000000000
68720  33.914  -21.064  52.907 0.0000000000
48556  18.758  -36.731  77.722 0.0000000000
49719  17.418  -36.542  78.122 0.0000000000
48587  17.083  -37.154  77.092 0.0000000000
48558  16.087  -35.871  78.245 0.0000000000
48603  16.188  -37.172  76.475 0.0000000000
48590  15.161  -36.580  76.368 0.0000000000
49762  14.489  -36.285  75.167 0.0000000000
49778  13.816  -35.788  73.778 0.0000000000
51980  13.266  -34.438  77.764 0.0000000000
50915  13.235  -34.855  76.128 0.0000000000
50928  13.096  -35.187  75.101 0.0000000000
50958  13.426  -35.502  73.110 0.0000000000
50980  12.484  -35.209  72.332 0.0000000000
82229  49.989  -8.682  55.143 0.0000000000
82214  48.162  -8.746  55.488 0.0000000000
81054  47.234  -9.019  55.110 0.0000000000
81055  46.285  -9.635  55.613 0.0000000000
79918  48.417  -10.232  58.128 0.0000000000
79934  46.295  -10.272  56.535 0.0000000000
79951  45.082  -10.729  55.254 0.0000000000
78831  44.135  -11.678  54.787 0.0000000000
77669  43.130  -12.536  54.471 0.0000000000
76487  42.471  -13.502  54.642 0.0000000000
75303  44.255  -14.109  57.654 0.0000000000
75318  42.961  -14.154  56.200 0.0000000000
75332  42.162  -14.470  55.370 0.0000000000
74178  40.614  -15.708  55.507 0.0000000000
73121  39.883  -16.341  55.616 0.0000000000
72049  39.439  -16.827  56.019 0.0000000000
72009  41.107  -16.725  58.636 0.0000000000
72011  39.217  -17.261  58.461 0.0000000000
72037  38.401  -17.359  57.534 0.0000000000
70971  36.977  -18.095  57.476 0.0000000000
70940  35.903  -18.861  58.264 0.0000000000
69812  35.302  -19.586  58.315 0.0000000000
69725  42.978  -19.779  64.455 0.0000000000
69750  41.613  -19.919  63.730 0.0000000000
69766  40.111  -19.971  62.372 0.0000000000
67376  39.444  -21.506  63.718 0.0000000000
67397  39.246  -21.348  62.960 0.0000000000
68607  38.778  -20.393  61.894 0.0000000000
68618  36.862  -20.259  61.048 0.0000000000
68628  35.465  -20.198  59.632 0.0000000000
67441  34.157  -20.806  59.213 0.0000000000
66240  33.218  -21.962  59.091 0.0000000000
65062  31.985  -22.924  59.114 0.0000000000
65016  32.721  -23.960  63.124 0.0000000000
62723  31.788  -24.818  61.098 0.0000000000
68491  37.865  -21.267  69.880 0.0000000000
64931  38.406  -23.471  69.566 0.0000000000
64889  37.675  -23.522  72.717 0.0000000000
61354  36.006  -26.790  71.627 0.0000000000
62581  37.269  -25.779  72.235 0.0000000000
63750  38.219  -24.749  72.382 0.0000000000
62594  38.878  -25.830  71.269 0.0000000000
62628  38.145  -25.594  70.119 0.0000000000
62646  36.886  -25.166  69.078 0.0000000000
62648  35.512  -25.775  68.218 0.0000000000
61424  33.931  -26.801  67.043 0.0000000000
60114  34.035  -28.076  65.357 0.0000000000
56544  36.298  -30.722  66.470 0.0000000000
57725  35.483  -29.440  64.790 0.0000000000
58872  34.468  -28.539  63.724 0.0000000000
58910  36.758  -28.243  62.110 0.0000000000
57808  35.679  -29.114  59.735 0.0000000000
58957  35.945  -28.443  58.795 0.0000000000
57763  31.809  -29.242  62.868 0.0000000000
57798  31.762  -29.015  61.204 0.0000000000
57811  32.587  -29.243  59.875 0.0000000000
60196  30.446  -27.867  60.673 0.0000000000
58960  31.755  -28.543  58.674 0.0000000000
57633  26.907  -29.814  70.559 0.0000000000
57651  26.687  -29.697  69.537 0.0000000000
57667  26.475  -29.444  67.737 0.0000000000
55391  26.947  -31.625  66.879 0.0000000000
55392  26.661  -31.058  66.645 0.0000000000
57697  26.327  -29.349  65.944 0.0000000000
57714  26.453  -29.143  64.995 0.0000000000
57745  26.235  -29.293  63.232 0.0000000000
58914  25.375  -28.503  61.724 0.0000000000
53206  22.763  -33.759  64.248 0.0000000000
53214  23.167  -33.158  63.566 0.0000000000
54323  23.156  -32.168  62.736 0.0000000000
54340  21.186  -32.250  60.477 0.0000000000
55483  22.599  -31.599  61.694 0.0000000000
56617  23.875  -30.823  62.393 0.0000000000
57785  24.119  -30.063  61.406 0.0000000000
57800  24.075  -29.071  60.385 0.0000000000
80011  48.761  -10.585  51.896 0.0000000000
78881  50.164  -11.143  51.370 0.0000000000
80025  51.280  -11.118  50.332 0.0000000000
77696  39.714  -13.050  50.773 0.0000000000
58724  28.941  -28.361  74.415 0.0000000000
59991  29.011  -27.823  73.954 0.0000000000
60008  28.028  -27.768  72.637 0.0000000000
76496  41.660  -13.380  53.576 0.0000000000
77681  41.565  -12.858  53.245 0.0000000000
76505  41.206  -13.147  53.112 0.0000000000
44285  19.177  -41.635  67.249 0.0000000000
44294  18.688  -41.698  66.543 0.0000000000
49806  14.532  -36.167  72.134 0.0000000000
49816  14.538  -36.269  71.416 0.0000000000
49817  14.116  -35.817  71.611 0.0000000000
46384  28.469  -39.159  74.636 0.0000000000
47496  29.184  -38.174  74.679 0.0000000000
46383  28.912  -38.884  74.160 0.0000000000
47503  29.663  -37.858  74.422 0.0000000000
46394  28.930  -38.827  73.743 0.0000000000
47505  29.029  -38.481  73.415 0.0000000000
45289  28.711  -39.019  73.544 0.0000000000
44272  20.025  -41.869  68.767 0.0000000000
43280  19.824  -42.526  67.861 0.0000000000
43281  19.402  -42.108  67.485 0.0000000000
69835  34.371  -19.724  56.479 0.0000000000
68668  33.768  -20.177  56.164 0.0000000000
70872  44.123  -18.165  62.984 0.0000000000
70856  44.389  -18.618  63.779 0.0000000000
64947  37.935  -23.300  68.289 0.0000000000
64961  37.309  -23.371  67.469 0.0000000000
63823  36.748  -23.766  67.635 0.0000000000
63809  36.908  -24.309  68.394 0.0000000000
57696  33.169  -29.600  66.509 0.0000000000
57680  33.209  -29.431  67.432 0.0000000000
57695  33.370  -30.159  66.481 0.0000000000
56545  33.500  -30.536  65.505 0.0000000000
56546  33.012  -30.169  64.850 0.0000000000
56571  33.387  -30.571  64.577 0.0000000000
52099  23.129  -34.887  66.182 0.0000000000
52110  22.614  -34.869  65.589 0.0000000000
82241  49.526  -8.925  54.340 0.0000000000
79960  49.550  -10.087  54.074 0.0000000000
46397  20.495  -39.734  73.345 0.0000000000
46409  19.993  -39.456  72.612 0.0000000000
46398  19.800  -39.240  73.816 0.0000000000
47490  17.430  -38.104  75.500 0.0000000000
46359  25.223  -39.382  76.204 0.0000000000
45264  25.117  -39.902  75.228 0.0000000000
45298  21.078  -39.962  73.940 0.0000000000
62510  31.792  -24.718  76.116 0.0000000000
63712  31.494  -24.673  76.656 0.0000000000
63704  31.771  -23.922  76.632 0.0000000000
63703  32.139  -23.377  76.364 0.0000000000
63710  32.402  -23.641  75.945 0.0000000000
64859  32.547  -23.058  75.586 0.0000000000
63719  32.394  -23.798  75.388 0.0000000000
63784  30.142  -24.347  70.225 0.0000000000
63783  30.801  -23.883  70.377 0.0000000000
64936  30.548  -23.736  69.152 0.0000000000
64951  30.975  -24.018  68.336 0.0000000000
64952  30.372  -23.860  68.532 0.0000000000
63815  30.111  -24.051  67.900 0.0000000000
63816  29.324  -24.408  68.241 0.0000000000
60092  26.595  -27.833  66.423 0.0000000000
58820  26.385  -28.605  66.544 0.0000000000
48807  18.512  -37.631  62.388 0.0000000000
49935  18.767  -36.736  62.711 0.0000000000
48825  18.137  -37.745  61.781 0.0000000000
81099  45.530  -9.653  52.828 0.0000000000
79992  44.865  -9.893  52.802 0.0000000000
44361  17.519  -41.497  62.544 0.0000000000
43361  17.267  -41.850  63.145 0.0000000000
48702  18.082  -37.353  69.501 0.0000000000
51058  15.496  -35.834  66.444 0.0000000000
53091  30.249  -33.634  74.793 0.0000000000
54183  30.214  -33.180  75.167 0.0000000000
54184  29.758  -32.930  74.786 0.0000000000
54196  29.407  -32.853  73.840 0.0000000000
54210  29.238  -33.035  73.179 0.0000000000
48687  26.385  -37.317  70.266 0.0000000000
49822  26.346  -36.726  69.761 0.0000000000
48698  25.877  -36.966  69.681 0.0000000000
44234  23.693  -41.511  71.279 0.0000000000
44233  24.466  -40.662  71.339 0.0000000000
43232  23.273  -41.953  70.409 0.0000000000
45380  21.230  -41.015  67.147 0.0000000000
46466  21.748  -40.126  67.539 0.0000000000
46478  21.198  -40.031  66.815 0.0000000000
47563  21.449  -39.023  67.230 0.0000000000
47574  20.594  -39.016  65.995 0.0000000000
72061  38.664  -16.773  55.331 0.0000000000
73135  38.236  -16.420  54.347 0.0000000000
72074  37.694  -16.914  54.456 0.0000000000
50869  15.066  -35.210  79.048 0.0000000000
50884  14.657  -35.073  78.348 0.0000000000
50885  14.092  -34.814  77.881 0.0000000000
51998  10.503  -34.799  76.277 0.0000000000
52011  11.103  -34.626  75.693 0.0000000000
52023  11.802  -34.581  75.349 0.0000000000
50943  10.970  -34.749  74.460 0.0000000000
81024  50.155  -8.870  57.802 0.0000000000
81011  50.218  -9.242  58.381 0.0000000000
77596  47.894  -12.483  59.039 0.0000000000
78777  47.441  -11.830  58.465 0.0000000000
77621  45.530  -12.536  57.348 0.0000000000
77598  45.955  -12.937  58.023 0.0000000000
74119  43.452  -15.737  59.147 0.0000000000
74135  42.916  -15.651  58.504 0.0000000000
73091  41.924  -15.992  57.828 0.0000000000
73067  42.312  -16.083  58.472 0.0000000000
70893  39.939  -18.900  61.395 0.0000000000
70902  39.383  -18.665  60.852 0.0000000000
69786  38.830  -19.096  60.885 0.0000000000
67333  42.058  -21.313  66.071 0.0000000000
67355  42.162  -21.052  65.178 0.0000000000
66148  41.400  -21.759  65.432 0.0000000000
66176  36.039  -21.790  63.385 0.0000000000
67379  36.978  -21.677  62.974 0.0000000000
66199  35.653  -21.758  62.384 0.0000000000
66200  34.704  -22.142  62.176 0.0000000000
66178  34.211  -22.480  62.719 0.0000000000
61476  33.085  -26.779  64.020 0.0000000000
61477  32.760  -26.222  63.683 0.0000000000
61488  33.090  -26.971  63.136 0.0000000000
60179  33.907  -27.752  62.205 0.0000000000
60157  33.581  -27.766  62.801 0.0000000000
66031  38.535  -22.901  72.213 0.0000000000
66052  35.476  -22.171  71.059 0.0000000000
67281  35.792  -21.888  71.592 0.0000000000
64916  35.634  -23.411  70.605 0.0000000000
55352  36.228  -31.195  70.109 0.0000000000
56464  36.469  -30.503  71.011 0.0000000000
56478  36.386  -30.663  69.826 0.0000000000
57647  36.497  -29.807  70.336 0.0000000000
57648  36.176  -30.007  69.584 0.0000000000
58800  35.377  -28.877  68.593 0.0000000000
57662  35.620  -30.115  68.697 0.0000000000
56588  38.524  -30.310  63.764 0.0000000000
56608  38.390  -29.906  63.013 0.0000000000
57759  38.779  -29.428  62.706 0.0000000000
57776  37.818  -29.484  61.938 0.0000000000
57792  37.948  -28.942  61.110 0.0000000000
57824  33.471  -29.661  58.615 0.0000000000
56662  34.014  -29.994  58.925 0.0000000000
61490  31.015  -26.836  63.252 0.0000000000
60159  30.893  -27.449  62.636 0.0000000000
54254  27.594  -32.684  69.178 0.0000000000
54267  27.516  -32.559  68.133 0.0000000000
54302  26.110  -31.804  64.507 0.0000000000
55458  25.235  -31.294  63.669 0.0000000000
55457  25.757  -30.896  63.864 0.0000000000
53234  20.408  -33.488  61.695 0.0000000000
53241  20.188  -33.225  60.338 0.0000000000
81160  47.162  -9.712  48.546 0.0000000000
81172  47.815  -9.753  47.584 0.0000000000
46364  20.371  -38.853  75.776 0.0000000000
46377  19.601  -39.025  75.374 0.0000000000
47445  19.056  -37.674  77.245 0.0000000000
46350  18.404  -37.922  76.324 0.0000000000
46367  17.926  -38.084  75.967 0.0000000000
47465  18.022  -37.736  76.706 0.0000000000
46347  21.584  -38.890  76.499 0.0000000000
45246  21.206  -39.008  76.193 0.0000000000
45258  20.904  -39.119  75.829 0.0000000000
57532  29.477  -28.708  76.837 0.0000000000
58689  29.677  -27.878  76.389 0.0000000000
61289  30.346  -26.828  75.222 0.0000000000
59968  30.140  -27.197  75.756 0.0000000000
61288  30.949  -26.263  75.336 0.0000000000
61267  31.451  -25.614  75.834 0.0000000000
62548  30.639  -26.010  74.404 0.0000000000
62584  29.607  -26.102  72.999 0.0000000000
62599  29.172  -25.749  71.835 0.0000000000
62598  29.810  -25.085  71.575 0.0000000000
62600  28.688  -26.132  71.446 0.0000000000
60040  27.297  -27.146  70.898 0.0000000000
60041  26.913  -27.573  70.070 0.0000000000
46589  16.930  -39.303  59.918 0.0000000000
46609  16.861  -39.805  59.421 0.0000000000
78842  43.386  -11.726  53.794 0.0000000000
79994  43.246  -11.054  52.668 0.0000000000
78857  43.077  -11.541  53.218 0.0000000000
78871  41.518  -11.642  51.779 0.0000000000
78882  42.059  -11.178  51.470 0.0000000000
78894  40.673  -11.915  49.564 0.0000000000
43326  18.569  -42.239  64.952 0.0000000000
43310  18.157  -42.060  65.238 0.0000000000
45382  18.462  -40.783  66.287 0.0000000000
44312  17.703  -41.494  65.090 0.0000000000
45401  17.341  -40.614  64.820 0.0000000000
46496  18.035  -39.640  65.521 0.0000000000
48679  16.257  -36.776  71.467 0.0000000000
49824  16.002  -36.494  70.553 0.0000000000
49846  15.044  -35.982  69.192 0.0000000000
51031  13.870  -35.346  68.381 0.0000000000
50908  29.400  -35.465  75.831 0.0000000000
50920  30.291  -35.615  75.318 0.0000000000
52026  30.377  -35.152  74.326 0.0000000000
50951  30.306  -35.661  73.866 0.0000000000
49786  29.708  -36.362  73.271 0.0000000000
47514  28.294  -38.514  72.348 0.0000000000
47522  28.405  -37.976  72.130 0.0000000000
47523  27.896  -38.311  71.718 0.0000000000
47531  27.434  -38.014  71.136 0.0000000000
47524  27.129  -38.482  71.542 0.0000000000
42300  21.368  -42.889  69.004 0.0000000000
43256  21.819  -42.688  69.219 0.0000000000
42307  21.128  -43.046  68.656 0.0000000000
43291  20.619  -42.913  67.057 0.0000000000
42328  21.143  -43.054  67.610 0.0000000000
43290  21.086  -42.783  66.944 0.0000000000
44292  21.294  -41.970  66.550 0.0000000000
44309  20.957  -42.253  66.255 0.0000000000
44310  20.692  -41.912  65.751 0.0000000000
43324  20.147  -42.423  65.632 0.0000000000
43325  19.424  -42.377  65.230 0.0000000000
70983  36.293  -18.409  55.957 0.0000000000
70994  36.285  -18.364  54.993 0.0000000000
71010  34.710  -19.221  53.558 0.0000000000
71009  35.263  -18.797  53.389 0.0000000000
71023  35.277  -19.131  52.750 0.0000000000
69887  35.651  -19.333  51.951 0.0000000000
68733  35.589  -20.342  51.700 0.0000000000
50902  9.516  -35.571  77.040 0.0000000000
50901  10.075  -35.226  76.703 0.0000000000
50918  9.755  -35.652  76.461 0.0000000000
49764  9.789  -35.946  75.960 0.0000000000
71960  43.028  -17.184  60.700 0.0000000000
71941  43.550  -17.425  61.590 0.0000000000
70873  43.022  -18.664  62.745 0.0000000000
70890  42.754  -18.221  61.937 0.0000000000
70874  42.187  -18.758  62.395 0.0000000000
69765  41.308  -19.477  62.678 0.0000000000
67337  39.540  -21.750  66.567 0.0000000000
66129  40.236  -22.287  65.747 0.0000000000
66113  37.581  -22.794  65.985 0.0000000000
66112  37.921  -22.875  65.974 0.0000000000
66133  36.535  -22.572  65.023 0.0000000000
64990  35.620  -22.844  65.220 0.0000000000
64975  34.570  -24.082  66.237 0.0000000000
63838  34.327  -24.959  66.442 0.0000000000
62684  33.420  -25.717  65.648 0.0000000000
62675  33.730  -25.753  66.303 0.0000000000
61392  33.649  -26.640  69.398 0.0000000000
61372  33.793  -27.221  69.910 0.0000000000
60056  33.521  -27.716  69.531 0.0000000000
56495  33.910  -30.176  68.476 0.0000000000
56480  34.000  -29.906  69.079 0.0000000000
56494  34.365  -30.593  68.940 0.0000000000
55354  34.999  -31.405  69.036 0.0000000000
55370  34.874  -31.628  67.769 0.0000000000
56569  34.876  -31.027  64.222 0.0000000000
55413  35.813  -31.623  65.780 0.0000000000
55453  35.771  -31.273  64.158 0.0000000000
56590  36.302  -30.969  63.673 0.0000000000
56611  35.468  -30.596  62.670 0.0000000000
56613  33.312  -30.177  62.707 0.0000000000
56630  33.825  -30.174  61.668 0.0000000000
57779  33.021  -29.721  61.684 0.0000000000
61493  28.741  -26.111  62.441 0.0000000000
61510  28.717  -26.152  61.652 0.0000000000
60216  27.868  -26.765  58.482 0.0000000000
60235  28.501  -26.819  57.893 0.0000000000
52088  26.243  -34.719  67.504 0.0000000000
52096  26.205  -33.946  66.591 0.0000000000
53203  24.948  -32.849  64.586 0.0000000000
53204  24.475  -33.167  64.576 0.0000000000
82251  49.422  -8.699  52.675 0.0000000000
81118  50.390  -10.460  53.018 0.0000000000
81094  50.530  -10.888  53.209 0.0000000000
46433  19.924  -39.863  70.270 0.0000000000
46421  19.408  -38.977  71.953 0.0000000000
46434  19.392  -39.025  70.919 0.0000000000
47536  18.726  -38.144  70.304 0.0000000000
47526  18.671  -38.381  71.641 0.0000000000
46389  18.860  -39.147  75.067 0.0000000000
46399  19.028  -38.888  74.427 0.0000000000
46400  18.327  -38.952  74.779 0.0000000000
48669  17.114  -37.547  72.485 0.0000000000
47518  17.106  -37.598  72.815 0.0000000000
48658  14.984  -36.667  72.677 0.0000000000
46375  26.571  -39.399  75.760 0.0000000000
46357  26.863  -39.061  75.975 0.0000000000
46386  26.935  -39.612  75.255 0.0000000000
45277  26.641  -39.885  74.442 0.0000000000
45294  24.708  -40.387  73.743 0.0000000000
45311  24.042  -40.596  73.115 0.0000000000
45266  23.329  -40.016  75.226 0.0000000000
45281  22.649  -40.209  74.535 0.0000000000
45313  21.970  -40.767  72.865 0.0000000000
45312  22.488  -41.024  72.826 0.0000000000
44227  22.019  -41.405  72.409 0.0000000000
44226  22.796  -41.398  72.467 0.0000000000
44236  22.188  -41.800  71.765 0.0000000000
43235  21.816  -42.008  71.306 0.0000000000
44237  21.389  -41.586  71.656 0.0000000000
45336  20.483  -41.368  70.734 0.0000000000
44247  20.409  -41.457  70.440 0.0000000000
67457  32.627  -21.757  56.587 0.0000000000
68519  40.578  -20.275  66.861 0.0000000000
69680  40.065  -19.498  67.155 0.0000000000
69660  38.116  -19.581  67.982 0.0000000000
69681  38.781  -19.526  67.334 0.0000000000
68502  38.069  -20.408  67.964 0.0000000000
67312  38.255  -21.501  67.900 0.0000000000
67313  37.861  -21.126  68.486 0.0000000000
59928  29.713  -26.857  77.800 0.0000000000
67231  33.154  -21.645  74.369 0.0000000000
67250  33.240  -21.713  73.443 0.0000000000
67267  33.453  -21.643  72.426 0.0000000000
63742  31.590  -24.382  73.599 0.0000000000
63741  32.015  -23.981  73.786 0.0000000000
64879  32.001  -23.809  73.368 0.0000000000
64918  32.155  -22.943  70.842 0.0000000000
66068  33.023  -22.800  70.300 0.0000000000
66081  33.141  -23.078  69.597 0.0000000000
63795  34.016  -24.590  68.926 0.0000000000
64949  32.783  -23.837  68.506 0.0000000000
62663  31.631  -25.477  67.602 0.0000000000
62650  32.117  -25.654  67.989 0.0000000000
62651  31.644  -26.037  67.758 0.0000000000
60090  32.129  -27.538  67.985 0.0000000000
60104  31.641  -27.456  66.982 0.0000000000
60103  32.108  -27.933  66.680 0.0000000000
61437  31.201  -26.757  66.982 0.0000000000
62676  30.136  -25.843  66.787 0.0000000000
61463  30.603  -26.669  64.788 0.0000000000
62634  28.535  -25.473  69.514 0.0000000000
63817  28.680  -24.851  68.295 0.0000000000
62652  28.146  -25.453  68.436 0.0000000000
61441  27.859  -26.710  65.922 0.0000000000
61427  28.299  -25.982  66.839 0.0000000000
61452  28.623  -26.875  65.158 0.0000000000
60119  28.383  -27.077  64.388 0.0000000000
58876  27.420  -27.780  63.733 0.0000000000
60161  26.794  -27.299  62.600 0.0000000000
58877  26.794  -28.231  63.383 0.0000000000
49902  20.918  -35.981  65.136 0.0000000000
51086  20.803  -35.636  64.639 0.0000000000
51097  20.369  -35.758  64.087 0.0000000000
51113  18.695  -36.010  62.286 0.0000000000
51126  18.961  -35.360  62.133 0.0000000000
52145  18.539  -35.218  60.957 0.0000000000
48863  17.258  -37.683  59.900 0.0000000000
48883  17.043  -37.703  58.959 0.0000000000
51160  17.504  -36.090  59.012 0.0000000000
51181  17.653  -36.259  58.312 0.0000000000
81083  47.564  -9.566  53.325 0.0000000000
81121  45.932  -9.666  52.024 0.0000000000
81120  46.976  -9.694  51.910 0.0000000000
81135  46.165  -9.648  51.357 0.0000000000
80030  46.684  -9.768  50.896 0.0000000000
80044  45.726  -9.747  49.577 0.0000000000
80016  43.390  -10.549  51.635 0.0000000000
80015  44.271  -10.046  51.460 0.0000000000
43328  17.087  -41.965  64.083 0.0000000000
43345  16.659  -41.762  63.499 0.0000000000
46467  19.084  -40.170  67.507 0.0000000000
48723  18.402  -37.882  67.419 0.0000000000
47564  18.657  -38.757  67.238 0.0000000000
48737  18.450  -38.260  66.892 0.0000000000
47576  18.155  -38.469  65.856 0.0000000000
49844  16.376  -36.494  68.593 0.0000000000
48715  16.845  -36.863  68.537 0.0000000000
49855  16.658  -36.597  67.625 0.0000000000
49886  16.625  -36.928  65.176 0.0000000000
49870  16.683  -36.588  66.381 0.0000000000
51955  29.285  -34.198  77.432 0.0000000000
53026  29.419  -33.939  77.504 0.0000000000
55241  29.565  -31.909  76.710 0.0000000000
55226  29.060  -31.666  77.810 0.0000000000
56366  29.137  -30.657  77.002 0.0000000000
56374  29.507  -30.723  76.201 0.0000000000
56395  29.195  -31.055  74.443 0.0000000000
56396  28.828  -30.630  73.996 0.0000000000
57570  28.757  -30.089  74.307 0.0000000000
57593  28.194  -30.063  73.027 0.0000000000
54220  28.376  -32.770  72.022 0.0000000000
55315  28.035  -32.007  71.850 0.0000000000
54228  28.206  -32.644  71.343 0.0000000000
54238  28.204  -32.782  70.688 0.0000000000
50971  28.722  -35.980  72.107 0.0000000000
50988  28.771  -34.906  71.998 0.0000000000
50989  28.512  -35.431  71.508 0.0000000000
51004  27.414  -35.857  69.979 0.0000000000
51015  27.907  -34.959  69.481 0.0000000000
51025  26.977  -35.114  68.389 0.0000000000
51028  25.039  -36.054  68.275 0.0000000000
51027  25.520  -35.785  68.284 0.0000000000
49851  24.231  -36.080  67.697 0.0000000000
45292  26.717  -40.004  73.454 0.0000000000
45308  26.669  -39.698  72.603 0.0000000000
45334  24.518  -40.106  71.017 0.0000000000
46419  25.492  -39.732  71.471 0.0000000000
46431  25.188  -39.331  71.039 0.0000000000
46443  24.594  -39.109  70.476 0.0000000000
43255  22.481  -42.081  69.008 0.0000000000
44256  23.156  -41.223  69.664 0.0000000000
44257  22.772  -41.330  69.078 0.0000000000
46455  22.787  -39.700  69.048 0.0000000000
47552  23.168  -38.745  68.966 0.0000000000
47544  23.674  -38.637  69.491 0.0000000000
48701  23.538  -38.259  68.960 0.0000000000
48711  23.182  -37.731  68.315 0.0000000000
48720  22.779  -37.177  67.653 0.0000000000
49868  21.516  -36.923  66.425 0.0000000000
49884  21.272  -36.488  65.749 0.0000000000
47609  19.821  -38.387  65.000 0.0000000000
48750  20.373  -37.707  65.457 0.0000000000
47610  19.509  -38.564  64.269 0.0000000000
48789  19.302  -37.660  63.787 0.0000000000
46515  20.237  -40.255  64.698 0.0000000000
45423  20.071  -40.622  64.345 0.0000000000
46551  18.922  -39.471  62.829 0.0000000000
46570  17.631  -39.398  61.468 0.0000000000
45487  17.955  -40.247  61.787 0.0000000000
74203  40.080  -15.128  54.154 0.0000000000
75363  40.220  -14.371  53.508 0.0000000000
74204  39.435  -15.262  53.793 0.0000000000
74206  37.848  -15.935  52.900 0.0000000000
75365  38.579  -15.285  52.813 0.0000000000
74216  37.965  -15.793  51.558 0.0000000000
72095  36.674  -17.827  52.905 0.0000000000
72085  37.263  -17.064  53.302 0.0000000000
72111  37.671  -18.016  50.790 0.0000000000
72121  38.727  -17.761  49.725 0.0000000000
67475  33.212  -21.359  54.016 0.0000000000
68678  33.289  -20.727  54.524 0.0000000000
67495  33.697  -21.592  53.294 0.0000000000
49702  18.675  -36.185  78.163 0.0000000000
49703  17.881  -36.341  78.354 0.0000000000
49704  17.021  -36.099  78.704 0.0000000000
48572  17.279  -36.808  77.643 0.0000000000
49720  16.797  -36.378  78.221 0.0000000000
48574  16.025  -36.261  77.853 0.0000000000
48589  15.613  -36.586  77.044 0.0000000000
48604  15.734  -37.138  76.073 0.0000000000
49747  14.639  -36.147  76.024 0.0000000000
49777  14.400  -36.282  74.212 0.0000000000
49763  13.833  -35.738  74.662 0.0000000000
53035  11.521  -33.667  78.735 0.0000000000
51964  12.482  -33.886  78.554 0.0000000000
51995  13.064  -34.433  76.944 0.0000000000
50942  12.116  -34.668  74.543 0.0000000000
50941  13.068  -35.368  74.096 0.0000000000
50998  11.637  -34.934  71.571 0.0000000000
50983  9.907  -35.577  73.103 0.0000000000
82228  50.411  -8.161  55.859 0.0000000000
82213  49.115  -8.484  55.757 0.0000000000
81039  48.373  -8.943  56.841 0.0000000000
82198  48.436  -8.735  56.285 0.0000000000
81041  46.590  -9.655  56.245 0.0000000000
81013  48.833  -9.995  58.182 0.0000000000
79906  48.935  -10.623  58.484 0.0000000000
78809  46.227  -11.073  57.206 0.0000000000
79920  46.776  -10.632  57.314 0.0000000000
79935  45.522  -10.786  56.058 0.0000000000
79950  45.729  -10.288  55.774 0.0000000000
79952  44.563  -11.289  55.016 0.0000000000
78823  45.099  -11.266  55.980 0.0000000000
77640  44.419  -12.614  56.316 0.0000000000
77657  43.904  -12.217  55.228 0.0000000000
77658  43.467  -12.805  55.546 0.0000000000
76486  42.918  -13.187  55.165 0.0000000000
76475  43.155  -13.514  55.782 0.0000000000
76423  45.381  -13.764  58.289 0.0000000000
75287  44.611  -14.506  58.422 0.0000000000
75305  42.763  -15.069  57.047 0.0000000000
75319  42.580  -14.780  56.501 0.0000000000
74176  42.021  -15.150  56.156 0.0000000000
75333  41.522  -15.001  55.093 0.0000000000
74177  41.457  -15.347  55.656 0.0000000000
73108  40.937  -16.254  56.666 0.0000000000
73109  40.168  -16.531  56.399 0.0000000000
72036  39.612  -16.795  57.216 0.0000000000
71961  42.076  -17.163  60.184 0.0000000000
71985  41.247  -16.979  59.295 0.0000000000
71987  38.833  -17.780  59.357 0.0000000000
72051  37.399  -17.729  56.702 0.0000000000
72038  37.517  -17.718  57.847 0.0000000000
70918  36.960  -18.781  59.390 0.0000000000
70939  36.514  -18.706  58.723 0.0000000000
69811  35.992  -19.205  58.705 0.0000000000
69798  35.500  -19.822  59.126 0.0000000000
69724  43.821  -19.585  64.787 0.0000000000
68565  43.171  -20.064  64.852 0.0000000000
68567  41.590  -20.618  64.254 0.0000000000
68594  40.527  -20.207  62.836 0.0000000000
68595  39.930  -20.739  62.803 0.0000000000
67358  39.702  -21.794  64.398 0.0000000000
67359  39.006  -21.736  64.234 0.0000000000
67399  37.628  -21.348  62.587 0.0000000000
67398  38.402  -21.305  62.700 0.0000000000
68597  38.430  -20.942  62.256 0.0000000000
68596  38.957  -20.693  62.286 0.0000000000
68608  38.278  -20.632  61.814 0.0000000000
69780  37.808  -19.972  61.257 0.0000000000
68609  37.290  -20.537  61.486 0.0000000000
67421  35.463  -21.076  60.951 0.0000000000
68620  35.548  -20.584  60.432 0.0000000000
68621  34.980  -20.659  59.990 0.0000000000
68629  34.774  -20.509  59.367 0.0000000000
67432  34.476  -21.036  59.797 0.0000000000
67442  33.613  -21.169  58.609 0.0000000000
67433  33.855  -21.407  59.526 0.0000000000
66215  32.856  -23.045  60.941 0.0000000000
66241  32.665  -22.537  59.583 0.0000000000
65052  32.234  -23.220  59.931 0.0000000000
65063  31.697  -23.575  59.351 0.0000000000
65044  31.823  -23.942  60.558 0.0000000000
65015  33.460  -23.052  62.953 0.0000000000
61507  32.510  -26.234  61.750 0.0000000000
62722  32.024  -25.269  61.611 0.0000000000
61527  32.323  -25.906  60.850 0.0000000000
62743  32.035  -25.555  60.141 0.0000000000
66064  38.651  -22.918  70.531 0.0000000000
67292  38.288  -21.793  70.207 0.0000000000
66078  38.354  -22.483  69.624 0.0000000000
66050  36.510  -22.810  71.751 0.0000000000
67247  36.503  -21.480  73.125 0.0000000000
66033  37.087  -22.644  72.399 0.0000000000
66016  37.613  -22.584  72.843 0.0000000000
64890  37.363  -23.699  72.391 0.0000000000
60038  34.809  -27.744  70.832 0.0000000000
62597  35.962  -25.755  71.185 0.0000000000
60037  35.490  -27.473  71.399 0.0000000000
57591  37.062  -28.736  72.080 0.0000000000
60019  36.504  -27.738  72.246 0.0000000000
61338  37.416  -26.768  72.234 0.0000000000
62580  37.843  -25.737  72.407 0.0000000000
61337  37.949  -26.611  72.223 0.0000000000
62595  38.640  -25.838  71.677 0.0000000000
61352  38.487  -26.524  71.346 0.0000000000
60053  37.176  -27.283  70.146 0.0000000000
61369  37.949  -26.806  70.573 0.0000000000
61389  36.889  -26.608  69.647 0.0000000000
62629  37.383  -25.551  69.543 0.0000000000
62630  36.761  -25.825  69.260 0.0000000000
62647  36.297  -25.581  68.685 0.0000000000
61406  36.355  -26.339  69.154 0.0000000000
60070  34.548  -27.774  67.736 0.0000000000
60087  34.175  -27.595  66.798 0.0000000000
60101  34.067  -27.937  65.846 0.0000000000
58829  34.414  -28.671  66.166 0.0000000000
55387  37.039  -31.485  66.325 0.0000000000
56521  36.309  -31.138  66.801 0.0000000000
56543  36.936  -30.842  66.235 0.0000000000
57740  38.127  -29.285  64.225 0.0000000000
57724  36.654  -29.858  64.979 0.0000000000
57741  37.019  -29.455  64.349 0.0000000000
58852  35.260  -29.163  64.351 0.0000000000
58871  35.685  -29.135  63.850 0.0000000000
58892  36.131  -28.562  62.705 0.0000000000
58891  37.437  -28.515  62.689 0.0000000000
58888  39.234  -28.445  62.078 0.0000000000
56641  35.396  -30.313  60.788 0.0000000000
57794  35.819  -29.844  60.796 0.0000000000
57809  34.998  -29.849  59.974 0.0000000000
58958  35.008  -28.723  58.585 0.0000000000
58976  34.720  -28.421  57.663 0.0000000000
58856  32.220  -28.412  64.540 0.0000000000
58874  32.409  -29.058  64.243 0.0000000000
58875  32.045  -28.745  63.764 0.0000000000
57782  31.390  -28.722  61.679 0.0000000000
57781  31.744  -29.080  62.038 0.0000000000
57812  31.982  -28.974  60.471 0.0000000000
60197  29.565  -27.259  60.584 0.0000000000
60213  30.368  -27.726  59.821 0.0000000000
58980  31.064  -28.123  58.184 0.0000000000
58961  31.088  -28.134  59.245 0.0000000000
57594  27.749  -30.421  72.214 0.0000000000
57612  27.443  -29.881  71.536 0.0000000000
57666  26.641  -29.521  68.584 0.0000000000
56497  26.598  -30.186  68.021 0.0000000000
54278  27.216  -32.436  67.020 0.0000000000
56524  26.486  -30.285  66.290 0.0000000000
56573  26.413  -29.836  64.264 0.0000000000
57746  25.765  -29.854  63.147 0.0000000000
58898  25.664  -28.831  62.353 0.0000000000
57783  25.136  -29.154  61.772 0.0000000000
52125  21.959  -33.911  63.675 0.0000000000
54325  22.001  -33.004  62.353 0.0000000000
53223  22.182  -33.183  62.686 0.0000000000
54315  23.590  -32.545  63.419 0.0000000000
54350  20.525  -32.535  59.630 0.0000000000
54349  21.059  -32.153  59.828 0.0000000000
56633  23.085  -31.054  61.492 0.0000000000
55482  23.190  -31.167  61.848 0.0000000000
56632  23.619  -30.564  61.626 0.0000000000
58945  23.719  -28.781  59.419 0.0000000000
58929  24.730  -28.518  60.807 0.0000000000
84310  48.991  -6.992  50.351 0.0000000000
79990  48.828  -10.375  52.888 0.0000000000
80010  49.589  -11.002  51.730 0.0000000000
80027  49.628  -10.589  50.801 0.0000000000
80026  50.410  -10.778  50.596 0.0000000000
76507  39.787  -13.521  52.263 0.0000000000
76509  40.090  -13.095  51.973 0.0000000000
76510  39.557  -13.488  51.345 0.0000000000
46336  20.244  -38.261  76.944 0.0000000000
46337  19.758  -37.968  77.223 0.0000000000
58701  29.341  -28.394  75.483 0.0000000000
58700  29.566  -28.061  75.916 0.0000000000
59979  29.371  -27.707  74.814 0.0000000000
61305  30.179  -26.666  74.529 0.0000000000
61320  30.028  -26.473  73.858 0.0000000000
61321  29.472  -26.836  73.632 0.0000000000
61339  28.636  -26.654  72.549 0.0000000000
61340  27.921  -27.093  72.157 0.0000000000
60022  27.556  -27.718  71.624 0.0000000000
77680  42.268  -12.587  53.488 0.0000000000
78858  42.544  -11.745  52.816 0.0000000000
77690  42.014  -12.182  52.802 0.0000000000
77694  41.000  -12.077  51.680 0.0000000000
48680  15.268  -36.766  71.414 0.0000000000
49825  15.148  -36.511  70.655 0.0000000000
48693  14.884  -36.556  70.939 0.0000000000
49826  14.529  -36.181  70.704 0.0000000000
51008  14.270  -35.672  69.944 0.0000000000
51019  13.661  -35.365  69.338 0.0000000000
51009  13.650  -35.516  70.354 0.0000000000
51010  12.659  -35.203  70.455 0.0000000000
48614  29.571  -36.950  75.248 0.0000000000
49756  29.988  -36.549  75.361 0.0000000000
48633  29.706  -37.440  74.863 0.0000000000
48649  30.074  -37.470  74.296 0.0000000000
48650  29.843  -37.418  73.639 0.0000000000
48663  29.340  -37.362  72.925 0.0000000000
46405  28.416  -38.736  72.656 0.0000000000
46406  27.837  -39.102  72.494 0.0000000000
43267  20.571  -42.795  68.499 0.0000000000
43279  20.484  -42.968  67.634 0.0000000000
70984  35.652  -18.843  55.446 0.0000000000
69834  34.988  -19.294  55.941 0.0000000000
69856  34.333  -19.353  54.216 0.0000000000
69875  33.957  -19.887  53.800 0.0000000000
49739  8.992  -36.347  77.529 0.0000000000
71917  44.155  -17.564  62.375 0.0000000000
64971  38.602  -22.634  66.243 0.0000000000
64973  36.585  -23.135  66.381 0.0000000000
64974  35.301  -23.557  66.161 0.0000000000
63836  35.802  -23.724  66.659 0.0000000000
63825  35.118  -25.052  67.296 0.0000000000
58803  33.071  -28.517  68.498 0.0000000000
58802  33.373  -28.563  69.060 0.0000000000
57665  33.212  -29.074  68.139 0.0000000000
57679  33.489  -29.730  68.097 0.0000000000
56508  33.857  -30.542  67.572 0.0000000000
55389  34.941  -31.739  66.528 0.0000000000
55390  34.039  -31.349  65.998 0.0000000000
55415  33.991  -30.933  65.044 0.0000000000
55437  34.384  -31.011  64.412 0.0000000000
56592  34.119  -30.732  63.633 0.0000000000
55455  33.804  -30.842  64.010 0.0000000000
56593  33.391  -30.467  63.780 0.0000000000
56614  32.916  -30.156  63.163 0.0000000000
51053  25.207  -35.142  67.153 0.0000000000
52097  25.219  -34.392  66.401 0.0000000000
52108  24.290  -34.129  65.626 0.0000000000
53196  23.868  -33.830  65.134 0.0000000000
83275  49.534  -7.996  53.766 0.0000000000
45327  20.389  -40.297  71.824 0.0000000000
46410  19.490  -38.886  72.545 0.0000000000
47498  17.819  -38.596  74.965 0.0000000000
48641  16.535  -37.540  74.175 0.0000000000
47500  16.301  -37.544  74.796 0.0000000000
48622  15.679  -37.299  75.203 0.0000000000
45279  24.478  -40.220  74.538 0.0000000000
45282  21.839  -39.810  74.604 0.0000000000
62497  31.033  -25.270  77.182 0.0000000000
63705  31.384  -24.407  77.285 0.0000000000
65981  32.401  -22.000  76.557 0.0000000000
65989  32.705  -22.095  75.836 0.0000000000
66004  32.793  -22.676  74.041 0.0000000000
64919  31.408  -23.500  70.333 0.0000000000
64950  31.971  -23.741  68.293 0.0000000000
63813  31.634  -24.713  67.640 0.0000000000
63828  31.016  -25.084  67.333 0.0000000000
61426  30.978  -26.299  67.158 0.0000000000
62665  30.543  -25.675  67.111 0.0000000000
62666  29.778  -25.343  66.959 0.0000000000
61413  27.419  -26.302  68.314 0.0000000000
60106  27.484  -27.281  65.550 0.0000000000
60120  27.858  -27.431  64.873 0.0000000000
60121  27.327  -27.714  65.155 0.0000000000
58846  26.979  -28.240  64.841 0.0000000000
49921  19.725  -36.852  64.138 0.0000000000
51098  19.831  -36.131  63.677 0.0000000000
81084  46.525  -9.397  53.492 0.0000000000
80014  45.179  -9.727  51.350 0.0000000000
80047  42.543  -10.677  49.668 0.0000000000
80046  43.391  -10.190  49.625 0.0000000000
44330  16.565  -41.316  63.978 0.0000000000
47554  19.118  -38.913  68.420 0.0000000000
48724  17.566  -37.179  67.543 0.0000000000
51043  16.033  -35.848  67.304 0.0000000000
51042  16.409  -36.219  66.990 0.0000000000
49887  15.696  -36.254  65.438 0.0000000000
53056  30.303  -33.836  76.189 0.0000000000
53057  30.309  -33.194  76.365 0.0000000000
54161  30.474  -33.103  75.947 0.0000000000
55253  30.199  -32.530  75.749 0.0000000000
55267  29.632  -32.140  75.284 0.0000000000
55279  29.275  -32.124  74.395 0.0000000000
55293  28.987  -32.097  73.728 0.0000000000
55294  28.758  -32.157  73.198 0.0000000000
54211  28.837  -32.783  72.752 0.0000000000
53125  28.763  -33.572  72.226 0.0000000000
49820  27.576  -36.382  70.489 0.0000000000
49830  26.769  -35.936  69.308 0.0000000000
51017  26.698  -35.786  68.977 0.0000000000
49831  26.245  -36.308  69.140 0.0000000000
49841  25.366  -36.471  68.706 0.0000000000
48709  24.806  -36.868  68.724 0.0000000000
44223  25.111  -40.502  71.878 0.0000000000
44244  24.188  -40.593  70.825 0.0000000000
45335  24.009  -40.279  70.521 0.0000000000
44282  21.909  -41.544  67.910 0.0000000000
45351  22.589  -40.655  68.692 0.0000000000
45363  22.120  -40.815  68.068 0.0000000000
48712  22.360  -38.280  68.065 0.0000000000
48722  21.326  -38.370  66.911 0.0000000000
48735  20.989  -37.747  66.396 0.0000000000
47588  20.079  -38.914  65.437 0.0000000000
44343  19.366  -41.714  64.034 0.0000000000
45448  19.680  -40.691  63.749 0.0000000000
44359  19.137  -41.250  63.341 0.0000000000
44376  18.070  -40.944  62.188 0.0000000000
44377  17.422  -41.011  61.766 0.0000000000
74194  38.963  -15.737  54.149 0.0000000000
73139  38.465  -16.044  54.083 0.0000000000
73143  37.481  -16.505  52.648 0.0000000000
71031  36.404  -18.694  51.741 0.0000000000
71030  37.148  -18.719  51.281 0.0000000000
49736  15.310  -35.977  77.389 0.0000000000
49723  15.047  -35.604  77.763 0.0000000000
51966  10.397  -34.241  78.125 0.0000000000
53051  11.606  -34.068  76.815 0.0000000000
53066  11.952  -33.958  76.782 0.0000000000
50916  12.489  -34.623  76.041 0.0000000000
52010  11.918  -34.576  75.956 0.0000000000
50960  11.313  -34.678  73.556 0.0000000000
82180  49.913  -8.737  57.391 0.0000000000
82181  49.351  -8.940  57.467 0.0000000000
81026  48.535  -9.390  57.631 0.0000000000
79907  48.165  -10.782  58.346 0.0000000000
78790  47.650  -11.197  58.265 0.0000000000
78792  46.074  -11.731  57.345 0.0000000000
78811  44.953  -11.819  56.239 0.0000000000
74133  44.499  -15.169  59.034 0.0000000000
75288  43.835  -14.917  58.085 0.0000000000
74151  43.383  -15.241  57.987 0.0000000000
74152  42.653  -15.447  57.591 0.0000000000
74166  41.578  -15.666  56.536 0.0000000000
74153  41.993  -15.731  57.176 0.0000000000
73092  41.061  -16.444  57.672 0.0000000000
70900  40.980  -18.055  61.137 0.0000000000
71963  40.254  -17.895  60.251 0.0000000000
70914  39.828  -18.121  60.309 0.0000000000
70915  39.150  -18.121  60.125 0.0000000000
71988  38.286  -17.972  59.323 0.0000000000
70937  37.929  -18.159  59.292 0.0000000000
70916  38.316  -18.420  59.842 0.0000000000
69795  37.836  -18.838  59.995 0.0000000000
69796  37.307  -19.146  59.925 0.0000000000
67374  40.974  -21.207  64.180 0.0000000000
66174  37.856  -22.157  63.971 0.0000000000
67400  36.947  -21.320  62.375 0.0000000000
67411  36.751  -21.008  61.834 0.0000000000
67401  36.346  -21.420  62.142 0.0000000000
66213  34.324  -21.905  61.200 0.0000000000
66228  34.234  -21.683  60.518 0.0000000000
65028  32.989  -23.020  61.767 0.0000000000
63853  33.070  -24.713  64.693 0.0000000000
63861  32.494  -24.707  63.198 0.0000000000
62703  32.554  -25.488  63.413 0.0000000000
61489  32.646  -26.339  62.766 0.0000000000
61525  34.091  -27.022  61.016 0.0000000000
61505  34.208  -27.375  61.465 0.0000000000
67279  38.465  -21.671  71.560 0.0000000000
66063  39.229  -23.639  70.918 0.0000000000
68456  34.565  -20.849  72.940 0.0000000000
67248  35.706  -20.762  73.535 0.0000000000
67265  35.431  -21.246  72.523 0.0000000000
67280  36.202  -22.290  71.648 0.0000000000
57630  35.425  -29.920  70.951 0.0000000000
58752  35.664  -28.796  71.679 0.0000000000
57609  35.918  -29.648  71.410 0.0000000000
57608  36.670  -29.449  71.498 0.0000000000
57628  37.326  -28.998  71.438 0.0000000000
58770  37.764  -28.474  71.115 0.0000000000
58771  37.138  -28.785  70.653 0.0000000000
60036  36.998  -28.059  70.289 0.0000000000
60054  36.514  -27.816  69.683 0.0000000000
60055  35.759  -27.869  69.058 0.0000000000
58801  34.841  -28.779  67.925 0.0000000000
57678  35.052  -29.624  67.347 0.0000000000
55434  37.654  -31.318  65.401 0.0000000000
56541  38.117  -30.881  65.598 0.0000000000
56566  38.233  -30.809  65.036 0.0000000000
57722  38.378  -30.076  64.692 0.0000000000
58869  38.355  -28.759  63.350 0.0000000000
57758  39.296  -28.856  62.024 0.0000000000
57774  39.216  -28.706  61.590 0.0000000000
58939  36.984  -28.535  59.948 0.0000000000
56653  34.298  -30.132  59.516 0.0000000000
58895  31.604  -28.492  63.062 0.0000000000
60158  31.375  -27.541  63.260 0.0000000000
58912  31.196  -28.360  62.171 0.0000000000
58927  30.972  -28.587  61.193 0.0000000000
60234  29.488  -27.193  58.378 0.0000000000
60254  30.340  -27.541  57.747 0.0000000000
55328  27.665  -31.657  70.877 0.0000000000
56467  27.296  -30.857  70.731 0.0000000000
55372  27.161  -31.550  67.792 0.0000000000
54292  26.404  -32.222  65.266 0.0000000000
55439  26.320  -31.031  64.540 0.0000000000
56596  25.335  -30.395  63.145 0.0000000000
56615  25.038  -30.051  62.599 0.0000000000
52133  20.864  -33.843  62.886 0.0000000000
53216  21.803  -33.700  63.306 0.0000000000
53233  21.122  -33.102  61.918 0.0000000000
54333  21.596  -32.600  61.714 0.0000000000
55503  21.411  -31.652  59.746 0.0000000000
56656  22.588  -30.293  59.706 0.0000000000
56644  23.198  -30.085  60.441 0.0000000000
80029  47.738  -9.978  50.765 0.0000000000
75382  38.786  -14.655  50.506 0.0000000000
75381  39.169  -14.019  50.617 0.0000000000
46378  18.827  -38.753  75.485 0.0000000000
46379  18.065  -38.432  75.605 0.0000000000
46380  17.527  -38.060  75.885 0.0000000000
46368  17.385  -37.915  76.084 0.0000000000
45256  22.318  -39.319  75.870 0.0000000000
46363  21.886  -39.080  76.200 0.0000000000
45268  21.762  -39.343  75.296 0.0000000000
45269  21.126  -39.280  75.460 0.0000000000
57522  28.783  -29.155  77.989 0.0000000000
58664  29.696  -27.278  77.448 0.0000000000
59942  29.975  -26.897  76.880 0.0000000000
59955  30.155  -27.033  76.388 0.0000000000
61249  30.428  -26.172  76.793 0.0000000000
62528  31.738  -25.027  75.374 0.0000000000
62527  32.118  -24.310  75.191 0.0000000000
63731  31.653  -24.568  74.370 0.0000000000
62563  30.820  -25.018  73.233 0.0000000000
62564  30.358  -25.929  73.705 0.0000000000
62582  30.667  -24.887  72.580 0.0000000000
63769  30.356  -24.662  71.588 0.0000000000
62614  29.992  -24.844  71.039 0.0000000000
63785  29.492  -24.846  70.120 0.0000000000
63798  29.171  -24.699  69.309 0.0000000000
62633  28.973  -25.073  70.161 0.0000000000
61394  28.162  -26.169  69.876 0.0000000000
61373  27.800  -26.539  70.501 0.0000000000
61395  27.272  -26.550  69.662 0.0000000000
60058  26.880  -27.449  68.853 0.0000000000
58804  26.620  -28.496  68.229 0.0000000000
47665  17.893  -38.553  61.706 0.0000000000
48826  17.692  -37.967  61.367 0.0000000000
47666  17.413  -38.592  61.122 0.0000000000
47685  17.236  -38.541  60.317 0.0000000000
47706  17.114  -38.524  59.463 0.0000000000
45541  16.575  -40.278  58.381 0.0000000000
46627  16.858  -39.632  58.673 0.0000000000
78870  42.229  -11.438  52.123 0.0000000000
80034  42.409  -10.753  50.791 0.0000000000
80048  42.065  -10.839  50.064 0.0000000000
48690  17.375  -36.957  70.619 0.0000000000
48703  17.151  -36.789  69.388 0.0000000000
49833  16.975  -36.514  69.992 0.0000000000
49834  16.384  -36.465  69.554 0.0000000000
49845  15.684  -36.128  68.779 0.0000000000
51029  15.587  -35.804  67.973 0.0000000000
51032  12.890  -35.265  68.516 0.0000000000
50921  29.799  -35.800  75.592 0.0000000000
50907  29.900  -35.046  75.916 0.0000000000
52005  30.250  -34.535  75.714 0.0000000000
52017  30.439  -34.531  74.906 0.0000000000
52018  30.210  -34.093  74.471 0.0000000000
52027  30.049  -34.580  73.931 0.0000000000
50970  29.123  -35.442  72.488 0.0000000000
48664  28.708  -37.340  72.297 0.0000000000
49799  28.539  -36.515  71.832 0.0000000000
48685  27.877  -37.066  70.911 0.0000000000
43245  22.622  -42.310  69.880 0.0000000000
43265  22.003  -42.013  68.135 0.0000000000
42316  21.281  -42.975  68.183 0.0000000000
43277  21.809  -41.982  67.716 0.0000000000
44283  21.596  -41.725  67.401 0.0000000000
45381  20.824  -40.945  66.479 0.0000000000
45399  20.620  -40.937  65.764 0.0000000000
44342  20.022  -41.690  64.458 0.0000000000
44328  19.664  -42.123  64.592 0.0000000000
72075  36.926  -17.678  54.721 0.0000000000
70995  35.409  -18.662  54.429 0.0000000000
52012  10.382  -34.989  75.744 0.0000000000
50944  10.080  -35.018  74.608 0.0000000000
50931  9.820  -35.396  75.438 0.0000000000
50945  9.468  -35.426  74.748 0.0000000000
73032  42.803  -16.827  60.179 0.0000000000
71943  41.592  -17.742  60.942 0.0000000000
70892  40.660  -18.597  61.573 0.0000000000
69778  40.377  -19.331  61.899 0.0000000000
67335  40.935  -21.416  66.496 0.0000000000
66128  41.073  -22.016  65.790 0.0000000000
66151  38.957  -22.306  64.836 0.0000000000
64987  38.587  -22.671  65.893 0.0000000000
66131  38.204  -22.691  65.653 0.0000000000
66152  37.994  -22.410  64.770 0.0000000000
66153  37.147  -22.396  64.528 0.0000000000
66154  36.165  -22.313  64.340 0.0000000000
66155  35.395  -22.297  63.905 0.0000000000
65014  34.255  -22.618  63.248 0.0000000000
64992  33.410  -24.158  65.054 0.0000000000
62691  33.087  -25.544  64.958 0.0000000000
61460  33.240  -26.524  64.942 0.0000000000
68454  38.215  -21.109  73.157 0.0000000000
63782  34.603  -24.585  69.557 0.0000000000
63781  35.254  -24.585  70.146 0.0000000000
62613  34.703  -25.586  69.869 0.0000000000
61371  34.430  -26.713  70.190 0.0000000000
58772  34.304  -28.552  70.494 0.0000000000
58788  33.557  -28.443  69.468 0.0000000000
57632  34.126  -29.026  70.078 0.0000000000
57631  34.680  -29.514  70.568 0.0000000000
56466  35.309  -30.441  70.483 0.0000000000
55338  35.461  -31.109  69.954 0.0000000000
55353  35.918  -31.453  69.542 0.0000000000
55412  36.999  -31.860  66.002 0.0000000000
56568  37.025  -30.907  64.191 0.0000000000
56589  37.372  -30.654  63.603 0.0000000000
56627  36.705  -30.130  62.028 0.0000000000
56628  35.689  -30.347  61.561 0.0000000000
56642  34.771  -30.410  60.540 0.0000000000
56654  33.878  -30.336  59.978 0.0000000000
57810  33.301  -29.814  59.498 0.0000000000
61492  29.479  -26.148  62.512 0.0000000000
61508  30.006  -26.486  62.113 0.0000000000
61509  29.516  -26.406  61.729 0.0000000000
61528  29.211  -26.656  61.147 0.0000000000
60198  28.863  -26.976  59.903 0.0000000000
53175  27.377  -33.430  67.520 0.0000000000
53185  26.265  -33.164  66.034 0.0000000000
53186  25.735  -33.665  66.122 0.0000000000
53193  25.954  -32.821  65.434 0.0000000000
54293  25.815  -32.664  65.073 0.0000000000
54314  24.493  -32.075  63.677 0.0000000000
53252  19.549  -33.469  59.464 0.0000000000
54360  19.833  -32.875  58.767 0.0000000000
54359  20.361  -32.291  58.333 0.0000000000
83306  48.745  -7.836  51.568 0.0000000000
83287  49.336  -8.286  53.094 0.0000000000
83288  48.900  -7.886  52.422 0.0000000000
82280  49.027  -8.233  51.387 0.0000000000
82271  50.455  -9.851  51.999 0.0000000000
80009  51.202  -10.987  52.720 0.0000000000
78855  51.281  -11.439  52.405 0.0000000000
80073  47.290  -10.417  46.980 0.0000000000
45365  19.267  -40.897  67.763 0.0000000000
45352  19.584  -40.900  68.618 0.0000000000
47537  18.060  -37.558  70.676 0.0000000000
48671  15.592  -36.883  72.192 0.0000000000
46373  28.216  -39.111  75.255 0.0000000000
45275  28.474  -39.370  74.129 0.0000000000
44213  27.948  -39.800  73.671 0.0000000000
45276  27.762  -39.708  74.099 0.0000000000
44235  22.952  -41.885  71.656 0.0000000000
45254  23.915  -39.849  75.771 0.0000000000
45296  22.816  -40.638  73.543 0.0000000000
44214  23.339  -40.907  73.049 0.0000000000
44246  20.740  -41.887  70.474 0.0000000000
44258  20.529  -42.254  69.290 0.0000000000
67456  33.107  -21.226  56.931 0.0000000000
68669  33.215  -20.635  55.518 0.0000000000
67464  32.898  -21.134  56.233 0.0000000000
67465  32.580  -21.628  55.582 0.0000000000
66303  33.180  -22.379  53.871 0.0000000000
68536  43.293  -20.088  65.879 0.0000000000
68537  42.452  -20.581  66.261 0.0000000000
68538  41.586  -20.792  66.567 0.0000000000
68539  40.830  -20.878  66.704 0.0000000000
67336  40.012  -21.424  66.556 0.0000000000
67322  39.580  -21.208  66.653 0.0000000000
67323  39.082  -21.451  66.751 0.0000000000
66097  38.372  -22.281  67.464 0.0000000000
68440  34.244  -20.503  73.690 0.0000000000
67266  34.351  -21.303  72.306 0.0000000000
67293  34.524  -21.872  70.841 0.0000000000
63729  32.368  -23.930  74.853 0.0000000000
64868  32.437  -23.494  74.310 0.0000000000
66019  32.729  -23.105  73.332 0.0000000000
64905  32.219  -23.128  72.013 0.0000000000
66035  32.726  -22.819  72.480 0.0000000000
66034  32.992  -22.170  72.172 0.0000000000
66053  33.363  -21.930  71.628 0.0000000000
66067  33.863  -22.135  70.683 0.0000000000
66079  34.383  -22.803  69.935 0.0000000000
64932  34.230  -23.625  69.437 0.0000000000
62632  33.605  -25.606  68.758 0.0000000000
61409  33.163  -26.320  68.765 0.0000000000
62649  32.868  -25.580  68.419 0.0000000000
61410  32.548  -26.565  68.560 0.0000000000
60089  32.674  -28.057  68.311 0.0000000000
58830  32.591  -28.497  66.900 0.0000000000
58843  32.637  -28.649  65.936 0.0000000000
60116  32.348  -28.142  66.397 0.0000000000
58844  32.305  -28.253  65.297 0.0000000000
60128  31.902  -27.736  65.046 0.0000000000
60118  31.255  -27.065  66.415 0.0000000000
61449  31.518  -27.347  65.466 0.0000000000
61462  31.414  -27.139  64.872 0.0000000000
61479  30.519  -26.459  63.807 0.0000000000
63831  28.924  -24.725  67.736 0.0000000000
62678  29.133  -26.075  66.614 0.0000000000
62668  28.002  -25.709  67.264 0.0000000000
61464  29.659  -26.528  64.505 0.0000000000
61480  29.678  -26.172  63.518 0.0000000000
61481  28.801  -26.343  63.257 0.0000000000
61482  28.224  -26.411  62.972 0.0000000000
60130  27.963  -27.442  64.045 0.0000000000
60142  27.635  -26.929  63.261 0.0000000000
60160  27.341  -26.761  62.616 0.0000000000
51069  22.385  -35.628  65.892 0.0000000000
51084  22.116  -35.222  65.315 0.0000000000
52118  21.100  -34.890  64.357 0.0000000000
52127  20.489  -34.876  63.815 0.0000000000
51111  19.995  -35.345  63.465 0.0000000000
52134  20.149  -34.459  62.654 0.0000000000
52143  19.868  -34.125  61.829 0.0000000000
52156  19.102  -34.444  60.550 0.0000000000
49950  17.788  -37.217  61.276 0.0000000000
49967  17.937  -36.397  61.183 0.0000000000
49989  17.248  -36.829  59.453 0.0000000000
51143  17.663  -36.176  59.798 0.0000000000
51142  18.033  -35.755  60.551 0.0000000000
52157  18.573  -34.908  60.305 0.0000000000
52168  18.977  -34.272  59.825 0.0000000000
79961  49.231  -9.932  54.095 0.0000000000
81082  48.430  -9.884  53.190 0.0000000000
79991  48.196  -10.105  52.484 0.0000000000
81119  47.500  -9.877  52.069 0.0000000000
80043  46.786  -9.702  50.066 0.0000000000
81144  46.943  -9.712  49.473 0.0000000000
81147  43.800  -9.804  50.131 0.0000000000
80045  44.324  -9.784  49.714 0.0000000000
46468  18.611  -39.831  66.927 0.0000000000
47590  18.332  -39.117  65.743 0.0000000000
47591  17.811  -38.892  65.356 0.0000000000
47611  17.328  -38.857  64.798 0.0000000000
48714  17.444  -37.195  68.566 0.0000000000
49869  17.380  -36.996  66.758 0.0000000000
48739  17.329  -37.125  66.337 0.0000000000
48771  17.098  -37.838  64.825 0.0000000000
47612  16.602  -38.734  64.417 0.0000000000
54136  29.424  -32.985  77.478 0.0000000000
56344  28.512  -30.310  78.672 0.0000000000
57533  29.046  -29.518  77.221 0.0000000000
57559  29.325  -29.504  75.689 0.0000000000
58713  28.816  -29.528  74.527 0.0000000000
58725  28.517  -29.098  73.958 0.0000000000
58738  28.243  -28.903  72.834 0.0000000000
56430  27.707  -30.979  72.103 0.0000000000
55316  27.758  -31.672  71.465 0.0000000000
55339  27.964  -32.234  70.473 0.0000000000
54239  28.077  -32.726  69.941 0.0000000000
53152  27.881  -33.550  69.473 0.0000000000
52048  28.960  -34.441  72.353 0.0000000000
52064  28.361  -34.429  70.751 0.0000000000
52079  27.245  -34.524  68.078 0.0000000000
51026  26.349  -35.434  68.395 0.0000000000
51039  25.707  -35.274  67.729 0.0000000000
51054  24.538  -35.229  66.903 0.0000000000
51055  23.588  -35.470  66.812 0.0000000000
46396  28.049  -39.256  72.739 0.0000000000
46407  27.171  -39.354  72.521 0.0000000000
46417  26.813  -39.069  72.097 0.0000000000
45324  25.710  -40.040  71.851 0.0000000000
46418  25.997  -39.402  71.542 0.0000000000
47525  26.374  -38.679  71.386 0.0000000000
47533  25.798  -38.293  70.745 0.0000000000
47542  25.189  -38.016  70.180 0.0000000000
45341  23.437  -40.466  69.995 0.0000000000
46445  23.169  -39.906  69.679 0.0000000000
46444  23.868  -39.483  70.061 0.0000000000
47543  24.395  -38.351  70.036 0.0000000000
48699  25.009  -37.304  69.419 0.0000000000
49843  23.784  -36.875  68.262 0.0000000000
49852  23.391  -36.440  67.544 0.0000000000
49866  23.054  -35.997  66.828 0.0000000000
49883  22.012  -36.131  65.898 0.0000000000
49903  20.411  -36.633  64.803 0.0000000000
48749  20.775  -37.176  65.826 0.0000000000
49904  19.934  -37.156  64.491 0.0000000000
48806  18.837  -37.652  63.113 0.0000000000
47647  18.688  -38.508  62.657 0.0000000000
46495  20.064  -39.650  64.919 0.0000000000
45505  16.977  -39.980  60.315 0.0000000000
45489  16.690  -40.549  60.570 0.0000000000
76497  40.978  -13.624  53.427 0.0000000000
75375  39.241  -14.200  52.279 0.0000000000
75376  38.584  -15.090  52.269 0.0000000000
75379  38.591  -14.873  51.378 0.0000000000
73147  37.543  -16.556  51.629 0.0000000000
72102  37.254  -17.623  51.471 0.0000000000
73153  37.606  -17.202  50.915 0.0000000000
73152  37.919  -16.444  50.779 0.0000000000
69844  33.546  -20.272  54.935 0.0000000000
69857  33.714  -20.012  54.370 0.0000000000
68719  34.415  -20.430  52.713 0.0000000000
67519  35.119  -21.117  52.241 0.0000000000
48555  19.394  -36.793  77.559 0.0000000000
48571  18.228  -37.093  77.543 0.0000000000
48586  17.715  -37.383  77.124 0.0000000000
47467  17.090  -37.566  76.495 0.0000000000
49705  16.399  -35.922  78.555 0.0000000000
48573  16.538  -36.529  77.891 0.0000000000
48588  16.474  -37.007  77.004 0.0000000000
47480  16.310  -37.400  76.071 0.0000000000
48605  15.102  -36.780  75.632 0.0000000000
48623  15.094  -36.760  74.729 0.0000000000
49792  14.305  -35.983  73.130 0.0000000000
51963  13.787  -34.327  78.633 0.0000000000
50900  13.977  -34.962  77.074 0.0000000000
49748  13.961  -35.598  75.581 0.0000000000
50957  13.909  -35.617  72.692 0.0000000000
50979  13.520  -35.594  72.079 0.0000000000
50997  12.560  -35.259  71.367 0.0000000000
82230  48.904  -8.823  54.818 0.0000000000
82231  48.044  -8.960  54.682 0.0000000000
81071  46.384  -9.329  54.466 0.0000000000
81072  45.575  -9.901  54.794 0.0000000000
81012  49.395  -9.796  58.257 0.0000000000
81027  47.556  -9.646  57.378 0.0000000000
79919  47.609  -10.407  57.778 0.0000000000
79933  47.016  -9.948  57.200 0.0000000000
81056  45.631  -10.110  55.363 0.0000000000
79963  44.431  -11.056  54.516 0.0000000000
78841  43.895  -11.410  54.236 0.0000000000
78832  43.660  -11.891  54.393 0.0000000000
78824  44.592  -11.660  55.541 0.0000000000
75347  41.902  -14.029  54.322 0.0000000000
76422  46.147  -13.439  58.480 0.0000000000
76443  44.836  -13.546  57.606 0.0000000000
76460  43.712  -13.558  56.583 0.0000000000
76444  44.106  -13.793  57.255 0.0000000000
75331  42.707  -13.970  55.663 0.0000000000
75348  41.230  -14.755  54.451 0.0000000000
74191  41.094  -15.265  55.059 0.0000000000
74192  40.456  -15.311  54.745 0.0000000000
74167  41.023  -15.854  56.070 0.0000000000
74179  39.964  -15.759  55.192 0.0000000000
73122  39.279  -16.472  55.262 0.0000000000
72060  39.335  -16.631  55.551 0.0000000000
72050  38.551  -17.137  56.367 0.0000000000
73053  41.873  -16.699  59.185 0.0000000000
72010  40.452  -16.825  58.346 0.0000000000
72052  36.715  -18.039  56.321 0.0000000000
70972  36.478  -18.347  56.879 0.0000000000
70958  36.989  -18.103  58.226 0.0000000000
70959  36.404  -18.435  57.847 0.0000000000
70960  35.717  -18.779  57.483 0.0000000000
69826  34.557  -19.840  57.426 0.0000000000
68649  34.204  -20.372  57.679 0.0000000000
69747  44.429  -18.979  64.395 0.0000000000
69748  43.698  -19.287  64.037 0.0000000000
69749  42.569  -19.359  63.548 0.0000000000
69726  42.167  -19.944  64.288 0.0000000000
66149  40.892  -22.119  65.197 0.0000000000
67357  40.584  -21.765  64.569 0.0000000000
67375  40.256  -21.370  63.808 0.0000000000
67377  38.593  -21.649  63.600 0.0000000000
68585  40.245  -21.065  63.285 0.0000000000
69767  39.517  -20.305  62.274 0.0000000000
69788  37.000  -19.759  60.588 0.0000000000
69789  36.357  -19.886  60.232 0.0000000000
68610  36.478  -20.622  61.314 0.0000000000
68619  36.300  -20.264  60.683 0.0000000000
68627  35.977  -20.088  60.094 0.0000000000
68637  35.122  -20.122  58.981 0.0000000000
68638  34.455  -20.403  58.513 0.0000000000
68639  33.820  -20.786  57.954 0.0000000000
67448  33.277  -21.345  57.682 0.0000000000
66247  33.043  -21.911  58.124 0.0000000000
66229  33.537  -22.005  60.231 0.0000000000
65029  32.533  -23.674  62.168 0.0000000000
63868  32.262  -24.530  62.403 0.0000000000
63881  31.973  -24.298  61.569 0.0000000000
63882  31.788  -24.279  60.844 0.0000000000
62735  31.674  -24.921  60.490 0.0000000000
67304  37.672  -21.085  68.938 0.0000000000
67303  37.861  -21.659  69.153 0.0000000000
63808  37.607  -23.951  68.506 0.0000000000
67245  37.863  -21.663  73.232 0.0000000000
66015  38.159  -22.816  72.908 0.0000000000
63767  35.857  -24.648  70.854 0.0000000000
62596  36.618  -25.818  71.808 0.0000000000
60020  35.932  -27.836  72.082 0.0000000000
61353  36.677  -26.968  72.142 0.0000000000
63752  37.068  -24.721  72.125 0.0000000000
63751  37.706  -24.511  72.497 0.0000000000
63739  38.044  -24.021  72.808 0.0000000000
64888  38.303  -23.709  72.574 0.0000000000
64902  38.770  -24.140  71.805 0.0000000000
64901  39.231  -24.362  71.356 0.0000000000
63779  39.214  -24.883  70.710 0.0000000000
60034  38.130  -27.412  71.138 0.0000000000
62611  38.751  -25.500  70.587 0.0000000000
63780  38.647  -24.652  70.093 0.0000000000
63793  37.811  -24.437  69.231 0.0000000000
63810  35.789  -24.924  68.071 0.0000000000
62661  35.026  -25.829  67.705 0.0000000000
61408  34.720  -27.020  68.357 0.0000000000
61423  34.365  -26.635  67.626 0.0000000000
61435  34.149  -26.270  67.085 0.0000000000
61436  33.790  -26.466  66.607 0.0000000000
60115  33.675  -27.539  65.251 0.0000000000
58854  33.900  -28.167  64.409 0.0000000000
57677  35.469  -30.470  67.673 0.0000000000
57693  35.637  -30.406  66.792 0.0000000000
57694  34.961  -29.596  66.450 0.0000000000
57709  37.256  -30.440  65.554 0.0000000000
57710  35.951  -30.242  65.804 0.0000000000
57711  34.878  -29.384  65.552 0.0000000000
57726  34.761  -29.141  65.004 0.0000000000
58853  34.706  -28.836  64.524 0.0000000000
58873  33.662  -28.035  63.619 0.0000000000
58893  34.967  -28.472  62.989 0.0000000000
60155  35.124  -28.190  62.316 0.0000000000
58890  38.370  -28.247  62.469 0.0000000000
57777  36.745  -29.718  61.562 0.0000000000
58940  36.227  -28.752  59.616 0.0000000000
57822  35.216  -28.895  58.984 0.0000000000
57727  32.693  -29.633  64.514 0.0000000000
57743  32.368  -29.493  63.580 0.0000000000
57762  32.416  -29.770  62.722 0.0000000000
57780  32.316  -29.483  61.815 0.0000000000
57797  32.491  -29.373  60.945 0.0000000000
58943  30.884  -28.450  60.185 0.0000000000
58942  31.689  -28.742  59.728 0.0000000000
58755  27.304  -28.807  71.130 0.0000000000
58774  26.884  -28.726  70.256 0.0000000000
54291  26.932  -31.954  66.204 0.0000000000
55373  26.741  -31.138  67.295 0.0000000000
56510  26.787  -30.803  67.805 0.0000000000
56511  26.562  -30.363  67.250 0.0000000000
57681  26.364  -29.453  66.867 0.0000000000
57728  26.756  -28.903  64.094 0.0000000000
58897  26.036  -28.346  62.497 0.0000000000
58913  25.719  -28.070  61.963 0.0000000000
60200  25.465  -27.603  61.070 0.0000000000
52116  22.925  -33.904  64.634 0.0000000000
53205  23.500  -33.457  64.360 0.0000000000
53215  22.478  -33.460  63.450 0.0000000000
54305  24.020  -32.955  64.123 0.0000000000
55460  24.006  -31.855  63.235 0.0000000000
54341  20.775  -32.784  60.937 0.0000000000
55484  22.008  -32.028  61.611 0.0000000000
55493  21.743  -31.794  60.997 0.0000000000
54332  22.186  -32.205  61.918 0.0000000000
55474  22.915  -31.942  62.437 0.0000000000
55473  23.518  -31.481  62.562 0.0000000000
55459  24.459  -31.355  63.160 0.0000000000
55472  24.069  -31.005  62.686 0.0000000000
56616  24.498  -30.460  62.453 0.0000000000
57766  24.866  -29.862  62.301 0.0000000000
57801  23.826  -29.770  60.855 0.0000000000
57784  24.584  -29.547  61.572 0.0000000000
58928  25.098  -28.096  61.081 0.0000000000
60218  25.346  -27.396  60.087 0.0000000000
79972  49.652  -10.380  53.661 0.0000000000
79989  49.968  -11.224  53.069 0.0000000000
78869  50.453  -11.421  52.150 0.0000000000
78880  50.871  -11.403  51.320 0.0000000000
78879  51.838  -11.599  51.017 0.0000000000
76506  40.497  -13.355  52.725 0.0000000000
77692  40.493  -12.800  52.154 0.0000000000
77695  40.301  -12.488  51.244 0.0000000000
76512  39.448  -13.478  50.306 0.0000000000
77703  39.773  -12.836  50.168 0.0000000000
42299  21.549  -42.817  68.977 0.0000000000
42306  21.461  -42.854  68.728 0.0000000000
42329  20.873  -43.147  67.418 0.0000000000
43254  22.851  -41.662  69.396 0.0000000000
43306  21.022  -42.445  66.492 0.0000000000
44201  28.573  -39.573  73.937 0.0000000000
44202  28.162  -39.713  74.247 0.0000000000
44203  27.777  -39.691  73.819 0.0000000000
44211  28.588  -39.248  73.807 0.0000000000
44212  28.210  -39.501  73.770 0.0000000000
44232  25.061  -40.323  71.655 0.0000000000
44271  20.329  -42.405  68.724 0.0000000000
45247  20.812  -38.902  76.076 0.0000000000
45290  28.331  -39.324  73.451 0.0000000000
45307  27.370  -39.492  72.747 0.0000000000
46352  17.329  -37.768  76.262 0.0000000000
46408  20.523  -39.906  72.729 0.0000000000
46590  16.798  -39.847  59.897 0.0000000000
46626  17.011  -39.188  58.754 0.0000000000
47446  19.020  -37.193  77.467 0.0000000000
47464  18.621  -37.863  76.909 0.0000000000
47466  17.463  -37.609  76.609 0.0000000000
47485  28.771  -38.197  75.070 0.0000000000
47504  29.500  -38.263  73.959 0.0000000000
47515  19.539  -38.810  72.975 0.0000000000
47731  16.908  -39.173  58.537 0.0000000000
48557  16.204  -36.136  78.150 0.0000000000
48585  18.248  -37.579  77.102 0.0000000000
48634  29.352  -37.717  74.917 0.0000000000
48677  27.788  -37.650  71.160 0.0000000000
48681  14.853  -36.614  71.234 0.0000000000
48692  14.967  -36.715  71.094 0.0000000000
48725  17.042  -37.067  68.062 0.0000000000
48768  19.917  -37.648  64.734 0.0000000000
48770  17.494  -38.394  65.098 0.0000000000
49721  16.531  -36.280  78.237 0.0000000000
49742  29.100  -35.426  75.966 0.0000000000
49749  9.770  -35.839  76.186 0.0000000000
49793  13.887  -35.701  73.358 0.0000000000
49815  15.183  -36.708  71.079 0.0000000000
49823  16.677  -36.556  70.330 0.0000000000
49871  16.051  -36.074  66.189 0.0000000000
50932  9.250  -35.668  75.111 0.0000000000
50978  14.166  -35.763  72.406 0.0000000000
51038  26.110  -35.151  67.879 0.0000000000
51056  22.836  -35.559  66.445 0.0000000000
51070  21.883  -35.798  65.558 0.0000000000
51956  29.201  -34.262  77.691 0.0000000000
51973  29.942  -34.294  76.673 0.0000000000
51974  29.443  -34.165  76.904 0.0000000000
51984  9.929  -35.108  77.259 0.0000000000
51990  30.091  -34.437  76.290 0.0000000000
51996  12.282  -34.348  76.504 0.0000000000
53042  29.919  -33.708  76.802 0.0000000000
53050  11.755  -33.825  76.997 0.0000000000
53067  11.785  -34.192  76.612 0.0000000000
53074  30.395  -33.747  75.592 0.0000000000
53106  29.810  -33.652  74.244 0.0000000000
53124  29.167  -33.909  72.744 0.0000000000
53235  19.742  -34.003  61.431 0.0000000000
54162  30.209  -32.532  76.209 0.0000000000
54172  30.344  -33.049  75.523 0.0000000000
54316  22.975  -32.980  63.215 0.0000000000
54351  19.983  -32.964  59.394 0.0000000000
55266  30.094  -32.639  75.526 0.0000000000
55324  36.412  -31.033  70.892 0.0000000000
55325  36.156  -31.095  70.860 0.0000000000
55336  36.372  -31.084  70.599 0.0000000000
55337  36.007  -31.300  70.301 0.0000000000
55371  34.237  -31.317  66.893 0.0000000000
55386  37.481  -31.375  66.216 0.0000000000
55410  38.046  -31.150  65.901 0.0000000000
55416  26.827  -31.490  66.358 0.0000000000
55433  38.053  -31.168  65.640 0.0000000000
55436  35.341  -31.303  64.582 0.0000000000
55454  35.434  -31.188  64.173 0.0000000000
55456  33.624  -30.666  64.015 0.0000000000
55504  20.961  -32.034  59.534 0.0000000000
56411  29.041  -31.606  74.016 0.0000000000
56446  36.495  -30.002  71.187 0.0000000000
56447  36.266  -30.066  71.232 0.0000000000
56448  27.748  -31.381  71.930 0.0000000000
56465  35.887  -30.521  71.073 0.0000000000
56477  36.477  -30.656  70.380 0.0000000000
56492  36.313  -31.124  69.769 0.0000000000
56509  33.290  -30.168  66.973 0.0000000000
56519  37.633  -31.200  66.186 0.0000000000
56520  37.310  -31.213  66.313 0.0000000000
56523  33.343  -30.177  66.713 0.0000000000
56542  37.799  -30.949  66.042 0.0000000000
56570  34.623  -30.934  64.021 0.0000000000
56594  32.773  -30.053  63.441 0.0000000000
56626  37.265  -29.896  62.087 0.0000000000
56631  24.243  -30.190  61.735 0.0000000000
57544  29.452  -28.747  76.224 0.0000000000
57592  36.965  -28.960  72.053 0.0000000000
57607  37.145  -28.860  71.871 0.0000000000
57610  35.275  -29.360  71.217 0.0000000000
57649  34.292  -29.462  69.935 0.0000000000
57650  33.829  -29.187  69.519 0.0000000000
57707  38.229  -30.568  65.241 0.0000000000
57708  38.074  -30.412  65.464 0.0000000000
57712  33.405  -30.112  66.104 0.0000000000
57738  39.284  -28.851  62.735 0.0000000000
57742  36.212  -29.498  64.472 0.0000000000
57744  31.877  -29.069  63.306 0.0000000000
57760  38.211  -29.743  62.636 0.0000000000
57764  25.829  -28.984  62.666 0.0000000000
57799  31.498  -28.849  61.491 0.0000000000
57807  36.385  -28.826  60.039 0.0000000000
58677  29.775  -27.157  77.189 0.0000000000
58735  37.141  -28.460  72.048 0.0000000000
58736  36.682  -28.717  72.144 0.0000000000
58737  36.165  -28.563  72.128 0.0000000000
58749  37.769  -27.802  71.560 0.0000000000
58750  37.545  -28.235  71.651 0.0000000000
58769  37.882  -27.889  71.355 0.0000000000
58773  33.819  -28.461  69.901 0.0000000000
58786  36.404  -28.895  70.102 0.0000000000
58819  32.220  -27.972  67.348 0.0000000000
58841  34.381  -28.611  65.333 0.0000000000
58842  34.097  -28.252  64.984 0.0000000000
58857  27.477  -27.853  64.383 0.0000000000
58868  39.067  -28.613  62.960 0.0000000000
58889  39.045  -28.267  62.406 0.0000000000
58894  34.082  -28.355  63.036 0.0000000000
58896  31.241  -27.998  62.766 0.0000000000
58907  39.141  -28.678  61.317 0.0000000000
58915  24.985  -28.957  61.455 0.0000000000
59941  29.907  -26.695  77.292 0.0000000000
59967  30.580  -26.700  75.935 0.0000000000
59978  29.947  -27.183  75.189 0.0000000000
60003  37.985  -27.033  72.013 0.0000000000
60004  37.591  -27.513  71.999 0.0000000000
60005  36.954  -27.815  72.268 0.0000000000
60006  36.448  -28.175  72.273 0.0000000000
60017  37.993  -27.323  71.657 0.0000000000
60021  35.355  -28.134  71.451 0.0000000000
60071  33.399  -28.120  69.196 0.0000000000
60072  32.964  -27.643  68.762 0.0000000000
60075  26.536  -28.093  66.939 0.0000000000
60088  33.817  -27.032  66.700 0.0000000000
60102  33.752  -27.205  66.198 0.0000000000
60105  31.227  -26.900  66.719 0.0000000000
60107  26.883  -27.696  65.641 0.0000000000
60127  33.437  -27.403  64.305 0.0000000000
60141  28.245  -26.612  63.332 0.0000000000
60156  34.309  -28.127  62.453 0.0000000000
60183  25.590  -27.907  61.676 0.0000000000
60201  25.049  -27.866  60.597 0.0000000000
61250  30.240  -26.674  76.603 0.0000000000
61268  30.876  -26.248  76.133 0.0000000000
61269  30.446  -26.561  76.390 0.0000000000
61336  38.233  -26.547  71.899 0.0000000000
61351  38.780  -26.067  71.015 0.0000000000
61367  38.766  -25.877  70.839 0.0000000000
61368  38.305  -26.403  70.704 0.0000000000
61370  35.336  -26.720  70.938 0.0000000000
61387  38.100  -26.160  70.364 0.0000000000
61388  37.728  -26.480  70.252 0.0000000000
61391  34.254  -26.173  69.671 0.0000000000
61393  33.064  -26.902  68.981 0.0000000000
61407  35.552  -26.688  68.785 0.0000000000
61411  31.892  -26.611  68.162 0.0000000000
61422  35.020  -26.355  68.165 0.0000000000
62495  32.094  -24.040  76.175 0.0000000000
62496  31.914  -24.209  76.272 0.0000000000
62529  31.404  -25.606  75.189 0.0000000000
62545  32.129  -24.235  74.841 0.0000000000
62579  38.288  -25.807  72.178 0.0000000000
62610  39.089  -25.588  70.953 0.0000000000
62653  27.848  -25.677  67.625 0.0000000000
62662  34.565  -25.796  67.264 0.0000000000
62664  31.231  -25.786  67.413 0.0000000000
62674  34.170  -25.753  66.806 0.0000000000
62677  29.641  -25.934  66.659 0.0000000000
62692  32.785  -25.465  64.208 0.0000000000
62712  29.010  -25.923  62.028 0.0000000000
62724  29.263  -26.054  62.059 0.0000000000
62725  29.136  -26.071  61.844 0.0000000000
62734  31.911  -25.314  60.848 0.0000000000
63711  31.759  -24.362  76.397 0.0000000000
63730  32.080  -24.113  74.325 0.0000000000
63740  37.841  -23.864  72.800 0.0000000000
63754  30.561  -24.798  72.260 0.0000000000
63764  39.154  -25.053  71.358 0.0000000000
63765  38.620  -25.137  71.894 0.0000000000
63766  36.476  -24.732  71.532 0.0000000000
63794  37.238  -24.817  69.128 0.0000000000
63811  35.381  -25.395  67.807 0.0000000000
63827  31.389  -25.241  67.468 0.0000000000
63829  30.290  -24.824  67.315 0.0000000000
63839  33.728  -25.278  66.034 0.0000000000
63846  34.144  -24.339  65.968 0.0000000000
63854  32.689  -24.690  63.948 0.0000000000
63892  31.671  -24.368  60.207 0.0000000000
64842  32.183  -22.788  76.453 0.0000000000
64876  38.107  -23.514  72.890 0.0000000000
64877  37.895  -23.392  72.933 0.0000000000
64878  32.332  -23.612  73.720 0.0000000000
64892  31.783  -23.768  72.657 0.0000000000
64914  39.408  -24.308  71.014 0.0000000000
64920  30.870  -23.790  69.839 0.0000000000
64933  33.434  -23.571  69.001 0.0000000000
64988  38.336  -22.766  66.020 0.0000000000
65005  32.692  -24.235  63.654 0.0000000000
65042  32.876  -23.071  61.204 0.0000000000
65053  31.833  -23.788  60.105 0.0000000000
66005  32.562  -23.234  73.862 0.0000000000
66017  37.147  -22.062  72.899 0.0000000000
66032  37.476  -23.094  72.585 0.0000000000
66048  39.242  -23.918  71.295 0.0000000000
66051  35.942  -22.680  71.249 0.0000000000
66065  35.562  -22.610  70.810 0.0000000000
66066  35.043  -22.291  70.402 0.0000000000
66107  41.863  -21.422  66.150 0.0000000000
66108  41.750  -21.554  66.063 0.0000000000
66109  41.329  -21.716  66.139 0.0000000000
66126  41.928  -21.474  65.908 0.0000000000
66127  41.653  -21.638  65.798 0.0000000000
66230  32.813  -22.824  60.471 0.0000000000
66256  32.908  -21.807  57.623 0.0000000000
67246  37.215  -21.619  73.294 0.0000000000
67249  33.823  -21.061  73.061 0.0000000000
67294  34.301  -21.754  71.088 0.0000000000
67347  42.129  -21.209  65.753 0.0000000000
67348  41.788  -21.450  65.429 0.0000000000
67396  39.848  -21.257  63.278 0.0000000000
67409  38.076  -21.093  62.238 0.0000000000
67413  35.146  -21.485  61.185 0.0000000000
67422  34.816  -21.266  60.523 0.0000000000
67476  32.693  -21.788  54.598 0.0000000000
67494  34.011  -21.647  52.975 0.0000000000
67521  33.949  -21.407  52.951 0.0000000000
68455  35.041  -20.594  73.286 0.0000000000
68503  37.693  -20.623  68.682 0.0000000000
68540  40.287  -20.836  66.697 0.0000000000
68611  35.891  -20.697  61.042 0.0000000000
68650  33.621  -20.769  57.290 0.0000000000
68660  33.403  -20.675  56.519 0.0000000000
68679  32.978  -21.244  54.510 0.0000000000
68697  34.172  -20.283  53.163 0.0000000000
68698  33.774  -20.549  53.506 0.0000000000
69781  37.234  -20.134  61.117 0.0000000000
69813  34.624  -20.043  57.993 0.0000000000
69842  34.824  -19.039  54.989 0.0000000000
69873  34.868  -19.384  52.982 0.0000000000
69874  34.331  -19.851  53.309 0.0000000000
69888  35.124  -19.645  52.266 0.0000000000
69897  36.168  -19.428  51.537 0.0000000000
69898  35.582  -19.668  51.781 0.0000000000
70917  37.623  -18.597  59.571 0.0000000000
70996  34.817  -18.843  53.972 0.0000000000
72013  37.474  -17.896  58.434 0.0000000000
72073  38.366  -16.588  54.736 0.0000000000
73069  41.067  -16.606  58.312 0.0000000000
73093  40.438  -16.510  57.081 0.0000000000
73120  40.555  -16.212  56.017 0.0000000000
73133  39.514  -16.108  55.108 0.0000000000
74211  38.165  -15.588  52.517 0.0000000000
74212  37.735  -16.060  52.155 0.0000000000
75361  41.838  -13.775  53.899 0.0000000000
76459  44.392  -13.318  56.947 0.0000000000
76476  42.625  -13.708  55.332 0.0000000000
76495  42.210  -13.485  53.920 0.0000000000
77668  43.715  -12.081  54.711 0.0000000000
77679  42.966  -12.255  53.753 0.0000000000
78856  50.809  -11.465  52.641 0.0000000000
78868  51.088  -11.585  51.960 0.0000000000
78884  40.742  -11.667  50.401 0.0000000000
79974  44.851  -10.094  53.296 0.0000000000
79976  43.400  -11.265  53.338 0.0000000000
79987  51.366  -11.255  52.446 0.0000000000
79995  42.692  -11.330  52.351 0.0000000000
80035  41.877  -10.983  50.288 0.0000000000
81096  48.349  -10.055  52.743 0.0000000000
81100  44.902  -9.835  52.554 0.0000000000
81117  50.883  -10.465  52.389 0.0000000000
81134  46.737  -9.710  51.421 0.0000000000
81136  44.018  -9.749  50.362 0.0000000000
81137  43.829  -9.859  50.465 0.0000000000
81146  44.143  -9.718  50.160 0.0000000000
82273  49.219  -8.486  51.942 0.0000000000
82279  49.487  -8.647  51.296 0.0000000000
83276  49.123  -7.612  53.083 0.0000000000
84285  48.557  -7.050  51.830 0.0000000000
