#!ascii label  , from subject 3004 vox2ras=TkReg
1364
51726  -9.835  -33.488  64.823 0.0000000000
73718  -32.617  -15.797  53.767 0.0000000000
72574  -36.941  -17.671  44.222 0.0000000000
65355  -26.037  -23.597  61.244 0.0000000000
85103  -45.336  -6.504  38.161 0.0000000000
82825  -36.867  -7.086  43.294 0.0000000000
73594  -35.309  -15.886  60.150 0.0000000000
70038  -30.540  -18.511  59.278 0.0000000000
90822  -48.985  -2.267  41.305 0.0000000000
96662  -48.290  3.565  40.200 0.0000000000
101867  -48.804  9.046  41.106 0.0000000000
77109  -39.841  -13.345  48.272 0.0000000000
78240  -35.029  -12.861  44.843 0.0000000000
83820  -40.551  -7.482  48.842 0.0000000000
87359  -42.585  -3.934  47.188 0.0000000000
59868  -19.857  -27.767  56.335 0.0000000000
51706  -5.921  -33.785  66.629 0.0000000000
71265  -34.864  -17.381  48.920 0.0000000000
71253  -39.492  -16.696  49.631 0.0000000000
58695  -23.733  -29.643  54.761 0.0000000000
64358  -24.895  -24.177  55.981 0.0000000000
97866  -48.614  4.163  30.212 0.0000000000
101918  -51.938  9.169  37.038 0.0000000000
85074  -40.970  -5.723  40.655 0.0000000000
86209  -46.712  -4.884  44.005 0.0000000000
52860  -11.868  -32.735  62.043 0.0000000000
47037  -4.472  -38.564  63.310 0.0000000000
93146  -48.424  0.658  40.556 0.0000000000
80424  -40.019  -10.358  48.711 0.0000000000
58674  -17.883  -29.369  55.098 0.0000000000
50535  -7.903  -33.793  65.653 0.0000000000
72501  -31.563  -17.084  48.522 0.0000000000
73766  -34.062  -16.385  51.516 0.0000000000
59849  -25.879  -27.626  57.284 0.0000000000
59874  -26.159  -27.319  55.884 0.0000000000
64345  -25.284  -24.608  58.263 0.0000000000
72376  -31.208  -16.597  56.749 0.0000000000
70059  -29.298  -18.351  55.988 0.0000000000
73715  -29.852  -16.664  54.143 0.0000000000
60944  -25.687  -25.498  61.271 0.0000000000
57445  -23.874  -28.926  57.474 0.0000000000
95548  -42.984  2.342  35.793 0.0000000000
96743  -46.899  4.103  32.213 0.0000000000
104208  -50.226  10.480  39.014 0.0000000000
81633  -35.139  -10.114  44.827 0.0000000000
85059  -38.893  -6.056  42.188 0.0000000000
87386  -45.133  -3.884  45.592 0.0000000000
58608  -15.066  -28.668  59.030 0.0000000000
57367  -13.524  -29.824  61.174 0.0000000000
57343  -12.150  -30.110  63.207 0.0000000000
53937  -12.660  -32.159  59.860 0.0000000000
47039  -5.868  -39.217  62.345 0.0000000000
73666  -34.451  -15.659  56.577 0.0000000000
73702  -35.771  -16.215  54.021 0.0000000000
73657  -36.944  -16.283  57.342 0.0000000000
67634  -29.167  -20.819  62.851 0.0000000000
67665  -28.746  -20.527  60.912 0.0000000000
70026  -31.226  -18.425  62.266 0.0000000000
73617  -32.887  -16.424  59.655 0.0000000000
87445  -47.362  -4.432  39.548 0.0000000000
90839  -45.363  -1.430  39.619 0.0000000000
94315  -44.646  1.516  39.050 0.0000000000
98834  -45.212  5.214  38.514 0.0000000000
99839  -46.718  6.577  37.594 0.0000000000
99811  -48.594  6.568  41.259 0.0000000000
74978  -37.664  -15.917  45.865 0.0000000000
74993  -35.981  -15.553  43.771 0.0000000000
78221  -36.852  -12.916  46.630 0.0000000000
80461  -37.430  -10.156  46.735 0.0000000000
82797  -38.566  -7.662  45.949 0.0000000000
85033  -39.821  -5.916  44.934 0.0000000000
86160  -40.935  -5.284  48.685 0.0000000000
60975  -18.795  -26.586  58.577 0.0000000000
58631  -16.174  -28.913  56.714 0.0000000000
100937  -52.084  7.513  29.250 0.0000000000
52829  -4.730  -34.246  66.827 0.0000000000
71334  -32.698  -18.345  45.824 0.0000000000
71310  -36.114  -17.774  46.566 0.0000000000
71214  -36.317  -17.127  51.517 0.0000000000
70156  -37.244  -17.221  49.137 0.0000000000
71339  -37.982  -17.321  46.430 0.0000000000
73820  -39.681  -15.557  48.337 0.0000000000
68892  -26.632  -20.576  57.930 0.0000000000
57429  -22.037  -28.439  58.391 0.0000000000
58677  -21.771  -28.953  55.510 0.0000000000
99848  -48.448  6.313  35.381 0.0000000000
98864  -50.135  5.662  33.296 0.0000000000
99877  -51.270  6.555  30.872 0.0000000000
100889  -53.332  7.895  34.082 0.0000000000
50624  -9.629  -35.787  61.405 0.0000000000
49419  -7.760  -36.123  62.484 0.0000000000
85089  -43.114  -6.056  39.290 0.0000000000
86205  -42.597  -4.910  43.925 0.0000000000
86233  -43.799  -5.532  42.429 0.0000000000
86246  -46.483  -5.840  40.612 0.0000000000
87424  -48.802  -4.583  41.947 0.0000000000
51758  -10.618  -33.873  63.112 0.0000000000
48233  -6.530  -35.907  63.373 0.0000000000
49397  -5.248  -35.155  63.780 0.0000000000
50591  -4.310  -35.415  63.604 0.0000000000
50536  -8.472  -33.779  65.336 0.0000000000
73764  -31.941  -16.145  51.925 0.0000000000
73782  -32.236  -16.275  50.957 0.0000000000
73765  -33.020  -16.248  51.745 0.0000000000
62131  -25.419  -25.338  59.473 0.0000000000
62145  -25.494  -25.877  57.905 0.0000000000
65363  -25.568  -23.869  60.078 0.0000000000
73699  -32.392  -15.777  54.863 0.0000000000
73681  -31.169  -16.499  55.675 0.0000000000
73717  -31.504  -15.919  54.048 0.0000000000
73763  -30.887  -16.132  52.219 0.0000000000
65334  -27.239  -23.227  62.588 0.0000000000
63212  -26.308  -24.136  62.567 0.0000000000
63218  -25.606  -24.542  61.078 0.0000000000
59823  -25.732  -26.678  59.346 0.0000000000
96734  -46.078  4.059  33.101 0.0000000000
71362  -35.227  -17.865  44.423 0.0000000000
71383  -35.130  -17.717  43.537 0.0000000000
81651  -36.145  -8.263  44.469 0.0000000000
81663  -35.025  -9.007  42.401 0.0000000000
85058  -38.274  -6.261  42.696 0.0000000000
56219  -14.246  -30.721  58.478 0.0000000000
58582  -13.818  -28.978  60.887 0.0000000000
56201  -13.562  -30.679  59.661 0.0000000000
56182  -13.180  -31.045  60.607 0.0000000000
53949  -13.141  -32.434  59.084 0.0000000000
73643  -34.981  -15.756  58.519 0.0000000000
73655  -35.317  -15.710  57.488 0.0000000000
73644  -36.020  -15.734  58.421 0.0000000000
68822  -30.370  -19.738  63.956 0.0000000000
68840  -30.345  -19.534  62.138 0.0000000000
70019  -31.114  -18.279  63.490 0.0000000000
74792  -34.127  -16.049  61.256 0.0000000000
73572  -33.189  -16.379  61.135 0.0000000000
74817  -33.943  -16.105  59.961 0.0000000000
73653  -33.208  -15.961  57.847 0.0000000000
88652  -47.744  -3.665  40.110 0.0000000000
88650  -46.435  -3.175  39.338 0.0000000000
89765  -47.081  -2.306  40.314 0.0000000000
95494  -48.302  2.749  40.195 0.0000000000
93160  -46.922  1.173  40.011 0.0000000000
95509  -46.892  2.405  39.773 0.0000000000
97780  -44.787  3.220  38.950 0.0000000000
97783  -47.174  4.510  40.000 0.0000000000
98818  -46.830  5.901  39.837 0.0000000000
98820  -48.542  5.005  40.677 0.0000000000
76065  -38.608  -14.374  47.405 0.0000000000
76063  -37.030  -14.431  46.136 0.0000000000
78223  -38.565  -12.787  47.588 0.0000000000
81572  -39.944  -9.285  48.655 0.0000000000
80447  -38.605  -10.432  47.547 0.0000000000
81601  -38.621  -9.207  47.278 0.0000000000
81620  -38.221  -8.487  46.372 0.0000000000
83833  -39.639  -7.593  46.969 0.0000000000
85007  -40.046  -6.751  46.829 0.0000000000
84987  -40.535  -6.855  48.484 0.0000000000
59831  -20.701  -27.471  58.209 0.0000000000
59822  -19.917  -26.814  59.700 0.0000000000
60996  -19.259  -27.090  56.998 0.0000000000
58651  -16.771  -28.831  56.139 0.0000000000
100935  -53.035  8.325  29.555 0.0000000000
102016  -53.541  8.751  29.122 0.0000000000
51704  -4.812  -34.049  67.162 0.0000000000
72503  -33.604  -17.014  48.962 0.0000000000
71282  -32.054  -17.729  47.121 0.0000000000
71264  -34.006  -17.311  48.500 0.0000000000
71309  -34.844  -17.689  46.718 0.0000000000
71285  -35.766  -17.671  47.665 0.0000000000
72406  -36.795  -16.427  54.365 0.0000000000
72420  -36.248  -16.496  53.477 0.0000000000
72421  -36.899  -16.702  53.188 0.0000000000
71242  -38.756  -17.084  50.440 0.0000000000
70123  -37.612  -17.405  50.506 0.0000000000
70158  -38.489  -16.982  49.176 0.0000000000
71288  -37.955  -17.112  47.868 0.0000000000
71289  -38.430  -16.808  48.063 0.0000000000
72557  -38.269  -16.418  46.886 0.0000000000
72504  -39.636  -16.207  48.587 0.0000000000
62173  -25.692  -26.288  55.352 0.0000000000
68866  -29.600  -19.620  60.102 0.0000000000
68878  -27.378  -20.499  59.294 0.0000000000
68895  -29.016  -19.449  58.036 0.0000000000
68924  -27.372  -19.590  56.032 0.0000000000
56222  -22.898  -28.847  59.245 0.0000000000
58655  -24.313  -29.127  56.710 0.0000000000
58654  -23.208  -29.062  56.849 0.0000000000
58694  -22.755  -29.522  54.528 0.0000000000
58710  -22.442  -29.903  53.834 0.0000000000
100847  -47.398  7.546  38.630 0.0000000000
99843  -47.495  6.691  36.372 0.0000000000
101915  -48.231  8.189  37.980 0.0000000000
103053  -51.145  10.337  38.246 0.0000000000
101929  -50.205  8.276  36.849 0.0000000000
100876  -51.378  6.909  35.242 0.0000000000
99869  -50.950  6.279  32.305 0.0000000000
99860  -51.918  6.830  33.383 0.0000000000
100909  -52.483  7.481  32.353 0.0000000000
100866  -53.169  8.183  35.868 0.0000000000
76078  -35.138  -14.549  44.036 0.0000000000
75011  -35.652  -15.277  42.519 0.0000000000
85100  -42.236  -6.389  38.577 0.0000000000
85076  -42.920  -5.824  40.226 0.0000000000
87370  -41.789  -4.563  45.787 0.0000000000
86204  -41.358  -5.168  44.015 0.0000000000
87384  -42.529  -4.553  45.270 0.0000000000
87405  -45.992  -4.506  44.691 0.0000000000
86207  -44.706  -4.947  43.878 0.0000000000
86220  -45.352  -5.385  43.092 0.0000000000
85053  -45.025  -6.040  41.570 0.0000000000
86235  -46.079  -5.824  41.944 0.0000000000
86247  -47.228  -5.420  41.233 0.0000000000
86222  -47.629  -4.869  43.414 0.0000000000
55002  -12.360  -31.804  62.558 0.0000000000
53902  -11.793  -31.975  63.389 0.0000000000
53901  -11.418  -32.203  63.722 0.0000000000
52854  -11.575  -32.944  62.703 0.0000000000
51768  -10.694  -34.303  62.170 0.0000000000
51780  -11.048  -34.139  61.642 0.0000000000
48280  -7.325  -37.124  61.782 0.0000000000
49418  -7.222  -35.991  62.879 0.0000000000
48279  -6.597  -37.773  62.044 0.0000000000
47038  -5.143  -39.158  63.012 0.0000000000
48257  -5.228  -37.347  62.846 0.0000000000
48256  -4.762  -37.322  63.037 0.0000000000
49396  -4.917  -34.972  63.761 0.0000000000
48255  -4.523  -37.191  63.153 0.0000000000
72244  -32.124  -16.479  63.713 0.0000000000
90823  -49.727  -1.554  41.616 0.0000000000
90831  -48.713  -1.339  41.029 0.0000000000
91994  -49.750  0.083  41.454 0.0000000000
79400  -39.635  -11.705  48.099 0.0000000000
59905  -20.015  -28.755  54.471 0.0000000000
59867  -18.612  -28.042  55.799 0.0000000000
51677  -7.773  -33.304  67.562 0.0000000000
50520  -7.041  -33.641  66.597 0.0000000000
72488  -30.711  -16.751  49.450 0.0000000000
72490  -33.130  -16.779  49.506 0.0000000000
72477  -34.384  -16.781  50.340 0.0000000000
72479  -40.500  -15.863  50.024 0.0000000000
58656  -25.335  -28.911  56.176 0.0000000000
58681  -25.281  -29.286  55.047 0.0000000000
59873  -26.160  -28.110  56.126 0.0000000000
62160  -25.482  -26.071  56.737 0.0000000000
64351  -24.854  -24.195  57.022 0.0000000000
71173  -30.828  -16.919  57.552 0.0000000000
70047  -30.238  -18.307  57.546 0.0000000000
71176  -30.634  -17.130  56.576 0.0000000000
71187  -29.659  -17.475  55.191 0.0000000000
72441  -29.059  -17.238  52.885 0.0000000000
145361  -25.381  -27.438  60.641 0.0000000000
57413  -24.661  -28.498  59.000 0.0000000000
58612  -25.134  -28.124  59.029 0.0000000000
58637  -25.175  -28.653  57.258 0.0000000000
93186  -42.618  0.240  36.998 0.0000000000
96753  -47.724  4.120  31.337 0.0000000000
102991  -49.707  9.828  42.079 0.0000000000
103034  -49.187  9.881  39.823 0.0000000000
79442  -34.850  -11.974  44.107 0.0000000000
85085  -39.294  -6.339  40.457 0.0000000000
85073  -40.037  -5.912  40.953 0.0000000000
88575  -43.955  -3.198  47.392 0.0000000000
87372  -43.822  -3.585  46.480 0.0000000000
88595  -45.317  -3.463  46.372 0.0000000000
60957  -15.535  -27.214  59.891 0.0000000000
60932  -14.711  -27.206  60.794 0.0000000000
60910  -13.602  -27.732  62.970 0.0000000000
57366  -13.281  -30.147  61.939 0.0000000000
55003  -12.755  -31.558  62.053 0.0000000000
53924  -12.243  -32.415  61.451 0.0000000000
52866  -11.350  -33.853  60.859 0.0000000000
52875  -11.937  -33.552  60.006 0.0000000000
73700  -33.589  -15.671  54.592 0.0000000000
73719  -33.731  -15.820  53.501 0.0000000000
73684  -34.649  -15.649  55.458 0.0000000000
72394  -36.230  -16.275  56.005 0.0000000000
66413  -27.163  -22.692  61.812 0.0000000000
67663  -26.845  -21.849  60.981 0.0000000000
67647  -28.479  -20.928  61.959 0.0000000000
67667  -29.769  -19.692  61.026 0.0000000000
70033  -30.910  -18.351  60.433 0.0000000000
72261  -31.989  -16.960  62.196 0.0000000000
72312  -32.050  -17.475  60.721 0.0000000000
71165  -31.286  -17.644  59.398 0.0000000000
73652  -32.469  -16.222  58.128 0.0000000000
73665  -33.263  -15.811  56.828 0.0000000000
67621  -28.580  -21.866  63.525 0.0000000000
86262  -46.658  -5.673  38.722 0.0000000000
86269  -46.865  -5.406  37.948 0.0000000000
87452  -46.611  -4.486  38.287 0.0000000000
88659  -45.112  -3.165  38.524 0.0000000000
90848  -43.967  -1.169  38.968 0.0000000000
91991  -46.839  -0.518  40.316 0.0000000000
93158  -45.052  0.339  39.346 0.0000000000
93165  -43.513  0.346  38.391 0.0000000000
95531  -43.726  1.998  37.774 0.0000000000
96705  -43.841  3.713  36.308 0.0000000000
97807  -44.601  4.494  35.875 0.0000000000
97818  -45.699  4.973  35.380 0.0000000000
98835  -45.957  5.963  38.118 0.0000000000
99832  -47.097  7.016  39.578 0.0000000000
100825  -48.748  7.822  41.485 0.0000000000
98810  -50.470  5.339  41.420 0.0000000000
101850  -50.089  8.690  42.468 0.0000000000
73883  -37.845  -16.801  44.022 0.0000000000
73881  -36.384  -16.435  43.565 0.0000000000
74977  -36.984  -15.913  45.117 0.0000000000
76080  -36.401  -14.674  45.553 0.0000000000
78241  -35.755  -12.904  45.800 0.0000000000
79412  -38.606  -11.393  47.573 0.0000000000
79428  -37.146  -11.637  46.790 0.0000000000
79444  -35.884  -11.614  45.908 0.0000000000
81634  -35.751  -9.543  45.234 0.0000000000
81652  -36.863  -7.756  45.033 0.0000000000
83868  -38.164  -6.826  44.803 0.0000000000
83876  -38.457  -6.537  44.364 0.0000000000
85032  -39.350  -6.646  45.432 0.0000000000
86175  -40.262  -5.883  46.732 0.0000000000
87350  -41.587  -4.385  47.923 0.0000000000
87339  -42.360  -3.761  49.448 0.0000000000
88545  -43.290  -3.195  48.645 0.0000000000
62117  -17.509  -26.341  59.434 0.0000000000
61008  -17.688  -27.371  56.836 0.0000000000
60974  -17.027  -27.075  58.150 0.0000000000
60973  -16.450  -27.139  58.573 0.0000000000
58619  -15.236  -29.039  58.148 0.0000000000
71336  -35.015  -17.792  45.562 0.0000000000
71337  -36.134  -17.943  45.369 0.0000000000
73745  -34.768  -16.265  52.300 0.0000000000
73768  -35.498  -16.704  51.709 0.0000000000
70119  -35.824  -17.195  50.178 0.0000000000
70121  -36.736  -17.463  50.455 0.0000000000
70154  -36.067  -17.397  49.259 0.0000000000
71286  -36.674  -17.647  47.634 0.0000000000
71311  -37.266  -17.774  46.851 0.0000000000
72575  -37.773  -17.667  44.608 0.0000000000
73865  -37.710  -16.777  45.608 0.0000000000
74963  -38.223  -15.527  46.708 0.0000000000
76053  -39.436  -14.213  48.107 0.0000000000
73808  -40.938  -15.211  49.283 0.0000000000
74930  -41.035  -14.665  49.088 0.0000000000
67682  -26.374  -21.768  60.197 0.0000000000
66443  -25.418  -22.059  58.564 0.0000000000
66456  -25.200  -22.331  57.194 0.0000000000
68909  -28.270  -19.598  57.049 0.0000000000
68923  -26.472  -20.208  56.453 0.0000000000
57393  -21.328  -27.863  59.443 0.0000000000
59845  -20.903  -27.749  57.415 0.0000000000
58635  -22.783  -28.835  57.492 0.0000000000
59847  -21.989  -28.522  56.881 0.0000000000
59893  -21.301  -28.660  55.568 0.0000000000
58708  -21.276  -29.631  53.855 0.0000000000
97829  -46.712  5.091  34.475 0.0000000000
97839  -47.673  4.865  33.656 0.0000000000
97848  -48.567  4.707  32.850 0.0000000000
100855  -49.245  8.147  37.057 0.0000000000
98855  -49.255  5.540  34.105 0.0000000000
97857  -49.235  4.879  32.031 0.0000000000
97868  -50.131  5.200  30.619 0.0000000000
98895  -50.635  5.649  29.457 0.0000000000
98899  -50.494  5.544  28.303 0.0000000000
99884  -51.736  7.123  29.562 0.0000000000
100919  -52.948  8.167  31.189 0.0000000000
50593  -9.815  -34.689  62.732 0.0000000000
50573  -8.698  -34.700  63.632 0.0000000000
49436  -8.686  -36.320  61.698 0.0000000000
72611  -35.243  -17.042  42.224 0.0000000000
85091  -45.107  -6.494  39.122 0.0000000000
85039  -39.660  -5.785  43.910 0.0000000000
85048  -40.633  -5.564  42.490 0.0000000000
86231  -42.035  -5.457  42.221 0.0000000000
86190  -42.933  -4.687  44.623 0.0000000000
86218  -43.267  -5.176  43.178 0.0000000000
85050  -42.510  -5.506  41.799 0.0000000000
85064  -43.592  -5.923  40.972 0.0000000000
85078  -44.825  -6.301  40.030 0.0000000000
85079  -45.810  -6.228  39.873 0.0000000000
86255  -47.336  -5.155  40.172 0.0000000000
87439  -48.018  -4.498  40.521 0.0000000000
88636  -48.652  -3.422  41.088 0.0000000000
52830  -10.189  -33.162  65.771 0.0000000000
52832  -11.016  -32.154  64.768 0.0000000000
51744  -10.350  -33.325  63.949 0.0000000000
50594  -10.284  -34.521  62.364 0.0000000000
50625  -10.110  -35.290  61.317 0.0000000000
50572  -8.107  -34.578  64.037 0.0000000000
49386  -7.015  -34.741  64.169 0.0000000000
49385  -6.390  -34.652  64.367 0.0000000000
48258  -5.893  -37.491  62.634 0.0000000000
49398  -5.886  -35.393  63.838 0.0000000000
49383  -5.332  -34.374  64.779 0.0000000000
50571  -5.052  -34.397  64.635 0.0000000000
51742  -4.845  -34.255  65.051 0.0000000000
45956  -3.947  -40.032  63.082 0.0000000000
49434  -4.194  -36.632  62.960 0.0000000000
51710  -9.601  -33.436  65.850 0.0000000000
51725  -9.101  -33.643  65.413 0.0000000000
73742  -31.737  -15.953  52.979 0.0000000000
73743  -32.811  -15.976  52.716 0.0000000000
64333  -25.531  -24.451  60.411 0.0000000000
63229  -25.410  -24.859  59.699 0.0000000000
64318  -25.704  -23.964  60.711 0.0000000000
65346  -26.551  -23.413  61.749 0.0000000000
64307  -26.570  -23.741  62.318 0.0000000000
64319  -25.775  -24.010  61.262 0.0000000000
63230  -25.447  -24.779  60.266 0.0000000000
96733  -45.463  3.818  33.285 0.0000000000
72573  -35.992  -17.598  43.927 0.0000000000
82814  -36.362  -7.500  43.513 0.0000000000
82813  -35.600  -8.125  43.128 0.0000000000
82824  -36.553  -7.331  42.465 0.0000000000
83882  -37.244  -6.801  42.195 0.0000000000
83883  -37.624  -6.550  43.107 0.0000000000
55054  -14.155  -31.691  58.043 0.0000000000
55038  -13.701  -31.319  58.790 0.0000000000
55037  -13.213  -31.607  59.450 0.0000000000
73620  -35.640  -15.819  59.401 0.0000000000
70008  -30.887  -18.410  64.497 0.0000000000
68823  -30.710  -19.126  63.922 0.0000000000
70020  -31.051  -17.989  64.192 0.0000000000
74806  -34.699  -15.980  60.548 0.0000000000
74805  -34.057  -16.099  60.510 0.0000000000
73619  -34.587  -15.913  59.591 0.0000000000
73642  -33.957  -15.885  58.611 0.0000000000
68815  -30.594  -19.020  64.985 0.0000000000
89766  -48.147  -2.735  40.625 0.0000000000
89775  -47.320  -2.990  40.088 0.0000000000
95493  -47.602  2.451  40.047 0.0000000000
96676  -47.732  3.684  40.031 0.0000000000
96675  -46.934  3.481  39.769 0.0000000000
97784  -47.674  4.179  40.083 0.0000000000
97769  -47.522  4.758  40.208 0.0000000000
97770  -48.075  4.333  40.275 0.0000000000
77119  -39.068  -13.506  47.843 0.0000000000
77133  -38.578  -13.619  47.538 0.0000000000
82753  -40.219  -8.240  48.418 0.0000000000
81583  -39.456  -9.252  47.982 0.0000000000
81584  -39.831  -8.612  48.017 0.0000000000
82769  -39.464  -8.207  47.316 0.0000000000
82770  -40.003  -8.008  47.789 0.0000000000
83834  -39.971  -7.416  47.286 0.0000000000
84983  -40.625  -6.993  48.876 0.0000000000
59844  -20.129  -27.242  57.614 0.0000000000
101996  -53.763  8.646  30.971 0.0000000000
100939  -53.061  8.304  29.171 0.0000000000
102006  -53.720  8.866  30.083 0.0000000000
51691  -6.394  -33.565  67.079 0.0000000000
51705  -5.554  -33.910  66.902 0.0000000000
51689  -5.383  -34.242  68.036 0.0000000000
50531  -5.250  -34.187  66.545 0.0000000000
71251  -34.360  -17.143  49.113 0.0000000000
71284  -34.709  -17.576  47.975 0.0000000000
70173  -35.427  -17.471  48.842 0.0000000000
72407  -37.766  -16.473  54.221 0.0000000000
71243  -39.276  -16.924  50.296 0.0000000000
70125  -38.635  -17.046  50.082 0.0000000000
70159  -39.036  -16.959  49.201 0.0000000000
71269  -38.770  -16.844  48.715 0.0000000000
71270  -39.390  -16.671  48.932 0.0000000000
71290  -38.968  -16.542  48.321 0.0000000000
57486  -23.856  -29.983  54.045 0.0000000000
58696  -24.557  -29.686  54.532 0.0000000000
68867  -30.231  -19.044  59.839 0.0000000000
68881  -29.680  -19.389  59.004 0.0000000000
68882  -30.137  -18.863  58.772 0.0000000000
58680  -24.466  -29.447  55.526 0.0000000000
58679  -23.460  -29.407  55.728 0.0000000000
57485  -23.332  -29.805  54.216 0.0000000000
97876  -48.716  3.923  29.555 0.0000000000
101882  -48.047  8.446  39.984 0.0000000000
101904  -47.850  8.083  38.732 0.0000000000
101895  -48.380  8.833  39.572 0.0000000000
101930  -51.376  8.382  36.643 0.0000000000
100865  -52.048  7.717  36.057 0.0000000000
100887  -51.484  6.699  34.478 0.0000000000
100877  -52.676  7.565  35.142 0.0000000000
101931  -52.551  8.570  36.489 0.0000000000
77144  -34.847  -13.838  44.118 0.0000000000
76097  -35.383  -14.769  43.436 0.0000000000
85098  -40.495  -6.514  39.129 0.0000000000
85087  -41.121  -5.967  39.688 0.0000000000
85088  -42.111  -5.920  39.464 0.0000000000
85075  -41.961  -5.697  40.428 0.0000000000
87371  -42.669  -4.168  46.085 0.0000000000
86208  -45.702  -4.943  43.908 0.0000000000
86221  -46.502  -5.323  43.159 0.0000000000
86236  -47.356  -5.274  42.320 0.0000000000
53914  -12.295  -32.190  62.209 0.0000000000
53909  -11.943  -32.206  62.812 0.0000000000
52855  -11.889  -32.493  62.485 0.0000000000
52859  -11.484  -33.423  61.883 0.0000000000
48260  -7.041  -36.633  62.318 0.0000000000
47023  -4.925  -38.134  62.966 0.0000000000
47022  -4.766  -38.023  63.160 0.0000000000
48277  -4.501  -37.666  63.305 0.0000000000
79386  -41.007  -11.412  49.031 0.0000000000
58676  -19.142  -29.204  54.437 0.0000000000
51708  -8.025  -33.560  66.486 0.0000000000
51693  -8.049  -33.385  67.166 0.0000000000
50534  -7.181  -33.723  66.004 0.0000000000
73794  -30.938  -16.403  50.178 0.0000000000
73783  -33.252  -16.478  50.886 0.0000000000
73796  -32.646  -16.524  50.167 0.0000000000
72476  -33.602  -16.662  50.198 0.0000000000
59872  -25.630  -28.260  56.907 0.0000000000
63243  -25.346  -24.905  58.676 0.0000000000
63260  -25.348  -25.700  57.492 0.0000000000
63259  -25.281  -25.223  57.879 0.0000000000
63271  -25.174  -25.649  56.801 0.0000000000
65380  -25.161  -24.206  57.813 0.0000000000
70054  -30.638  -17.292  57.167 0.0000000000
73716  -30.412  -16.393  54.353 0.0000000000
72391  -30.417  -16.916  55.503 0.0000000000
72404  -29.922  -17.068  54.868 0.0000000000
71186  -29.214  -17.551  54.702 0.0000000000
72418  -29.429  -17.036  54.146 0.0000000000
73740  -29.825  -16.558  53.584 0.0000000000
73780  -30.095  -16.365  51.607 0.0000000000
62105  -26.015  -24.661  61.848 0.0000000000
63199  -26.869  -24.083  63.159 0.0000000000
60935  -26.293  -25.202  62.248 0.0000000000
60934  -25.756  -25.783  61.745 0.0000000000
59812  -25.549  -26.687  60.572 0.0000000000
145367  -25.378  -27.599  59.727 0.0000000000
145365  -25.763  -27.453  57.902 0.0000000000
59848  -25.594  -27.954  57.710 0.0000000000
95537  -42.766  1.580  36.411 0.0000000000
80477  -34.867  -10.893  44.436 0.0000000000
80476  -34.755  -11.354  44.080 0.0000000000
80494  -34.689  -10.496  43.837 0.0000000000
83893  -38.650  -6.259  41.488 0.0000000000
85072  -39.230  -6.152  41.292 0.0000000000
85060  -39.871  -5.733  41.888 0.0000000000
89699  -45.486  -2.339  48.488 0.0000000000
88576  -44.793  -3.155  46.993 0.0000000000
87387  -46.473  -4.089  45.367 0.0000000000
59809  -15.089  -27.882  60.118 0.0000000000
60941  -15.307  -26.901  60.374 0.0000000000
59795  -13.757  -28.306  61.533 0.0000000000
58569  -13.131  -29.318  62.512 0.0000000000
55025  -12.843  -31.517  60.332 0.0000000000
55014  -12.836  -31.476  61.211 0.0000000000
53925  -12.518  -31.976  60.859 0.0000000000
53915  -12.567  -31.924  61.616 0.0000000000
53936  -12.252  -32.661  60.450 0.0000000000
73683  -33.395  -15.685  55.717 0.0000000000
73656  -36.304  -15.852  57.433 0.0000000000
73667  -35.741  -15.871  56.405 0.0000000000
73668  -36.515  -16.145  56.788 0.0000000000
67633  -28.432  -21.646  62.852 0.0000000000
67646  -27.698  -21.830  61.968 0.0000000000
68841  -30.673  -18.890  61.692 0.0000000000
68853  -30.538  -18.698  60.715 0.0000000000
70029  -31.037  -18.340  61.199 0.0000000000
72262  -32.453  -16.571  62.883 0.0000000000
71135  -31.814  -17.025  63.120 0.0000000000
73593  -32.867  -16.611  60.434 0.0000000000
73571  -32.482  -16.905  60.904 0.0000000000
73592  -32.372  -16.958  60.174 0.0000000000
72333  -31.880  -17.401  59.843 0.0000000000
73616  -32.175  -16.839  59.514 0.0000000000
72347  -31.619  -16.952  59.059 0.0000000000
73640  -32.260  -16.470  58.856 0.0000000000
73654  -34.212  -15.745  57.632 0.0000000000
67623  -29.729  -20.445  64.177 0.0000000000
67622  -28.927  -21.347  63.694 0.0000000000
66405  -28.144  -22.118  62.850 0.0000000000
86263  -47.008  -5.182  39.232 0.0000000000
87453  -47.020  -4.825  38.745 0.0000000000
88661  -46.827  -4.151  38.974 0.0000000000
89774  -46.257  -2.512  39.677 0.0000000000
89785  -45.983  -2.927  39.167 0.0000000000
89773  -45.102  -2.184  39.282 0.0000000000
89783  -44.341  -2.410  38.649 0.0000000000
90838  -44.643  -1.656  39.233 0.0000000000
91992  -48.002  -0.410  40.583 0.0000000000
93145  -47.267  0.459  40.303 0.0000000000
94307  -46.389  1.568  39.698 0.0000000000
93159  -46.298  0.410  39.825 0.0000000000
93167  -44.640  1.040  39.093 0.0000000000
93166  -44.182  0.341  38.867 0.0000000000
94314  -44.155  1.475  38.548 0.0000000000
94328  -43.649  1.502  38.052 0.0000000000
95518  -44.163  2.282  38.327 0.0000000000
97787  -44.888  4.454  38.832 0.0000000000
97786  -44.467  3.801  38.488 0.0000000000
98833  -44.700  4.609  38.192 0.0000000000
98840  -44.850  4.996  37.731 0.0000000000
98841  -45.373  5.454  37.364 0.0000000000
98807  -47.564  6.183  40.626 0.0000000000
99822  -46.974  6.161  40.000 0.0000000000
99810  -47.787  6.763  40.875 0.0000000000
100824  -48.142  7.403  41.059 0.0000000000
100826  -50.007  7.565  42.145 0.0000000000
73864  -37.682  -16.722  44.866 0.0000000000
74995  -37.366  -16.502  44.337 0.0000000000
77131  -37.318  -13.770  46.659 0.0000000000
76062  -36.643  -14.338  45.993 0.0000000000
77130  -36.491  -13.792  46.182 0.0000000000
77146  -35.967  -13.865  45.784 0.0000000000
78220  -36.334  -13.004  46.276 0.0000000000
80435  -39.653  -10.763  48.232 0.0000000000
79413  -39.016  -11.939  47.792 0.0000000000
80448  -39.141  -11.068  47.855 0.0000000000
80446  -38.121  -9.901  47.173 0.0000000000
80462  -38.021  -10.914  47.213 0.0000000000
79445  -36.380  -11.504  46.399 0.0000000000
80479  -36.352  -10.511  46.191 0.0000000000
81635  -37.114  -8.752  45.848 0.0000000000
81636  -37.972  -7.893  45.842 0.0000000000
82807  -38.236  -7.421  45.606 0.0000000000
83869  -38.624  -6.955  45.272 0.0000000000
83857  -39.241  -7.212  45.965 0.0000000000
84995  -40.479  -5.916  47.663 0.0000000000
86164  -40.763  -5.283  47.463 0.0000000000
86176  -40.864  -4.928  46.249 0.0000000000
87340  -42.609  -3.677  50.068 0.0000000000
88534  -43.199  -3.272  49.696 0.0000000000
88544  -42.728  -3.466  48.874 0.0000000000
88546  -44.045  -2.742  49.159 0.0000000000
60959  -19.086  -26.468  59.584 0.0000000000
62103  -18.306  -26.202  59.925 0.0000000000
62118  -18.189  -26.401  59.072 0.0000000000
59890  -18.410  -28.755  55.135 0.0000000000
59889  -17.878  -28.605  55.445 0.0000000000
59865  -16.736  -28.271  56.561 0.0000000000
59842  -16.388  -27.950  57.241 0.0000000000
59829  -15.939  -27.858  58.042 0.0000000000
59820  -15.644  -27.729  58.796 0.0000000000
58620  -15.598  -28.749  57.565 0.0000000000
52828  -4.517  -34.150  66.723 0.0000000000
71306  -31.907  -18.421  46.362 0.0000000000
71335  -33.833  -17.964  45.683 0.0000000000
73701  -34.751  -15.759  54.317 0.0000000000
73720  -34.758  -16.012  53.239 0.0000000000
72442  -36.031  -16.830  52.344 0.0000000000
73746  -35.378  -16.509  52.157 0.0000000000
72460  -35.798  -16.905  51.398 0.0000000000
71227  -35.587  -16.946  50.787 0.0000000000
71228  -35.910  -16.956  51.060 0.0000000000
70139  -37.523  -17.315  49.870 0.0000000000
70122  -37.232  -17.520  50.646 0.0000000000
69031  -36.939  -17.497  49.895 0.0000000000
70137  -36.663  -17.432  49.774 0.0000000000
70155  -36.600  -17.363  49.038 0.0000000000
70175  -36.384  -17.548  48.302 0.0000000000
71266  -36.987  -17.368  48.419 0.0000000000
71312  -37.834  -17.415  47.091 0.0000000000
71287  -37.417  -17.433  47.751 0.0000000000
71338  -37.769  -17.617  46.444 0.0000000000
72533  -37.551  -17.753  46.236 0.0000000000
72554  -37.808  -17.646  45.682 0.0000000000
72576  -38.106  -17.233  45.157 0.0000000000
72555  -37.976  -17.216  45.899 0.0000000000
73834  -38.738  -15.930  47.310 0.0000000000
74950  -39.101  -15.091  47.726 0.0000000000
74938  -39.941  -14.786  48.366 0.0000000000
73785  -40.926  -15.536  50.077 0.0000000000
73797  -40.692  -15.624  49.598 0.0000000000
73798  -41.275  -15.230  49.997 0.0000000000
76035  -40.917  -14.024  48.971 0.0000000000
58657  -25.864  -28.816  55.390 0.0000000000
58682  -25.950  -29.088  54.547 0.0000000000
59895  -26.287  -28.444  54.897 0.0000000000
67664  -27.836  -21.128  60.970 0.0000000000
67662  -26.339  -22.025  60.688 0.0000000000
67683  -27.069  -20.953  59.948 0.0000000000
68893  -27.082  -20.464  58.325 0.0000000000
67705  -26.136  -21.303  59.074 0.0000000000
67704  -25.780  -21.333  58.337 0.0000000000
67722  -25.556  -21.401  57.625 0.0000000000
70052  -29.899  -18.295  56.684 0.0000000000
70045  -29.309  -19.034  57.495 0.0000000000
70050  -28.674  -19.238  56.584 0.0000000000
57410  -21.725  -28.315  59.008 0.0000000000
58632  -21.128  -27.775  58.256 0.0000000000
58633  -21.577  -28.105  58.004 0.0000000000
57431  -23.973  -28.856  58.341 0.0000000000
57444  -23.320  -28.950  57.718 0.0000000000
58678  -22.370  -29.122  55.834 0.0000000000
58653  -22.444  -28.763  56.847 0.0000000000
59894  -21.794  -28.878  55.969 0.0000000000
59870  -21.608  -28.555  56.403 0.0000000000
59906  -20.824  -28.715  54.727 0.0000000000
58693  -21.629  -29.110  54.677 0.0000000000
98844  -45.816  5.534  36.355 0.0000000000
97819  -46.424  5.301  35.245 0.0000000000
98845  -46.510  5.918  36.190 0.0000000000
99844  -48.013  6.708  35.917 0.0000000000
98849  -47.788  5.792  35.063 0.0000000000
98853  -47.917  5.419  34.359 0.0000000000
97840  -48.348  4.936  33.522 0.0000000000
98854  -48.604  5.462  34.261 0.0000000000
104207  -49.681  10.277  39.474 0.0000000000
101906  -49.185  9.173  38.275 0.0000000000
103074  -49.505  9.299  38.135 0.0000000000
99850  -50.370  6.416  34.895 0.0000000000
100875  -50.070  6.977  35.655 0.0000000000
98856  -49.835  5.680  33.902 0.0000000000
98863  -49.471  5.404  33.443 0.0000000000
98871  -49.658  5.296  32.661 0.0000000000
97867  -49.484  4.827  30.792 0.0000000000
98878  -50.063  5.348  31.631 0.0000000000
99873  -51.088  6.425  31.486 0.0000000000
98887  -50.690  5.796  30.719 0.0000000000
98888  -51.234  6.441  30.489 0.0000000000
98896  -51.248  6.365  29.937 0.0000000000
98900  -51.117  6.375  28.952 0.0000000000
99878  -51.663  7.029  30.444 0.0000000000
100900  -53.103  7.876  32.929 0.0000000000
100918  -52.315  7.574  31.422 0.0000000000
100910  -52.977  7.990  32.039 0.0000000000
101977  -53.503  8.302  32.535 0.0000000000
101968  -53.778  8.370  33.252 0.0000000000
50608  -9.266  -35.597  62.075 0.0000000000
73880  -35.695  -16.072  42.916 0.0000000000
85101  -43.251  -6.482  38.311 0.0000000000
85102  -44.331  -6.576  38.320 0.0000000000
85090  -44.097  -6.372  39.222 0.0000000000
85038  -39.128  -6.352  44.557 0.0000000000
85046  -38.689  -6.193  43.396 0.0000000000
85040  -40.528  -5.551  43.408 0.0000000000
86216  -41.392  -5.506  42.927 0.0000000000
86217  -42.283  -5.350  43.141 0.0000000000
87385  -43.746  -4.360  45.138 0.0000000000
86219  -44.279  -5.256  43.161 0.0000000000
86206  -43.689  -4.849  44.049 0.0000000000
86232  -42.887  -5.393  42.410 0.0000000000
85051  -43.301  -5.654  41.737 0.0000000000
85052  -44.179  -5.897  41.680 0.0000000000
85066  -45.482  -6.147  40.840 0.0000000000
86254  -46.581  -5.712  39.587 0.0000000000
86248  -48.092  -4.914  41.516 0.0000000000
86256  -47.725  -5.051  40.841 0.0000000000
87431  -48.684  -4.150  41.279 0.0000000000
52849  -11.164  -32.926  63.447 0.0000000000
52842  -10.960  -32.316  64.189 0.0000000000
52848  -10.745  -33.216  63.620 0.0000000000
52841  -10.623  -32.775  64.039 0.0000000000
51779  -10.553  -34.738  61.371 0.0000000000
51790  -10.568  -35.585  60.545 0.0000000000
49402  -8.361  -35.406  62.944 0.0000000000
49401  -7.803  -35.299  63.352 0.0000000000
49400  -6.980  -35.471  63.424 0.0000000000
49399  -6.451  -35.373  63.728 0.0000000000
48278  -6.156  -38.311  62.261 0.0000000000
48230  -5.123  -36.462  63.084 0.0000000000
48231  -5.553  -36.359  63.254 0.0000000000
50547  -5.073  -34.098  65.577 0.0000000000
49416  -4.625  -36.084  63.180 0.0000000000
50570  -4.672  -34.766  64.030 0.0000000000
51741  -4.461  -34.471  64.724 0.0000000000
47036  -3.783  -38.796  62.962 0.0000000000
48276  -4.152  -37.546  63.277 0.0000000000
73795  -31.587  -16.394  50.153 0.0000000000
73744  -33.859  -16.068  52.483 0.0000000000
60977  -25.576  -26.025  58.494 0.0000000000
145369  -25.929  -26.819  57.480 0.0000000000
62130  -25.474  -25.651  58.713 0.0000000000
63228  -25.382  -24.804  59.257 0.0000000000
64331  -25.352  -24.281  59.219 0.0000000000
73682  -32.036  -16.086  56.025 0.0000000000
72393  -31.339  -16.554  56.105 0.0000000000
73698  -31.340  -16.140  55.043 0.0000000000
73741  -30.696  -16.157  53.294 0.0000000000
73762  -29.927  -16.462  52.575 0.0000000000
65335  -27.623  -23.254  63.323 0.0000000000
64297  -27.036  -23.628  62.951 0.0000000000
63211  -25.992  -24.189  61.987 0.0000000000
62104  -25.743  -24.785  61.381 0.0000000000
60962  -25.495  -25.816  59.781 0.0000000000
60978  -25.482  -25.689  59.082 0.0000000000
95557  -43.137  2.426  34.783 0.0000000000
96742  -46.288  3.832  32.411 0.0000000000
71361  -34.056  -18.115  44.598 0.0000000000
81650  -34.930  -9.521  43.859 0.0000000000
83892  -37.900  -6.452  41.749 0.0000000000
57392  -14.337  -29.753  59.236 0.0000000000
58596  -14.373  -28.834  60.015 0.0000000000
57379  -13.764  -29.719  60.250 0.0000000000
56183  -13.395  -30.425  60.770 0.0000000000
56166  -13.371  -30.358  61.375 0.0000000000
56200  -13.146  -31.175  59.998 0.0000000000
53948  -12.741  -33.155  59.310 0.0000000000
67635  -29.892  -20.184  62.609 0.0000000000
68830  -30.428  -19.740  63.254 0.0000000000
68831  -30.941  -19.115  62.779 0.0000000000
73555  -33.037  -16.414  62.110 0.0000000000
74791  -33.704  -16.195  60.809 0.0000000000
74804  -33.449  -16.305  60.328 0.0000000000
74816  -33.495  -16.259  59.821 0.0000000000
73641  -33.045  -16.084  58.746 0.0000000000
67624  -30.362  -19.605  64.482 0.0000000000
87446  -47.733  -4.313  40.035 0.0000000000
88651  -46.893  -3.489  39.493 0.0000000000
89764  -46.646  -2.201  40.163 0.0000000000
90829  -46.699  -1.719  40.303 0.0000000000
94293  -48.962  1.634  40.380 0.0000000000
94292  -47.658  1.674  40.235 0.0000000000
95508  -45.816  2.265  39.455 0.0000000000
96684  -44.820  2.470  39.064 0.0000000000
96674  -46.027  3.150  39.490 0.0000000000
97782  -46.154  4.167  39.619 0.0000000000
98829  -45.477  4.646  39.243 0.0000000000
98830  -46.334  5.448  39.472 0.0000000000
98831  -46.922  5.134  39.949 0.0000000000
98819  -47.346  5.444  40.264 0.0000000000
98808  -48.130  5.827  40.926 0.0000000000
74962  -37.832  -15.424  46.351 0.0000000000
76081  -37.337  -15.157  45.871 0.0000000000
76064  -37.774  -14.749  46.575 0.0000000000
77132  -38.064  -13.723  47.204 0.0000000000
78222  -37.642  -12.823  47.127 0.0000000000
80423  -39.588  -9.878  48.352 0.0000000000
80434  -39.161  -10.102  47.907 0.0000000000
81571  -39.653  -9.476  48.332 0.0000000000
81600  -38.232  -9.466  47.104 0.0000000000
81619  -37.946  -9.309  46.794 0.0000000000
82785  -38.939  -8.068  46.568 0.0000000000
83844  -39.430  -7.579  46.613 0.0000000000
83858  -39.572  -7.177  46.277 0.0000000000
83845  -39.759  -7.214  46.646 0.0000000000
84994  -40.329  -6.525  47.576 0.0000000000
84988  -40.573  -6.055  48.216 0.0000000000
58610  -20.383  -27.088  60.195 0.0000000000
59830  -20.227  -27.069  58.720 0.0000000000
60976  -19.455  -26.766  58.043 0.0000000000
58652  -17.260  -29.124  55.608 0.0000000000
57427  -15.527  -29.872  57.057 0.0000000000
100938  -52.572  7.942  28.849 0.0000000000
99889  -52.173  7.464  27.972 0.0000000000
102025  -53.099  8.383  28.566 0.0000000000
100945  -53.381  8.329  27.256 0.0000000000
72502  -32.650  -16.980  48.770 0.0000000000
72514  -32.333  -17.298  47.985 0.0000000000
72515  -33.175  -17.211  48.366 0.0000000000
71283  -33.236  -17.498  47.626 0.0000000000
71308  -33.651  -17.741  46.749 0.0000000000
73686  -36.288  -16.312  54.692 0.0000000000
72405  -36.308  -16.390  54.038 0.0000000000
72443  -36.670  -17.033  52.245 0.0000000000
70111  -38.177  -17.276  50.957 0.0000000000
70124  -38.240  -17.187  50.370 0.0000000000
70140  -38.235  -17.076  49.718 0.0000000000
70157  -37.853  -17.040  49.183 0.0000000000
71267  -37.598  -17.139  48.502 0.0000000000
71268  -38.184  -16.947  48.594 0.0000000000
71313  -38.133  -16.960  47.213 0.0000000000
72534  -38.223  -16.686  47.017 0.0000000000
71314  -38.517  -16.543  47.662 0.0000000000
72516  -39.009  -16.170  47.935 0.0000000000
74921  -41.841  -14.647  50.198 0.0000000000
59896  -26.343  -27.700  55.082 0.0000000000
67685  -28.962  -20.104  60.043 0.0000000000
68863  -27.589  -20.570  59.683 0.0000000000
67707  -28.636  -20.171  59.615 0.0000000000
68879  -28.030  -20.223  59.173 0.0000000000
68894  -28.138  -19.935  58.174 0.0000000000
70057  -27.955  -19.235  55.858 0.0000000000
57412  -22.539  -28.874  58.901 0.0000000000
58709  -21.940  -29.691  53.906 0.0000000000
57508  -22.973  -30.320  53.714 0.0000000000
99840  -47.188  6.866  37.009 0.0000000000
100853  -47.474  7.415  37.629 0.0000000000
100861  -47.543  7.118  36.831 0.0000000000
100862  -48.208  7.250  36.460 0.0000000000
103075  -50.122  9.515  37.937 0.0000000000
101917  -50.725  9.003  37.281 0.0000000000
100864  -50.775  7.581  36.229 0.0000000000
99851  -51.016  6.504  34.514 0.0000000000
98872  -50.402  5.729  32.471 0.0000000000
99859  -51.335  6.520  33.827 0.0000000000
99866  -51.462  6.516  32.895 0.0000000000
99870  -51.516  6.747  32.068 0.0000000000
99874  -51.657  7.024  31.265 0.0000000000
99867  -52.022  6.958  32.628 0.0000000000
100899  -52.509  7.324  33.277 0.0000000000
50639  -9.448  -36.534  60.741 0.0000000000
50623  -9.129  -36.252  61.390 0.0000000000
76098  -35.683  -15.106  43.992 0.0000000000
74992  -35.753  -15.361  43.139 0.0000000000
85099  -41.268  -6.418  38.820 0.0000000000
86187  -40.295  -5.493  45.632 0.0000000000
86203  -40.522  -5.281  44.763 0.0000000000
86188  -41.172  -4.804  45.155 0.0000000000
87383  -41.894  -4.660  45.225 0.0000000000
86189  -42.081  -4.775  44.699 0.0000000000
87404  -44.924  -4.518  44.583 0.0000000000
87403  -44.268  -4.661  44.412 0.0000000000
86234  -44.796  -5.718  42.343 0.0000000000
86237  -48.368  -4.809  42.587 0.0000000000
54991  -12.515  -31.381  62.569 0.0000000000
54990  -12.105  -31.576  63.026 0.0000000000
54981  -11.767  -31.418  63.650 0.0000000000
53908  -11.602  -32.461  63.205 0.0000000000
51759  -11.206  -33.415  62.965 0.0000000000
51769  -11.164  -33.729  62.469 0.0000000000
51791  -10.989  -34.713  60.682 0.0000000000
48259  -6.584  -36.472  62.826 0.0000000000
47024  -5.355  -38.288  62.668 0.0000000000
49417  -4.921  -36.219  63.097 0.0000000000
71121  -31.371  -17.447  63.936 0.0000000000
73556  -34.117  -15.935  62.049 0.0000000000
90832  -49.484  -0.696  41.370 0.0000000000
91993  -49.048  -0.179  40.900 0.0000000000
93147  -49.496  0.746  40.880 0.0000000000
95495  -49.518  2.541  40.473 0.0000000000
96663  -48.977  3.501  40.357 0.0000000000
97772  -49.894  4.018  40.798 0.0000000000
78175  -40.756  -12.179  48.713 0.0000000000
78188  -40.134  -12.416  48.345 0.0000000000
79385  -40.284  -11.373  48.537 0.0000000000
80425  -40.578  -10.722  48.947 0.0000000000
80416  -40.428  -9.952  49.198 0.0000000000
81561  -40.454  -9.293  49.230 0.0000000000
84984  -40.809  -6.637  49.250 0.0000000000
59892  -20.402  -28.349  55.370 0.0000000000
59891  -19.285  -28.550  54.991 0.0000000000
58675  -18.576  -29.440  54.664 0.0000000000
50519  -6.781  -33.633  66.779 0.0000000000
50533  -6.341  -33.787  66.262 0.0000000000
72489  -32.050  -16.704  49.400 0.0000000000
72491  -34.163  -16.895  49.651 0.0000000000
71252  -35.026  -17.186  49.606 0.0000000000
72494  -40.009  -16.310  49.918 0.0000000000
60997  -25.748  -26.467  57.396 0.0000000000
61011  -25.877  -26.714  56.219 0.0000000000
62159  -25.317  -25.935  56.521 0.0000000000
62172  -25.321  -25.949  56.054 0.0000000000
64359  -24.789  -24.994  56.367 0.0000000000
70042  -30.770  -17.930  58.876 0.0000000000
70041  -30.394  -18.345  58.396 0.0000000000
70048  -30.566  -17.674  57.862 0.0000000000
70053  -30.431  -17.787  56.991 0.0000000000
71175  -30.205  -17.656  56.334 0.0000000000
72392  -30.774  -16.877  56.041 0.0000000000
71183  -30.409  -17.265  56.144 0.0000000000
70060  -29.742  -17.885  56.062 0.0000000000
71180  -28.788  -18.186  55.211 0.0000000000
56223  -24.488  -28.488  59.523 0.0000000000
57395  -25.043  -28.055  59.986 0.0000000000
58624  -24.775  -28.620  58.477 0.0000000000
145363  -25.564  -27.483  58.832 0.0000000000
58625  -25.176  -28.321  58.179 0.0000000000
58636  -24.597  -28.872  57.763 0.0000000000
92019  -42.752  -0.429  37.444 0.0000000000
96762  -47.836  3.877  30.698 0.0000000000
103009  -49.230  9.722  41.233 0.0000000000
103019  -48.822  9.440  40.410 0.0000000000
104178  -49.451  10.283  40.738 0.0000000000
103077  -52.620  9.793  37.454 0.0000000000
78239  -34.784  -12.853  44.142 0.0000000000
78256  -34.745  -12.850  43.422 0.0000000000
87360  -43.278  -3.508  47.569 0.0000000000
87373  -44.754  -3.489  46.335 0.0000000000
87406  -47.008  -4.505  44.606 0.0000000000
86210  -47.339  -4.689  44.062 0.0000000000
59796  -14.305  -28.109  60.753 0.0000000000
60931  -14.126  -27.456  61.415 0.0000000000
57355  -12.640  -30.115  62.581 0.0000000000
56165  -13.205  -30.908  61.514 0.0000000000
56152  -12.888  -30.893  62.305 0.0000000000
52867  -11.803  -33.055  61.163 0.0000000000
45957  -4.658  -40.217  63.216 0.0000000000
73685  -35.761  -16.054  55.209 0.0000000000
72395  -36.701  -16.400  55.556 0.0000000000
73621  -36.714  -15.852  59.433 0.0000000000
65345  -26.436  -22.965  61.324 0.0000000000
67645  -27.123  -22.201  61.481 0.0000000000
67648  -29.318  -20.397  61.774 0.0000000000
67649  -29.863  -19.881  61.543 0.0000000000
67666  -29.462  -19.986  60.788 0.0000000000
68851  -29.724  -19.646  60.733 0.0000000000
68868  -30.653  -18.576  60.012 0.0000000000
71120  -31.293  -17.848  63.430 0.0000000000
71134  -31.498  -17.729  62.869 0.0000000000
71148  -31.635  -17.783  61.588 0.0000000000
73554  -32.527  -16.779  61.552 0.0000000000
72287  -32.119  -17.216  61.400 0.0000000000
71159  -31.470  -18.013  60.408 0.0000000000
70039  -30.961  -18.206  59.739 0.0000000000
71170  -30.962  -17.167  58.520 0.0000000000
72361  -31.592  -16.530  58.024 0.0000000000
73664  -32.278  -16.133  57.250 0.0000000000
66395  -28.688  -22.161  64.231 0.0000000000
65323  -27.834  -22.819  63.096 0.0000000000
66404  -27.820  -22.479  62.639 0.0000000000
85092  -46.044  -6.221  38.927 0.0000000000
85104  -46.308  -6.221  38.016 0.0000000000
88660  -46.128  -3.490  38.839 0.0000000000
88667  -45.425  -3.820  37.905 0.0000000000
90830  -47.583  -1.509  40.548 0.0000000000
90840  -46.108  -1.178  40.045 0.0000000000
93144  -46.790  0.131  40.187 0.0000000000
92004  -46.223  -0.431  39.960 0.0000000000
92003  -45.629  -0.464  39.667 0.0000000000
92002  -44.679  -0.538  39.268 0.0000000000
92010  -43.439  -0.378  38.474 0.0000000000
92020  -42.942  -0.290  37.997 0.0000000000
93177  -42.976  0.359  37.804 0.0000000000
94337  -43.034  1.301  36.937 0.0000000000
95538  -43.099  1.834  36.670 0.0000000000
96683  -44.547  2.822  38.711 0.0000000000
96698  -43.850  3.069  37.622 0.0000000000
96704  -43.418  2.766  36.509 0.0000000000
96712  -43.562  3.039  35.455 0.0000000000
96713  -44.230  3.781  35.110 0.0000000000
97817  -44.998  4.324  34.769 0.0000000000
97827  -45.135  4.237  34.170 0.0000000000
97808  -45.091  5.028  36.571 0.0000000000
98842  -46.168  6.022  37.040 0.0000000000
99834  -46.516  6.481  38.574 0.0000000000
100846  -46.960  7.071  38.592 0.0000000000
100844  -47.408  7.573  39.458 0.0000000000
100835  -47.748  7.799  40.368 0.0000000000
101883  -48.348  8.652  40.476 0.0000000000
97759  -49.606  4.613  40.928 0.0000000000
98809  -49.291  5.246  41.045 0.0000000000
99812  -49.645  6.460  41.597 0.0000000000
101868  -49.301  8.799  41.887 0.0000000000
72595  -37.546  -17.276  43.944 0.0000000000
72594  -36.676  -17.154  43.707 0.0000000000
73882  -37.221  -16.680  43.818 0.0000000000
74994  -36.753  -16.104  44.187 0.0000000000
74976  -36.321  -15.357  44.556 0.0000000000
76079  -35.593  -14.745  44.470 0.0000000000
77145  -35.418  -13.899  45.249 0.0000000000
78203  -39.396  -12.620  47.987 0.0000000000
79430  -38.587  -12.021  47.616 0.0000000000
79429  -38.087  -11.937  47.386 0.0000000000
79427  -36.330  -12.278  46.383 0.0000000000
79443  -35.279  -11.815  45.118 0.0000000000
80478  -35.486  -10.729  45.367 0.0000000000
82815  -36.975  -7.190  44.165 0.0000000000
83884  -38.167  -6.452  43.787 0.0000000000
85020  -39.786  -6.608  45.997 0.0000000000
87358  -41.661  -4.453  46.774 0.0000000000
86153  -41.275  -5.523  49.817 0.0000000000
87327  -42.093  -4.152  50.432 0.0000000000
86154  -41.728  -4.610  49.948 0.0000000000
87338  -41.597  -4.409  49.069 0.0000000000
87351  -42.530  -3.683  48.335 0.0000000000
88557  -43.596  -3.189  47.943 0.0000000000
88558  -44.390  -2.741  48.093 0.0000000000
61010  -19.041  -27.535  56.393 0.0000000000
61009  -18.400  -27.400  56.536 0.0000000000
60995  -18.331  -26.831  57.513 0.0000000000
59866  -17.474  -28.058  56.087 0.0000000000
60994  -17.271  -27.217  57.520 0.0000000000
62143  -17.475  -26.869  58.082 0.0000000000
62128  -17.336  -26.664  58.659 0.0000000000
62127  -16.819  -26.615  59.137 0.0000000000
60958  -16.057  -26.867  59.440 0.0000000000
59819  -15.425  -27.660  59.456 0.0000000000
57408  -15.273  -29.396  57.703 0.0000000000
57407  -15.013  -29.906  58.071 0.0000000000
102007  -54.573  9.342  29.746 0.0000000000
102026  -53.607  8.799  28.077 0.0000000000
71363  -36.287  -17.870  44.577 0.0000000000
73721  -35.524  -16.363  52.912 0.0000000000
72458  -34.605  -16.699  50.976 0.0000000000
72478  -35.040  -16.900  50.561 0.0000000000
71240  -35.524  -17.098  50.236 0.0000000000
70135  -35.735  -17.245  49.937 0.0000000000
71215  -36.860  -17.285  51.680 0.0000000000
70109  -37.188  -17.451  51.252 0.0000000000
70108  -36.705  -17.391  51.075 0.0000000000
70120  -36.132  -17.216  50.461 0.0000000000
70136  -36.179  -17.348  49.874 0.0000000000
70153  -35.575  -17.334  49.401 0.0000000000
70174  -35.837  -17.550  48.551 0.0000000000
72532  -37.031  -17.718  45.962 0.0000000000
72553  -37.048  -17.804  45.047 0.0000000000
72596  -38.128  -17.208  44.318 0.0000000000
73849  -37.754  -16.880  46.023 0.0000000000
74979  -37.822  -16.229  46.094 0.0000000000
72493  -40.057  -16.208  49.351 0.0000000000
73807  -40.309  -15.756  48.946 0.0000000000
73821  -40.395  -15.429  48.795 0.0000000000
74931  -41.427  -14.739  49.585 0.0000000000
74939  -40.485  -15.078  48.706 0.0000000000
76043  -40.564  -14.558  48.705 0.0000000000
76034  -40.650  -13.795  48.754 0.0000000000
77101  -40.694  -13.234  48.755 0.0000000000
65354  -25.915  -23.264  60.689 0.0000000000
65353  -25.962  -22.579  60.306 0.0000000000
65361  -25.345  -22.965  59.210 0.0000000000
66444  -25.728  -21.796  59.091 0.0000000000
65371  -25.239  -22.997  58.850 0.0000000000
65379  -25.167  -23.284  57.813 0.0000000000
65387  -24.953  -23.329  56.603 0.0000000000
68896  -29.628  -18.969  58.145 0.0000000000
68908  -27.298  -19.965  57.257 0.0000000000
68925  -28.184  -19.327  56.262 0.0000000000
67739  -25.882  -20.767  57.004 0.0000000000
67738  -25.347  -21.575  56.501 0.0000000000
66472  -24.891  -22.493  56.031 0.0000000000
58611  -20.858  -27.489  59.802 0.0000000000
58622  -20.963  -27.590  58.948 0.0000000000
56243  -24.089  -28.699  58.997 0.0000000000
57430  -22.806  -28.847  58.377 0.0000000000
58634  -22.192  -28.488  57.601 0.0000000000
59846  -21.558  -28.238  57.125 0.0000000000
59869  -20.965  -28.185  56.370 0.0000000000
58692  -20.576  -29.323  53.968 0.0000000000
57506  -21.440  -30.165  53.625 0.0000000000
97828  -45.688  4.472  34.045 0.0000000000
97837  -45.944  4.213  33.411 0.0000000000
97838  -46.585  4.381  33.265 0.0000000000
98848  -46.988  5.660  35.407 0.0000000000
97830  -47.408  5.236  34.284 0.0000000000
97847  -47.462  4.313  32.417 0.0000000000
97856  -48.337  4.360  31.512 0.0000000000
103050  -48.742  9.220  39.175 0.0000000000
100854  -48.649  7.912  37.201 0.0000000000
100874  -48.998  6.922  35.831 0.0000000000
101928  -49.564  8.210  36.994 0.0000000000
100863  -49.463  7.657  36.535 0.0000000000
99856  -48.989  5.835  34.755 0.0000000000
98862  -48.811  5.180  33.596 0.0000000000
97849  -49.151  4.991  32.656 0.0000000000
97877  -49.255  4.318  29.400 0.0000000000
97878  -50.108  5.036  29.982 0.0000000000
98879  -50.622  5.934  31.723 0.0000000000
97885  -49.982  4.883  28.826 0.0000000000
98909  -51.123  6.206  27.846 0.0000000000
100933  -52.071  7.488  29.531 0.0000000000
100926  -51.962  7.361  30.939 0.0000000000
100927  -52.319  7.674  30.568 0.0000000000
100934  -52.395  7.768  29.734 0.0000000000
100928  -52.983  8.298  30.344 0.0000000000
101986  -53.638  8.443  31.834 0.0000000000
101978  -54.197  8.594  32.567 0.0000000000
50574  -9.503  -34.484  63.433 0.0000000000
50553  -9.377  -34.161  64.113 0.0000000000
50592  -9.028  -35.101  62.860 0.0000000000
49420  -8.530  -35.854  62.312 0.0000000000
49448  -8.738  -36.720  61.210 0.0000000000
49435  -8.046  -36.640  61.763 0.0000000000
72593  -35.660  -17.085  43.230 0.0000000000
77161  -35.010  -13.717  42.858 0.0000000000
85045  -38.213  -6.285  43.060 0.0000000000
85047  -39.703  -5.758  42.879 0.0000000000
85034  -40.348  -5.489  44.200 0.0000000000
85061  -40.884  -5.571  41.629 0.0000000000
85062  -41.837  -5.541  41.488 0.0000000000
85049  -42.148  -5.475  41.839 0.0000000000
85063  -42.705  -5.709  41.115 0.0000000000
85077  -43.871  -6.055  40.106 0.0000000000
85065  -44.505  -6.128  40.885 0.0000000000
87438  -47.666  -4.625  40.035 0.0000000000
88644  -48.323  -3.709  40.667 0.0000000000
89757  -48.881  -2.941  41.294 0.0000000000
87417  -48.161  -4.553  43.624 0.0000000000
52831  -10.607  -32.606  65.053 0.0000000000
51727  -10.366  -33.012  64.476 0.0000000000
51743  -9.971  -33.928  63.805 0.0000000000
51757  -10.016  -34.262  63.293 0.0000000000
50609  -9.862  -35.058  61.933 0.0000000000
50610  -10.278  -34.734  61.827 0.0000000000
50552  -8.764  -34.055  64.604 0.0000000000
50551  -7.821  -34.220  64.678 0.0000000000
49387  -7.523  -34.815  63.913 0.0000000000
50550  -7.101  -34.202  65.041 0.0000000000
50549  -6.377  -34.161  65.282 0.0000000000
50548  -5.670  -34.126  65.450 0.0000000000
48232  -6.139  -36.224  63.360 0.0000000000
49384  -5.761  -34.544  64.514 0.0000000000
51724  -5.014  -34.279  66.012 0.0000000000
51723  -4.848  -34.117  65.882 0.0000000000
52840  -4.462  -34.077  65.637 0.0000000000
50532  -5.537  -33.936  66.253 0.0000000000
50638  -9.033  -36.610  61.052 0.0000000000
51707  -7.537  -33.564  66.707 0.0000000000
55055  -23.558  -28.714  59.549 0.0000000000
55076  -23.765  -28.739  59.109 0.0000000000
56138  -11.976  -31.098  63.402 0.0000000000
56139  -12.314  -30.877  62.896 0.0000000000
56205  -24.560  -28.373  60.034 0.0000000000
56242  -23.521  -28.832  58.912 0.0000000000
56244  -24.193  -28.597  59.427 0.0000000000
57409  -21.389  -27.917  59.002 0.0000000000
57411  -22.208  -28.712  58.812 0.0000000000
57428  -21.706  -28.193  58.514 0.0000000000
57507  -22.026  -30.359  53.561 0.0000000000
58581  -13.532  -29.205  61.760 0.0000000000
58609  -15.420  -28.398  58.310 0.0000000000
58623  -21.438  -27.964  58.627 0.0000000000
58638  -25.983  -27.110  57.511 0.0000000000
58691  -19.565  -29.461  54.067 0.0000000000
59843  -17.093  -27.754  56.825 0.0000000000
59850  -26.044  -27.148  56.832 0.0000000000
59871  -22.044  -28.769  56.398 0.0000000000
59904  -19.476  -28.946  54.432 0.0000000000
60945  -26.042  -24.900  61.787 0.0000000000
60960  -19.530  -26.734  58.945 0.0000000000
60961  -25.778  -26.765  58.256 0.0000000000
60993  -16.585  -27.421  57.892 0.0000000000
62089  -25.931  -24.408  61.882 0.0000000000
62090  -26.208  -24.491  62.248 0.0000000000
62119  -25.474  -25.055  60.393 0.0000000000
62129  -17.984  -26.613  58.273 0.0000000000
62144  -17.761  -26.834  57.828 0.0000000000
63244  -25.381  -25.308  58.730 0.0000000000
63245  -25.385  -25.088  59.531 0.0000000000
63272  -25.344  -25.842  56.994 0.0000000000
64296  -26.960  -23.526  62.663 0.0000000000
64308  -26.480  -23.930  62.665 0.0000000000
64332  -25.475  -24.412  59.922 0.0000000000
64352  -24.975  -24.899  57.392 0.0000000000
65324  -28.114  -22.848  63.655 0.0000000000
65362  -25.478  -23.191  59.565 0.0000000000
65372  -25.254  -23.801  58.605 0.0000000000
66393  -27.991  -22.591  62.990 0.0000000000
66394  -28.227  -22.336  63.245 0.0000000000
66412  -26.734  -22.402  61.303 0.0000000000
66421  -26.180  -22.125  60.449 0.0000000000
66422  -26.259  -22.366  60.912 0.0000000000
66430  -25.418  -22.663  59.167 0.0000000000
66431  -25.812  -22.141  59.582 0.0000000000
67632  -28.034  -21.999  62.593 0.0000000000
67684  -28.103  -20.491  59.984 0.0000000000
67686  -29.340  -19.879  60.217 0.0000000000
67706  -26.797  -20.712  59.070 0.0000000000
67708  -28.895  -20.061  59.643 0.0000000000
67723  -26.243  -20.844  58.055 0.0000000000
67724  -26.539  -20.789  58.637 0.0000000000
68852  -30.047  -19.325  60.995 0.0000000000
68864  -27.795  -20.426  59.523 0.0000000000
68865  -29.242  -19.865  59.915 0.0000000000
68880  -28.979  -19.929  59.279 0.0000000000
68897  -30.015  -18.628  58.061 0.0000000000
68907  -26.571  -20.403  57.502 0.0000000000
68910  -28.927  -19.253  57.166 0.0000000000
69014  -37.067  -17.571  50.106 0.0000000000
69015  -37.175  -17.506  50.302 0.0000000000
69016  -37.365  -17.434  50.190 0.0000000000
69032  -37.085  -17.493  49.960 0.0000000000
69033  -37.245  -17.455  50.062 0.0000000000
70046  -29.727  -18.689  57.434 0.0000000000
70051  -29.212  -18.837  56.731 0.0000000000
70058  -28.525  -18.913  55.823 0.0000000000
70093  -36.219  -17.090  51.202 0.0000000000
70094  -36.516  -17.259  51.288 0.0000000000
70107  -36.363  -17.211  51.053 0.0000000000
70138  -37.011  -17.415  49.635 0.0000000000
70141  -38.850  -16.984  49.666 0.0000000000
71177  -30.786  -16.940  56.979 0.0000000000
71181  -29.446  -17.804  55.491 0.0000000000
71182  -30.066  -17.386  55.700 0.0000000000
71229  -36.997  -17.438  51.373 0.0000000000
71230  -37.100  -17.370  51.541 0.0000000000
71232  -38.994  -17.068  51.080 0.0000000000
71241  -35.829  -17.053  50.587 0.0000000000
71340  -38.038  -17.021  46.536 0.0000000000
72375  -30.851  -16.819  56.426 0.0000000000
72377  -36.328  -16.160  56.390 0.0000000000
72403  -29.517  -17.231  54.586 0.0000000000
72419  -29.877  -16.777  54.407 0.0000000000
72459  -35.253  -16.784  51.146 0.0000000000
72492  -34.845  -16.978  50.051 0.0000000000
72535  -38.528  -16.325  47.363 0.0000000000
72556  -37.949  -16.855  46.347 0.0000000000
72577  -37.985  -17.054  45.714 0.0000000000
73618  -33.655  -16.087  59.390 0.0000000000
73680  -30.753  -16.703  55.626 0.0000000000
73697  -30.639  -16.570  55.211 0.0000000000
73703  -36.313  -16.366  54.285 0.0000000000
73767  -34.944  -16.510  51.602 0.0000000000
73784  -33.981  -16.610  50.767 0.0000000000
73799  -41.568  -14.893  50.043 0.0000000000
73809  -41.463  -14.954  49.820 0.0000000000
73850  -38.060  -16.355  46.460 0.0000000000
73866  -37.722  -16.593  46.028 0.0000000000
74780  -34.293  -16.014  61.662 0.0000000000
74781  -34.553  -15.924  61.636 0.0000000000
74818  -34.348  -16.041  60.150 0.0000000000
74920  -41.566  -15.068  50.206 0.0000000000
74975  -35.932  -15.191  44.212 0.0000000000
76042  -40.301  -14.024  48.561 0.0000000000
76082  -37.661  -15.343  46.179 0.0000000000
80493  -34.709  -11.202  43.626 0.0000000000
81649  -34.690  -10.487  43.244 0.0000000000
82806  -37.686  -7.336  45.186 0.0000000000
83826  -40.325  -7.438  48.051 0.0000000000
83875  -37.811  -6.694  44.274 0.0000000000
85019  -39.449  -6.827  45.799 0.0000000000
86163  -40.412  -5.881  47.360 0.0000000000
86230  -41.365  -5.484  42.175 0.0000000000
86244  -41.460  -5.492  41.805 0.0000000000
86245  -41.694  -5.469  41.927 0.0000000000
86270  -46.904  -5.272  38.655 0.0000000000
87352  -43.176  -3.409  48.113 0.0000000000
88533  -42.861  -3.373  49.150 0.0000000000
89772  -44.663  -2.110  39.112 0.0000000000
89776  -47.749  -3.145  40.276 0.0000000000
89784  -45.494  -2.790  39.028 0.0000000000
92009  -42.965  -0.814  38.049 0.0000000000
92011  -44.044  -0.419  38.947 0.0000000000
93157  -44.634  0.063  39.182 0.0000000000
93176  -42.731  0.068  37.440 0.0000000000
93187  -42.915  0.894  37.153 0.0000000000
94306  -45.314  1.432  39.374 0.0000000000
94308  -46.981  1.709  39.918 0.0000000000
94313  -43.579  0.948  38.247 0.0000000000
94327  -43.277  1.376  37.501 0.0000000000
94336  -42.607  1.159  36.529 0.0000000000
95507  -45.125  2.205  39.242 0.0000000000
95510  -47.520  2.953  39.919 0.0000000000
95519  -44.641  2.033  38.949 0.0000000000
95530  -43.453  1.884  37.252 0.0000000000
95547  -42.582  1.727  36.081 0.0000000000
95556  -42.543  1.864  35.208 0.0000000000
96672  -44.792  2.941  38.969 0.0000000000
96673  -45.123  2.843  39.170 0.0000000000
96697  -43.533  2.313  37.150 0.0000000000
96723  -45.226  4.139  33.864 0.0000000000
97771  -49.331  4.367  40.700 0.0000000000
97781  -45.196  3.757  39.234 0.0000000000
97798  -44.392  4.437  37.267 0.0000000000
97799  -44.909  4.995  37.235 0.0000000000
97846  -46.802  4.186  32.571 0.0000000000
97855  -47.652  4.196  31.686 0.0000000000
98821  -49.070  4.869  40.794 0.0000000000
98847  -46.279  5.494  35.706 0.0000000000
98850  -48.352  5.750  34.776 0.0000000000
98852  -47.365  5.436  34.719 0.0000000000
98861  -48.272  5.174  33.880 0.0000000000
98870  -49.136  5.104  33.051 0.0000000000
98886  -50.115  5.268  30.947 0.0000000000
99823  -47.227  6.720  40.162 0.0000000000
99831  -46.853  6.507  39.439 0.0000000000
99842  -46.859  6.382  36.705 0.0000000000
99846  -47.075  6.211  36.048 0.0000000000
99847  -47.623  6.251  35.679 0.0000000000
99849  -49.442  6.377  35.195 0.0000000000
99857  -49.744  5.945  34.512 0.0000000000
99858  -50.504  6.037  34.050 0.0000000000
99865  -50.829  6.075  33.153 0.0000000000
99871  -51.990  7.185  31.844 0.0000000000
99875  -51.977  7.291  31.407 0.0000000000
99879  -52.059  7.400  30.010 0.0000000000
99885  -52.066  7.451  29.763 0.0000000000
100836  -48.171  7.967  40.913 0.0000000000
100843  -47.114  7.161  39.148 0.0000000000
100852  -46.840  6.951  38.084 0.0000000000
100873  -48.410  6.812  35.886 0.0000000000
100888  -52.096  7.090  34.222 0.0000000000
100917  -51.970  7.335  31.183 0.0000000000
100944  -52.768  8.072  27.790 0.0000000000
101894  -47.942  8.313  39.466 0.0000000000
101905  -48.581  8.841  38.671 0.0000000000
101914  -47.724  7.827  38.236 0.0000000000
101916  -49.365  8.714  37.587 0.0000000000
102015  -53.082  8.311  28.937 0.0000000000
103008  -48.988  9.544  40.821 0.0000000000
103020  -49.180  9.897  40.520 0.0000000000
103033  -48.746  9.350  39.698 0.0000000000
103051  -49.418  9.666  38.828 0.0000000000
103076  -51.360  9.916  37.749 0.0000000000
104171  -49.609  10.436  41.312 0.0000000000
104192  -49.553  10.370  40.117 0.0000000000
145364  -25.898  -27.243  57.745 0.0000000000
145366  -25.777  -27.684  57.631 0.0000000000
145368  -25.409  -27.488  60.231 0.0000000000
