#!ascii label  , from subject 3004 vox2ras=TkReg
2029
74736  -35.952  -14.768  65.433 0.0000000000
94273  -53.476  1.265  43.652 0.0000000000
82675  -43.844  -8.940  53.707 0.0000000000
55072  -8.377  -32.485  57.931 0.0000000000
56131  -21.987  -28.668  63.529 0.0000000000
66429  -3.221  -22.831  59.025 0.0000000000
66345  -4.036  -22.825  67.719 0.0000000000
88527  -48.807  -2.487  50.024 0.0000000000
68987  -3.046  -21.114  52.029 0.0000000000
53899  -3.614  -33.112  65.472 0.0000000000
72396  -37.651  -16.488  55.471 0.0000000000
70009  -31.250  -17.973  64.768 0.0000000000
66368  -30.334  -21.819  67.442 0.0000000000
99824  -55.304  6.213  41.157 0.0000000000
88478  -45.068  -3.130  53.678 0.0000000000
62101  -16.476  -26.102  60.229 0.0000000000
77002  -4.635  -13.749  56.455 0.0000000000
62114  -9.154  -26.135  59.017 0.0000000000
59859  -6.077  -26.991  55.739 0.0000000000
55132  -10.206  -32.213  53.500 0.0000000000
56063  -9.105  -30.494  69.167 0.0000000000
57246  -5.839  -29.418  69.662 0.0000000000
76008  -43.816  -13.693  52.322 0.0000000000
61996  -28.067  -24.920  69.285 0.0000000000
56207  -24.725  -28.286  60.627 0.0000000000
65321  -3.498  -23.087  63.334 0.0000000000
63178  -8.154  -26.521  64.124 0.0000000000
88603  -51.828  -2.728  45.916 0.0000000000
57297  -10.901  -29.408  67.207 0.0000000000
60879  -13.418  -27.179  64.882 0.0000000000
67752  -4.287  -21.299  55.969 0.0000000000
61057  -4.430  -27.403  52.404 0.0000000000
65242  -7.571  -23.623  70.135 0.0000000000
59675  -4.754  -28.009  67.732 0.0000000000
56164  -4.842  -32.210  61.619 0.0000000000
72231  -37.536  -15.249  63.597 0.0000000000
73543  -35.713  -15.554  62.994 0.0000000000
72313  -37.577  -15.674  61.005 0.0000000000
74760  -33.420  -15.277  64.786 0.0000000000
73555  -33.037  -16.414  62.110 0.0000000000
73481  -31.764  -16.276  66.760 0.0000000000
95490  -54.901  3.490  42.707 0.0000000000
91973  -50.860  -0.385  42.782 0.0000000000
95486  -51.338  2.590  41.648 0.0000000000
98811  -51.620  5.391  41.564 0.0000000000
84952  -43.896  -6.232  54.169 0.0000000000
80409  -42.169  -10.509  50.805 0.0000000000
82706  -41.628  -8.396  51.350 0.0000000000
86131  -41.876  -5.344  51.777 0.0000000000
58618  -9.618  -29.675  58.673 0.0000000000
59841  -10.133  -28.398  56.613 0.0000000000
55093  -9.847  -32.521  56.430 0.0000000000
51890  -9.689  -35.837  53.751 0.0000000000
52944  -8.833  -35.249  56.307 0.0000000000
52805  -9.357  -32.693  67.262 0.0000000000
52790  -7.171  -33.050  68.211 0.0000000000
74868  -43.191  -15.524  53.055 0.0000000000
72398  -39.608  -16.604  55.432 0.0000000000
72461  -38.569  -16.836  52.164 0.0000000000
73769  -40.938  -16.324  52.659 0.0000000000
74908  -41.618  -15.089  50.335 0.0000000000
67506  -30.147  -20.713  70.899 0.0000000000
65325  -28.250  -23.035  64.204 0.0000000000
60914  -27.640  -25.147  64.455 0.0000000000
102970  -50.750  10.072  43.237 0.0000000000
106302  -51.322  12.439  41.495 0.0000000000
65308  -3.855  -23.257  65.303 0.0000000000
63174  -6.462  -23.392  64.133 0.0000000000
63157  -6.752  -24.339  66.569 0.0000000000
88549  -50.274  -3.233  48.192 0.0000000000
89699  -45.486  -2.339  48.488 0.0000000000
88579  -47.686  -3.365  46.562 0.0000000000
87390  -49.251  -3.858  45.025 0.0000000000
59639  -12.996  -27.737  70.309 0.0000000000
58481  -13.129  -27.848  69.053 0.0000000000
70037  -3.707  -19.235  58.767 0.0000000000
72360  -5.405  -18.416  57.092 0.0000000000
67720  -4.591  -21.140  56.992 0.0000000000
57505  -5.910  -29.646  53.104 0.0000000000
59903  -4.401  -27.631  54.424 0.0000000000
57532  -5.422  -29.625  52.283 0.0000000000
63112  -8.815  -24.954  71.311 0.0000000000
54943  -3.809  -32.296  68.619 0.0000000000
58463  -4.390  -29.074  69.274 0.0000000000
57306  -3.682  -30.410  66.458 0.0000000000
58541  -4.902  -29.532  64.547 0.0000000000
54989  -3.635  -32.292  63.702 0.0000000000
72350  -39.469  -16.497  58.432 0.0000000000
69914  -31.182  -19.291  70.267 0.0000000000
71045  -31.332  -18.106  68.770 0.0000000000
68784  -30.733  -19.462  66.904 0.0000000000
101840  -54.611  8.862  42.843 0.0000000000
100828  -51.780  7.187  42.390 0.0000000000
88517  -47.454  -1.643  51.831 0.0000000000
88535  -44.086  -2.809  50.029 0.0000000000
58598  -20.704  -27.448  60.598 0.0000000000
59783  -19.679  -26.702  62.318 0.0000000000
72416  -4.660  -16.787  54.524 0.0000000000
62094  -6.387  -24.174  59.387 0.0000000000
63242  -5.167  -24.579  57.731 0.0000000000
60989  -7.844  -26.455  56.792 0.0000000000
57458  -8.579  -29.136  54.103 0.0000000000
54027  -8.344  -31.660  52.116 0.0000000000
59620  -9.481  -28.588  71.545 0.0000000000
59598  -7.558  -28.060  71.388 0.0000000000
56055  -7.234  -30.408  70.004 0.0000000000
52787  -5.431  -33.161  69.235 0.0000000000
79335  -43.734  -11.721  52.933 0.0000000000
77094  -42.263  -13.578  50.301 0.0000000000
59726  -25.575  -26.728  66.116 0.0000000000
64256  -30.097  -23.052  68.891 0.0000000000
59758  -26.028  -26.180  64.590 0.0000000000
56169  -23.471  -28.906  62.316 0.0000000000
71152  -3.952  -18.725  60.717 0.0000000000
70022  -4.103  -19.229  62.619 0.0000000000
65344  -3.553  -23.165  61.405 0.0000000000
63194  -6.220  -23.255  61.752 0.0000000000
62067  -9.465  -26.507  61.476 0.0000000000
58595  -8.406  -29.677  60.738 0.0000000000
90798  -52.334  -1.110  44.738 0.0000000000
89752  -50.622  -2.213  43.492 0.0000000000
59622  -10.824  -28.416  70.826 0.0000000000
56071  -10.253  -29.751  68.462 0.0000000000
53886  -10.789  -32.144  65.826 0.0000000000
60899  -18.246  -26.407  64.755 0.0000000000
62024  -16.491  -26.570  66.316 0.0000000000
59679  -15.042  -27.310  68.285 0.0000000000
59718  -12.024  -28.639  65.923 0.0000000000
54972  -11.530  -31.220  64.361 0.0000000000
74837  -5.645  -15.404  57.248 0.0000000000
72389  -4.314  -17.658  55.982 0.0000000000
67766  -2.171  -21.193  54.286 0.0000000000
63270  -3.791  -24.736  56.862 0.0000000000
64371  -2.875  -24.250  54.295 0.0000000000
65433  -2.679  -23.626  52.096 0.0000000000
66306  -4.766  -23.127  69.691 0.0000000000
60785  -6.169  -27.321  70.490 0.0000000000
61992  -4.836  -26.014  69.824 0.0000000000
63142  -5.645  -25.179  68.752 0.0000000000
60856  -6.964  -27.534  66.541 0.0000000000
59790  -6.923  -30.357  62.774 0.0000000000
56199  -6.502  -32.070  60.426 0.0000000000
50607  -3.896  -35.734  62.930 0.0000000000
51801  -3.876  -35.451  60.330 0.0000000000
53985  -6.702  -34.689  58.691 0.0000000000
73511  -36.679  -15.036  64.542 0.0000000000
74723  -36.729  -13.949  65.960 0.0000000000
74762  -35.509  -15.309  64.165 0.0000000000
73544  -36.513  -15.553  63.190 0.0000000000
74747  -34.314  -14.816  65.066 0.0000000000
74761  -34.566  -15.077  64.256 0.0000000000
74709  -35.485  -14.075  66.383 0.0000000000
74734  -34.019  -14.677  65.809 0.0000000000
94282  -54.198  2.449  43.305 0.0000000000
93130  -52.136  0.763  43.404 0.0000000000
94285  -50.858  1.358  42.074 0.0000000000
94287  -52.171  2.067  42.519 0.0000000000
96645  -53.360  3.076  42.374 0.0000000000
83764  -43.857  -7.594  54.286 0.0000000000
83765  -45.028  -7.405  54.577 0.0000000000
82676  -44.567  -8.631  54.345 0.0000000000
81549  -41.965  -9.549  51.052 0.0000000000
82708  -42.659  -8.594  52.503 0.0000000000
83786  -42.589  -7.702  53.317 0.0000000000
57406  -9.312  -30.526  58.560 0.0000000000
57424  -9.673  -30.586  57.771 0.0000000000
56254  -9.003  -32.146  57.394 0.0000000000
54003  -9.190  -34.273  56.309 0.0000000000
53987  -8.668  -33.847  57.173 0.0000000000
51710  -9.601  -33.436  65.850 0.0000000000
51694  -8.567  -33.379  66.913 0.0000000000
72400  -41.323  -16.508  55.248 0.0000000000
72410  -40.530  -16.543  54.533 0.0000000000
73723  -41.731  -16.430  54.030 0.0000000000
73748  -41.665  -16.174  53.053 0.0000000000
104149  -52.094  10.296  44.160 0.0000000000
105206  -50.918  11.497  42.921 0.0000000000
106290  -52.403  13.081  42.674 0.0000000000
66359  -3.704  -22.691  66.864 0.0000000000
65309  -4.599  -23.390  65.775 0.0000000000
65297  -4.845  -23.202  66.782 0.0000000000
88537  -49.827  -3.046  48.866 0.0000000000
87343  -50.755  -3.220  49.650 0.0000000000
89691  -47.267  -2.182  48.738 0.0000000000
88560  -46.551  -2.773  47.375 0.0000000000
89692  -48.079  -2.465  48.450 0.0000000000
88563  -49.039  -3.231  47.290 0.0000000000
59640  -14.252  -27.552  70.535 0.0000000000
58466  -14.911  -27.632  70.002 0.0000000000
59739  -23.044  -28.377  65.646 0.0000000000
58521  -20.881  -28.208  64.780 0.0000000000
70084  -4.173  -19.087  52.971 0.0000000000
68861  -3.234  -20.316  59.173 0.0000000000
68877  -3.928  -20.154  58.426 0.0000000000
66442  -3.828  -22.220  57.639 0.0000000000
56327  -6.958  -30.336  52.325 0.0000000000
57527  -5.017  -29.756  52.877 0.0000000000
56342  -6.843  -30.822  51.335 0.0000000000
64225  -10.554  -24.042  70.623 0.0000000000
63113  -9.581  -25.076  71.494 0.0000000000
53885  -3.711  -33.071  67.081 0.0000000000
56105  -3.297  -32.019  67.302 0.0000000000
54969  -3.373  -32.497  65.917 0.0000000000
56122  -3.486  -31.391  65.152 0.0000000000
53907  -3.561  -33.042  64.321 0.0000000000
72290  -38.871  -15.767  61.576 0.0000000000
72335  -38.464  -16.150  59.767 0.0000000000
72336  -39.446  -16.404  59.450 0.0000000000
72351  -40.456  -16.581  58.398 0.0000000000
72201  -31.660  -17.065  66.328 0.0000000000
71070  -31.165  -18.096  66.723 0.0000000000
69990  -31.072  -18.405  65.539 0.0000000000
67614  -30.271  -19.823  65.351 0.0000000000
101869  -55.190  7.462  42.172 0.0000000000
98813  -53.728  5.412  41.939 0.0000000000
99814  -52.003  6.445  42.040 0.0000000000
99804  -53.548  6.765  42.340 0.0000000000
101854  -53.708  8.085  42.937 0.0000000000
88499  -45.809  -2.247  52.637 0.0000000000
88480  -47.347  -1.714  53.655 0.0000000000
89631  -46.389  -2.446  54.282 0.0000000000
87316  -43.685  -3.819  52.292 0.0000000000
87328  -42.896  -3.696  50.688 0.0000000000
88515  -44.873  -2.774  51.778 0.0000000000
89669  -45.958  -1.906  50.733 0.0000000000
77018  -3.831  -13.895  56.159 0.0000000000
74860  -4.033  -15.465  54.232 0.0000000000
74850  -2.953  -15.661  56.201 0.0000000000
62112  -7.953  -24.971  59.389 0.0000000000
60952  -6.689  -25.086  58.520 0.0000000000
60954  -8.482  -25.961  58.357 0.0000000000
57461  -10.092  -30.318  55.126 0.0000000000
58648  -9.549  -28.870  55.378 0.0000000000
56290  -9.269  -30.473  53.567 0.0000000000
56289  -8.654  -30.129  53.239 0.0000000000
55130  -9.113  -31.838  52.556 0.0000000000
52968  -9.682  -34.161  52.199 0.0000000000
57251  -9.222  -29.846  70.228 0.0000000000
58430  -8.671  -29.343  71.123 0.0000000000
54914  -7.949  -30.766  69.468 0.0000000000
51675  -6.491  -33.311  67.770 0.0000000000
52776  -6.233  -32.458  68.365 0.0000000000
51690  -5.635  -33.628  67.629 0.0000000000
52801  -5.078  -34.292  68.722 0.0000000000
77080  -43.802  -13.052  52.371 0.0000000000
74910  -42.683  -14.578  51.051 0.0000000000
76026  -42.123  -14.137  50.210 0.0000000000
77087  -43.201  -13.299  51.304 0.0000000000
78159  -43.074  -12.449  51.499 0.0000000000
60824  -27.842  -25.434  70.381 0.0000000000
59690  -26.543  -26.302  68.825 0.0000000000
60835  -27.004  -25.733  68.372 0.0000000000
67543  -30.603  -20.450  69.116 0.0000000000
66333  -30.398  -21.072  69.437 0.0000000000
65290  -30.500  -22.151  68.223 0.0000000000
59785  -26.158  -25.631  63.160 0.0000000000
60902  -27.724  -25.410  65.133 0.0000000000
58572  -24.483  -26.437  62.362 0.0000000000
58559  -24.317  -27.017  63.086 0.0000000000
56187  -23.810  -28.936  61.203 0.0000000000
56203  -22.497  -28.672  59.763 0.0000000000
68806  -3.082  -20.484  64.404 0.0000000000
68821  -3.016  -20.378  63.560 0.0000000000
68829  -2.955  -20.264  62.534 0.0000000000
65332  -3.377  -22.901  62.350 0.0000000000
63193  -5.343  -23.257  61.429 0.0000000000
64294  -4.766  -22.915  62.643 0.0000000000
63186  -8.338  -25.241  63.795 0.0000000000
63197  -8.309  -24.728  62.876 0.0000000000
62066  -9.033  -26.450  62.428 0.0000000000
60929  -9.065  -27.734  61.592 0.0000000000
59780  -8.363  -28.559  62.411 0.0000000000
89737  -52.286  -1.810  45.226 0.0000000000
90788  -53.747  -1.644  45.475 0.0000000000
89712  -52.972  -2.412  46.432 0.0000000000
88601  -50.526  -3.412  45.695 0.0000000000
87420  -50.006  -3.662  43.622 0.0000000000
89745  -50.777  -2.511  44.397 0.0000000000
89746  -51.175  -1.845  44.225 0.0000000000
60814  -11.988  -27.741  71.003 0.0000000000
57272  -10.910  -28.940  68.715 0.0000000000
57262  -10.947  -28.909  69.362 0.0000000000
56085  -10.575  -29.544  67.845 0.0000000000
54945  -10.113  -30.770  66.972 0.0000000000
54946  -10.583  -30.519  66.664 0.0000000000
62072  -18.232  -25.766  61.848 0.0000000000
60911  -18.786  -26.457  63.528 0.0000000000
62059  -17.900  -26.052  63.082 0.0000000000
62045  -13.896  -26.874  63.407 0.0000000000
62035  -15.975  -26.278  65.124 0.0000000000
62022  -14.984  -26.485  65.636 0.0000000000
60846  -16.321  -27.089  67.441 0.0000000000
60860  -13.813  -26.897  65.940 0.0000000000
59699  -13.677  -27.381  67.764 0.0000000000
60859  -12.650  -27.803  65.447 0.0000000000
56129  -11.747  -30.707  63.998 0.0000000000
74838  -6.488  -15.379  57.494 0.0000000000
70049  -4.739  -19.705  56.606 0.0000000000
72374  -4.491  -18.292  56.734 0.0000000000
70056  -4.662  -19.600  55.893 0.0000000000
70055  -4.166  -19.816  55.278 0.0000000000
67768  -3.613  -21.560  55.418 0.0000000000
61006  -5.192  -25.981  56.884 0.0000000000
63258  -4.461  -24.625  57.675 0.0000000000
61022  -4.399  -26.552  56.361 0.0000000000
61050  -3.779  -27.195  53.129 0.0000000000
62182  -3.101  -25.895  54.298 0.0000000000
62193  -3.269  -26.163  53.429 0.0000000000
64380  -2.635  -24.510  53.367 0.0000000000
63306  -3.584  -25.239  52.152 0.0000000000
64402  -4.699  -24.753  51.324 0.0000000000
66296  -6.345  -23.342  69.690 0.0000000000
58427  -6.443  -28.543  70.327 0.0000000000
60771  -7.109  -27.296  70.925 0.0000000000
58426  -5.539  -28.685  70.159 0.0000000000
59653  -4.309  -28.516  68.024 0.0000000000
59637  -4.568  -27.958  69.531 0.0000000000
60825  -4.701  -27.059  68.915 0.0000000000
63136  -4.964  -25.235  69.242 0.0000000000
62002  -5.459  -26.171  68.472 0.0000000000
62011  -6.765  -26.597  67.420 0.0000000000
60855  -6.082  -28.579  66.734 0.0000000000
58566  -4.865  -30.597  62.627 0.0000000000
59776  -5.827  -30.091  63.818 0.0000000000
58578  -5.827  -31.078  62.299 0.0000000000
58592  -6.709  -31.158  61.711 0.0000000000
56181  -5.688  -31.966  60.858 0.0000000000
49458  -3.745  -37.158  61.373 0.0000000000
51789  -3.720  -35.278  61.293 0.0000000000
72266  -38.785  -15.567  62.406 0.0000000000
73574  -35.426  -15.845  60.902 0.0000000000
73595  -36.060  -15.862  60.287 0.0000000000
73576  -36.995  -15.597  61.455 0.0000000000
72264  -37.520  -15.510  62.210 0.0000000000
72216  -31.938  -16.215  65.228 0.0000000000
73525  -32.527  -15.823  64.447 0.0000000000
73542  -34.671  -15.605  62.922 0.0000000000
73494  -32.023  -15.896  65.945 0.0000000000
97765  -55.459  4.775  41.998 0.0000000000
94294  -49.936  1.629  40.930 0.0000000000
96664  -50.093  3.444  40.773 0.0000000000
97760  -50.150  4.268  41.034 0.0000000000
96654  -51.883  3.402  41.582 0.0000000000
97763  -53.410  4.475  41.940 0.0000000000
87285  -44.834  -4.384  54.139 0.0000000000
87273  -45.317  -4.797  54.628 0.0000000000
86085  -45.243  -5.495  54.707 0.0000000000
84933  -46.235  -6.925  55.259 0.0000000000
78175  -40.756  -12.179  48.713 0.0000000000
80417  -40.979  -10.534  49.516 0.0000000000
81562  -41.005  -9.393  49.799 0.0000000000
83810  -41.253  -7.489  50.313 0.0000000000
84974  -41.273  -6.483  50.150 0.0000000000
84963  -41.656  -6.303  51.866 0.0000000000
86119  -43.247  -5.258  53.345 0.0000000000
62099  -9.697  -26.558  59.474 0.0000000000
60972  -9.944  -27.624  57.349 0.0000000000
58630  -10.218  -29.458  57.399 0.0000000000
57441  -10.233  -30.483  56.405 0.0000000000
55119  -10.519  -32.337  54.813 0.0000000000
52964  -10.357  -34.163  52.967 0.0000000000
52946  -10.137  -34.151  54.818 0.0000000000
51887  -9.572  -35.946  54.744 0.0000000000
53843  -8.738  -31.618  68.241 0.0000000000
53838  -8.219  -31.551  68.744 0.0000000000
52792  -8.522  -32.565  67.831 0.0000000000
74884  -43.605  -14.868  52.662 0.0000000000
72397  -38.638  -16.548  55.414 0.0000000000
71188  -38.084  -16.587  53.558 0.0000000000
72423  -38.977  -16.650  53.736 0.0000000000
72445  -39.842  -16.602  52.898 0.0000000000
71234  -40.184  -16.619  50.732 0.0000000000
73770  -41.263  -16.079  51.937 0.0000000000
74883  -42.821  -15.335  52.103 0.0000000000
64219  -29.642  -22.885  71.058 0.0000000000
65310  -29.300  -22.279  66.199 0.0000000000
64279  -28.940  -23.073  66.511 0.0000000000
63188  -27.827  -24.063  64.149 0.0000000000
62073  -26.894  -24.719  63.255 0.0000000000
104172  -49.995  11.109  41.370 0.0000000000
105244  -50.885  11.431  39.717 0.0000000000
104210  -51.999  10.965  38.512 0.0000000000
104211  -52.971  11.035  38.390 0.0000000000
65314  -3.698  -23.144  64.339 0.0000000000
64289  -5.648  -22.898  63.531 0.0000000000
65315  -4.467  -23.264  64.721 0.0000000000
63165  -6.639  -23.759  65.357 0.0000000000
63166  -7.361  -24.651  65.752 0.0000000000
88583  -51.122  -3.299  46.556 0.0000000000
87353  -51.605  -3.405  48.521 0.0000000000
88596  -46.102  -3.614  46.136 0.0000000000
87388  -47.514  -4.143  45.184 0.0000000000
87407  -47.953  -4.391  44.215 0.0000000000
88599  -48.917  -3.726  45.754 0.0000000000
88582  -50.256  -3.508  46.535 0.0000000000
60822  -12.914  -27.590  70.810 0.0000000000
59624  -13.677  -27.539  70.885 0.0000000000
58465  -13.615  -27.609  69.748 0.0000000000
58480  -11.831  -28.114  68.447 0.0000000000
60922  -13.764  -27.649  62.192 0.0000000000
59767  -12.799  -28.753  63.594 0.0000000000
72346  -5.253  -17.825  58.971 0.0000000000
73626  -5.060  -17.522  58.423 0.0000000000
71169  -4.074  -18.409  58.309 0.0000000000
68891  -4.755  -20.276  56.954 0.0000000000
67736  -4.523  -21.422  56.404 0.0000000000
58667  -6.286  -28.055  54.528 0.0000000000
59887  -4.926  -27.348  55.339 0.0000000000
58689  -5.681  -28.857  53.748 0.0000000000
58706  -4.888  -28.688  53.485 0.0000000000
59935  -5.118  -28.273  52.399 0.0000000000
65257  -11.438  -23.271  69.132 0.0000000000
65245  -9.807  -23.357  70.150 0.0000000000
64208  -7.958  -24.627  70.920 0.0000000000
56082  -4.488  -31.449  69.741 0.0000000000
57270  -4.741  -29.892  69.564 0.0000000000
57269  -4.304  -30.127  69.192 0.0000000000
57295  -3.717  -30.181  67.481 0.0000000000
58509  -3.959  -29.659  66.712 0.0000000000
59717  -5.163  -29.106  66.478 0.0000000000
58528  -4.281  -29.791  65.123 0.0000000000
57331  -3.901  -30.658  63.544 0.0000000000
56151  -4.318  -31.685  62.164 0.0000000000
72379  -37.450  -16.472  56.717 0.0000000000
72348  -37.686  -15.988  59.015 0.0000000000
72362  -37.677  -16.285  57.948 0.0000000000
72380  -38.540  -16.568  56.526 0.0000000000
72381  -39.538  -16.600  56.438 0.0000000000
72382  -40.529  -16.592  56.396 0.0000000000
68756  -30.810  -19.270  68.634 0.0000000000
72176  -31.424  -17.227  68.182 0.0000000000
69945  -30.847  -18.684  68.173 0.0000000000
67589  -30.587  -20.120  67.313 0.0000000000
67613  -29.893  -20.692  65.778 0.0000000000
99812  -49.645  6.460  41.597 0.0000000000
101852  -51.752  8.518  43.038 0.0000000000
102972  -52.663  9.536  43.743 0.0000000000
89671  -48.075  -1.889  50.389 0.0000000000
88519  -49.098  -2.204  51.574 0.0000000000
88501  -48.330  -1.769  52.606 0.0000000000
86154  -41.728  -4.610  49.948 0.0000000000
89698  -44.808  -2.441  48.930 0.0000000000
89680  -46.200  -1.914  49.888 0.0000000000
57356  -20.892  -27.998  61.808 0.0000000000
58558  -20.500  -27.649  63.051 0.0000000000
58597  -20.325  -26.941  60.992 0.0000000000
60943  -19.064  -26.143  60.487 0.0000000000
72432  -5.065  -16.829  54.166 0.0000000000
70076  -3.679  -19.141  53.675 0.0000000000
63215  -5.415  -24.599  59.164 0.0000000000
65370  -3.688  -23.809  57.763 0.0000000000
62109  -5.933  -24.509  58.283 0.0000000000
60967  -6.253  -25.101  58.031 0.0000000000
59837  -7.082  -26.699  56.205 0.0000000000
60991  -9.434  -27.273  56.675 0.0000000000
59861  -8.012  -27.516  55.401 0.0000000000
58645  -7.276  -27.730  54.867 0.0000000000
57475  -6.923  -29.198  53.542 0.0000000000
61965  -9.041  -26.595  71.912 0.0000000000
60810  -8.649  -27.969  71.879 0.0000000000
57248  -7.146  -29.727  70.369 0.0000000000
56054  -6.427  -30.395  69.576 0.0000000000
53836  -7.143  -31.801  69.001 0.0000000000
53835  -6.448  -31.766  68.999 0.0000000000
54922  -5.225  -31.941  70.313 0.0000000000
53850  -4.782  -33.097  69.574 0.0000000000
52813  -4.273  -33.537  67.651 0.0000000000
52840  -4.462  -34.077  65.637 0.0000000000
80371  -43.749  -10.719  52.966 0.0000000000
81493  -45.014  -9.648  54.508 0.0000000000
79315  -44.968  -11.479  54.185 0.0000000000
71216  -37.327  -17.181  51.854 0.0000000000
77101  -40.694  -13.234  48.755 0.0000000000
79349  -42.787  -11.098  51.636 0.0000000000
59708  -25.058  -27.346  66.816 0.0000000000
59755  -23.717  -28.689  64.561 0.0000000000
68712  -30.717  -20.098  70.394 0.0000000000
65238  -30.071  -21.522  70.391 0.0000000000
63137  -29.214  -24.129  69.151 0.0000000000
63160  -28.575  -24.060  66.724 0.0000000000
62025  -27.829  -25.072  66.521 0.0000000000
60870  -27.394  -25.362  66.859 0.0000000000
59743  -26.126  -26.296  65.532 0.0000000000
57326  -24.334  -28.468  63.917 0.0000000000
56141  -22.594  -28.829  62.671 0.0000000000
57381  -21.518  -28.337  60.566 0.0000000000
103099  -53.953  9.412  36.680 0.0000000000
100879  -54.407  8.670  35.270 0.0000000000
100891  -55.146  9.242  34.442 0.0000000000
71163  -3.376  -18.683  60.101 0.0000000000
70034  -2.520  -20.750  59.911 0.0000000000
70028  -3.959  -19.203  61.920 0.0000000000
68838  -2.464  -20.439  61.229 0.0000000000
65352  -3.520  -23.717  60.137 0.0000000000
63205  -5.251  -24.046  60.303 0.0000000000
63217  -6.403  -23.997  60.314 0.0000000000
62081  -8.230  -24.436  60.911 0.0000000000
63183  -6.354  -23.182  62.931 0.0000000000
63209  -8.341  -24.518  61.948 0.0000000000
62083  -9.761  -26.408  60.561 0.0000000000
59808  -9.525  -28.196  60.348 0.0000000000
59817  -9.244  -28.897  59.971 0.0000000000
57390  -8.413  -30.543  60.017 0.0000000000
91968  -52.875  0.090  44.248 0.0000000000
86224  -48.813  -4.490  43.367 0.0000000000
87433  -49.624  -4.075  42.335 0.0000000000
89758  -49.570  -2.708  41.641 0.0000000000
90815  -50.701  -1.308  42.988 0.0000000000
91966  -51.667  -0.200  43.745 0.0000000000
59621  -10.124  -28.732  71.209 0.0000000000
58433  -10.061  -29.417  70.285 0.0000000000
59638  -12.015  -28.148  70.306 0.0000000000
57261  -10.304  -29.405  69.542 0.0000000000
56064  -9.569  -30.223  69.059 0.0000000000
53875  -9.809  -32.231  67.028 0.0000000000
58531  -20.030  -27.448  64.327 0.0000000000
59736  -19.642  -27.280  65.323 0.0000000000
59720  -18.739  -27.192  66.213 0.0000000000
62058  -16.576  -25.925  63.173 0.0000000000
60880  -17.661  -26.388  65.667 0.0000000000
60848  -17.674  -27.300  67.372 0.0000000000
59702  -17.320  -27.458  67.845 0.0000000000
58500  -16.450  -27.612  68.925 0.0000000000
58483  -15.638  -27.628  69.446 0.0000000000
59678  -14.083  -27.382  68.390 0.0000000000
59677  -13.036  -27.642  68.014 0.0000000000
58510  -11.340  -28.751  66.947 0.0000000000
58530  -12.107  -29.353  64.966 0.0000000000
57322  -11.781  -29.898  65.157 0.0000000000
56114  -11.335  -30.437  65.947 0.0000000000
54963  -11.258  -31.116  65.549 0.0000000000
75929  -5.160  -14.300  56.710 0.0000000000
73650  -4.780  -16.905  57.690 0.0000000000
74836  -4.639  -15.622  57.055 0.0000000000
74851  -3.645  -16.178  56.671 0.0000000000
72402  -3.909  -17.320  54.725 0.0000000000
70067  -3.483  -19.636  54.480 0.0000000000
68965  -2.252  -20.881  52.978 0.0000000000
65378  -3.943  -23.182  57.140 0.0000000000
64350  -3.904  -23.789  57.288 0.0000000000
65396  -3.743  -23.004  55.805 0.0000000000
61030  -3.848  -26.905  55.433 0.0000000000
63277  -3.429  -24.897  55.812 0.0000000000
66486  -3.715  -22.203  55.606 0.0000000000
65409  -3.228  -23.001  54.549 0.0000000000
65431  -1.965  -22.580  53.198 0.0000000000
66531  -2.461  -22.325  51.911 0.0000000000
65456  -4.284  -24.002  50.927 0.0000000000
61964  -8.154  -26.521  71.601 0.0000000000
63096  -7.984  -25.491  71.307 0.0000000000
63094  -6.686  -25.582  70.395 0.0000000000
59596  -5.279  -27.784  70.805 0.0000000000
60808  -4.892  -26.808  70.445 0.0000000000
64205  -6.232  -24.807  69.860 0.0000000000
64220  -5.567  -24.654  69.684 0.0000000000
64237  -4.590  -24.233  68.983 0.0000000000
64262  -5.320  -23.675  68.341 0.0000000000
64270  -6.126  -23.936  67.107 0.0000000000
63159  -7.423  -26.175  66.492 0.0000000000
60877  -7.551  -27.239  64.858 0.0000000000
60891  -6.029  -29.537  65.361 0.0000000000
60906  -6.868  -29.156  64.520 0.0000000000
60918  -7.774  -28.756  63.409 0.0000000000
59791  -7.671  -29.997  62.342 0.0000000000
57389  -7.640  -31.085  60.566 0.0000000000
56217  -7.640  -32.016  59.631 0.0000000000
52847  -3.946  -34.188  64.958 0.0000000000
52853  -3.593  -33.943  64.067 0.0000000000
52858  -3.541  -34.113  62.830 0.0000000000
53923  -3.667  -33.312  62.223 0.0000000000
53935  -3.971  -33.457  61.246 0.0000000000
52883  -4.526  -34.770  60.126 0.0000000000
55035  -5.345  -33.166  61.053 0.0000000000
55051  -5.893  -33.516  60.119 0.0000000000
55070  -6.543  -33.575  59.258 0.0000000000
55090  -7.124  -33.845  58.458 0.0000000000
52928  -7.750  -35.139  57.608 0.0000000000
50704  -7.889  -37.031  56.569 0.0000000000
73495  -36.067  -14.891  64.975 0.0000000000
73482  -36.691  -14.296  65.641 0.0000000000
73510  -36.064  -15.373  64.422 0.0000000000
74735  -35.287  -14.538  65.466 0.0000000000
74748  -35.373  -14.884  64.644 0.0000000000
74722  -35.962  -14.357  66.081 0.0000000000
94274  -54.179  1.659  43.735 0.0000000000
94275  -55.146  2.072  43.766 0.0000000000
93131  -52.842  1.228  43.406 0.0000000000
94280  -52.337  1.582  42.874 0.0000000000
94281  -53.283  1.898  43.181 0.0000000000
83763  -43.335  -8.314  53.658 0.0000000000
81512  -43.414  -9.623  52.579 0.0000000000
81529  -42.902  -9.585  52.141 0.0000000000
82695  -43.340  -8.878  52.891 0.0000000000
57423  -8.911  -31.144  58.515 0.0000000000
56237  -8.972  -31.707  57.742 0.0000000000
55073  -8.813  -32.254  57.572 0.0000000000
55092  -8.960  -32.741  57.267 0.0000000000
51725  -9.101  -33.643  65.413 0.0000000000
65280  -4.383  -23.037  67.204 0.0000000000
88536  -49.024  -2.709  49.005 0.0000000000
87342  -50.066  -3.024  49.500 0.0000000000
88528  -49.415  -2.517  50.610 0.0000000000
89682  -48.137  -2.162  49.355 0.0000000000
58453  -16.415  -27.747  70.957 0.0000000000
58452  -15.486  -27.662  70.954 0.0000000000
58467  -15.955  -27.707  70.214 0.0000000000
59754  -23.180  -28.647  64.741 0.0000000000
145350  -21.511  -28.483  64.611 0.0000000000
68967  -4.169  -19.987  52.175 0.0000000000
67681  -3.174  -21.216  58.853 0.0000000000
67702  -3.682  -20.726  58.534 0.0000000000
56334  -6.713  -30.638  51.841 0.0000000000
63114  -10.419  -25.166  71.599 0.0000000000
53892  -3.678  -33.126  66.361 0.0000000000
54962  -3.397  -32.588  66.766 0.0000000000
54979  -3.493  -32.580  65.276 0.0000000000
53906  -3.561  -33.242  64.881 0.0000000000
72315  -39.178  -16.250  60.584 0.0000000000
72316  -40.187  -16.527  60.442 0.0000000000
69991  -31.398  -17.947  65.305 0.0000000000
71090  -31.497  -17.768  65.830 0.0000000000
100829  -55.450  6.743  41.981 0.0000000000
98814  -54.634  5.627  42.034 0.0000000000
99816  -54.032  6.137  42.134 0.0000000000
99805  -54.293  6.709  42.304 0.0000000000
100818  -54.061  7.380  42.505 0.0000000000
88479  -46.214  -2.383  53.812 0.0000000000
88498  -44.713  -3.077  52.774 0.0000000000
88497  -44.217  -3.359  52.324 0.0000000000
88516  -45.283  -2.539  52.200 0.0000000000
78061  -4.762  -13.315  56.186 0.0000000000
77001  -4.209  -13.788  56.504 0.0000000000
75965  -2.814  -14.927  55.680 0.0000000000
75950  -3.434  -14.891  56.591 0.0000000000
62113  -8.538  -25.509  59.222 0.0000000000
56314  -10.171  -31.562  53.892 0.0000000000
57478  -9.366  -30.173  54.220 0.0000000000
56313  -9.722  -31.316  53.392 0.0000000000
56312  -9.219  -31.009  52.953 0.0000000000
55131  -9.688  -32.052  52.985 0.0000000000
54028  -9.297  -32.629  52.323 0.0000000000
54029  -9.722  -32.709  52.573 0.0000000000
56058  -9.156  -30.173  69.652 0.0000000000
56057  -8.566  -30.353  69.681 0.0000000000
56062  -8.748  -30.611  69.244 0.0000000000
51674  -6.025  -33.129  67.814 0.0000000000
77072  -44.284  -13.233  53.242 0.0000000000
72406  -36.795  -16.427  54.365 0.0000000000
76017  -43.341  -14.032  51.500 0.0000000000
77088  -43.576  -13.006  51.834 0.0000000000
61994  -28.486  -24.589  70.234 0.0000000000
61993  -28.164  -25.011  70.023 0.0000000000
60827  -27.768  -25.465  69.692 0.0000000000
60836  -27.519  -25.285  68.880 0.0000000000
67559  -30.573  -20.557  68.537 0.0000000000
66344  -30.510  -21.237  68.811 0.0000000000
66353  -30.498  -21.968  67.782 0.0000000000
57383  -24.768  -26.948  61.658 0.0000000000
59784  -25.645  -25.943  62.998 0.0000000000
57370  -24.710  -27.422  61.827 0.0000000000
56172  -25.017  -27.947  61.992 0.0000000000
56188  -24.335  -28.659  61.002 0.0000000000
55039  -23.547  -28.762  60.303 0.0000000000
55056  -23.916  -28.657  59.673 0.0000000000
66392  -3.206  -22.435  64.005 0.0000000000
67620  -2.976  -21.448  63.768 0.0000000000
66403  -3.077  -22.315  63.073 0.0000000000
65333  -3.856  -23.527  62.460 0.0000000000
63187  -8.513  -26.209  63.572 0.0000000000
62054  -8.647  -26.962  63.173 0.0000000000
60909  -8.308  -27.577  63.394 0.0000000000
89722  -52.266  -2.449  45.853 0.0000000000
89711  -52.525  -2.638  46.428 0.0000000000
88602  -51.304  -2.950  45.637 0.0000000000
88615  -50.504  -3.107  44.801 0.0000000000
88616  -51.045  -2.791  45.080 0.0000000000
89736  -51.464  -2.366  45.062 0.0000000000
57285  -10.794  -29.083  67.889 0.0000000000
57296  -10.609  -29.590  67.577 0.0000000000
56097  -10.571  -30.054  67.141 0.0000000000
56098  -10.923  -30.127  66.712 0.0000000000
62087  -17.341  -25.759  61.040 0.0000000000
62071  -17.067  -25.819  62.103 0.0000000000
62033  -13.999  -26.647  64.308 0.0000000000
62034  -14.974  -26.336  64.709 0.0000000000
62021  -14.212  -26.595  65.140 0.0000000000
60861  -14.979  -26.705  66.584 0.0000000000
74821  -6.950  -16.094  58.122 0.0000000000
67753  -4.542  -21.074  56.242 0.0000000000
68922  -4.652  -20.558  56.322 0.0000000000
68921  -4.437  -20.446  55.693 0.0000000000
61007  -5.610  -26.422  56.425 0.0000000000
59858  -5.175  -26.646  56.120 0.0000000000
62202  -3.755  -26.264  52.418 0.0000000000
63299  -3.130  -25.307  52.888 0.0000000000
63323  -4.174  -25.624  51.571 0.0000000000
62215  -4.638  -26.583  51.853 0.0000000000
65243  -8.255  -23.419  70.182 0.0000000000
65229  -6.854  -23.818  69.930 0.0000000000
57259  -5.179  -29.743  69.849 0.0000000000
59654  -4.423  -28.238  68.593 0.0000000000
60832  -5.023  -27.114  68.010 0.0000000000
60840  -6.098  -27.671  67.584 0.0000000000
59696  -4.996  -28.302  66.976 0.0000000000
57353  -5.043  -31.133  62.342 0.0000000000
57354  -5.502  -31.046  62.349 0.0000000000
57364  -5.181  -31.734  61.855 0.0000000000
57376  -5.899  -31.603  61.300 0.0000000000
57375  -5.264  -31.930  61.417 0.0000000000
47065  -3.761  -39.054  61.500 0.0000000000
48296  -3.816  -38.010  61.876 0.0000000000
48303  -3.788  -38.184  60.930 0.0000000000
72247  -38.253  -15.434  63.009 0.0000000000
73557  -35.270  -15.671  61.909 0.0000000000
73575  -36.216  -15.680  61.231 0.0000000000
73558  -36.521  -15.582  62.250 0.0000000000
72230  -37.078  -15.487  63.283 0.0000000000
72245  -37.065  -15.555  62.714 0.0000000000
72246  -37.600  -15.485  62.865 0.0000000000
72265  -38.175  -15.527  62.267 0.0000000000
73509  -32.335  -15.758  65.241 0.0000000000
73524  -32.049  -16.099  64.813 0.0000000000
73526  -35.181  -15.402  63.651 0.0000000000
74771  -34.288  -15.353  63.597 0.0000000000
74746  -33.153  -15.221  65.525 0.0000000000
74733  -32.749  -15.181  66.179 0.0000000000
96657  -55.154  3.892  42.458 0.0000000000
96658  -55.912  4.124  42.008 0.0000000000
96648  -55.686  3.668  42.548 0.0000000000
90824  -50.348  -0.970  42.323 0.0000000000
91982  -50.018  -0.468  41.832 0.0000000000
91995  -50.156  0.166  41.839 0.0000000000
94296  -51.008  1.982  41.864 0.0000000000
94295  -50.575  1.745  41.501 0.0000000000
95497  -50.821  2.302  41.452 0.0000000000
95496  -50.383  2.377  40.954 0.0000000000
96665  -50.769  2.812  41.148 0.0000000000
96653  -50.867  3.487  41.210 0.0000000000
96646  -53.638  3.223  42.484 0.0000000000
96655  -53.053  3.316  42.063 0.0000000000
96656  -54.096  3.784  42.423 0.0000000000
97764  -54.519  4.750  42.102 0.0000000000
86120  -44.149  -5.339  53.843 0.0000000000
86105  -44.826  -5.450  54.450 0.0000000000
84931  -44.391  -6.420  54.389 0.0000000000
83766  -45.892  -7.460  54.961 0.0000000000
83749  -45.900  -6.930  54.976 0.0000000000
83767  -46.370  -7.553  55.373 0.0000000000
79374  -41.398  -11.357  49.810 0.0000000000
80408  -41.506  -10.310  50.320 0.0000000000
82724  -41.748  -8.877  51.272 0.0000000000
81548  -41.477  -9.481  50.472 0.0000000000
82723  -41.446  -8.684  50.672 0.0000000000
82740  -41.102  -8.358  49.857 0.0000000000
83799  -41.420  -7.927  51.060 0.0000000000
83811  -41.396  -7.429  51.035 0.0000000000
83800  -41.584  -7.598  51.714 0.0000000000
84951  -43.223  -6.505  54.050 0.0000000000
84950  -42.278  -6.018  53.165 0.0000000000
59818  -9.713  -28.451  59.287 0.0000000000
59828  -10.107  -28.478  58.023 0.0000000000
56238  -9.643  -31.191  57.117 0.0000000000
57425  -9.934  -30.646  56.998 0.0000000000
56256  -10.038  -31.421  56.427 0.0000000000
56272  -10.347  -31.561  55.698 0.0000000000
55109  -10.326  -32.438  55.602 0.0000000000
54015  -10.490  -32.950  54.629 0.0000000000
54004  -10.092  -33.509  55.510 0.0000000000
52945  -9.744  -34.891  55.327 0.0000000000
51881  -9.161  -35.786  55.665 0.0000000000
51886  -9.023  -36.467  55.444 0.0000000000
53852  -8.952  -31.816  67.896 0.0000000000
53851  -8.561  -32.070  68.102 0.0000000000
52793  -8.987  -32.424  67.571 0.0000000000
72408  -38.746  -16.580  54.380 0.0000000000
72409  -39.688  -16.642  54.548 0.0000000000
72425  -40.671  -16.492  53.746 0.0000000000
72463  -40.139  -16.595  51.956 0.0000000000
72464  -40.545  -16.408  51.103 0.0000000000
73724  -42.707  -16.021  53.736 0.0000000000
73749  -42.262  -15.777  52.571 0.0000000000
65227  -30.252  -22.642  71.646 0.0000000000
66304  -30.471  -22.036  71.415 0.0000000000
65316  -28.775  -22.668  65.055 0.0000000000
64285  -28.913  -22.749  65.846 0.0000000000
64290  -28.267  -23.507  64.635 0.0000000000
102992  -50.353  9.526  42.810 0.0000000000
104160  -49.860  10.577  41.824 0.0000000000
104161  -50.335  10.844  42.454 0.0000000000
106288  -51.031  12.348  42.010 0.0000000000
105214  -50.619  11.914  41.419 0.0000000000
105215  -51.109  12.246  41.059 0.0000000000
105261  -51.556  11.357  39.065 0.0000000000
106335  -52.103  12.255  40.176 0.0000000000
106318  -51.992  12.459  40.705 0.0000000000
66385  -3.174  -22.633  64.921 0.0000000000
64277  -5.912  -23.689  65.914 0.0000000000
88565  -50.746  -3.359  47.434 0.0000000000
88566  -51.711  -3.283  47.583 0.0000000000
88550  -51.137  -3.351  48.381 0.0000000000
88559  -45.565  -2.682  47.611 0.0000000000
88561  -47.415  -2.924  47.233 0.0000000000
88578  -46.779  -3.263  46.678 0.0000000000
88597  -47.097  -3.702  45.946 0.0000000000
88598  -48.042  -3.762  45.831 0.0000000000
88564  -49.874  -3.387  47.364 0.0000000000
88581  -49.408  -3.541  46.522 0.0000000000
59625  -14.701  -27.507  71.429 0.0000000000
59781  -13.482  -28.474  62.368 0.0000000000
72345  -4.746  -18.059  58.934 0.0000000000
67703  -4.060  -21.004  58.052 0.0000000000
68890  -4.479  -20.294  57.636 0.0000000000
67721  -4.712  -20.619  56.588 0.0000000000
66455  -4.325  -22.180  56.786 0.0000000000
58688  -5.212  -28.062  54.361 0.0000000000
58728  -4.803  -29.007  52.543 0.0000000000
59930  -4.435  -28.137  52.923 0.0000000000
58738  -5.525  -29.205  51.849 0.0000000000
64224  -9.931  -24.053  70.681 0.0000000000
65232  -9.610  -23.905  70.597 0.0000000000
65231  -9.191  -23.835  70.568 0.0000000000
64209  -8.659  -24.336  70.875 0.0000000000
56081  -4.185  -31.300  69.273 0.0000000000
56106  -3.469  -31.178  66.972 0.0000000000
58496  -3.925  -29.285  67.340 0.0000000000
58518  -4.047  -29.880  65.971 0.0000000000
57313  -3.656  -30.465  65.541 0.0000000000
56128  -3.650  -31.424  64.120 0.0000000000
56137  -3.806  -31.513  63.114 0.0000000000
55001  -3.730  -32.387  62.669 0.0000000000
72378  -36.697  -16.343  56.385 0.0000000000
73669  -36.895  -16.384  56.815 0.0000000000
73596  -36.891  -15.719  60.575 0.0000000000
73621  -36.714  -15.852  59.433 0.0000000000
72334  -37.635  -15.824  60.077 0.0000000000
72349  -38.545  -16.300  58.704 0.0000000000
72363  -38.518  -16.498  57.635 0.0000000000
72364  -39.486  -16.600  57.469 0.0000000000
72365  -40.467  -16.613  57.401 0.0000000000
72261  -31.989  -16.960  62.196 0.0000000000
71039  -31.439  -18.263  69.406 0.0000000000
69924  -31.128  -18.856  69.208 0.0000000000
69934  -30.961  -18.769  68.702 0.0000000000
73471  -31.678  -16.249  67.474 0.0000000000
69974  -30.917  -18.624  66.990 0.0000000000
71058  -31.038  -17.982  67.530 0.0000000000
69958  -30.835  -19.012  67.147 0.0000000000
68769  -30.676  -19.533  67.671 0.0000000000
67602  -30.398  -20.226  66.521 0.0000000000
67601  -30.164  -20.812  66.439 0.0000000000
66396  -29.071  -21.360  64.381 0.0000000000
102974  -54.665  9.452  43.183 0.0000000000
97761  -51.238  4.356  41.393 0.0000000000
98810  -50.470  5.339  41.420 0.0000000000
99802  -52.170  6.998  42.357 0.0000000000
99813  -50.827  6.408  41.790 0.0000000000
100827  -51.115  7.203  42.274 0.0000000000
100814  -50.703  7.964  42.458 0.0000000000
101851  -50.881  8.603  42.772 0.0000000000
100815  -51.412  7.828  42.587 0.0000000000
101838  -53.213  8.832  43.330 0.0000000000
101839  -54.144  8.801  43.135 0.0000000000
102973  -53.649  9.602  43.777 0.0000000000
89660  -47.677  -1.696  51.253 0.0000000000
89661  -48.411  -1.964  51.160 0.0000000000
88518  -48.070  -1.832  51.829 0.0000000000
89632  -46.725  -2.178  54.302 0.0000000000
86087  -46.411  -5.257  55.191 0.0000000000
87274  -46.041  -4.341  54.818 0.0000000000
86146  -41.725  -5.412  50.816 0.0000000000
86153  -41.275  -5.523  49.817 0.0000000000
88524  -43.597  -3.174  50.454 0.0000000000
88534  -43.199  -3.272  49.696 0.0000000000
89688  -44.756  -2.511  49.661 0.0000000000
90748  -46.310  -1.713  51.381 0.0000000000
89670  -46.880  -1.616  50.667 0.0000000000
89681  -47.190  -1.831  49.631 0.0000000000
58584  -20.531  -27.401  61.490 0.0000000000
59821  -19.565  -26.468  60.284 0.0000000000
75971  -4.008  -14.419  54.701 0.0000000000
73713  -4.679  -16.231  54.107 0.0000000000
72417  -4.610  -17.408  54.078 0.0000000000
71194  -4.634  -18.306  53.760 0.0000000000
63227  -5.872  -24.114  58.834 0.0000000000
60969  -7.753  -25.958  57.624 0.0000000000
60968  -6.913  -25.640  57.787 0.0000000000
60988  -7.046  -26.158  56.925 0.0000000000
60987  -6.148  -26.123  57.066 0.0000000000
60971  -9.332  -26.925  57.503 0.0000000000
60992  -9.868  -27.715  56.663 0.0000000000
58670  -9.079  -28.970  54.665 0.0000000000
59862  -8.823  -27.876  55.458 0.0000000000
58646  -8.142  -28.047  54.855 0.0000000000
58668  -7.432  -28.324  54.430 0.0000000000
57456  -7.042  -28.620  54.108 0.0000000000
57457  -7.711  -28.836  53.978 0.0000000000
56311  -8.535  -30.718  52.689 0.0000000000
56288  -7.856  -29.857  53.050 0.0000000000
51891  -10.066  -35.049  53.360 0.0000000000
51896  -9.960  -34.567  52.691 0.0000000000
51895  -9.542  -35.408  52.721 0.0000000000
60788  -9.201  -27.365  71.946 0.0000000000
60811  -9.345  -28.027  71.839 0.0000000000
57249  -7.913  -29.898  70.549 0.0000000000
58429  -7.873  -29.213  71.014 0.0000000000
54912  -6.725  -30.854  69.564 0.0000000000
53837  -7.773  -31.765  68.831 0.0000000000
52766  -7.304  -32.181  68.722 0.0000000000
52775  -5.676  -32.501  68.864 0.0000000000
52764  -6.056  -32.097  68.704 0.0000000000
53840  -5.592  -32.460  69.306 0.0000000000
54915  -5.562  -31.775  69.585 0.0000000000
53839  -5.489  -32.518  69.697 0.0000000000
52815  -4.753  -34.481  67.573 0.0000000000
52814  -4.539  -33.881  67.882 0.0000000000
52827  -4.071  -33.597  67.063 0.0000000000
80372  -44.077  -11.029  53.409 0.0000000000
71199  -38.343  -16.665  53.114 0.0000000000
71198  -37.712  -16.793  52.713 0.0000000000
71217  -38.012  -16.915  52.120 0.0000000000
76036  -41.603  -14.144  49.710 0.0000000000
77102  -41.363  -13.459  49.429 0.0000000000
78150  -43.337  -12.287  51.992 0.0000000000
79363  -42.840  -11.741  51.464 0.0000000000
79350  -43.133  -11.508  52.038 0.0000000000
80370  -43.376  -10.421  52.457 0.0000000000
59709  -25.703  -26.687  67.275 0.0000000000
59689  -25.858  -26.828  68.289 0.0000000000
59725  -25.077  -27.396  65.826 0.0000000000
59724  -24.613  -27.851  65.576 0.0000000000
65262  -30.319  -22.459  69.098 0.0000000000
65252  -30.095  -21.609  69.898 0.0000000000
64247  -30.103  -22.989  69.633 0.0000000000
63144  -29.593  -23.503  68.651 0.0000000000
64278  -28.660  -23.445  66.063 0.0000000000
63170  -28.748  -23.620  66.613 0.0000000000
62050  -28.158  -24.757  65.102 0.0000000000
60901  -26.883  -25.735  64.802 0.0000000000
60888  -27.855  -25.329  65.757 0.0000000000
60887  -27.477  -25.597  65.832 0.0000000000
62012  -27.875  -24.900  67.429 0.0000000000
60869  -26.876  -25.870  66.252 0.0000000000
59757  -25.743  -26.674  64.654 0.0000000000
57336  -24.189  -28.330  62.783 0.0000000000
57337  -24.346  -27.995  63.341 0.0000000000
145356  -23.834  -28.819  62.927 0.0000000000
145354  -23.617  -28.839  63.253 0.0000000000
56154  -22.668  -28.950  62.151 0.0000000000
56153  -21.945  -28.862  62.095 0.0000000000
56168  -22.645  -28.978  61.497 0.0000000000
56220  -22.023  -28.661  59.115 0.0000000000
57394  -21.671  -28.201  59.790 0.0000000000
105263  -53.381  11.545  38.854 0.0000000000
104230  -53.366  10.421  37.814 0.0000000000
103078  -53.652  9.706  37.170 0.0000000000
100880  -54.904  9.154  35.099 0.0000000000
100869  -55.355  9.515  35.622 0.0000000000
71153  -4.656  -19.137  60.219 0.0000000000
70036  -3.202  -19.445  59.599 0.0000000000
70032  -3.160  -19.103  60.536 0.0000000000
70010  -3.505  -19.596  63.187 0.0000000000
70021  -3.505  -19.557  62.198 0.0000000000
66411  -3.224  -22.576  61.422 0.0000000000
67644  -2.654  -21.161  61.699 0.0000000000
66419  -3.029  -22.029  61.314 0.0000000000
67660  -2.917  -21.623  60.871 0.0000000000
66420  -3.276  -22.506  60.569 0.0000000000
64306  -4.318  -23.781  61.189 0.0000000000
63206  -6.029  -23.700  60.719 0.0000000000
63207  -6.817  -23.794  60.937 0.0000000000
62080  -7.362  -24.135  60.634 0.0000000000
63208  -7.668  -23.926  61.531 0.0000000000
63184  -7.161  -23.652  63.408 0.0000000000
63198  -8.689  -25.476  62.744 0.0000000000
63210  -8.596  -25.021  62.249 0.0000000000
62082  -9.081  -25.388  61.405 0.0000000000
59793  -8.689  -28.516  61.666 0.0000000000
59794  -9.147  -28.119  61.063 0.0000000000
59807  -8.891  -28.927  60.742 0.0000000000
57391  -8.768  -30.166  59.678 0.0000000000
91960  -52.723  -0.412  44.465 0.0000000000
91961  -53.512  -0.148  44.525 0.0000000000
90799  -53.367  -1.157  45.043 0.0000000000
87408  -48.911  -4.194  44.318 0.0000000000
87418  -48.613  -4.445  43.703 0.0000000000
88624  -50.293  -2.978  43.898 0.0000000000
87426  -49.863  -3.990  42.828 0.0000000000
88630  -50.374  -3.207  43.001 0.0000000000
88638  -49.885  -3.491  42.139 0.0000000000
89759  -50.305  -2.252  42.376 0.0000000000
90807  -51.514  -0.989  44.143 0.0000000000
90808  -52.071  -0.468  44.228 0.0000000000
91967  -52.315  0.189  43.944 0.0000000000
60813  -10.825  -27.859  71.309 0.0000000000
58449  -10.366  -28.913  70.781 0.0000000000
58450  -10.519  -29.040  70.326 0.0000000000
60821  -12.479  -27.807  70.588 0.0000000000
57271  -10.453  -29.369  69.030 0.0000000000
56065  -10.041  -29.861  68.935 0.0000000000
56070  -9.732  -30.368  68.467 0.0000000000
56083  -9.953  -30.320  68.021 0.0000000000
54956  -10.416  -30.941  66.472 0.0000000000
53864  -9.826  -31.576  67.005 0.0000000000
53876  -10.371  -31.777  66.487 0.0000000000
52818  -10.519  -32.646  66.067 0.0000000000
58557  -20.084  -27.192  62.799 0.0000000000
58544  -20.010  -27.349  63.607 0.0000000000
59770  -19.532  -26.852  63.380 0.0000000000
62049  -18.049  -26.284  63.955 0.0000000000
59769  -19.058  -26.712  64.211 0.0000000000
59752  -18.999  -26.799  65.037 0.0000000000
59735  -18.900  -27.039  65.601 0.0000000000
60881  -18.270  -26.745  65.856 0.0000000000
62057  -15.443  -26.174  63.056 0.0000000000
62036  -16.860  -26.317  65.671 0.0000000000
60863  -17.112  -26.722  66.556 0.0000000000
60864  -17.889  -27.089  66.817 0.0000000000
60847  -17.151  -27.222  67.360 0.0000000000
60845  -15.162  -27.054  67.572 0.0000000000
58511  -16.084  -27.477  68.362 0.0000000000
58499  -15.587  -27.501  68.703 0.0000000000
58498  -14.806  -27.406  68.666 0.0000000000
60843  -12.898  -27.484  66.434 0.0000000000
59698  -12.890  -27.491  67.312 0.0000000000
59697  -12.033  -28.116  66.627 0.0000000000
59676  -11.978  -27.886  67.619 0.0000000000
58556  -12.599  -29.349  63.298 0.0000000000
58542  -12.336  -29.372  64.158 0.0000000000
58543  -12.216  -29.712  63.639 0.0000000000
57332  -11.849  -29.946  64.514 0.0000000000
56123  -11.651  -30.513  64.731 0.0000000000
57315  -11.647  -29.910  65.782 0.0000000000
56115  -11.546  -30.476  65.367 0.0000000000
54971  -11.382  -31.434  64.953 0.0000000000
75931  -6.961  -14.609  57.150 0.0000000000
75930  -6.057  -14.540  56.967 0.0000000000
75953  -6.595  -13.890  56.564 0.0000000000
72359  -4.631  -17.879  57.740 0.0000000000
72373  -4.530  -17.690  57.024 0.0000000000
73663  -4.199  -16.860  56.716 0.0000000000
73679  -3.736  -16.819  55.518 0.0000000000
68938  -2.759  -20.516  54.589 0.0000000000
70074  -2.186  -19.986  53.920 0.0000000000
67781  -2.033  -21.343  53.414 0.0000000000
64344  -4.397  -24.452  57.563 0.0000000000
65386  -3.874  -22.903  56.748 0.0000000000
64357  -3.705  -23.846  56.291 0.0000000000
63284  -3.058  -25.040  54.799 0.0000000000
64364  -3.379  -23.994  55.248 0.0000000000
64384  -2.960  -24.361  52.335 0.0000000000
64379  -2.319  -23.861  53.049 0.0000000000
64383  -2.525  -23.749  52.517 0.0000000000
65432  -2.084  -23.146  52.535 0.0000000000
65441  -2.624  -23.096  51.760 0.0000000000
66546  -3.112  -22.527  51.270 0.0000000000
65442  -3.266  -23.665  51.370 0.0000000000
66320  -4.403  -23.072  69.246 0.0000000000
60787  -8.278  -27.443  71.800 0.0000000000
60770  -6.797  -27.146  70.700 0.0000000000
61963  -7.358  -26.604  71.040 0.0000000000
61962  -6.663  -26.514  70.565 0.0000000000
63095  -7.187  -25.715  70.856 0.0000000000
58445  -4.821  -28.715  70.055 0.0000000000
60820  -4.687  -26.929  69.728 0.0000000000
61984  -5.363  -26.000  70.185 0.0000000000
63110  -5.789  -25.300  70.000 0.0000000000
63127  -5.055  -25.198  69.884 0.0000000000
64249  -5.297  -24.460  68.826 0.0000000000
64263  -6.075  -24.110  68.278 0.0000000000
64269  -5.526  -23.486  67.442 0.0000000000
63150  -6.474  -25.180  67.853 0.0000000000
60841  -6.852  -27.164  67.196 0.0000000000
62019  -7.243  -26.645  66.891 0.0000000000
62020  -7.375  -26.668  66.241 0.0000000000
62031  -7.455  -26.691  65.637 0.0000000000
60876  -7.287  -27.504  65.431 0.0000000000
58529  -4.877  -29.603  65.112 0.0000000000
60874  -5.897  -29.262  65.868 0.0000000000
59748  -5.473  -29.641  65.165 0.0000000000
59777  -6.471  -30.088  63.448 0.0000000000
59765  -6.333  -29.698  64.359 0.0000000000
59766  -6.841  -29.433  63.924 0.0000000000
60907  -7.345  -28.744  64.052 0.0000000000
59778  -7.294  -29.511  63.262 0.0000000000
59779  -7.952  -29.075  62.777 0.0000000000
57388  -6.636  -31.753  60.702 0.0000000000
57378  -7.505  -30.911  60.980 0.0000000000
57403  -7.291  -31.771  60.258 0.0000000000
50591  -4.310  -35.415  63.604 0.0000000000
49446  -3.910  -36.946  62.301 0.0000000000
51756  -3.883  -34.855  64.013 0.0000000000
51767  -3.630  -34.801  63.275 0.0000000000
51778  -3.636  -35.081  62.333 0.0000000000
52865  -3.668  -34.277  61.753 0.0000000000
52873  -3.875  -34.419  60.744 0.0000000000
53958  -5.226  -34.259  60.182 0.0000000000
55050  -5.450  -33.664  60.677 0.0000000000
53959  -5.595  -34.432  59.673 0.0000000000
53970  -6.022  -34.563  59.213 0.0000000000
53986  -7.733  -34.511  57.791 0.0000000000
73529  -37.158  -14.997  64.131 0.0000000000
73512  -37.480  -14.769  64.609 0.0000000000
73496  -36.760  -14.911  64.940 0.0000000000
73483  -37.054  -14.107  65.663 0.0000000000
73527  -35.971  -15.648  63.795 0.0000000000
73528  -36.691  -15.358  63.878 0.0000000000
74708  -34.530  -14.114  66.542 0.0000000000
74721  -34.871  -14.319  66.147 0.0000000000
95480  -54.391  3.189  42.814 0.0000000000
95481  -55.282  3.366  42.846 0.0000000000
94283  -54.942  2.872  43.338 0.0000000000
91974  -51.404  0.215  43.130 0.0000000000
93137  -51.153  0.825  42.584 0.0000000000
94279  -51.728  1.160  42.850 0.0000000000
94286  -51.560  1.801  42.375 0.0000000000
95487  -52.215  2.574  42.143 0.0000000000
95478  -52.693  2.259  42.605 0.0000000000
95479  -53.418  2.753  42.633 0.0000000000
84930  -43.821  -6.686  54.300 0.0000000000
82677  -45.469  -8.559  54.737 0.0000000000
81528  -42.380  -9.566  51.652 0.0000000000
82707  -42.062  -8.819  51.851 0.0000000000
83801  -42.129  -7.978  52.441 0.0000000000
83785  -41.627  -7.046  52.753 0.0000000000
83787  -43.081  -7.604  54.072 0.0000000000
56255  -9.383  -31.941  57.053 0.0000000000
53989  -9.910  -33.127  56.135 0.0000000000
53988  -9.480  -33.373  56.517 0.0000000000
54002  -8.450  -34.744  57.063 0.0000000000
52817  -9.926  -33.070  66.686 0.0000000000
52816  -9.122  -33.244  67.002 0.0000000000
51709  -8.848  -33.540  66.226 0.0000000000
72399  -40.544  -16.556  55.414 0.0000000000
72411  -41.235  -16.476  54.446 0.0000000000
73747  -41.116  -16.374  53.389 0.0000000000
71017  -30.551  -18.939  70.937 0.0000000000
64298  -27.642  -23.619  63.763 0.0000000000
104148  -51.162  10.771  43.581 0.0000000000
104162  -50.733  10.948  43.040 0.0000000000
105200  -51.438  11.867  43.549 0.0000000000
106268  -52.800  12.412  44.058 0.0000000000
66374  -3.380  -22.681  65.891 0.0000000000
65296  -4.039  -23.289  66.328 0.0000000000
64276  -5.321  -23.513  66.379 0.0000000000
88538  -50.510  -3.247  48.949 0.0000000000
87331  -50.627  -2.999  50.159 0.0000000000
89700  -46.419  -2.339  48.149 0.0000000000
89701  -47.294  -2.490  47.917 0.0000000000
89702  -47.941  -2.740  47.758 0.0000000000
88562  -48.221  -3.084  47.220 0.0000000000
88547  -48.662  -2.784  47.950 0.0000000000
88548  -49.473  -3.021  48.112 0.0000000000
58434  -15.784  -27.664  71.795 0.0000000000
59707  -24.229  -28.180  66.415 0.0000000000
71204  -5.297  -18.105  53.427 0.0000000000
70100  -5.125  -18.518  53.127 0.0000000000
56309  -6.911  -29.784  52.840 0.0000000000
57528  -5.975  -29.971  52.371 0.0000000000
57533  -6.012  -30.097  51.783 0.0000000000
64211  -10.160  -24.560  71.084 0.0000000000
54955  -3.562  -32.698  67.489 0.0000000000
56095  -3.513  -32.274  67.939 0.0000000000
56112  -3.248  -31.893  66.464 0.0000000000
56113  -3.415  -31.185  66.060 0.0000000000
54970  -3.439  -32.119  65.363 0.0000000000
54980  -3.573  -32.247  64.702 0.0000000000
72314  -38.312  -15.855  60.748 0.0000000000
73622  -39.901  -16.453  58.880 0.0000000000
73573  -33.617  -16.191  61.646 0.0000000000
72190  -31.396  -17.339  66.996 0.0000000000
71069  -31.093  -18.351  66.497 0.0000000000
68800  -30.657  -19.221  66.010 0.0000000000
101855  -54.818  8.185  42.528 0.0000000000
98812  -52.709  5.374  41.769 0.0000000000
99815  -53.108  6.156  42.074 0.0000000000
99803  -52.694  6.881  42.338 0.0000000000
100816  -52.237  7.568  42.612 0.0000000000
100817  -53.155  7.465  42.613 0.0000000000
89647  -46.446  -1.751  52.255 0.0000000000
88500  -47.065  -1.674  52.563 0.0000000000
89612  -46.755  -2.398  54.600 0.0000000000
87314  -42.227  -4.498  51.344 0.0000000000
87315  -43.144  -4.004  51.718 0.0000000000
88514  -44.002  -3.194  51.644 0.0000000000
88525  -44.292  -2.862  50.824 0.0000000000
89678  -44.733  -2.628  50.388 0.0000000000
89657  -45.257  -2.499  51.442 0.0000000000
89658  -45.718  -2.052  51.603 0.0000000000
58621  -20.486  -27.209  59.481 0.0000000000
75966  -3.488  -14.414  55.568 0.0000000000
74855  -3.098  -15.976  55.063 0.0000000000
73696  -3.904  -17.010  54.585 0.0000000000
62095  -6.778  -24.210  59.927 0.0000000000
62111  -7.112  -24.835  59.244 0.0000000000
60953  -7.616  -25.440  58.602 0.0000000000
58672  -10.022  -29.885  55.381 0.0000000000
59864  -9.851  -28.753  55.929 0.0000000000
58671  -9.619  -29.438  55.085 0.0000000000
57459  -9.170  -29.580  54.458 0.0000000000
57477  -8.877  -29.756  53.848 0.0000000000
57476  -8.099  -29.409  53.576 0.0000000000
55146  -9.014  -32.264  52.293 0.0000000000
54042  -9.173  -33.123  52.042 0.0000000000
59601  -9.422  -29.100  71.261 0.0000000000
59600  -9.088  -28.932  71.418 0.0000000000
57250  -8.626  -29.908  70.403 0.0000000000
56056  -7.955  -30.340  69.920 0.0000000000
52777  -6.965  -32.617  68.533 0.0000000000
52788  -5.652  -33.175  68.292 0.0000000000
51689  -5.383  -34.242  68.036 0.0000000000
51704  -4.812  -34.049  67.162 0.0000000000
78151  -43.596  -12.508  52.303 0.0000000000
79336  -44.437  -11.782  53.582 0.0000000000
78142  -43.961  -12.508  53.033 0.0000000000
71231  -38.395  -17.037  51.602 0.0000000000
74909  -42.035  -14.973  50.718 0.0000000000
74922  -42.353  -14.574  50.597 0.0000000000
76027  -42.662  -14.071  50.665 0.0000000000
77095  -42.784  -13.527  50.773 0.0000000000
77086  -42.771  -13.003  50.878 0.0000000000
78160  -43.402  -12.749  51.750 0.0000000000
60826  -27.231  -25.878  69.282 0.0000000000
59710  -26.388  -26.185  67.823 0.0000000000
59727  -26.282  -26.188  66.718 0.0000000000
68727  -30.931  -19.766  69.421 0.0000000000
68719  -31.078  -19.990  69.959 0.0000000000
65275  -30.487  -21.981  68.630 0.0000000000
64264  -29.948  -22.971  68.196 0.0000000000
60913  -26.913  -25.411  64.124 0.0000000000
59772  -26.258  -25.714  63.928 0.0000000000
58561  -25.514  -26.493  63.758 0.0000000000
58549  -25.697  -26.576  64.246 0.0000000000
57359  -24.012  -26.746  62.466 0.0000000000
56142  -24.470  -28.049  62.544 0.0000000000
56170  -24.163  -28.887  61.752 0.0000000000
56185  -22.575  -28.800  60.549 0.0000000000
56186  -23.256  -28.911  60.931 0.0000000000
103052  -50.541  10.149  38.375 0.0000000000
67631  -2.857  -21.311  62.812 0.0000000000
66410  -2.970  -22.218  62.063 0.0000000000
65343  -3.289  -22.764  61.803 0.0000000000
63175  -7.317  -23.996  64.602 0.0000000000
63185  -7.857  -24.356  63.730 0.0000000000
60921  -9.227  -27.133  61.811 0.0000000000
60920  -8.733  -27.661  62.460 0.0000000000
89738  -52.800  -1.511  45.167 0.0000000000
89723  -53.189  -1.921  45.699 0.0000000000
87391  -49.695  -3.697  45.035 0.0000000000
87409  -49.722  -3.722  44.426 0.0000000000
87410  -50.059  -3.339  44.168 0.0000000000
90797  -51.734  -1.609  44.689 0.0000000000
58464  -12.043  -28.199  69.494 0.0000000000
56072  -10.541  -29.460  68.150 0.0000000000
54933  -9.868  -30.615  67.578 0.0000000000
56084  -10.317  -29.936  67.726 0.0000000000
60923  -19.087  -26.332  62.409 0.0000000000
60912  -19.327  -26.589  62.838 0.0000000000
62046  -14.779  -26.369  63.764 0.0000000000
62047  -15.837  -26.136  64.069 0.0000000000
62023  -15.904  -26.506  66.062 0.0000000000
60862  -16.015  -26.741  66.807 0.0000000000
60833  -14.330  -27.229  67.810 0.0000000000
60844  -13.962  -27.113  67.107 0.0000000000
60858  -12.263  -28.312  65.693 0.0000000000
56130  -11.970  -30.617  63.457 0.0000000000
53894  -11.560  -31.735  63.877 0.0000000000
70044  -4.767  -19.627  56.944 0.0000000000
71172  -4.715  -18.907  56.892 0.0000000000
71174  -4.661  -18.982  56.369 0.0000000000
71179  -4.560  -18.929  55.887 0.0000000000
71178  -4.219  -18.668  55.343 0.0000000000
68939  -3.662  -20.667  55.255 0.0000000000
67767  -2.974  -21.375  54.941 0.0000000000
62142  -5.175  -25.035  57.378 0.0000000000
62158  -4.285  -25.631  57.253 0.0000000000
62171  -3.696  -25.842  56.250 0.0000000000
59916  -3.995  -27.884  53.664 0.0000000000
61037  -3.637  -26.834  54.234 0.0000000000
63292  -2.814  -25.237  53.830 0.0000000000
64387  -3.734  -24.733  51.413 0.0000000000
58414  -6.979  -28.279  70.889 0.0000000000
60786  -7.574  -27.292  71.331 0.0000000000
58413  -6.755  -28.107  70.740 0.0000000000
59585  -6.607  -27.755  70.664 0.0000000000
58479  -4.076  -28.980  68.787 0.0000000000
61995  -4.833  -26.034  69.108 0.0000000000
62010  -6.217  -26.507  68.028 0.0000000000
58554  -5.146  -29.680  63.637 0.0000000000
59764  -5.619  -29.787  64.442 0.0000000000
58567  -5.604  -30.535  62.872 0.0000000000
58579  -6.396  -30.899  62.391 0.0000000000
58580  -7.117  -30.714  62.149 0.0000000000
58591  -6.080  -31.279  61.926 0.0000000000
57387  -5.995  -31.858  60.794 0.0000000000
50622  -3.749  -36.107  61.855 0.0000000000
50637  -3.713  -36.292  60.841 0.0000000000
52897  -5.588  -34.931  59.421 0.0000000000
73594  -35.309  -15.886  60.150 0.0000000000
72263  -37.083  -15.529  62.317 0.0000000000
73559  -37.140  -15.508  61.992 0.0000000000
72289  -38.008  -15.613  61.568 0.0000000000
71107  -31.534  -17.436  65.038 0.0000000000
72229  -31.816  -16.528  64.733 0.0000000000
72244  -32.124  -16.479  63.713 0.0000000000
73541  -33.316  -15.854  63.207 0.0000000000
74770  -33.601  -15.341  64.050 0.0000000000
73556  -34.117  -15.935  62.049 0.0000000000
74793  -34.846  -15.924  61.259 0.0000000000
74719  -32.320  -15.172  66.762 0.0000000000
74720  -33.636  -14.577  66.389 0.0000000000
72217  -31.777  -16.683  65.517 0.0000000000
98822  -55.197  5.775  41.450 0.0000000000
98824  -56.140  5.882  40.988 0.0000000000
97766  -56.014  4.968  41.704 0.0000000000
93148  -50.280  0.842  41.654 0.0000000000
93147  -49.496  0.746  40.880 0.0000000000
94293  -48.962  1.634  40.380 0.0000000000
96652  -50.403  3.714  40.991 0.0000000000
97762  -52.338  4.362  41.638 0.0000000000
87300  -44.539  -4.037  53.480 0.0000000000
88462  -45.562  -3.630  54.381 0.0000000000
86086  -45.675  -5.431  54.916 0.0000000000
84912  -45.258  -6.226  54.696 0.0000000000
84913  -45.976  -6.371  55.043 0.0000000000
82739  -40.543  -8.532  49.216 0.0000000000
83821  -40.870  -7.700  49.490 0.0000000000
84975  -41.471  -6.689  50.919 0.0000000000
86132  -42.424  -4.990  52.332 0.0000000000
87298  -43.202  -4.545  52.631 0.0000000000
87299  -44.009  -4.236  52.936 0.0000000000
77020  -5.466  -13.151  56.187 0.0000000000
62115  -9.487  -26.634  58.857 0.0000000000
60956  -9.797  -27.293  58.588 0.0000000000
57440  -10.225  -30.139  56.966 0.0000000000
58649  -10.197  -29.445  56.064 0.0000000000
58673  -10.203  -30.234  55.494 0.0000000000
56315  -10.441  -31.777  54.413 0.0000000000
55133  -10.482  -32.293  54.135 0.0000000000
54030  -10.484  -33.176  53.197 0.0000000000
54031  -10.564  -32.869  53.905 0.0000000000
52957  -10.347  -34.534  54.115 0.0000000000
51888  -9.997  -35.398  54.124 0.0000000000
50708  -8.957  -36.942  54.503 0.0000000000
54921  -8.986  -30.827  68.786 0.0000000000
54920  -8.626  -31.094  68.824 0.0000000000
53842  -8.367  -31.806  68.435 0.0000000000
52779  -8.235  -32.382  68.161 0.0000000000
52791  -7.901  -32.950  68.005 0.0000000000
52804  -8.733  -33.041  67.428 0.0000000000
52803  -8.233  -33.091  67.644 0.0000000000
51677  -7.773  -33.304  67.562 0.0000000000
51692  -7.284  -33.525  67.113 0.0000000000
76007  -43.649  -14.349  52.281 0.0000000000
75993  -44.019  -14.216  53.109 0.0000000000
74885  -43.983  -14.747  53.281 0.0000000000
72407  -37.766  -16.473  54.221 0.0000000000
71189  -38.521  -16.593  53.705 0.0000000000
72444  -38.916  -16.697  52.846 0.0000000000
72424  -39.762  -16.639  53.734 0.0000000000
72462  -39.114  -16.793  52.092 0.0000000000
71232  -38.994  -17.068  51.080 0.0000000000
71233  -39.888  -16.868  50.934 0.0000000000
71254  -39.788  -16.597  50.152 0.0000000000
72480  -40.316  -16.310  50.440 0.0000000000
73786  -41.224  -15.585  50.726 0.0000000000
73771  -42.009  -15.551  51.589 0.0000000000
73787  -41.910  -15.249  51.089 0.0000000000
74899  -42.471  -15.112  51.320 0.0000000000
63125  -29.146  -23.678  70.816 0.0000000000
63134  -29.102  -24.102  70.036 0.0000000000
65303  -29.776  -22.330  67.048 0.0000000000
64284  -28.612  -23.362  65.607 0.0000000000
62061  -27.680  -24.628  64.203 0.0000000000
63200  -27.397  -24.023  63.736 0.0000000000
62074  -27.319  -24.297  63.740 0.0000000000
62060  -27.176  -25.068  63.868 0.0000000000
59800  -26.051  -25.575  62.503 0.0000000000
58599  -25.327  -26.539  61.464 0.0000000000
145361  -25.381  -27.438  60.641 0.0000000000
104179  -49.867  10.866  40.542 0.0000000000
105225  -50.418  11.506  40.577 0.0000000000
104194  -50.666  10.946  39.234 0.0000000000
105260  -51.037  11.150  39.147 0.0000000000
104228  -51.590  10.479  38.237 0.0000000000
104229  -52.324  10.440  38.009 0.0000000000
105246  -53.037  12.016  39.410 0.0000000000
106303  -52.385  13.066  41.668 0.0000000000
65322  -4.254  -23.415  63.645 0.0000000000
64288  -4.942  -22.773  64.143 0.0000000000
64283  -5.725  -23.318  64.729 0.0000000000
64282  -5.120  -23.314  65.265 0.0000000000
63176  -7.882  -24.949  64.797 0.0000000000
63177  -7.968  -26.077  64.633 0.0000000000
88584  -52.024  -2.920  46.524 0.0000000000
87344  -51.496  -3.423  49.100 0.0000000000
88577  -45.846  -3.180  46.860 0.0000000000
88595  -45.317  -3.463  46.372 0.0000000000
87389  -48.451  -4.072  45.058 0.0000000000
88580  -48.557  -3.473  46.529 0.0000000000
88600  -49.739  -3.629  45.653 0.0000000000
60816  -14.421  -27.251  71.933 0.0000000000
58497  -11.241  -28.584  67.630 0.0000000000
60942  -15.790  -26.644  60.051 0.0000000000
62100  -15.740  -26.227  60.519 0.0000000000
62085  -15.231  -26.260  61.161 0.0000000000
62084  -14.547  -26.732  61.468 0.0000000000
62068  -14.180  -26.862  62.121 0.0000000000
62055  -13.905  -27.084  62.724 0.0000000000
60910  -13.602  -27.732  62.970 0.0000000000
60897  -13.301  -27.628  63.851 0.0000000000
60896  -12.931  -28.118  64.004 0.0000000000
59768  -13.134  -28.508  63.168 0.0000000000
73628  -6.642  -16.965  58.661 0.0000000000
73627  -5.675  -17.188  58.544 0.0000000000
70040  -4.170  -19.416  57.932 0.0000000000
70043  -4.621  -19.692  57.346 0.0000000000
71171  -4.572  -18.840  57.372 0.0000000000
67737  -4.624  -20.875  56.396 0.0000000000
59888  -5.605  -27.562  55.083 0.0000000000
58666  -5.427  -27.778  54.813 0.0000000000
58707  -5.309  -29.257  53.470 0.0000000000
61061  -5.213  -27.538  52.076 0.0000000000
65256  -10.477  -23.053  69.538 0.0000000000
65255  -9.917  -22.887  69.560 0.0000000000
65244  -8.896  -23.337  70.196 0.0000000000
64223  -8.640  -23.778  70.484 0.0000000000
64221  -7.701  -24.233  70.496 0.0000000000
56069  -4.751  -30.963  69.889 0.0000000000
56068  -4.519  -30.602  69.507 0.0000000000
56096  -3.613  -31.364  68.053 0.0000000000
57283  -3.892  -30.278  68.550 0.0000000000
58462  -4.043  -29.523  68.846 0.0000000000
58478  -3.900  -29.160  68.181 0.0000000000
59695  -4.461  -29.078  66.884 0.0000000000
59716  -4.543  -29.552  66.282 0.0000000000
59732  -4.473  -29.739  65.770 0.0000000000
57321  -3.712  -30.517  64.548 0.0000000000
58540  -4.267  -29.889  64.011 0.0000000000
57342  -4.287  -30.868  62.686 0.0000000000
72395  -36.701  -16.400  55.556 0.0000000000
73645  -36.904  -16.022  58.265 0.0000000000
71038  -31.505  -18.426  70.066 0.0000000000
68739  -30.716  -19.787  68.887 0.0000000000
67572  -30.600  -20.438  67.918 0.0000000000
72183  -31.403  -17.197  67.543 0.0000000000
71051  -31.104  -17.983  68.183 0.0000000000
68770  -30.719  -19.193  68.186 0.0000000000
66369  -30.425  -20.945  67.268 0.0000000000
66379  -29.944  -21.447  66.570 0.0000000000
66387  -29.199  -21.703  65.265 0.0000000000
66386  -28.937  -22.207  64.860 0.0000000000
102993  -51.043  9.223  43.132 0.0000000000
101853  -52.735  8.185  43.025 0.0000000000
101837  -52.396  8.899  43.354 0.0000000000
102971  -51.658  9.572  43.530 0.0000000000
102952  -53.017  10.093  44.303 0.0000000000
89672  -48.803  -2.227  50.758 0.0000000000
88463  -46.386  -2.918  54.648 0.0000000000
89679  -45.374  -2.300  50.148 0.0000000000
89689  -45.480  -2.209  49.339 0.0000000000
89690  -46.344  -2.046  49.003 0.0000000000
57345  -21.429  -28.452  62.741 0.0000000000
57334  -20.922  -28.159  63.226 0.0000000000
57344  -20.919  -28.028  62.548 0.0000000000
58570  -20.200  -27.124  62.115 0.0000000000
59798  -19.898  -26.609  61.408 0.0000000000
59811  -19.975  -26.672  60.600 0.0000000000
59810  -19.612  -26.277  61.010 0.0000000000
59797  -19.496  -26.409  61.806 0.0000000000
60933  -19.071  -26.033  61.414 0.0000000000
62088  -18.337  -25.821  60.778 0.0000000000
62102  -17.494  -26.016  60.149 0.0000000000
60958  -16.057  -26.867  59.440 0.0000000000
70083  -3.175  -19.647  53.157 0.0000000000
65360  -3.618  -24.199  58.905 0.0000000000
64330  -4.350  -25.177  58.223 0.0000000000
63226  -5.533  -24.615  58.265 0.0000000000
62125  -5.763  -24.693  57.982 0.0000000000
60951  -6.385  -24.822  58.425 0.0000000000
62126  -6.066  -24.702  58.140 0.0000000000
60986  -5.753  -25.285  57.547 0.0000000000
59836  -6.565  -26.467  56.443 0.0000000000
60955  -9.161  -26.541  58.302 0.0000000000
60970  -8.559  -26.399  57.519 0.0000000000
60990  -8.688  -26.795  56.691 0.0000000000
59863  -9.514  -28.321  55.693 0.0000000000
59839  -8.732  -27.351  56.032 0.0000000000
59838  -7.918  -26.980  56.054 0.0000000000
59860  -7.148  -27.256  55.534 0.0000000000
58644  -6.666  -27.504  55.114 0.0000000000
56287  -7.309  -29.755  52.971 0.0000000000
52969  -10.013  -33.922  52.450 0.0000000000
60809  -8.252  -27.919  71.821 0.0000000000
58448  -8.366  -28.998  71.284 0.0000000000
58447  -8.172  -28.781  71.352 0.0000000000
59617  -7.646  -28.489  71.281 0.0000000000
58428  -7.216  -28.820  70.823 0.0000000000
57247  -6.504  -29.470  70.000 0.0000000000
56053  -6.090  -29.948  69.480 0.0000000000
54919  -8.225  -31.069  69.120 0.0000000000
54918  -7.587  -31.303  69.241 0.0000000000
54913  -7.397  -30.858  69.598 0.0000000000
52765  -6.711  -32.180  68.728 0.0000000000
54916  -6.168  -31.128  69.267 0.0000000000
56061  -6.021  -30.700  69.333 0.0000000000
56060  -5.619  -30.679  69.554 0.0000000000
54931  -4.565  -31.936  69.814 0.0000000000
54930  -4.362  -32.480  69.205 0.0000000000
53862  -4.786  -33.615  68.901 0.0000000000
53861  -4.399  -33.141  68.510 0.0000000000
53860  -4.050  -33.079  68.113 0.0000000000
52839  -4.068  -33.683  65.886 0.0000000000
81513  -43.773  -9.659  53.030 0.0000000000
81492  -44.349  -9.608  53.935 0.0000000000
80347  -44.121  -10.200  53.445 0.0000000000
80348  -44.605  -10.683  54.046 0.0000000000
72422  -37.516  -16.676  53.223 0.0000000000
71197  -37.164  -16.981  52.487 0.0000000000
70110  -37.714  -17.323  51.239 0.0000000000
78176  -41.299  -12.423  49.365 0.0000000000
78166  -41.746  -12.146  50.174 0.0000000000
79361  -41.944  -11.252  50.438 0.0000000000
78158  -42.693  -12.206  50.965 0.0000000000
79362  -42.535  -11.279  51.017 0.0000000000
80392  -42.952  -10.587  51.980 0.0000000000
59688  -25.309  -27.451  67.747 0.0000000000
59687  -24.642  -28.068  67.411 0.0000000000
59740  -24.057  -28.376  65.135 0.0000000000
145353  -23.152  -28.775  64.254 0.0000000000
68707  -30.368  -20.159  70.694 0.0000000000
67519  -30.567  -20.697  70.097 0.0000000000
66305  -30.148  -21.436  70.745 0.0000000000
65237  -30.048  -22.102  70.727 0.0000000000
63135  -29.670  -23.442  70.154 0.0000000000
62004  -28.619  -24.556  68.798 0.0000000000
64271  -29.586  -22.910  67.475 0.0000000000
63153  -29.355  -23.433  67.906 0.0000000000
62038  -28.107  -24.812  66.036 0.0000000000
63152  -28.843  -24.019  67.502 0.0000000000
62013  -28.480  -24.511  67.911 0.0000000000
62003  -27.985  -24.880  68.389 0.0000000000
60849  -26.897  -25.707  67.321 0.0000000000
59742  -25.622  -26.913  65.145 0.0000000000
58547  -24.721  -27.332  63.672 0.0000000000
59756  -25.340  -27.098  64.461 0.0000000000
59741  -24.969  -27.463  64.935 0.0000000000
58534  -24.041  -28.737  64.100 0.0000000000
58522  -23.471  -28.901  64.288 0.0000000000
56140  -22.041  -28.702  63.035 0.0000000000
57357  -21.296  -28.388  62.127 0.0000000000
57369  -21.391  -28.455  61.421 0.0000000000
57380  -21.197  -27.852  60.184 0.0000000000
56184  -22.048  -28.547  60.173 0.0000000000
101919  -53.023  9.201  36.910 0.0000000000
101932  -53.665  8.926  36.373 0.0000000000
103100  -54.302  9.294  36.458 0.0000000000
100901  -55.504  9.338  33.899 0.0000000000
72323  -4.926  -18.682  59.631 0.0000000000
71164  -3.981  -18.507  59.563 0.0000000000
70035  -2.729  -20.597  59.609 0.0000000000
145936  -2.923  -21.373  59.356 0.0000000000
70027  -3.601  -19.211  61.359 0.0000000000
68839  -2.854  -20.078  61.553 0.0000000000
68850  -2.827  -19.553  60.976 0.0000000000
67658  -2.365  -20.737  60.683 0.0000000000
67661  -2.958  -21.428  59.899 0.0000000000
64317  -4.281  -24.710  59.754 0.0000000000
63216  -6.095  -24.060  59.624 0.0000000000
62096  -7.707  -24.510  60.002 0.0000000000
62097  -8.576  -24.975  60.105 0.0000000000
64295  -5.670  -22.862  62.434 0.0000000000
63195  -7.033  -23.519  62.203 0.0000000000
63196  -7.806  -23.998  62.642 0.0000000000
62098  -9.292  -25.730  59.940 0.0000000000
60940  -9.929  -27.370  59.898 0.0000000000
60930  -9.586  -27.351  61.001 0.0000000000
58607  -9.302  -29.310  59.481 0.0000000000
58617  -9.074  -29.886  59.427 0.0000000000
57405  -8.900  -30.615  59.258 0.0000000000
57422  -8.519  -31.432  59.155 0.0000000000
93124  -53.077  0.581  43.973 0.0000000000
93125  -54.072  0.906  44.034 0.0000000000
93113  -53.896  0.337  44.354 0.0000000000
87317  -49.967  -2.566  51.141 0.0000000000
86223  -48.425  -4.635  43.281 0.0000000000
86238  -48.846  -4.558  43.052 0.0000000000
87419  -49.291  -4.258  43.483 0.0000000000
87425  -49.195  -4.402  42.583 0.0000000000
87432  -49.289  -4.100  41.933 0.0000000000
88637  -49.170  -3.494  41.568 0.0000000000
90823  -49.727  -1.554  41.616 0.0000000000
89753  -50.984  -1.381  43.652 0.0000000000
90816  -51.154  -0.653  43.400 0.0000000000
91975  -51.834  0.281  43.562 0.0000000000
93123  -52.479  0.543  43.773 0.0000000000
59602  -9.725  -29.228  71.038 0.0000000000
58432  -9.908  -29.352  70.639 0.0000000000
56059  -9.479  -30.056  69.520 0.0000000000
60815  -13.453  -27.415  71.444 0.0000000000
59623  -11.294  -28.403  70.469 0.0000000000
58451  -11.196  -28.719  69.933 0.0000000000
57253  -10.091  -29.485  69.994 0.0000000000
57260  -9.825  -29.763  69.647 0.0000000000
54924  -9.132  -31.011  68.380 0.0000000000
53863  -9.410  -31.868  67.412 0.0000000000
54944  -9.671  -31.159  67.334 0.0000000000
52830  -10.189  -33.162  65.771 0.0000000000
57323  -20.903  -28.360  63.876 0.0000000000
58532  -20.493  -27.856  64.608 0.0000000000
59737  -20.314  -27.648  65.374 0.0000000000
59753  -19.566  -27.050  64.318 0.0000000000
60882  -19.944  -27.438  65.569 0.0000000000
59704  -19.531  -27.748  67.230 0.0000000000
62048  -17.171  -26.021  64.421 0.0000000000
60898  -17.534  -26.216  65.170 0.0000000000
59703  -18.324  -27.392  67.355 0.0000000000
59682  -18.515  -27.705  68.322 0.0000000000
59681  -17.410  -27.584  68.488 0.0000000000
59701  -16.554  -27.434  68.017 0.0000000000
59680  -16.813  -27.532  68.383 0.0000000000
58485  -16.981  -27.592  69.655 0.0000000000
58482  -14.437  -27.485  69.138 0.0000000000
59657  -13.669  -27.573  68.824 0.0000000000
59656  -13.050  -27.774  68.525 0.0000000000
59655  -12.450  -27.802  68.208 0.0000000000
60878  -12.811  -27.944  64.480 0.0000000000
59734  -12.434  -28.655  64.775 0.0000000000
59719  -12.196  -28.707  65.400 0.0000000000
58520  -11.898  -29.315  65.568 0.0000000000
57314  -11.443  -29.939  66.249 0.0000000000
57307  -11.239  -29.653  66.641 0.0000000000
56107  -11.185  -30.221  66.377 0.0000000000
54957  -10.836  -30.819  66.201 0.0000000000
53877  -10.869  -31.564  65.882 0.0000000000
53893  -11.287  -31.837  64.446 0.0000000000
52832  -11.016  -32.154  64.768 0.0000000000
75952  -5.760  -13.776  56.489 0.0000000000
74820  -6.112  -16.226  57.938 0.0000000000
73651  -5.428  -16.258  57.656 0.0000000000
75928  -4.236  -14.323  56.840 0.0000000000
74856  -3.284  -16.307  55.892 0.0000000000
71184  -3.884  -18.259  54.273 0.0000000000
70075  -2.765  -19.790  53.686 0.0000000000
68952  -2.649  -19.990  53.145 0.0000000000
68966  -2.959  -20.452  52.599 0.0000000000
66471  -4.074  -22.121  56.321 0.0000000000
62177  -3.382  -25.939  55.174 0.0000000000
66502  -3.319  -22.070  55.000 0.0000000000
66501  -2.808  -22.039  54.429 0.0000000000
65423  -2.588  -23.763  53.839 0.0000000000
65422  -2.197  -23.112  53.698 0.0000000000
66500  -2.319  -22.000  53.885 0.0000000000
66517  -2.205  -21.999  53.267 0.0000000000
66530  -2.188  -22.149  52.629 0.0000000000
66547  -4.150  -22.832  50.799 0.0000000000
66570  -4.637  -23.439  50.972 0.0000000000
65457  -4.927  -23.860  51.413 0.0000000000
66334  -4.175  -22.763  68.030 0.0000000000
63098  -9.763  -25.822  71.937 0.0000000000
63097  -8.875  -25.728  71.683 0.0000000000
64207  -7.455  -24.627  70.623 0.0000000000
65220  -7.203  -24.599  70.416 0.0000000000
59616  -4.755  -27.650  70.217 0.0000000000
60784  -5.708  -26.742  70.478 0.0000000000
61961  -6.127  -25.968  70.150 0.0000000000
63093  -6.336  -25.276  70.082 0.0000000000
64206  -6.582  -24.426  69.897 0.0000000000
65228  -6.075  -23.990  69.569 0.0000000000
65240  -5.192  -24.098  69.749 0.0000000000
64238  -4.821  -24.529  69.313 0.0000000000
65239  -4.713  -23.633  69.624 0.0000000000
65253  -4.466  -23.818  69.026 0.0000000000
65264  -4.721  -23.473  68.349 0.0000000000
66346  -4.511  -23.062  67.877 0.0000000000
63151  -6.654  -25.962  67.551 0.0000000000
63158  -7.180  -25.621  66.887 0.0000000000
63167  -7.615  -25.862  65.765 0.0000000000
63168  -7.606  -26.319  65.276 0.0000000000
62043  -7.893  -26.964  64.453 0.0000000000
60875  -6.706  -28.468  65.826 0.0000000000
59749  -6.042  -29.698  64.959 0.0000000000
60892  -6.469  -29.216  65.157 0.0000000000
60893  -7.062  -28.476  64.932 0.0000000000
60894  -7.545  -27.764  64.492 0.0000000000
60895  -7.997  -27.471  64.000 0.0000000000
60919  -8.175  -28.288  63.047 0.0000000000
59792  -8.202  -29.257  62.037 0.0000000000
59805  -8.020  -29.930  61.652 0.0000000000
58593  -7.528  -30.644  61.471 0.0000000000
58604  -7.762  -30.611  60.902 0.0000000000
58594  -8.046  -30.119  61.092 0.0000000000
58605  -8.163  -30.297  60.565 0.0000000000
57404  -8.158  -31.374  59.830 0.0000000000
56236  -8.161  -32.022  58.762 0.0000000000
49434  -4.194  -36.632  62.960 0.0000000000
52846  -3.682  -33.641  65.004 0.0000000000
52852  -3.558  -33.488  64.589 0.0000000000
53913  -3.537  -33.178  63.300 0.0000000000
55013  -4.042  -32.545  61.687 0.0000000000
55024  -4.795  -32.977  61.377 0.0000000000
50654  -3.833  -36.433  59.919 0.0000000000
53947  -4.823  -33.907  60.900 0.0000000000
56197  -5.560  -32.756  60.876 0.0000000000
56198  -5.974  -32.423  60.563 0.0000000000
56215  -6.247  -32.839  60.202 0.0000000000
55069  -5.956  -34.032  59.556 0.0000000000
56234  -6.727  -32.907  59.670 0.0000000000
56235  -7.190  -32.613  59.313 0.0000000000
55071  -7.532  -32.964  58.572 0.0000000000
55091  -8.058  -33.389  57.876 0.0000000000
54001  -8.012  -34.982  57.430 0.0000000000
50705  -8.561  -37.148  55.757 0.0000000000
51676  -7.206  -33.376  67.679 0.0000000000
52763  -5.782  -32.179  68.852 0.0000000000
52774  -5.546  -32.720  69.369 0.0000000000
52789  -6.452  -32.895  68.087 0.0000000000
52800  -4.744  -33.770  68.553 0.0000000000
52802  -5.437  -33.912  68.217 0.0000000000
52943  -8.012  -35.540  57.166 0.0000000000
52956  -9.981  -35.251  54.622 0.0000000000
53833  -5.594  -32.152  69.547 0.0000000000
53834  -5.748  -32.044  69.161 0.0000000000
53841  -8.039  -31.897  68.604 0.0000000000
53849  -4.548  -32.915  69.113 0.0000000000
53873  -3.996  -33.207  67.745 0.0000000000
53874  -4.313  -33.464  67.948 0.0000000000
53887  -11.095  -31.876  65.265 0.0000000000
53900  -3.556  -32.854  64.937 0.0000000000
53971  -6.380  -34.218  58.959 0.0000000000
54005  -10.398  -32.842  55.139 0.0000000000
54014  -10.455  -33.588  54.360 0.0000000000
54043  -9.660  -33.297  52.292 0.0000000000
54044  -10.103  -33.429  52.600 0.0000000000
54911  -6.416  -30.796  69.424 0.0000000000
54917  -6.903  -31.342  69.335 0.0000000000
54923  -8.751  -31.285  68.511 0.0000000000
54942  -3.821  -32.827  68.087 0.0000000000
54964  -11.520  -30.977  65.008 0.0000000000
55026  -23.632  -28.864  60.738 0.0000000000
55027  -23.888  -28.812  60.587 0.0000000000
55028  -24.095  -28.682  60.370 0.0000000000
55036  -5.654  -33.122  60.711 0.0000000000
55040  -23.846  -28.690  60.063 0.0000000000
55041  -24.082  -28.629  60.018 0.0000000000
55052  -6.422  -33.049  59.901 0.0000000000
55057  -24.106  -28.609  59.711 0.0000000000
55077  -23.907  -28.681  59.297 0.0000000000
55078  -23.984  -28.651  59.515 0.0000000000
55089  -6.609  -34.071  58.810 0.0000000000
55094  -10.193  -31.999  56.068 0.0000000000
55108  -10.088  -32.935  55.949 0.0000000000
55129  -8.524  -31.556  52.292 0.0000000000
56121  -3.322  -31.826  65.782 0.0000000000
56132  -22.805  -28.759  63.765 0.0000000000
56143  -24.273  -27.563  62.271 0.0000000000
56155  -24.717  -27.871  62.368 0.0000000000
56156  -24.554  -27.384  61.893 0.0000000000
56167  -21.943  -28.859  61.005 0.0000000000
56171  -24.662  -28.497  61.950 0.0000000000
56180  -5.361  -32.352  61.096 0.0000000000
56189  -24.872  -28.188  61.425 0.0000000000
56202  -22.040  -28.539  59.487 0.0000000000
56204  -23.063  -28.705  60.045 0.0000000000
56206  -24.329  -28.530  60.294 0.0000000000
56216  -6.757  -32.393  60.084 0.0000000000
56218  -8.164  -31.774  59.370 0.0000000000
56221  -22.342  -28.776  59.211 0.0000000000
56224  -24.268  -28.531  59.819 0.0000000000
56239  -9.928  -30.914  56.725 0.0000000000
56291  -9.766  -30.807  53.953 0.0000000000
56292  -10.250  -31.128  54.407 0.0000000000
56293  -10.526  -31.591  55.028 0.0000000000
57252  -9.675  -29.712  70.057 0.0000000000
57284  -10.691  -29.407  67.722 0.0000000000
57316  -21.039  -28.381  64.375 0.0000000000
57324  -21.609  -28.602  63.928 0.0000000000
57325  -24.097  -28.619  63.350 0.0000000000
57333  -11.925  -30.060  63.850 0.0000000000
57335  -21.476  -28.520  63.387 0.0000000000
57346  -24.189  -27.922  62.890 0.0000000000
57347  -24.257  -27.400  62.710 0.0000000000
57348  -24.149  -26.891  62.842 0.0000000000
57358  -23.958  -27.222  62.026 0.0000000000
57365  -5.591  -31.402  62.036 0.0000000000
57371  -24.124  -26.698  61.818 0.0000000000
57377  -7.042  -31.283  61.130 0.0000000000
57382  -25.152  -27.708  61.113 0.0000000000
57402  -6.791  -31.968  60.400 0.0000000000
57460  -9.577  -30.019  54.857 0.0000000000
57462  -10.330  -30.744  55.666 0.0000000000
57479  -9.887  -30.498  54.556 0.0000000000
57480  -10.339  -30.847  54.983 0.0000000000
57481  -10.379  -31.183  55.337 0.0000000000
57504  -5.142  -29.499  53.343 0.0000000000
58431  -9.287  -29.514  70.821 0.0000000000
58446  -7.788  -28.731  71.232 0.0000000000
58512  -16.310  -27.528  68.509 0.0000000000
58523  -23.651  -28.849  63.660 0.0000000000
58535  -24.450  -28.059  64.131 0.0000000000
58545  -20.424  -27.839  63.778 0.0000000000
58546  -23.431  -28.804  64.242 0.0000000000
58548  -25.336  -26.876  63.963 0.0000000000
58553  -4.573  -30.193  63.090 0.0000000000
58555  -12.611  -29.033  63.786 0.0000000000
58560  -24.624  -26.682  63.154 0.0000000000
58568  -6.368  -30.552  62.906 0.0000000000
58571  -20.523  -27.543  62.304 0.0000000000
58573  -25.135  -26.232  63.024 0.0000000000
58583  -20.143  -26.914  61.667 0.0000000000
58585  -24.510  -26.476  61.866 0.0000000000
58586  -25.078  -26.454  62.061 0.0000000000
58606  -8.745  -29.686  60.053 0.0000000000
58647  -8.929  -28.414  55.016 0.0000000000
58650  -10.249  -30.119  55.809 0.0000000000
58669  -8.300  -28.610  54.467 0.0000000000
59586  -7.078  -27.806  71.020 0.0000000000
59597  -5.989  -27.980  70.317 0.0000000000
59599  -8.016  -27.938  71.716 0.0000000000
59618  -8.094  -28.325  71.570 0.0000000000
59619  -8.737  -28.635  71.554 0.0000000000
59674  -4.360  -28.715  67.535 0.0000000000
59700  -15.810  -27.348  68.089 0.0000000000
59733  -4.953  -29.558  65.691 0.0000000000
59750  -12.696  -28.608  64.075 0.0000000000
59751  -12.952  -28.305  63.714 0.0000000000
59759  -26.272  -25.848  64.430 0.0000000000
59771  -25.847  -26.087  63.787 0.0000000000
59782  -19.448  -26.485  62.183 0.0000000000
59799  -25.612  -26.069  62.060 0.0000000000
59806  -8.361  -29.402  61.313 0.0000000000
59840  -9.488  -27.768  56.119 0.0000000000
60834  -14.676  -27.264  68.043 0.0000000000
60842  -12.290  -28.019  66.014 0.0000000000
60850  -27.434  -25.271  67.889 0.0000000000
60857  -7.287  -27.100  65.977 0.0000000000
60867  -25.322  -27.190  65.356 0.0000000000
60868  -25.443  -27.013  65.548 0.0000000000
60883  -20.062  -27.535  65.768 0.0000000000
60884  -25.424  -27.139  65.152 0.0000000000
60885  -25.532  -27.018  65.340 0.0000000000
60886  -26.690  -25.927  65.303 0.0000000000
60900  -26.461  -25.847  64.823 0.0000000000
60908  -7.853  -28.091  63.740 0.0000000000
60924  -19.397  -26.547  62.529 0.0000000000
60925  -26.592  -25.277  63.214 0.0000000000
60941  -15.307  -26.901  60.374 0.0000000000
60966  -5.974  -24.881  57.910 0.0000000000
61954  -7.010  -26.844  70.777 0.0000000000
61955  -7.124  -27.035  70.854 0.0000000000
61991  -28.587  -24.364  70.706 0.0000000000
61997  -28.609  -24.568  69.622 0.0000000000
62026  -28.261  -24.536  67.018 0.0000000000
62032  -7.584  -26.775  65.048 0.0000000000
62037  -27.868  -25.255  66.037 0.0000000000
62044  -8.286  -26.940  63.815 0.0000000000
62056  -14.497  -26.527  62.887 0.0000000000
62069  -14.941  -26.319  62.151 0.0000000000
62079  -6.982  -24.027  60.498 0.0000000000
62110  -6.281  -24.427  58.673 0.0000000000
62116  -16.853  -26.311  59.650 0.0000000000
63111  -8.352  -24.835  71.165 0.0000000000
63126  -29.602  -23.199  70.595 0.0000000000
63138  -29.675  -23.553  69.415 0.0000000000
63143  -29.087  -24.044  68.319 0.0000000000
63161  -29.012  -23.487  67.149 0.0000000000
63169  -28.453  -23.892  65.981 0.0000000000
63179  -28.246  -24.080  64.948 0.0000000000
64196  -6.412  -25.008  70.026 0.0000000000
64197  -6.621  -24.944  70.147 0.0000000000
64198  -7.052  -24.991  70.569 0.0000000000
64199  -7.475  -25.062  70.966 0.0000000000
64204  -29.621  -22.942  71.635 0.0000000000
64210  -9.437  -24.390  70.952 0.0000000000
64222  -8.145  -24.007  70.516 0.0000000000
64236  -29.884  -22.804  70.337 0.0000000000
64248  -4.805  -24.094  68.753 0.0000000000
65219  -6.972  -24.523  70.170 0.0000000000
65230  -7.315  -24.252  70.275 0.0000000000
65241  -7.113  -23.346  69.963 0.0000000000
65251  -30.090  -22.272  69.800 0.0000000000
65254  -4.698  -24.088  69.498 0.0000000000
65263  -30.360  -21.778  69.256 0.0000000000
65274  -30.347  -22.534  68.457 0.0000000000
65281  -4.964  -23.162  67.701 0.0000000000
65289  -30.329  -22.361  67.813 0.0000000000
65317  -29.043  -22.361  65.632 0.0000000000
65336  -27.932  -23.239  63.745 0.0000000000
65407  -2.339  -22.328  53.925 0.0000000000
65408  -2.498  -22.509  54.083 0.0000000000
65421  -2.210  -22.433  53.715 0.0000000000
66293  -30.824  -22.106  71.707 0.0000000000
66294  -30.367  -21.841  71.237 0.0000000000
66307  -5.416  -23.264  69.699 0.0000000000
66319  -30.195  -21.023  70.059 0.0000000000
66335  -4.294  -22.900  68.371 0.0000000000
66354  -30.582  -21.544  68.052 0.0000000000
66380  -30.278  -20.870  66.740 0.0000000000
67512  -30.355  -21.650  71.347 0.0000000000
67513  -30.216  -21.017  70.778 0.0000000000
67528  -30.690  -20.490  69.689 0.0000000000
67643  -2.524  -20.640  61.397 0.0000000000
67659  -2.456  -20.975  60.891 0.0000000000
67680  -2.524  -21.000  60.343 0.0000000000
67796  -2.307  -21.385  52.797 0.0000000000
67797  -2.634  -21.499  52.232 0.0000000000
67812  -3.020  -21.625  51.613 0.0000000000
68706  -30.136  -20.145  70.987 0.0000000000
68740  -30.910  -19.312  69.037 0.0000000000
68755  -30.641  -19.779  68.371 0.0000000000
68848  -2.364  -20.661  60.445 0.0000000000
68849  -2.377  -20.248  60.838 0.0000000000
68860  -2.464  -20.818  60.148 0.0000000000
68862  -3.538  -19.912  58.987 0.0000000000
68875  -2.615  -20.998  59.930 0.0000000000
68876  -3.510  -20.467  58.794 0.0000000000
68906  -4.736  -20.295  56.620 0.0000000000
68937  -2.129  -20.312  54.185 0.0000000000
68951  -2.193  -20.427  53.459 0.0000000000
69907  -30.885  -19.446  70.667 0.0000000000
69923  -31.252  -19.155  69.695 0.0000000000
69959  -30.838  -18.731  67.505 0.0000000000
69973  -30.948  -18.667  66.529 0.0000000000
70030  -2.384  -20.451  60.165 0.0000000000
70031  -2.592  -19.766  60.258 0.0000000000
70065  -2.190  -20.081  54.140 0.0000000000
70066  -2.507  -20.018  54.170 0.0000000000
70095  -37.258  -17.346  51.547 0.0000000000
70096  -37.475  -17.257  51.591 0.0000000000
71089  -31.204  -18.286  66.237 0.0000000000
71136  -4.091  -19.054  61.199 0.0000000000
71244  -39.898  -16.703  50.500 0.0000000000
72218  -37.688  -14.892  64.074 0.0000000000
72228  -31.939  -16.214  64.996 0.0000000000
72273  -5.183  -19.449  60.464 0.0000000000
72288  -37.472  -15.556  61.650 0.0000000000
72390  -4.497  -18.472  56.035 0.0000000000
72401  -4.403  -16.806  54.621 0.0000000000
72426  -41.204  -16.448  54.067 0.0000000000
72446  -40.536  -16.463  52.940 0.0000000000
73508  -32.118  -15.959  65.005 0.0000000000
73623  -40.200  -16.504  58.712 0.0000000000
73646  -40.013  -16.514  58.552 0.0000000000
73647  -40.241  -16.541  58.466 0.0000000000
73678  -3.477  -16.568  55.085 0.0000000000
73695  -3.782  -16.612  54.428 0.0000000000
73722  -41.178  -16.422  53.826 0.0000000000
75949  -2.845  -14.975  56.307 0.0000000000
75951  -5.332  -13.661  56.395 0.0000000000
75970  -3.364  -14.971  54.945 0.0000000000
75992  -43.750  -14.481  52.661 0.0000000000
77019  -5.065  -13.439  56.289 0.0000000000
77103  -41.729  -13.616  49.891 0.0000000000
79334  -43.448  -11.281  52.581 0.0000000000
79351  -43.428  -11.915  52.379 0.0000000000
81491  -44.037  -9.587  53.506 0.0000000000
82674  -43.576  -8.808  53.347 0.0000000000
82696  -43.672  -9.072  53.214 0.0000000000
83748  -45.627  -6.893  54.836 0.0000000000
84932  -46.048  -6.935  55.095 0.0000000000
84934  -46.567  -6.967  55.538 0.0000000000
86118  -42.741  -5.143  52.954 0.0000000000
86145  -41.500  -6.050  50.410 0.0000000000
86148  -50.644  -2.808  50.549 0.0000000000
87329  -49.513  -2.787  49.817 0.0000000000
87330  -50.163  -2.824  50.289 0.0000000000
87341  -49.616  -2.891  49.317 0.0000000000
88513  -43.565  -3.346  51.072 0.0000000000
88526  -44.577  -2.848  51.302 0.0000000000
88539  -50.980  -3.371  49.027 0.0000000000
88551  -51.649  -3.363  48.217 0.0000000000
88586  -53.237  -2.576  46.913 0.0000000000
88614  -50.052  -3.550  45.106 0.0000000000
89611  -46.550  -2.465  54.473 0.0000000000
89646  -46.148  -1.803  52.057 0.0000000000
89659  -46.722  -1.613  51.648 0.0000000000
89667  -44.728  -2.706  50.714 0.0000000000
89668  -45.080  -2.540  50.979 0.0000000000
89721  -51.710  -2.615  45.626 0.0000000000
89735  -50.934  -2.700  44.833 0.0000000000
90749  -46.535  -1.643  51.139 0.0000000000
90754  -46.199  -1.761  51.138 0.0000000000
90755  -46.414  -1.691  50.900 0.0000000000
90832  -49.484  -0.696  41.370 0.0000000000
91983  -50.550  0.146  42.264 0.0000000000
91984  -50.991  0.211  42.682 0.0000000000
93112  -53.465  0.288  44.294 0.0000000000
93129  -51.580  0.757  42.991 0.0000000000
93136  -50.711  0.807  42.168 0.0000000000
95468  -55.545  2.764  43.333 0.0000000000
95488  -52.842  2.699  42.324 0.0000000000
95489  -54.650  3.576  42.616 0.0000000000
96647  -55.444  3.586  42.565 0.0000000000
97773  -55.180  5.356  41.920 0.0000000000
97774  -55.620  5.384  41.455 0.0000000000
97775  -56.000  5.475  41.158 0.0000000000
98823  -55.656  5.789  40.941 0.0000000000
99817  -54.966  6.261  42.043 0.0000000000
99825  -55.782  6.299  40.968 0.0000000000
99826  -56.034  6.257  41.423 0.0000000000
100819  -54.827  7.133  42.268 0.0000000000
100837  -55.519  6.479  41.259 0.0000000000
100857  -55.294  9.508  35.938 0.0000000000
100867  -54.083  8.591  35.766 0.0000000000
100868  -54.697  9.065  35.626 0.0000000000
101920  -53.582  9.316  36.754 0.0000000000
101933  -54.459  9.059  36.096 0.0000000000
101957  -55.133  9.204  34.004 0.0000000000
101970  -55.088  9.170  33.557 0.0000000000
102953  -53.507  10.064  44.245 0.0000000000
102994  -54.834  8.898  42.753 0.0000000000
104147  -50.706  10.653  43.099 0.0000000000
104193  -50.140  10.830  39.713 0.0000000000
104209  -51.091  10.748  38.705 0.0000000000
105205  -50.752  11.954  42.219 0.0000000000
105226  -51.252  12.051  40.515 0.0000000000
105243  -50.294  11.200  40.104 0.0000000000
105262  -52.481  11.542  38.927 0.0000000000
106279  -52.722  12.943  43.454 0.0000000000
106301  -50.881  12.211  41.779 0.0000000000
106317  -51.412  12.322  40.926 0.0000000000
107339  -53.006  13.241  42.904 0.0000000000
107364  -52.714  13.262  42.212 0.0000000000
145351  -23.486  -28.324  66.017 0.0000000000
145352  -23.539  -28.836  63.021 0.0000000000
145355  -23.605  -28.623  62.972 0.0000000000
145357  -23.662  -28.925  62.757 0.0000000000
145358  -24.276  -28.681  62.333 0.0000000000
145362  -25.273  -26.999  61.271 0.0000000000
145937  -2.845  -21.170  59.420 0.0000000000
