#!ascii label  , from subject 3004 vox2ras=TkReg
1099
66580  -35.609  -24.052  50.621 0.0000000000
52960  -22.574  -34.575  54.514 0.0000000000
63288  -29.547  -25.391  53.258 0.0000000000
96722  -44.712  3.836  34.052 0.0000000000
97914  -50.557  4.512  25.941 0.0000000000
55074  -14.075  -32.536  58.004 0.0000000000
90866  -42.898  -1.122  37.083 0.0000000000
66622  -39.597  -22.653  48.634 0.0000000000
67786  -30.557  -22.910  52.868 0.0000000000
55098  -17.772  -32.489  55.924 0.0000000000
51820  -17.829  -36.058  59.208 0.0000000000
70152  -29.504  -19.902  48.073 0.0000000000
67947  -33.634  -21.274  44.842 0.0000000000
55141  -27.194  -32.189  54.023 0.0000000000
70078  -27.653  -18.797  53.742 0.0000000000
81723  -42.177  -9.877  36.670 0.0000000000
85150  -46.829  -6.674  34.383 0.0000000000
92066  -46.531  -1.122  33.803 0.0000000000
48306  -10.459  -38.887  60.028 0.0000000000
47053  -6.838  -39.427  61.601 0.0000000000
70266  -37.241  -19.613  41.958 0.0000000000
76130  -38.542  -14.612  41.004 0.0000000000
80565  -38.615  -10.599  39.352 0.0000000000
49483  -13.821  -38.137  59.337 0.0000000000
52922  -22.101  -35.530  57.311 0.0000000000
51874  -24.392  -35.869  56.392 0.0000000000
66557  -32.014  -23.145  51.170 0.0000000000
56296  -20.343  -31.129  53.655 0.0000000000
54008  -20.148  -33.365  55.158 0.0000000000
52919  -19.521  -34.826  57.171 0.0000000000
72475  -30.549  -16.496  50.258 0.0000000000
71226  -27.847  -18.372  50.866 0.0000000000
83937  -43.298  -7.014  36.811 0.0000000000
81752  -45.085  -9.119  35.262 0.0000000000
85127  -45.684  -6.432  36.138 0.0000000000
90887  -43.963  -0.980  35.038 0.0000000000
93224  -43.469  -0.067  32.126 0.0000000000
90936  -47.642  -1.936  32.061 0.0000000000
94387  -46.023  0.983  29.680 0.0000000000
94396  -48.025  1.423  28.557 0.0000000000
71381  -33.570  -18.794  43.990 0.0000000000
69150  -35.427  -20.809  43.101 0.0000000000
72610  -34.739  -17.781  42.093 0.0000000000
77191  -36.211  -13.559  41.383 0.0000000000
81673  -35.329  -10.504  41.540 0.0000000000
79479  -38.287  -11.915  41.426 0.0000000000
82842  -36.458  -8.432  40.263 0.0000000000
83910  -38.688  -7.102  39.449 0.0000000000
58714  -28.675  -29.840  53.246 0.0000000000
52884  -12.091  -35.059  58.977 0.0000000000
51856  -13.638  -34.964  57.765 0.0000000000
44903  -7.718  -42.139  63.281 0.0000000000
43852  -5.431  -42.744  63.575 0.0000000000
87458  -45.816  -4.349  37.418 0.0000000000
67877  -41.540  -21.396  47.140 0.0000000000
66488  -29.695  -23.776  53.620 0.0000000000
56257  -15.427  -31.673  56.691 0.0000000000
52915  -15.531  -34.439  57.038 0.0000000000
52917  -17.447  -34.538  56.950 0.0000000000
97924  -51.696  4.533  24.662 0.0000000000
66614  -31.838  -23.129  48.899 0.0000000000
66659  -34.194  -22.689  47.137 0.0000000000
69076  -30.978  -20.944  46.384 0.0000000000
55136  -22.432  -32.212  53.183 0.0000000000
54021  -25.378  -33.907  54.125 0.0000000000
57488  -25.279  -30.168  53.496 0.0000000000
59918  -27.138  -28.680  53.299 0.0000000000
63293  -27.005  -26.022  53.592 0.0000000000
67769  -25.351  -22.242  54.514 0.0000000000
66505  -27.521  -23.077  53.348 0.0000000000
68974  -27.856  -20.928  51.586 0.0000000000
69012  -29.373  -21.474  49.916 0.0000000000
80569  -42.590  -10.832  39.549 0.0000000000
88685  -44.997  -3.593  35.604 0.0000000000
88697  -46.783  -3.486  34.186 0.0000000000
93263  -50.154  0.808  27.219 0.0000000000
47081  -8.513  -38.888  60.605 0.0000000000
44923  -8.980  -41.454  62.556 0.0000000000
67895  -36.299  -21.984  46.215 0.0000000000
67926  -38.358  -21.133  45.476 0.0000000000
69128  -40.465  -19.794  44.524 0.0000000000
73912  -35.759  -16.010  41.165 0.0000000000
72628  -38.483  -17.520  41.062 0.0000000000
71405  -40.930  -17.766  42.778 0.0000000000
75013  -41.630  -15.245  41.930 0.0000000000
79469  -40.641  -11.856  41.971 0.0000000000
80552  -41.408  -10.892  40.481 0.0000000000
81711  -40.249  -9.716  37.862 0.0000000000
83921  -41.394  -6.992  38.028 0.0000000000
52923  -26.987  -35.017  56.454 0.0000000000
51790  -10.568  -35.585  60.545 0.0000000000
49481  -11.790  -38.106  59.434 0.0000000000
50657  -15.906  -37.246  59.408 0.0000000000
43851  -4.651  -42.897  63.646 0.0000000000
52949  -21.909  -34.793  55.465 0.0000000000
51873  -23.259  -35.890  56.757 0.0000000000
52950  -23.200  -35.220  55.445 0.0000000000
66578  -33.635  -23.514  50.524 0.0000000000
55122  -20.905  -32.624  53.872 0.0000000000
55120  -19.595  -31.934  54.426 0.0000000000
52958  -20.981  -33.846  54.790 0.0000000000
52948  -20.830  -34.173  55.375 0.0000000000
85110  -44.422  -6.663  37.301 0.0000000000
85126  -44.767  -6.785  36.453 0.0000000000
85111  -45.554  -6.518  37.197 0.0000000000
96721  -43.843  3.059  34.234 0.0000000000
94358  -42.760  1.285  33.558 0.0000000000
95576  -44.000  2.259  32.417 0.0000000000
93232  -44.517  0.437  30.768 0.0000000000
95585  -44.987  2.428  31.430 0.0000000000
96751  -46.096  3.136  31.160 0.0000000000
71382  -34.175  -18.292  43.395 0.0000000000
81662  -34.856  -10.185  42.306 0.0000000000
82841  -35.977  -9.068  40.581 0.0000000000
82834  -36.304  -7.796  41.276 0.0000000000
83892  -37.900  -6.452  41.749 0.0000000000
62186  -29.742  -27.218  53.207 0.0000000000
59909  -29.943  -29.165  53.912 0.0000000000
59910  -30.479  -28.675  54.283 0.0000000000
53960  -13.118  -33.775  58.643 0.0000000000
52899  -13.918  -33.759  57.790 0.0000000000
95649  -50.843  2.784  25.616 0.0000000000
43853  -6.252  -42.626  63.530 0.0000000000
66584  -40.139  -23.412  50.136 0.0000000000
67859  -41.251  -21.944  48.221 0.0000000000
66522  -29.998  -23.100  53.004 0.0000000000
66509  -31.453  -23.265  53.987 0.0000000000
56273  -17.710  -30.825  55.024 0.0000000000
57442  -16.484  -29.896  55.992 0.0000000000
56241  -15.326  -30.639  56.994 0.0000000000
55097  -16.701  -32.273  56.248 0.0000000000
53991  -16.126  -32.972  56.513 0.0000000000
53992  -17.286  -33.544  56.505 0.0000000000
52902  -20.647  -35.370  58.077 0.0000000000
52901  -19.839  -35.269  57.965 0.0000000000
67871  -30.234  -21.464  47.956 0.0000000000
67890  -31.387  -21.819  46.866 0.0000000000
70188  -30.158  -20.033  46.767 0.0000000000
57508  -22.973  -30.320  53.714 0.0000000000
56319  -24.203  -31.537  53.367 0.0000000000
57487  -24.625  -30.114  53.789 0.0000000000
59908  -26.564  -28.062  54.118 0.0000000000
62178  -26.287  -26.503  54.242 0.0000000000
62183  -27.106  -26.739  53.543 0.0000000000
63286  -26.123  -25.559  54.064 0.0000000000
70069  -28.023  -18.676  54.797 0.0000000000
68941  -27.008  -19.599  54.914 0.0000000000
66518  -26.173  -21.799  53.687 0.0000000000
67783  -26.800  -21.232  53.104 0.0000000000
66533  -27.338  -22.005  52.764 0.0000000000
68973  -27.146  -20.658  52.678 0.0000000000
71249  -28.326  -18.958  49.397 0.0000000000
70118  -28.426  -20.011  50.086 0.0000000000
69028  -29.298  -20.332  48.845 0.0000000000
67843  -30.120  -22.031  49.204 0.0000000000
80600  -41.926  -10.580  37.649 0.0000000000
80586  -43.707  -11.016  38.463 0.0000000000
80613  -43.319  -10.600  36.768 0.0000000000
82913  -46.202  -8.372  34.636 0.0000000000
80628  -46.429  -9.856  35.901 0.0000000000
89792  -44.033  -2.946  37.607 0.0000000000
87469  -44.954  -4.073  36.485 0.0000000000
89811  -43.814  -2.202  36.283 0.0000000000
92049  -44.990  -1.167  34.319 0.0000000000
90889  -45.524  -1.871  34.793 0.0000000000
90890  -46.622  -1.810  34.580 0.0000000000
88710  -48.484  -3.226  33.821 0.0000000000
94398  -49.323  1.053  27.794 0.0000000000
95612  -48.830  2.692  28.313 0.0000000000
95637  -49.636  2.745  27.185 0.0000000000
50655  -9.647  -37.014  60.187 0.0000000000
49460  -8.914  -37.092  60.715 0.0000000000
48305  -9.493  -38.663  60.149 0.0000000000
44939  -9.663  -41.005  62.243 0.0000000000
44887  -9.040  -41.453  63.975 0.0000000000
67921  -33.583  -21.690  45.762 0.0000000000
66660  -35.169  -22.624  47.021 0.0000000000
67922  -34.540  -21.738  45.538 0.0000000000
69174  -35.841  -20.296  42.413 0.0000000000
69124  -36.994  -21.035  44.182 0.0000000000
69152  -37.697  -20.385  43.378 0.0000000000
69103  -39.309  -20.485  44.993 0.0000000000
69153  -38.647  -19.946  43.379 0.0000000000
76115  -35.379  -14.467  42.224 0.0000000000
77192  -37.159  -13.586  41.241 0.0000000000
75033  -36.678  -15.449  40.623 0.0000000000
73927  -38.503  -16.251  40.773 0.0000000000
72612  -39.595  -17.860  42.062 0.0000000000
73916  -40.151  -16.139  41.328 0.0000000000
73902  -41.778  -16.361  42.083 0.0000000000
76132  -40.077  -14.800  41.392 0.0000000000
80549  -38.119  -11.012  39.866 0.0000000000
80511  -39.153  -11.651  41.397 0.0000000000
80531  -39.200  -11.416  40.831 0.0000000000
80532  -40.217  -11.193  41.123 0.0000000000
80551  -40.360  -11.052  40.305 0.0000000000
80567  -40.583  -11.040  39.395 0.0000000000
80566  -39.437  -10.859  39.077 0.0000000000
85086  -40.040  -6.296  39.894 0.0000000000
83920  -40.354  -7.245  38.291 0.0000000000
85087  -41.121  -5.967  39.688 0.0000000000
54037  -25.737  -33.082  53.744 0.0000000000
52953  -26.106  -34.397  55.255 0.0000000000
54023  -26.872  -33.075  54.782 0.0000000000
51836  -12.762  -36.387  58.490 0.0000000000
50671  -11.948  -37.174  59.078 0.0000000000
49482  -12.713  -37.986  59.137 0.0000000000
51840  -16.455  -36.090  58.059 0.0000000000
51839  -15.446  -36.009  57.727 0.0000000000
51819  -17.057  -36.404  58.975 0.0000000000
51846  -21.729  -35.809  58.867 0.0000000000
51864  -22.983  -36.114  57.728 0.0000000000
51849  -24.638  -36.616  58.337 0.0000000000
51850  -25.888  -36.456  58.136 0.0000000000
67804  -31.020  -22.651  52.019 0.0000000000
67787  -31.517  -22.951  53.137 0.0000000000
58690  -18.990  -29.761  54.291 0.0000000000
56274  -18.496  -31.406  54.816 0.0000000000
55110  -18.642  -32.505  55.518 0.0000000000
53993  -18.563  -33.332  56.040 0.0000000000
53994  -19.533  -33.685  55.886 0.0000000000
52920  -20.486  -34.899  57.265 0.0000000000
72487  -29.310  -17.641  48.979 0.0000000000
72500  -30.359  -17.611  48.137 0.0000000000
71196  -28.710  -17.601  53.718 0.0000000000
70092  -27.511  -19.363  52.530 0.0000000000
72474  -29.623  -16.734  50.500 0.0000000000
82881  -42.343  -8.334  36.484 0.0000000000
81736  -43.124  -9.807  36.151 0.0000000000
83968  -43.902  -7.998  35.653 0.0000000000
83970  -45.202  -7.365  35.184 0.0000000000
85140  -46.092  -6.579  35.223 0.0000000000
92031  -43.090  -1.243  35.988 0.0000000000
93200  -42.219  0.390  35.090 0.0000000000
92063  -43.293  -0.622  33.786 0.0000000000
92078  -44.453  -1.162  32.724 0.0000000000
90916  -46.973  -1.388  32.880 0.0000000000
90933  -44.871  -1.134  31.075 0.0000000000
90955  -46.619  -1.725  30.359 0.0000000000
90971  -47.380  -1.267  29.315 0.0000000000
93242  -47.000  0.579  29.208 0.0000000000
96761  -47.093  3.145  30.284 0.0000000000
48307  -11.784  -39.138  60.369 0.0000000000
47084  -10.907  -39.685  60.598 0.0000000000
47055  -11.266  -40.285  62.180 0.0000000000
70229  -33.228  -19.565  44.033 0.0000000000
67974  -33.966  -21.082  43.895 0.0000000000
70246  -33.708  -19.467  43.362 0.0000000000
69173  -34.923  -20.130  42.546 0.0000000000
70285  -35.219  -18.654  41.478 0.0000000000
78256  -34.745  -12.850  43.422 0.0000000000
79454  -34.753  -11.983  43.014 0.0000000000
79476  -35.948  -11.897  41.575 0.0000000000
78284  -36.607  -12.719  41.437 0.0000000000
78285  -37.797  -12.726  41.517 0.0000000000
80529  -37.076  -11.362  40.880 0.0000000000
80548  -37.208  -10.719  40.365 0.0000000000
81686  -37.159  -9.741  39.832 0.0000000000
82852  -38.102  -8.500  39.100 0.0000000000
83909  -37.781  -7.745  39.501 0.0000000000
57513  -27.903  -30.753  53.357 0.0000000000
55125  -28.028  -32.384  55.044 0.0000000000
57489  -28.828  -31.171  54.700 0.0000000000
51818  -12.457  -35.266  58.712 0.0000000000
50687  -14.133  -36.791  58.120 0.0000000000
45975  -7.388  -40.801  61.706 0.0000000000
47040  -6.339  -38.696  62.044 0.0000000000
45959  -6.032  -40.784  62.450 0.0000000000
45958  -5.417  -40.469  62.979 0.0000000000
44900  -4.963  -41.599  63.260 0.0000000000
69062  -42.128  -20.786  46.592 0.0000000000
64367  -29.593  -24.219  53.670 0.0000000000
63281  -31.013  -25.962  53.676 0.0000000000
57407  -15.013  -29.906  58.071 0.0000000000
55075  -14.571  -32.354  57.349 0.0000000000
53972  -14.264  -33.236  57.581 0.0000000000
53973  -15.171  -33.272  56.848 0.0000000000
52916  -16.516  -34.601  57.050 0.0000000000
51841  -17.428  -35.793  58.278 0.0000000000
52918  -18.476  -34.874  57.259 0.0000000000
51842  -18.350  -35.537  58.336 0.0000000000
51821  -18.592  -35.931  59.410 0.0000000000
97916  -51.423  4.960  25.338 0.0000000000
66598  -34.144  -23.674  49.624 0.0000000000
66617  -34.591  -23.547  48.678 0.0000000000
66636  -33.076  -22.972  48.101 0.0000000000
67891  -32.376  -22.188  46.835 0.0000000000
69101  -32.215  -20.766  45.459 0.0000000000
71281  -31.014  -18.504  46.879 0.0000000000
71332  -31.518  -19.437  45.859 0.0000000000
71359  -32.313  -19.048  45.068 0.0000000000
71360  -33.031  -18.637  44.706 0.0000000000
54033  -21.762  -32.938  53.556 0.0000000000
54019  -23.223  -34.030  53.730 0.0000000000
54035  -23.895  -33.236  53.363 0.0000000000
55138  -24.535  -32.375  53.336 0.0000000000
56321  -26.177  -31.556  53.257 0.0000000000
58682  -25.950  -29.088  54.547 0.0000000000
58712  -26.569  -29.711  53.271 0.0000000000
57512  -26.882  -30.669  53.181 0.0000000000
59919  -28.395  -28.850  52.955 0.0000000000
62184  -28.042  -26.975  53.121 0.0000000000
63287  -27.767  -25.307  53.409 0.0000000000
65397  -24.900  -23.396  55.548 0.0000000000
65411  -25.832  -23.519  54.189 0.0000000000
65412  -26.857  -23.678  53.725 0.0000000000
64375  -28.732  -24.598  53.478 0.0000000000
66506  -28.800  -23.367  53.214 0.0000000000
67784  -28.585  -22.534  52.479 0.0000000000
67802  -28.694  -22.152  51.995 0.0000000000
70105  -27.810  -19.516  51.326 0.0000000000
68975  -29.026  -21.881  51.353 0.0000000000
68976  -30.020  -22.382  51.362 0.0000000000
67822  -31.176  -22.667  50.952 0.0000000000
66596  -32.328  -23.341  49.608 0.0000000000
56316  -21.226  -30.974  53.418 0.0000000000
80615  -45.106  -10.442  36.440 0.0000000000
86285  -46.620  -5.554  36.426 0.0000000000
86284  -46.249  -5.540  35.930 0.0000000000
86295  -46.388  -5.501  34.934 0.0000000000
90877  -44.756  -2.077  35.237 0.0000000000
88696  -46.076  -3.590  34.555 0.0000000000
86318  -47.277  -5.100  33.748 0.0000000000
86320  -48.760  -5.202  33.541 0.0000000000
93277  -51.092  0.799  26.069 0.0000000000
95648  -50.391  2.753  26.138 0.0000000000
97897  -49.914  4.532  27.582 0.0000000000
49447  -8.303  -36.915  61.335 0.0000000000
47067  -8.077  -39.473  60.917 0.0000000000
47068  -9.353  -40.169  60.880 0.0000000000
45997  -8.869  -40.699  61.360 0.0000000000
45996  -8.095  -40.741  61.449 0.0000000000
44922  -8.144  -41.598  62.200 0.0000000000
66639  -35.914  -22.919  47.804 0.0000000000
66640  -36.907  -22.779  47.739 0.0000000000
66641  -37.924  -22.523  47.630 0.0000000000
67949  -35.734  -21.482  44.604 0.0000000000
67925  -37.419  -21.443  45.492 0.0000000000
67875  -39.235  -21.956  47.339 0.0000000000
67898  -39.406  -21.304  46.322 0.0000000000
69078  -40.820  -20.584  45.783 0.0000000000
69106  -41.950  -19.825  45.520 0.0000000000
72624  -35.043  -17.616  41.633 0.0000000000
71420  -36.260  -18.392  40.815 0.0000000000
75022  -35.972  -15.213  40.852 0.0000000000
72640  -36.438  -16.924  40.634 0.0000000000
70288  -37.621  -19.016  41.648 0.0000000000
70269  -39.437  -18.892  42.798 0.0000000000
70250  -40.405  -18.892  43.544 0.0000000000
77177  -39.230  -13.346  41.718 0.0000000000
77162  -41.112  -13.205  42.231 0.0000000000
80568  -41.598  -10.909  39.517 0.0000000000
80584  -41.803  -10.836  38.585 0.0000000000
81722  -41.088  -9.725  37.283 0.0000000000
82853  -38.849  -8.448  38.570 0.0000000000
82878  -40.309  -8.811  37.645 0.0000000000
82880  -41.667  -8.637  36.714 0.0000000000
83922  -42.254  -6.878  37.707 0.0000000000
85101  -43.251  -6.482  38.311 0.0000000000
52936  -24.941  -35.227  55.703 0.0000000000
51867  -26.428  -35.896  56.935 0.0000000000
53997  -27.873  -33.626  56.143 0.0000000000
50656  -10.204  -36.716  59.949 0.0000000000
51803  -11.203  -35.431  59.891 0.0000000000
50670  -11.180  -37.167  59.375 0.0000000000
49474  -10.814  -38.036  59.619 0.0000000000
51858  -14.954  -35.222  57.343 0.0000000000
50688  -15.003  -36.640  58.104 0.0000000000
49484  -14.774  -37.685  59.014 0.0000000000
43838  -5.320  -43.398  64.596 0.0000000000
44899  -4.249  -41.412  63.164 0.0000000000
66579  -34.591  -23.762  50.584 0.0000000000
54018  -22.105  -33.756  53.930 0.0000000000
54017  -20.961  -33.275  54.289 0.0000000000
52959  -21.510  -34.158  54.662 0.0000000000
85103  -45.336  -6.504  38.161 0.0000000000
96731  -43.837  2.708  33.538 0.0000000000
96732  -44.422  3.016  33.141 0.0000000000
95577  -44.616  2.516  32.010 0.0000000000
96741  -45.234  3.053  32.155 0.0000000000
82823  -35.685  -8.281  41.842 0.0000000000
61041  -30.164  -28.028  53.558 0.0000000000
63289  -29.962  -26.438  53.190 0.0000000000
55053  -13.626  -32.122  58.594 0.0000000000
53961  -13.598  -33.189  58.396 0.0000000000
96808  -50.469  3.703  25.886 0.0000000000
95659  -51.393  2.664  25.117 0.0000000000
96809  -51.046  3.473  25.265 0.0000000000
67845  -40.154  -22.753  48.972 0.0000000000
67846  -41.024  -22.725  49.082 0.0000000000
67858  -40.138  -22.279  48.246 0.0000000000
66508  -30.768  -23.262  53.574 0.0000000000
67771  -31.274  -23.119  53.532 0.0000000000
56259  -17.267  -31.302  55.601 0.0000000000
69045  -29.760  -20.666  48.195 0.0000000000
69060  -30.286  -20.880  47.176 0.0000000000
70171  -29.711  -19.732  47.413 0.0000000000
57509  -23.949  -30.720  53.645 0.0000000000
63278  -25.151  -25.501  55.756 0.0000000000
62173  -25.692  -26.288  55.352 0.0000000000
63279  -25.448  -25.800  55.181 0.0000000000
63285  -25.452  -25.278  54.867 0.0000000000
70077  -27.340  -19.297  54.324 0.0000000000
68954  -26.643  -20.203  53.844 0.0000000000
70091  -27.241  -19.647  53.400 0.0000000000
71250  -28.774  -18.775  48.818 0.0000000000
70134  -28.685  -19.693  49.258 0.0000000000
69044  -29.435  -20.125  48.390 0.0000000000
67854  -29.991  -21.570  48.613 0.0000000000
80601  -42.863  -10.830  37.381 0.0000000000
81724  -42.807  -10.364  36.661 0.0000000000
83978  -46.551  -7.597  34.453 0.0000000000
82914  -46.907  -8.401  34.479 0.0000000000
83986  -47.946  -7.094  33.874 0.0000000000
89791  -43.543  -2.262  37.923 0.0000000000
89803  -44.152  -2.941  36.644 0.0000000000
89802  -43.654  -2.259  37.049 0.0000000000
92050  -46.012  -1.357  34.228 0.0000000000
92051  -47.011  -1.256  34.264 0.0000000000
90891  -47.594  -1.699  34.533 0.0000000000
96776  -49.019  3.402  28.556 0.0000000000
49473  -9.791  -37.756  59.876 0.0000000000
49461  -9.347  -37.199  60.320 0.0000000000
69175  -36.918  -20.165  42.566 0.0000000000
69151  -36.627  -20.758  43.436 0.0000000000
69176  -37.829  -19.872  42.672 0.0000000000
76129  -37.649  -14.347  40.950 0.0000000000
76141  -37.485  -14.952  40.706 0.0000000000
75023  -38.638  -15.103  40.880 0.0000000000
73915  -39.468  -16.222  41.093 0.0000000000
75024  -39.097  -15.299  40.956 0.0000000000
75025  -40.107  -15.377  41.283 0.0000000000
76131  -39.599  -14.536  41.328 0.0000000000
80550  -39.320  -11.229  40.058 0.0000000000
55140  -26.443  -32.430  53.706 0.0000000000
54022  -26.303  -33.315  54.311 0.0000000000
55123  -26.865  -32.708  54.280 0.0000000000
49489  -13.254  -37.564  58.711 0.0000000000
50685  -12.589  -37.040  58.636 0.0000000000
48315  -13.284  -38.552  59.820 0.0000000000
48289  -7.110  -38.159  61.499 0.0000000000
66602  -38.482  -23.368  49.485 0.0000000000
51863  -22.112  -35.743  57.939 0.0000000000
51847  -22.608  -36.087  58.675 0.0000000000
51872  -22.540  -35.749  57.245 0.0000000000
51865  -23.990  -36.312  57.436 0.0000000000
50691  -25.180  -36.803  58.793 0.0000000000
51866  -25.168  -36.230  57.214 0.0000000000
66534  -31.832  -22.905  51.912 0.0000000000
67805  -32.010  -22.942  52.631 0.0000000000
57483  -19.923  -30.283  53.753 0.0000000000
55112  -20.049  -32.733  54.681 0.0000000000
56275  -19.239  -31.773  54.563 0.0000000000
55111  -19.454  -32.385  54.860 0.0000000000
54007  -19.200  -33.046  55.536 0.0000000000
53995  -20.006  -33.859  55.713 0.0000000000
52933  -21.204  -34.775  56.419 0.0000000000
52921  -21.447  -35.293  57.514 0.0000000000
72488  -30.711  -16.751  49.450 0.0000000000
71213  -28.485  -17.800  53.000 0.0000000000
73780  -30.095  -16.365  51.607 0.0000000000
83954  -42.770  -7.808  36.398 0.0000000000
82894  -42.783  -8.683  36.108 0.0000000000
83955  -43.389  -7.706  36.028 0.0000000000
83957  -44.823  -7.071  35.779 0.0000000000
93194  -42.326  0.292  36.048 0.0000000000
94346  -42.195  1.157  35.632 0.0000000000
94365  -42.823  0.796  33.030 0.0000000000
93214  -42.696  0.517  33.438 0.0000000000
93215  -42.928  0.090  32.942 0.0000000000
92077  -43.594  -0.705  32.910 0.0000000000
92092  -43.820  -0.781  32.346 0.0000000000
90914  -44.992  -1.447  31.960 0.0000000000
92093  -44.152  -0.823  31.716 0.0000000000
93233  -45.188  0.559  30.260 0.0000000000
92102  -45.025  -0.216  30.491 0.0000000000
92111  -46.097  -0.132  29.761 0.0000000000
92112  -46.740  -0.247  29.392 0.0000000000
92119  -47.431  -0.215  28.979 0.0000000000
94388  -46.470  1.410  29.557 0.0000000000
95596  -46.618  2.539  30.117 0.0000000000
69148  -33.584  -20.274  43.627 0.0000000000
71401  -34.425  -18.434  42.326 0.0000000000
70247  -34.282  -19.382  42.666 0.0000000000
70264  -35.066  -19.307  41.881 0.0000000000
71418  -34.838  -18.309  41.673 0.0000000000
80527  -35.308  -11.128  41.831 0.0000000000
79477  -36.876  -11.942  41.300 0.0000000000
80528  -36.038  -11.014  41.231 0.0000000000
81685  -36.387  -9.722  40.369 0.0000000000
82843  -37.342  -8.531  39.585 0.0000000000
83902  -38.490  -6.453  40.751 0.0000000000
56324  -28.530  -31.350  54.400 0.0000000000
57514  -28.848  -30.724  54.027 0.0000000000
58699  -29.955  -29.581  54.685 0.0000000000
57490  -29.443  -30.629  55.031 0.0000000000
52898  -13.484  -34.325  57.996 0.0000000000
52885  -12.562  -34.414  58.892 0.0000000000
51837  -13.224  -35.630  58.146 0.0000000000
44921  -7.282  -41.604  62.252 0.0000000000
45974  -6.693  -40.842  62.043 0.0000000000
44902  -6.607  -41.976  62.669 0.0000000000
44901  -5.698  -41.780  62.969 0.0000000000
67860  -42.448  -21.657  48.111 0.0000000000
67878  -42.455  -21.138  47.254 0.0000000000
65398  -29.630  -23.957  53.733 0.0000000000
64368  -30.341  -24.632  53.749 0.0000000000
65399  -30.584  -24.137  54.168 0.0000000000
57426  -15.179  -30.400  57.359 0.0000000000
56240  -14.967  -31.187  57.320 0.0000000000
55095  -15.196  -32.218  56.781 0.0000000000
53990  -15.578  -32.658  56.632 0.0000000000
53975  -16.884  -34.138  56.800 0.0000000000
53974  -16.250  -33.842  56.741 0.0000000000
51860  -16.952  -35.293  57.523 0.0000000000
51861  -17.748  -35.242  57.646 0.0000000000
52931  -19.047  -34.255  56.479 0.0000000000
51843  -19.207  -35.558  58.676 0.0000000000
52900  -19.087  -35.225  57.877 0.0000000000
66615  -32.702  -23.329  48.817 0.0000000000
66616  -33.623  -23.456  48.755 0.0000000000
66635  -32.217  -22.868  48.172 0.0000000000
67919  -31.773  -21.574  46.347 0.0000000000
67920  -32.559  -21.566  45.994 0.0000000000
69100  -31.711  -21.056  45.878 0.0000000000
72501  -31.563  -17.084  48.522 0.0000000000
72512  -30.675  -18.028  47.500 0.0000000000
72513  -31.314  -17.618  47.636 0.0000000000
71307  -32.695  -17.909  46.723 0.0000000000
71306  -31.907  -18.421  46.362 0.0000000000
71333  -31.782  -19.109  45.639 0.0000000000
71334  -32.698  -18.345  45.824 0.0000000000
54034  -22.793  -33.171  53.307 0.0000000000
55137  -23.514  -32.331  53.179 0.0000000000
57510  -24.849  -30.795  53.448 0.0000000000
56320  -25.184  -31.550  53.295 0.0000000000
55139  -25.508  -32.380  53.411 0.0000000000
57511  -25.829  -30.618  53.241 0.0000000000
59907  -26.367  -28.731  53.963 0.0000000000
59917  -26.546  -29.096  53.528 0.0000000000
58713  -27.613  -29.759  53.046 0.0000000000
63294  -28.042  -26.102  53.160 0.0000000000
68940  -26.305  -20.208  55.079 0.0000000000
68923  -26.472  -20.208  56.453 0.0000000000
67755  -25.762  -20.929  55.799 0.0000000000
67738  -25.347  -21.575  56.501 0.0000000000
67754  -25.133  -21.791  55.343 0.0000000000
65410  -25.251  -23.451  54.733 0.0000000000
66504  -26.102  -22.609  53.761 0.0000000000
65413  -28.537  -23.871  53.549 0.0000000000
67801  -27.754  -21.836  52.343 0.0000000000
67785  -29.462  -22.753  52.525 0.0000000000
71212  -28.116  -18.107  52.155 0.0000000000
68997  -28.667  -20.926  50.628 0.0000000000
68998  -29.493  -21.929  50.657 0.0000000000
68999  -30.296  -22.394  50.723 0.0000000000
69013  -29.853  -22.146  49.983 0.0000000000
67844  -31.026  -22.711  49.205 0.0000000000
66595  -31.663  -23.127  49.617 0.0000000000
66597  -33.202  -23.492  49.629 0.0000000000
56317  -22.176  -31.211  53.286 0.0000000000
57507  -22.026  -30.359  53.561 0.0000000000
55135  -21.296  -32.107  53.479 0.0000000000
80587  -44.705  -11.036  38.416 0.0000000000
81737  -44.349  -9.568  35.741 0.0000000000
81738  -45.451  -9.815  35.758 0.0000000000
87459  -46.450  -4.770  37.345 0.0000000000
86275  -46.816  -5.511  36.931 0.0000000000
87471  -46.483  -5.131  36.574 0.0000000000
87477  -45.015  -4.182  36.027 0.0000000000
87478  -45.560  -4.575  35.475 0.0000000000
87487  -45.990  -4.492  34.692 0.0000000000
92039  -43.005  -0.961  35.622 0.0000000000
90876  -43.762  -1.533  35.563 0.0000000000
89823  -46.313  -2.664  34.587 0.0000000000
89822  -45.617  -2.810  34.907 0.0000000000
87488  -46.582  -4.446  34.216 0.0000000000
87489  -47.044  -4.158  33.884 0.0000000000
86319  -47.817  -5.429  33.621 0.0000000000
87499  -48.177  -4.358  33.518 0.0000000000
87500  -49.072  -4.255  33.592 0.0000000000
92121  -48.848  -0.184  28.235 0.0000000000
94411  -49.526  1.518  27.503 0.0000000000
92149  -50.468  0.222  26.919 0.0000000000
93276  -50.617  0.849  26.665 0.0000000000
96788  -49.553  3.422  27.533 0.0000000000
96798  -49.733  3.069  27.000 0.0000000000
96789  -49.741  3.891  27.368 0.0000000000
96799  -49.907  3.562  26.777 0.0000000000
49471  -8.626  -37.774  60.541 0.0000000000
49459  -8.369  -37.369  60.913 0.0000000000
48297  -8.259  -38.289  60.664 0.0000000000
48290  -7.734  -37.777  61.119 0.0000000000
47069  -10.547  -40.364  61.347 0.0000000000
47083  -9.958  -39.626  60.403 0.0000000000
44938  -9.269  -41.114  62.048 0.0000000000
44937  -8.688  -41.202  61.867 0.0000000000
44886  -8.490  -41.755  64.307 0.0000000000
66638  -34.922  -23.021  47.874 0.0000000000
66618  -35.598  -23.463  48.645 0.0000000000
66661  -36.131  -22.455  46.978 0.0000000000
66662  -37.048  -22.245  46.956 0.0000000000
67975  -35.000  -21.265  43.770 0.0000000000
67948  -34.726  -21.479  44.649 0.0000000000
67951  -37.525  -21.110  44.763 0.0000000000
67897  -38.259  -21.669  46.435 0.0000000000
69127  -39.527  -20.058  44.219 0.0000000000
69104  -40.198  -20.280  45.076 0.0000000000
69105  -41.137  -19.996  45.202 0.0000000000
73900  -35.519  -16.068  41.918 0.0000000000
72625  -35.497  -16.976  41.253 0.0000000000
71419  -35.354  -18.079  41.102 0.0000000000
72639  -35.892  -17.006  40.806 0.0000000000
77176  -35.379  -13.559  41.829 0.0000000000
76127  -35.779  -14.375  41.339 0.0000000000
73926  -37.815  -16.262  40.614 0.0000000000
73925  -36.988  -16.252  40.534 0.0000000000
72641  -37.501  -17.198  40.612 0.0000000000
71434  -37.347  -17.866  40.725 0.0000000000
72627  -37.806  -17.938  40.937 0.0000000000
70268  -38.642  -18.977  42.310 0.0000000000
71403  -39.117  -18.459  42.191 0.0000000000
72613  -40.334  -17.327  42.086 0.0000000000
71404  -40.158  -18.341  42.857 0.0000000000
71385  -41.199  -18.410  43.621 0.0000000000
70232  -41.456  -19.002  44.333 0.0000000000
78269  -38.250  -12.540  41.624 0.0000000000
78270  -38.669  -12.687  41.709 0.0000000000
79468  -39.825  -12.000  41.732 0.0000000000
78271  -39.824  -12.723  41.846 0.0000000000
78258  -40.677  -12.726  42.085 0.0000000000
80533  -41.280  -10.995  41.401 0.0000000000
80513  -41.333  -11.494  42.114 0.0000000000
80534  -42.303  -10.846  41.525 0.0000000000
80553  -42.425  -10.792  40.550 0.0000000000
80582  -40.017  -10.511  38.549 0.0000000000
80583  -40.819  -10.769  38.413 0.0000000000
80599  -41.234  -10.548  37.861 0.0000000000
82866  -40.384  -8.134  37.756 0.0000000000
83934  -40.853  -7.671  37.682 0.0000000000
82879  -40.833  -8.525  37.306 0.0000000000
83935  -41.491  -7.626  37.285 0.0000000000
54020  -24.335  -34.037  53.790 0.0000000000
52961  -23.737  -34.699  54.399 0.0000000000
52962  -24.671  -34.535  54.409 0.0000000000
52938  -26.608  -34.497  55.814 0.0000000000
52937  -25.829  -34.952  55.691 0.0000000000
51876  -26.304  -35.222  56.212 0.0000000000
51868  -27.358  -35.383  57.128 0.0000000000
55114  -28.303  -32.496  55.596 0.0000000000
55113  -27.814  -32.847  55.489 0.0000000000
53998  -28.456  -33.643  56.623 0.0000000000
61032  -31.008  -27.690  54.320 0.0000000000
50640  -9.972  -35.964  60.811 0.0000000000
52874  -11.640  -34.675  59.701 0.0000000000
51816  -11.553  -36.645  59.254 0.0000000000
48314  -12.498  -38.606  59.816 0.0000000000
52914  -14.370  -34.272  57.367 0.0000000000
50689  -15.735  -36.554  58.255 0.0000000000
50672  -14.755  -37.128  58.471 0.0000000000
49485  -15.408  -37.472  59.215 0.0000000000
42741  -4.516  -43.950  64.241 0.0000000000
43837  -4.915  -43.588  64.265 0.0000000000
52934  -22.328  -35.374  56.534 0.0000000000
52935  -23.087  -35.575  56.171 0.0000000000
51883  -24.119  -35.461  55.683 0.0000000000
66558  -33.038  -23.391  51.339 0.0000000000
55134  -20.749  -31.633  53.593 0.0000000000
55121  -20.275  -32.237  54.111 0.0000000000
54016  -20.341  -32.919  54.552 0.0000000000
52947  -20.266  -33.962  55.606 0.0000000000
73781  -30.953  -16.135  50.943 0.0000000000
85109  -43.660  -6.688  37.653 0.0000000000
83938  -43.961  -6.970  36.453 0.0000000000
95565  -42.749  1.852  34.354 0.0000000000
95566  -43.283  2.246  33.672 0.0000000000
94359  -43.103  1.745  33.085 0.0000000000
94366  -43.282  1.211  32.422 0.0000000000
93225  -43.949  0.157  31.366 0.0000000000
94374  -44.055  1.193  31.397 0.0000000000
95593  -44.623  1.829  31.114 0.0000000000
95594  -45.222  2.016  30.713 0.0000000000
94381  -46.110  1.841  29.921 0.0000000000
95586  -45.538  2.573  31.005 0.0000000000
71383  -35.130  -17.717  43.537 0.0000000000
72592  -34.835  -17.730  42.772 0.0000000000
81674  -35.434  -9.638  41.095 0.0000000000
82833  -35.856  -8.547  40.946 0.0000000000
83900  -36.607  -7.494  40.750 0.0000000000
83891  -36.892  -7.015  41.436 0.0000000000
61040  -29.195  -28.001  52.979 0.0000000000
58715  -29.416  -29.753  53.869 0.0000000000
59921  -30.062  -28.705  53.719 0.0000000000
58700  -30.589  -29.031  54.927 0.0000000000
94440  -51.174  1.918  25.554 0.0000000000
94452  -51.765  1.822  24.934 0.0000000000
43854  -7.006  -42.490  63.637 0.0000000000
43839  -6.110  -43.046  64.409 0.0000000000
67876  -40.366  -21.677  47.281 0.0000000000
66507  -29.870  -23.406  53.335 0.0000000000
66489  -30.599  -23.650  53.920 0.0000000000
66490  -31.286  -23.490  54.276 0.0000000000
66473  -31.852  -23.815  54.797 0.0000000000
57443  -17.398  -30.142  55.316 0.0000000000
58631  -16.174  -28.913  56.714 0.0000000000
56258  -15.858  -31.130  56.424 0.0000000000
55096  -15.801  -32.163  56.481 0.0000000000
52929  -17.604  -34.112  56.641 0.0000000000
51844  -20.028  -35.639  58.788 0.0000000000
67856  -31.340  -22.597  48.255 0.0000000000
67873  -31.770  -22.405  47.498 0.0000000000
67872  -30.841  -21.906  47.530 0.0000000000
69061  -30.830  -21.428  46.951 0.0000000000
69075  -30.461  -20.442  46.586 0.0000000000
56318  -23.208  -31.373  53.272 0.0000000000
59896  -26.343  -27.700  55.082 0.0000000000
61023  -26.058  -26.994  55.149 0.0000000000
61031  -26.471  -27.283  54.207 0.0000000000
61038  -27.207  -27.593  53.500 0.0000000000
64373  -25.811  -24.444  54.254 0.0000000000
70068  -27.698  -19.176  55.298 0.0000000000
67770  -25.695  -21.321  54.407 0.0000000000
68953  -26.153  -20.669  54.207 0.0000000000
67782  -26.298  -21.190  53.660 0.0000000000
66519  -26.818  -22.095  53.137 0.0000000000
66532  -27.024  -21.738  52.909 0.0000000000
71239  -27.985  -18.638  49.934 0.0000000000
70117  -27.951  -19.344  50.441 0.0000000000
70133  -28.180  -19.350  49.798 0.0000000000
69011  -29.057  -20.606  49.665 0.0000000000
69030  -29.711  -21.772  49.529 0.0000000000
67842  -29.878  -21.665  48.949 0.0000000000
67855  -30.523  -22.137  48.415 0.0000000000
80585  -42.725  -10.916  38.529 0.0000000000
80602  -43.908  -10.928  37.474 0.0000000000
80603  -44.884  -10.882  37.403 0.0000000000
82905  -45.469  -8.380  34.866 0.0000000000
81753  -46.192  -9.301  35.208 0.0000000000
88679  -45.400  -4.169  37.267 0.0000000000
88678  -44.796  -3.743  37.113 0.0000000000
88684  -44.676  -3.554  36.249 0.0000000000
92048  -44.058  -0.932  34.449 0.0000000000
90888  -44.535  -1.348  34.943 0.0000000000
89824  -47.298  -2.606  34.287 0.0000000000
88709  -47.569  -3.563  33.790 0.0000000000
89833  -47.970  -2.868  33.965 0.0000000000
89825  -48.316  -2.482  34.294 0.0000000000
93250  -49.114  0.583  27.952 0.0000000000
95611  -48.343  2.354  28.621 0.0000000000
94410  -49.110  1.921  27.776 0.0000000000
95627  -49.685  2.173  27.155 0.0000000000
95626  -49.261  2.517  27.713 0.0000000000
49472  -9.095  -37.802  60.231 0.0000000000
48304  -8.800  -38.461  60.404 0.0000000000
44904  -8.675  -41.757  63.274 0.0000000000
67892  -33.398  -22.190  46.543 0.0000000000
67893  -34.385  -22.174  46.360 0.0000000000
67894  -35.352  -22.086  46.262 0.0000000000
67976  -36.004  -21.189  43.886 0.0000000000
69125  -37.590  -20.819  44.104 0.0000000000
67952  -38.121  -20.842  44.732 0.0000000000
69102  -38.666  -20.716  45.022 0.0000000000
69126  -38.519  -20.500  44.247 0.0000000000
69154  -39.399  -19.638  43.557 0.0000000000
75021  -35.630  -15.209  41.625 0.0000000000
76128  -36.694  -14.528  40.857 0.0000000000
75034  -37.367  -15.577  40.605 0.0000000000
72642  -38.254  -16.820  40.723 0.0000000000
71423  -39.014  -17.949  41.633 0.0000000000
72629  -39.434  -17.220  41.433 0.0000000000
72630  -40.052  -16.641  41.516 0.0000000000
72614  -41.287  -17.072  42.328 0.0000000000
73901  -40.832  -16.232  41.652 0.0000000000
75012  -40.821  -15.335  41.526 0.0000000000
76117  -40.511  -14.509  41.583 0.0000000000
80530  -38.276  -11.612  40.952 0.0000000000
79467  -38.863  -12.019  41.597 0.0000000000
80510  -38.764  -11.725  41.340 0.0000000000
80512  -40.065  -11.574  41.538 0.0000000000
83911  -39.761  -6.866  39.027 0.0000000000
83919  -39.424  -7.574  38.610 0.0000000000
85098  -40.495  -6.514  39.129 0.0000000000
85099  -41.268  -6.418  38.820 0.0000000000
54010  -25.989  -34.039  54.726 0.0000000000
54011  -26.610  -33.770  55.147 0.0000000000
52939  -27.274  -34.321  56.157 0.0000000000
51817  -12.007  -35.959  58.988 0.0000000000
51859  -15.989  -35.315  57.367 0.0000000000
50674  -16.234  -36.745  58.833 0.0000000000
66603  -39.538  -22.995  49.407 0.0000000000
66621  -38.764  -22.756  48.511 0.0000000000
51825  -22.136  -36.093  59.774 0.0000000000
51826  -23.139  -36.317  59.344 0.0000000000
50677  -23.686  -36.514  59.956 0.0000000000
51848  -23.563  -36.372  58.433 0.0000000000
58675  -18.576  -29.440  54.664 0.0000000000
56295  -19.464  -31.276  54.174 0.0000000000
56294  -18.940  -30.867  54.377 0.0000000000
57463  -18.059  -30.271  54.809 0.0000000000
56260  -18.027  -31.967  55.441 0.0000000000
52932  -20.120  -34.328  56.234 0.0000000000
52903  -21.119  -35.463  58.164 0.0000000000
71262  -29.470  -18.610  48.157 0.0000000000
71279  -29.598  -19.043  47.682 0.0000000000
72499  -29.717  -17.952  48.256 0.0000000000
71185  -28.359  -18.100  54.254 0.0000000000
71195  -28.091  -18.256  53.228 0.0000000000
72440  -28.727  -17.408  52.038 0.0000000000
72457  -29.313  -16.924  51.814 0.0000000000
72456  -28.507  -17.395  51.251 0.0000000000
72473  -28.399  -17.673  50.080 0.0000000000
82893  -42.234  -8.996  36.348 0.0000000000
81735  -42.548  -9.364  36.283 0.0000000000
82895  -43.546  -8.743  35.719 0.0000000000
82903  -44.229  -8.575  35.487 0.0000000000
83956  -44.154  -7.286  35.885 0.0000000000
83969  -44.473  -7.763  35.484 0.0000000000
82904  -44.785  -8.367  35.210 0.0000000000
83977  -45.888  -7.525  34.718 0.0000000000
85149  -46.316  -6.940  34.652 0.0000000000
90867  -43.231  -1.571  36.509 0.0000000000
92030  -42.717  -0.681  36.389 0.0000000000
92038  -42.550  -0.384  35.440 0.0000000000
92047  -43.230  -0.743  34.846 0.0000000000
93206  -42.471  0.401  34.146 0.0000000000
92062  -42.767  -0.308  34.198 0.0000000000
92064  -44.280  -0.992  33.648 0.0000000000
92065  -45.393  -1.179  33.559 0.0000000000
90904  -46.673  -1.161  33.435 0.0000000000
92079  -45.363  -1.342  32.768 0.0000000000
90915  -45.931  -1.615  32.308 0.0000000000
90934  -45.685  -1.648  31.231 0.0000000000
92101  -44.497  -0.422  30.937 0.0000000000
90954  -45.535  -0.960  30.369 0.0000000000
89853  -47.020  -2.183  30.857 0.0000000000
92120  -48.072  -0.171  28.569 0.0000000000
93248  -47.687  0.603  28.725 0.0000000000
95602  -46.437  2.109  29.870 0.0000000000
95603  -47.093  2.292  29.541 0.0000000000
95610  -47.691  2.032  28.957 0.0000000000
96767  -47.559  2.846  29.625 0.0000000000
69123  -33.196  -20.499  44.212 0.0000000000
69149  -34.306  -20.471  43.122 0.0000000000
70265  -36.235  -19.655  41.811 0.0000000000
78268  -35.057  -12.769  42.401 0.0000000000
80509  -34.898  -11.156  42.658 0.0000000000
79465  -35.236  -11.933  42.119 0.0000000000
78283  -35.710  -12.710  41.700 0.0000000000
77193  -38.090  -13.734  41.327 0.0000000000
79478  -37.767  -11.935  41.333 0.0000000000
80547  -36.382  -10.540  40.688 0.0000000000
81687  -37.961  -9.690  39.408 0.0000000000
83901  -37.291  -7.095  40.237 0.0000000000
85085  -39.294  -6.339  40.457 0.0000000000
85073  -40.037  -5.912  40.953 0.0000000000
55124  -27.504  -32.533  54.698 0.0000000000
56323  -27.992  -31.682  54.109 0.0000000000
56298  -28.463  -31.851  54.895 0.0000000000
56276  -28.809  -32.019  55.745 0.0000000000
57515  -29.397  -30.158  54.381 0.0000000000
56299  -28.959  -31.393  55.247 0.0000000000
53948  -12.741  -33.155  59.310 0.0000000000
50686  -13.284  -36.858  58.333 0.0000000000
49490  -13.943  -37.475  58.568 0.0000000000
51805  -18.061  -36.250  60.212 0.0000000000
47052  -6.273  -40.120  62.008 0.0000000000
47039  -5.868  -39.217  62.345 0.0000000000
47038  -5.143  -39.158  63.012 0.0000000000
88668  -46.104  -4.225  37.966 0.0000000000
88666  -44.660  -3.277  38.098 0.0000000000
89782  -43.665  -2.110  38.330 0.0000000000
90847  -43.318  -1.510  38.266 0.0000000000
69080  -42.679  -20.053  46.115 0.0000000000
64376  -29.574  -24.642  53.500 0.0000000000
62179  -30.660  -26.978  53.687 0.0000000000
63280  -31.025  -25.161  53.992 0.0000000000
56219  -14.246  -30.721  58.478 0.0000000000
55054  -14.155  -31.691  58.043 0.0000000000
52930  -18.068  -34.174  56.566 0.0000000000
98927  -50.785  4.820  25.806 0.0000000000
66599  -35.134  -23.961  49.558 0.0000000000
66637  -33.962  -23.063  47.963 0.0000000000
66658  -33.267  -22.654  47.334 0.0000000000
66657  -32.552  -22.632  47.572 0.0000000000
67946  -32.927  -21.227  45.346 0.0000000000
71280  -30.024  -18.529  47.451 0.0000000000
70172  -30.238  -19.261  46.860 0.0000000000
70189  -30.738  -19.746  46.375 0.0000000000
71282  -32.054  -17.729  47.121 0.0000000000
71305  -31.364  -19.180  46.127 0.0000000000
70209  -31.482  -20.021  45.795 0.0000000000
70210  -32.158  -19.881  45.203 0.0000000000
69122  -32.735  -20.614  44.873 0.0000000000
70228  -32.676  -19.708  44.594 0.0000000000
71335  -33.833  -17.964  45.683 0.0000000000
54036  -24.906  -33.188  53.585 0.0000000000
58681  -25.281  -29.286  55.047 0.0000000000
58697  -25.368  -29.618  54.053 0.0000000000
58698  -26.097  -29.320  53.753 0.0000000000
58711  -25.815  -29.854  53.460 0.0000000000
56322  -27.115  -31.559  53.531 0.0000000000
61039  -28.141  -27.864  53.064 0.0000000000
62185  -28.926  -27.196  53.017 0.0000000000
63295  -28.996  -26.459  53.059 0.0000000000
64358  -24.895  -24.177  55.981 0.0000000000
64365  -25.227  -24.068  55.039 0.0000000000
64374  -27.292  -24.532  53.634 0.0000000000
66520  -27.982  -22.617  52.860 0.0000000000
66521  -29.123  -23.051  52.842 0.0000000000
67803  -29.777  -22.515  52.037 0.0000000000
70106  -28.168  -20.047  50.716 0.0000000000
68996  -28.101  -20.368  51.063 0.0000000000
66556  -31.528  -22.809  51.537 0.0000000000
67823  -31.616  -22.991  50.638 0.0000000000
67832  -30.625  -22.521  50.029 0.0000000000
67833  -31.341  -22.887  50.122 0.0000000000
66576  -31.926  -23.210  50.274 0.0000000000
66577  -32.695  -23.377  50.434 0.0000000000
57484  -20.779  -30.236  53.640 0.0000000000
57506  -21.440  -30.165  53.625 0.0000000000
80571  -44.556  -10.975  39.445 0.0000000000
80614  -44.085  -10.504  36.569 0.0000000000
81739  -46.027  -9.870  35.770 0.0000000000
85112  -46.439  -6.130  37.104 0.0000000000
85128  -46.566  -5.965  36.420 0.0000000000
87470  -45.619  -4.557  36.615 0.0000000000
85141  -46.512  -6.370  34.795 0.0000000000
86296  -46.767  -6.034  34.632 0.0000000000
89812  -44.455  -2.664  35.825 0.0000000000
89813  -45.115  -2.837  35.313 0.0000000000
90878  -45.250  -2.363  35.077 0.0000000000
88695  -45.446  -3.670  34.989 0.0000000000
86308  -46.985  -5.564  34.143 0.0000000000
85151  -47.429  -6.567  33.989 0.0000000000
85162  -48.613  -6.094  33.655 0.0000000000
95638  -49.964  2.511  26.700 0.0000000000
94425  -50.636  1.742  26.196 0.0000000000
94439  -50.737  2.286  25.858 0.0000000000
97906  -50.251  4.486  26.563 0.0000000000
98899  -50.494  5.544  28.303 0.0000000000
47054  -7.350  -38.716  61.175 0.0000000000
47082  -9.002  -39.254  60.487 0.0000000000
45998  -9.755  -40.817  61.712 0.0000000000
47066  -7.556  -40.159  61.336 0.0000000000
66600  -36.211  -23.839  49.563 0.0000000000
66642  -38.744  -22.373  47.735 0.0000000000
67923  -35.527  -21.744  45.434 0.0000000000
67924  -36.483  -21.647  45.421 0.0000000000
67950  -36.675  -21.307  44.614 0.0000000000
67896  -37.217  -21.826  46.239 0.0000000000
66663  -37.774  -22.055  46.898 0.0000000000
67874  -38.397  -22.113  47.204 0.0000000000
67899  -40.559  -21.048  46.476 0.0000000000
69077  -39.899  -20.738  45.716 0.0000000000
67900  -41.348  -20.831  46.400 0.0000000000
69079  -41.674  -20.341  45.953 0.0000000000
73880  -35.695  -16.072  42.916 0.0000000000
72611  -35.243  -17.042  42.224 0.0000000000
70286  -35.739  -18.946  41.266 0.0000000000
70287  -36.722  -19.058  41.358 0.0000000000
73913  -36.242  -16.068  40.711 0.0000000000
72626  -35.898  -16.587  40.844 0.0000000000
71433  -36.783  -17.763  40.618 0.0000000000
71421  -37.271  -18.406  41.038 0.0000000000
70267  -37.992  -19.363  42.183 0.0000000000
70248  -39.065  -19.411  42.984 0.0000000000
70249  -39.709  -19.209  43.323 0.0000000000
70270  -39.918  -18.839  43.145 0.0000000000
70231  -40.723  -19.269  44.165 0.0000000000
69129  -41.103  -19.529  44.632 0.0000000000
70211  -41.701  -19.457  44.970 0.0000000000
70212  -42.608  -19.353  45.225 0.0000000000
72598  -42.295  -17.300  43.114 0.0000000000
77194  -38.915  -13.883  41.444 0.0000000000
77195  -39.529  -13.893  41.593 0.0000000000
77178  -40.030  -13.627  41.768 0.0000000000
78272  -40.494  -13.173  41.968 0.0000000000
81698  -38.660  -9.646  38.927 0.0000000000
81699  -39.389  -9.650  38.398 0.0000000000
82865  -39.742  -8.483  38.023 0.0000000000
81721  -40.575  -9.199  37.483 0.0000000000
83936  -42.338  -7.511  36.893 0.0000000000
83923  -42.944  -6.810  37.442 0.0000000000
85102  -44.331  -6.576  38.320 0.0000000000
52952  -25.345  -34.599  54.989 0.0000000000
51875  -25.536  -35.627  56.308 0.0000000000
54012  -27.264  -33.254  55.363 0.0000000000
52924  -27.739  -34.646  56.716 0.0000000000
53962  -28.638  -34.403  57.495 0.0000000000
52904  -28.071  -34.999  57.853 0.0000000000
51830  -27.707  -36.056  58.855 0.0000000000
51802  -11.105  -36.254  59.659 0.0000000000
48308  -12.960  -38.919  60.585 0.0000000000
52913  -13.886  -34.690  57.630 0.0000000000
51857  -14.058  -35.154  57.555 0.0000000000
51838  -14.441  -35.967  57.688 0.0000000000
49491  -14.406  -37.303  58.510 0.0000000000
51804  -17.374  -36.526  59.956 0.0000000000
50658  -16.665  -36.942  59.660 0.0000000000
49477  -15.462  -37.753  59.758 0.0000000000
49476  -14.671  -38.278  60.119 0.0000000000
97923  -51.224  3.955  24.944 0.0000000000
42742  -4.900  -43.830  64.692 0.0000000000
45957  -4.658  -40.217  63.216 0.0000000000
43864  -3.902  -42.488  63.036 0.0000000000
44924  -9.557  -41.186  62.679 0.0000000000
49475  -14.057  -38.434  59.934 0.0000000000
50673  -15.409  -37.074  58.753 0.0000000000
51828  -24.531  -36.714  58.943 0.0000000000
51862  -21.454  -35.590  58.252 0.0000000000
51882  -23.615  -35.648  56.061 0.0000000000
52951  -24.352  -34.946  55.114 0.0000000000
53976  -28.378  -34.253  56.919 0.0000000000
53996  -27.109  -33.868  55.748 0.0000000000
54006  -18.803  -32.979  55.690 0.0000000000
54009  -20.716  -33.685  54.895 0.0000000000
54032  -21.206  -32.768  53.756 0.0000000000
55099  -28.097  -32.926  55.969 0.0000000000
56297  -27.994  -32.105  54.666 0.0000000000
57464  -18.673  -30.368  54.467 0.0000000000
57482  -19.208  -30.349  54.111 0.0000000000
59920  -29.468  -28.927  53.335 0.0000000000
63296  -29.408  -26.808  53.104 0.0000000000
64366  -25.152  -24.806  55.342 0.0000000000
64372  -25.552  -23.892  54.542 0.0000000000
66487  -24.921  -22.710  55.001 0.0000000000
66503  -25.435  -22.917  54.388 0.0000000000
67800  -27.178  -21.513  52.701 0.0000000000
67857  -39.312  -22.416  48.081 0.0000000000
67927  -39.121  -20.856  45.524 0.0000000000
67977  -36.570  -21.094  44.020 0.0000000000
68977  -30.637  -22.519  51.291 0.0000000000
69029  -29.616  -21.292  49.094 0.0000000000
69177  -38.444  -19.548  42.686 0.0000000000
70151  -29.208  -19.558  48.473 0.0000000000
70170  -29.498  -19.369  47.954 0.0000000000
70230  -40.052  -19.509  43.875 0.0000000000
70251  -40.911  -18.864  43.971 0.0000000000
70289  -38.138  -18.971  41.938 0.0000000000
71263  -29.874  -18.144  47.958 0.0000000000
71364  -41.654  -18.665  44.139 0.0000000000
71384  -40.578  -18.554  43.357 0.0000000000
71402  -38.690  -18.646  42.038 0.0000000000
71422  -38.322  -18.468  41.612 0.0000000000
71432  -35.950  -17.535  40.718 0.0000000000
72486  -28.504  -18.314  49.419 0.0000000000
73884  -42.047  -16.922  42.573 0.0000000000
73914  -38.862  -16.743  40.958 0.0000000000
73928  -38.926  -16.291  40.917 0.0000000000
75035  -38.259  -15.420  40.760 0.0000000000
75036  -38.863  -15.904  40.863 0.0000000000
76116  -39.909  -14.126  41.587 0.0000000000
76140  -37.029  -15.114  40.628 0.0000000000
76142  -37.985  -14.820  40.818 0.0000000000
78257  -40.319  -12.622  41.912 0.0000000000
78286  -38.525  -13.274  41.617 0.0000000000
79455  -40.406  -12.350  41.921 0.0000000000
79466  -38.269  -12.279  41.576 0.0000000000
81712  -40.784  -10.246  37.791 0.0000000000
81751  -44.566  -8.934  35.372 0.0000000000
81761  -46.549  -8.807  34.744 0.0000000000
86307  -46.442  -5.017  34.450 0.0000000000
87497  -47.023  -4.773  33.870 0.0000000000
87498  -47.458  -4.562  33.669 0.0000000000
88658  -44.682  -2.988  38.456 0.0000000000
88698  -48.598  -2.820  34.108 0.0000000000
89834  -48.256  -2.829  34.038 0.0000000000
90846  -42.993  -1.172  38.041 0.0000000000
90855  -42.933  -1.147  37.719 0.0000000000
90856  -43.171  -1.691  37.417 0.0000000000
90903  -46.136  -1.272  33.172 0.0000000000
90935  -46.673  -2.052  31.603 0.0000000000
90953  -44.952  -0.719  30.685 0.0000000000
90969  -45.860  -0.546  29.975 0.0000000000
92046  -42.531  -0.204  34.714 0.0000000000
92110  -45.571  -0.133  30.100 0.0000000000
93207  -42.715  -0.039  33.650 0.0000000000
93240  -45.785  0.537  29.853 0.0000000000
93241  -46.347  0.524  29.558 0.0000000000
93249  -48.443  0.618  28.335 0.0000000000
94353  -42.349  1.205  34.636 0.0000000000
94367  -43.860  1.708  31.935 0.0000000000
94373  -43.637  0.644  31.786 0.0000000000
94379  -44.806  1.273  30.637 0.0000000000
94380  -45.650  1.400  30.052 0.0000000000
94389  -47.315  1.399  29.063 0.0000000000
94397  -48.846  1.457  28.044 0.0000000000
94412  -50.137  1.605  26.923 0.0000000000
95567  -43.801  2.458  33.128 0.0000000000
95575  -43.431  2.040  32.894 0.0000000000
95584  -44.315  2.031  31.677 0.0000000000
95595  -45.996  2.331  30.387 0.0000000000
95604  -47.793  2.578  29.235 0.0000000000
95625  -48.866  2.194  28.054 0.0000000000
96740  -44.573  2.717  32.427 0.0000000000
96750  -45.470  2.802  31.440 0.0000000000
96760  -46.450  2.798  30.485 0.0000000000
96817  -51.504  3.433  24.709 0.0000000000
97915  -51.001  4.399  25.419 0.0000000000
