#!ascii label  , from subject 3061 vox2ras=TkReg
2122
64056  -36.522  -31.452  60.354 0.0000000000
88445  -49.034  -13.533  39.363 0.0000000000
79811  -39.987  -19.339  49.176 0.0000000000
49136  -9.665  -44.640  49.310 0.0000000000
53776  -24.308  -40.375  56.197 0.0000000000
62837  -8.946  -33.306  54.186 0.0000000000
56065  -5.461  -38.397  58.788 0.0000000000
78564  -45.878  -20.206  43.213 0.0000000000
66730  -5.924  -30.306  48.469 0.0000000000
46651  -5.310  -45.859  57.006 0.0000000000
70680  -36.412  -28.664  53.782 0.0000000000
58657  -32.155  -34.766  56.620 0.0000000000
58595  -29.673  -34.720  60.575 0.0000000000
93522  -50.812  -9.468  38.502 0.0000000000
82310  -43.408  -18.450  46.366 0.0000000000
51594  -18.625  -40.280  52.866 0.0000000000
74429  -6.269  -24.125  55.226 0.0000000000
56144  -11.432  -38.771  52.852 0.0000000000
57386  -11.614  -37.124  48.462 0.0000000000
50392  -10.604  -43.607  45.181 0.0000000000
46584  -10.558  -44.260  63.004 0.0000000000
48886  -7.218  -44.765  62.213 0.0000000000
75749  -36.831  -21.336  53.402 0.0000000000
57214  -26.028  -37.486  62.333 0.0000000000
58670  -24.730  -35.639  55.787 0.0000000000
58682  -6.670  -35.841  55.775 0.0000000000
53787  -9.893  -40.516  55.440 0.0000000000
81187  -47.011  -18.741  40.598 0.0000000000
50123  -13.514  -42.401  60.050 0.0000000000
50213  -16.555  -41.459  56.500 0.0000000000
66707  -9.345  -30.113  51.191 0.0000000000
58785  -6.693  -36.501  47.246 0.0000000000
54854  -5.695  -39.689  62.959 0.0000000000
51457  -7.659  -42.608  58.413 0.0000000000
49077  -6.118  -44.648  52.561 0.0000000000
69264  -37.974  -28.700  60.208 0.0000000000
62772  -36.946  -31.924  57.001 0.0000000000
66646  -37.824  -30.131  57.052 0.0000000000
60028  -34.793  -33.805  57.800 0.0000000000
60077  -34.981  -33.606  54.565 0.0000000000
58597  -32.964  -34.725  60.399 0.0000000000
89656  -49.774  -12.229  39.085 0.0000000000
85889  -45.571  -15.587  39.283 0.0000000000
88465  -46.873  -12.847  38.220 0.0000000000
92236  -47.575  -11.063  37.271 0.0000000000
81080  -41.735  -18.716  48.171 0.0000000000
77099  -36.587  -21.306  49.025 0.0000000000
78510  -37.500  -19.964  47.218 0.0000000000
81132  -39.035  -18.851  45.108 0.0000000000
52795  -10.094  -41.798  50.011 0.0000000000
52808  -11.491  -41.367  48.584 0.0000000000
50368  -11.276  -44.027  47.618 0.0000000000
46796  -10.338  -46.514  45.292 0.0000000000
45551  -11.281  -47.288  47.610 0.0000000000
46599  -10.215  -44.754  59.864 0.0000000000
45357  -8.364  -46.304  60.969 0.0000000000
75726  -35.217  -22.035  55.479 0.0000000000
71908  -34.864  -27.062  57.138 0.0000000000
71980  -34.350  -27.347  52.921 0.0000000000
73231  -33.475  -25.210  55.300 0.0000000000
75746  -34.375  -22.829  53.000 0.0000000000
57175  -27.560  -35.593  65.058 0.0000000000
60041  -28.576  -33.508  56.690 0.0000000000
60013  -26.797  -34.503  58.835 0.0000000000
95972  -50.369  -7.556  34.922 0.0000000000
97127  -51.659  -6.328  33.955 0.0000000000
58631  -6.534  -36.605  57.717 0.0000000000
56103  -8.454  -37.479  56.455 0.0000000000
54923  -8.284  -38.519  57.799 0.0000000000
77245  -46.710  -20.493  41.071 0.0000000000
77199  -42.304  -21.390  41.508 0.0000000000
75964  -43.763  -21.936  40.195 0.0000000000
78685  -44.332  -20.435  39.059 0.0000000000
48889  -14.188  -43.082  62.509 0.0000000000
48907  -15.298  -42.764  60.975 0.0000000000
68022  -7.727  -29.511  56.349 0.0000000000
69347  -9.013  -28.494  54.302 0.0000000000
65435  -9.501  -31.355  53.093 0.0000000000
55074  -9.328  -39.443  45.982 0.0000000000
58769  -8.964  -36.271  47.841 0.0000000000
55071  -6.822  -38.691  46.053 0.0000000000
54832  -7.696  -40.036  63.900 0.0000000000
47767  -5.889  -45.313  60.156 0.0000000000
50120  -7.179  -43.778  60.394 0.0000000000
48973  -6.334  -45.061  57.365 0.0000000000
51510  -7.283  -43.629  55.535 0.0000000000
47850  -5.771  -45.837  54.640 0.0000000000
71910  -36.788  -27.817  56.764 0.0000000000
57203  -29.644  -35.298  63.229 0.0000000000
58557  -31.802  -35.170  62.028 0.0000000000
58624  -30.722  -34.372  58.600 0.0000000000
95931  -52.043  -7.242  37.506 0.0000000000
94767  -48.740  -8.879  36.135 0.0000000000
79854  -44.597  -19.475  44.815 0.0000000000
79885  -41.322  -18.998  42.773 0.0000000000
54980  -22.603  -37.918  53.493 0.0000000000
51562  -20.830  -39.978  54.263 0.0000000000
70686  -6.174  -26.984  51.796 0.0000000000
58714  -10.701  -35.632  53.812 0.0000000000
61517  -11.708  -34.402  51.954 0.0000000000
56176  -11.983  -38.158  50.379 0.0000000000
55076  -11.410  -40.038  46.636 0.0000000000
51725  -8.585  -42.726  44.693 0.0000000000
50080  -10.297  -42.932  65.561 0.0000000000
50094  -8.153  -43.008  64.393 0.0000000000
46575  -8.391  -45.290  63.550 0.0000000000
45354  -7.094  -46.249  61.108 0.0000000000
77079  -38.234  -20.858  50.935 0.0000000000
75796  -35.215  -22.128  50.613 0.0000000000
54894  -24.576  -38.421  59.395 0.0000000000
57243  -26.914  -35.045  61.931 0.0000000000
57270  -24.759  -36.590  59.403 0.0000000000
56093  -24.183  -38.006  56.379 0.0000000000
66671  -6.873  -31.012  56.115 0.0000000000
64085  -5.972  -32.073  57.391 0.0000000000
61498  -7.532  -34.398  54.658 0.0000000000
57330  -9.446  -36.641  54.792 0.0000000000
54960  -10.365  -40.064  53.619 0.0000000000
52764  -8.436  -41.993  52.125 0.0000000000
84723  -47.937  -15.957  40.219 0.0000000000
82410  -44.498  -18.529  39.570 0.0000000000
48874  -12.071  -43.636  64.094 0.0000000000
47760  -11.824  -43.301  62.121 0.0000000000
48954  -11.263  -44.156  58.558 0.0000000000
50239  -19.733  -41.408  55.694 0.0000000000
50194  -19.027  -42.555  57.229 0.0000000000
48958  -17.243  -43.700  58.530 0.0000000000
51477  -14.910  -42.152  58.266 0.0000000000
50168  -12.664  -42.316  57.040 0.0000000000
73190  -7.282  -25.380  56.132 0.0000000000
71957  -7.763  -26.978  53.130 0.0000000000
66715  -7.531  -30.383  50.182 0.0000000000
62889  -11.460  -33.358  49.819 0.0000000000
61560  -8.652  -33.648  48.617 0.0000000000
61556  -6.724  -33.501  47.994 0.0000000000
54869  -4.936  -39.047  60.729 0.0000000000
52611  -7.993  -41.446  62.878 0.0000000000
53730  -7.554  -40.701  61.319 0.0000000000
53754  -7.432  -39.675  59.270 0.0000000000
52680  -8.818  -41.682  56.890 0.0000000000
52732  -7.799  -42.905  54.102 0.0000000000
49115  -7.195  -44.768  50.870 0.0000000000
44260  -5.236  -48.610  54.641 0.0000000000
44296  -5.607  -48.527  52.806 0.0000000000
45525  -9.164  -47.634  50.007 0.0000000000
66598  -37.733  -29.944  60.620 0.0000000000
66584  -36.709  -30.144  61.587 0.0000000000
62753  -36.950  -32.287  58.903 0.0000000000
65363  -37.738  -30.784  58.719 0.0000000000
61413  -35.817  -33.060  58.829 0.0000000000
60030  -35.838  -32.867  57.542 0.0000000000
64048  -35.763  -31.815  61.227 0.0000000000
61392  -34.727  -33.369  60.423 0.0000000000
88455  -49.658  -12.994  39.075 0.0000000000
87126  -46.955  -14.682  39.251 0.0000000000
87137  -46.098  -14.505  38.811 0.0000000000
87139  -48.115  -13.513  39.016 0.0000000000
89654  -48.006  -12.344  38.337 0.0000000000
79822  -40.560  -18.857  48.402 0.0000000000
81071  -42.267  -18.724  49.418 0.0000000000
79800  -40.956  -18.719  49.976 0.0000000000
77122  -37.109  -20.681  47.884 0.0000000000
78501  -38.510  -19.732  48.226 0.0000000000
79835  -39.676  -19.115  47.541 0.0000000000
50323  -9.737  -43.007  49.628 0.0000000000
51646  -10.843  -42.362  49.022 0.0000000000
49137  -10.380  -44.383  48.567 0.0000000000
46774  -11.383  -46.359  47.603 0.0000000000
47948  -10.350  -45.344  48.994 0.0000000000
46626  -10.158  -44.882  57.705 0.0000000000
46613  -9.778  -45.167  59.175 0.0000000000
74414  -34.354  -25.261  57.529 0.0000000000
71926  -33.458  -26.020  55.916 0.0000000000
74425  -34.001  -24.706  56.740 0.0000000000
75725  -34.088  -23.317  55.480 0.0000000000
95963  -51.979  -7.048  35.801 0.0000000000
95978  -51.011  -6.828  33.922 0.0000000000
98268  -52.797  -5.606  34.599 0.0000000000
57277  -5.771  -37.427  58.754 0.0000000000
56086  -6.958  -37.706  57.918 0.0000000000
54921  -6.712  -38.336  58.562 0.0000000000
77204  -46.382  -20.618  42.232 0.0000000000
78567  -47.936  -19.433  43.037 0.0000000000
77179  -43.823  -21.240  42.708 0.0000000000
75916  -42.885  -21.953  40.957 0.0000000000
75899  -44.534  -21.463  41.796 0.0000000000
75966  -45.169  -21.276  40.392 0.0000000000
48891  -15.492  -42.702  62.134 0.0000000000
48909  -16.793  -43.418  60.673 0.0000000000
52667  -24.802  -41.145  57.711 0.0000000000
52681  -24.253  -41.169  56.562 0.0000000000
69397  -6.227  -28.017  49.790 0.0000000000
66683  -8.461  -31.332  55.039 0.0000000000
66684  -8.923  -30.630  54.065 0.0000000000
64148  -9.279  -32.370  53.495 0.0000000000
52843  -7.943  -40.721  45.664 0.0000000000
53920  -7.745  -39.874  45.720 0.0000000000
53943  -6.733  -40.195  45.122 0.0000000000
57191  -8.374  -38.108  63.747 0.0000000000
56014  -8.637  -39.295  63.984 0.0000000000
46623  -6.163  -45.656  58.158 0.0000000000
47789  -6.332  -45.203  58.067 0.0000000000
47802  -5.981  -45.400  57.175 0.0000000000
48996  -6.032  -45.300  56.627 0.0000000000
47834  -5.309  -45.608  56.224 0.0000000000
70589  -37.655  -28.180  58.596 0.0000000000
70614  -37.118  -28.890  57.189 0.0000000000
71880  -36.910  -27.278  58.247 0.0000000000
71890  -36.420  -26.825  57.977 0.0000000000
58627  -32.910  -34.691  58.933 0.0000000000
57274  -32.078  -35.012  59.804 0.0000000000
58639  -31.517  -34.312  57.631 0.0000000000
58638  -30.776  -33.942  57.445 0.0000000000
94740  -50.674  -8.646  37.588 0.0000000000
92238  -48.930  -10.273  37.676 0.0000000000
93545  -48.635  -9.381  36.553 0.0000000000
94739  -49.782  -8.928  37.237 0.0000000000
94753  -50.591  -7.962  36.424 0.0000000000
81116  -44.149  -18.722  45.296 0.0000000000
81082  -45.363  -18.627  46.279 0.0000000000
82296  -44.356  -18.523  47.117 0.0000000000
81113  -41.035  -18.402  45.748 0.0000000000
81154  -40.813  -18.635  43.585 0.0000000000
81134  -41.613  -18.527  44.339 0.0000000000
79870  -43.240  -19.513  43.605 0.0000000000
74428  -5.913  -23.740  54.672 0.0000000000
73254  -5.779  -25.362  52.461 0.0000000000
73239  -6.363  -25.379  53.174 0.0000000000
57338  -11.744  -37.964  53.001 0.0000000000
58701  -11.864  -36.654  53.042 0.0000000000
56161  -11.836  -38.459  51.493 0.0000000000
52847  -11.495  -42.000  46.541 0.0000000000
53904  -11.769  -40.598  47.508 0.0000000000
52846  -11.063  -41.540  45.971 0.0000000000
52845  -10.030  -41.422  45.597 0.0000000000
50391  -10.015  -42.978  45.032 0.0000000000
49160  -9.674  -44.622  44.916 0.0000000000
47742  -10.391  -44.056  64.001 0.0000000000
47740  -9.072  -44.407  64.603 0.0000000000
46576  -9.053  -45.206  63.246 0.0000000000
44177  -8.073  -46.392  60.209 0.0000000000
44160  -8.182  -46.611  61.233 0.0000000000
44176  -7.468  -46.485  59.744 0.0000000000
44174  -6.514  -46.298  59.234 0.0000000000
77045  -37.861  -20.882  52.248 0.0000000000
75747  -35.175  -22.461  53.201 0.0000000000
75759  -34.442  -22.643  52.087 0.0000000000
75777  -36.132  -22.384  51.663 0.0000000000
75798  -36.675  -21.832  51.169 0.0000000000
54861  -25.523  -37.823  63.103 0.0000000000
54876  -24.602  -38.035  61.236 0.0000000000
56054  -25.112  -37.325  61.224 0.0000000000
57232  -29.698  -35.497  62.151 0.0000000000
57231  -28.713  -35.765  62.273 0.0000000000
58576  -28.557  -35.112  61.329 0.0000000000
60040  -25.879  -34.842  57.206 0.0000000000
60000  -26.050  -35.593  59.136 0.0000000000
57293  -24.983  -36.604  57.467 0.0000000000
56080  -24.804  -37.475  57.616 0.0000000000
56107  -24.342  -36.982  56.003 0.0000000000
56134  -23.618  -37.595  54.080 0.0000000000
60034  -6.206  -34.268  57.462 0.0000000000
62792  -5.955  -33.754  56.312 0.0000000000
62806  -6.552  -33.502  55.682 0.0000000000
60069  -6.782  -35.197  55.315 0.0000000000
58697  -8.697  -36.018  54.546 0.0000000000
58684  -7.591  -36.335  55.171 0.0000000000
56090  -9.884  -38.588  56.089 0.0000000000
56105  -10.088  -38.467  55.632 0.0000000000
53822  -10.124  -40.874  53.599 0.0000000000
53852  -9.223  -41.264  52.353 0.0000000000
53821  -9.489  -41.501  53.568 0.0000000000
83549  -47.045  -17.537  40.550 0.0000000000
84713  -49.826  -16.185  40.843 0.0000000000
83540  -48.855  -17.513  41.390 0.0000000000
81202  -45.398  -19.600  39.803 0.0000000000
81206  -44.002  -19.523  39.171 0.0000000000
82406  -45.565  -18.259  40.330 0.0000000000
83556  -45.933  -17.369  40.177 0.0000000000
50084  -13.400  -42.415  64.939 0.0000000000
48905  -13.247  -42.701  61.450 0.0000000000
47757  -12.554  -43.094  62.712 0.0000000000
48904  -12.286  -43.016  61.345 0.0000000000
47769  -11.241  -43.813  60.107 0.0000000000
50138  -12.256  -43.093  59.301 0.0000000000
51577  -19.712  -40.411  53.639 0.0000000000
51539  -20.524  -40.847  55.203 0.0000000000
51560  -19.638  -40.781  54.549 0.0000000000
50236  -17.347  -41.248  55.454 0.0000000000
50237  -17.988  -41.425  55.301 0.0000000000
50192  -17.678  -42.546  56.784 0.0000000000
48978  -17.940  -43.517  57.921 0.0000000000
50172  -16.958  -42.529  57.560 0.0000000000
48957  -16.838  -42.830  58.651 0.0000000000
50189  -15.687  -41.660  57.620 0.0000000000
51512  -13.054  -42.227  55.575 0.0000000000
71882  -7.336  -26.309  57.260 0.0000000000
68060  -9.102  -29.160  52.310 0.0000000000
70651  -8.595  -27.483  53.959 0.0000000000
68059  -8.288  -28.735  51.980 0.0000000000
69389  -7.564  -28.604  51.313 0.0000000000
66716  -8.487  -30.282  50.279 0.0000000000
58743  -12.133  -36.046  50.175 0.0000000000
62854  -11.481  -33.853  51.126 0.0000000000
58757  -11.590  -35.913  49.018 0.0000000000
57382  -7.793  -36.879  47.256 0.0000000000
60155  -9.403  -35.095  48.017 0.0000000000
58740  -7.960  -34.945  48.395 0.0000000000
62884  -7.898  -33.705  48.489 0.0000000000
60152  -6.783  -34.726  48.063 0.0000000000
61589  -6.036  -34.602  47.261 0.0000000000
54853  -5.030  -39.191  62.350 0.0000000000
48880  -7.665  -44.076  63.204 0.0000000000
51399  -8.163  -42.100  63.768 0.0000000000
50103  -7.502  -43.535  62.600 0.0000000000
51426  -7.627  -42.696  60.084 0.0000000000
52635  -7.760  -41.698  60.863 0.0000000000
52636  -7.823  -41.634  60.241 0.0000000000
53738  -7.556  -40.605  60.386 0.0000000000
52645  -8.293  -41.547  59.409 0.0000000000
53756  -8.632  -40.654  58.966 0.0000000000
52664  -7.932  -42.213  57.575 0.0000000000
50251  -6.509  -43.943  54.016 0.0000000000
51531  -7.182  -43.446  54.837 0.0000000000
50270  -6.830  -43.550  53.221 0.0000000000
50284  -6.850  -43.627  52.093 0.0000000000
47902  -6.375  -44.907  51.691 0.0000000000
43132  -5.404  -49.539  54.079 0.0000000000
45467  -5.307  -48.058  53.857 0.0000000000
70575  -37.464  -27.705  59.930 0.0000000000
61472  -36.908  -32.112  54.749 0.0000000000
62801  -37.443  -31.258  55.254 0.0000000000
64093  -37.992  -30.909  57.045 0.0000000000
67976  -37.887  -29.371  58.670 0.0000000000
58659  -33.630  -34.356  56.870 0.0000000000
60044  -35.202  -33.445  56.742 0.0000000000
60064  -36.109  -32.779  55.836 0.0000000000
58629  -33.825  -34.494  59.274 0.0000000000
92227  -49.637  -10.695  38.397 0.0000000000
87147  -44.585  -13.603  37.541 0.0000000000
89662  -45.585  -12.420  37.171 0.0000000000
90916  -46.353  -11.124  36.650 0.0000000000
90906  -47.428  -11.435  37.438 0.0000000000
92226  -48.730  -11.054  38.141 0.0000000000
82294  -42.692  -18.399  47.078 0.0000000000
82281  -43.795  -18.441  47.922 0.0000000000
81072  -43.181  -18.836  48.787 0.0000000000
81047  -44.306  -18.490  50.795 0.0000000000
75843  -35.646  -21.762  48.673 0.0000000000
77109  -35.875  -21.373  48.024 0.0000000000
77137  -36.300  -20.507  46.692 0.0000000000
78537  -37.347  -19.625  45.439 0.0000000000
79867  -38.053  -19.291  44.772 0.0000000000
79853  -38.565  -19.054  45.986 0.0000000000
81112  -40.006  -18.907  45.985 0.0000000000
53865  -10.604  -40.473  51.001 0.0000000000
53866  -11.278  -40.194  50.590 0.0000000000
52796  -10.790  -41.326  49.681 0.0000000000
51647  -11.444  -42.429  47.973 0.0000000000
50384  -11.547  -43.642  46.360 0.0000000000
47959  -10.883  -45.464  45.354 0.0000000000
47960  -11.543  -45.411  45.932 0.0000000000
45562  -11.187  -47.413  46.340 0.0000000000
46593  -9.975  -44.704  61.086 0.0000000000
46588  -9.715  -45.489  61.945 0.0000000000
46598  -9.594  -45.230  60.149 0.0000000000
75736  -36.251  -21.536  54.318 0.0000000000
71949  -35.737  -27.766  54.760 0.0000000000
71966  -35.881  -27.723  53.584 0.0000000000
71948  -34.536  -27.263  55.012 0.0000000000
71964  -33.788  -27.173  53.919 0.0000000000
73244  -32.670  -25.831  53.472 0.0000000000
74451  -33.398  -24.361  54.225 0.0000000000
75735  -35.098  -22.322  54.294 0.0000000000
57200  -26.511  -36.484  63.402 0.0000000000
58622  -28.659  -34.289  58.647 0.0000000000
58607  -28.374  -34.579  59.504 0.0000000000
61424  -27.535  -33.770  57.926 0.0000000000
62784  -26.511  -33.889  57.080 0.0000000000
94786  -49.760  -7.727  33.036 0.0000000000
95980  -50.396  -7.212  32.965 0.0000000000
97135  -50.116  -6.048  31.702 0.0000000000
98299  -50.969  -5.356  31.322 0.0000000000
57308  -6.518  -36.591  56.863 0.0000000000
57310  -7.492  -36.678  56.328 0.0000000000
56101  -7.188  -37.273  57.277 0.0000000000
56088  -8.414  -37.956  57.116 0.0000000000
54924  -9.355  -39.092  57.091 0.0000000000
79945  -47.143  -19.601  40.792 0.0000000000
78615  -48.608  -18.963  42.385 0.0000000000
74703  -41.725  -22.349  39.718 0.0000000000
74787  -42.184  -22.530  38.470 0.0000000000
77325  -43.194  -21.244  37.925 0.0000000000
75988  -44.184  -21.712  39.006 0.0000000000
77289  -45.672  -20.519  39.776 0.0000000000
50091  -14.088  -42.172  64.215 0.0000000000
48878  -14.753  -42.562  63.288 0.0000000000
48898  -15.066  -42.677  61.627 0.0000000000
48919  -14.001  -42.579  60.716 0.0000000000
51556  -16.116  -40.446  53.812 0.0000000000
51514  -15.216  -41.260  56.091 0.0000000000
69327  -7.649  -28.812  56.698 0.0000000000
70634  -8.087  -27.908  56.580 0.0000000000
68036  -8.863  -29.510  54.829 0.0000000000
66695  -9.120  -30.050  53.139 0.0000000000
65441  -10.231  -31.060  52.123 0.0000000000
56237  -10.645  -38.181  46.842 0.0000000000
57385  -10.619  -36.877  47.774 0.0000000000
56236  -9.544  -37.978  46.659 0.0000000000
56234  -7.862  -37.840  46.637 0.0000000000
56233  -7.250  -37.642  46.721 0.0000000000
58529  -8.289  -37.501  63.267 0.0000000000
57190  -7.606  -38.589  63.309 0.0000000000
56026  -6.305  -39.248  63.826 0.0000000000
47762  -5.946  -45.549  61.220 0.0000000000
50106  -7.267  -44.455  61.674 0.0000000000
48916  -6.180  -44.793  59.981 0.0000000000
50152  -6.664  -44.212  58.796 0.0000000000
50153  -6.893  -43.693  58.431 0.0000000000
51472  -7.130  -43.550  57.133 0.0000000000
50184  -6.588  -44.495  56.807 0.0000000000
50232  -6.282  -44.374  54.937 0.0000000000
47865  -5.850  -45.540  53.667 0.0000000000
69371  -37.081  -29.712  53.532 0.0000000000
66666  -37.480  -30.352  55.115 0.0000000000
69339  -37.074  -29.533  55.353 0.0000000000
70644  -36.452  -28.430  55.670 0.0000000000
71909  -35.974  -27.273  57.266 0.0000000000
73188  -35.259  -26.259  58.230 0.0000000000
57260  -30.530  -35.084  60.903 0.0000000000
57235  -32.226  -35.507  61.116 0.0000000000
57261  -31.242  -35.408  60.601 0.0000000000
58608  -29.901  -34.604  59.789 0.0000000000
58623  -29.574  -34.063  58.381 0.0000000000
93555  -47.643  -9.424  35.346 0.0000000000
94777  -49.337  -8.041  34.896 0.0000000000
95962  -51.113  -7.613  35.820 0.0000000000
77157  -45.075  -20.559  43.843 0.0000000000
81138  -46.733  -19.205  44.813 0.0000000000
79838  -45.921  -18.893  45.586 0.0000000000
79883  -38.208  -19.268  43.647 0.0000000000
78587  -42.238  -20.035  42.505 0.0000000000
78539  -43.648  -20.342  43.557 0.0000000000
53806  -23.488  -38.642  55.417 0.0000000000
52720  -22.353  -39.462  55.695 0.0000000000
52738  -21.511  -38.932  54.499 0.0000000000
52773  -20.411  -39.634  52.680 0.0000000000
70685  -5.594  -26.905  51.524 0.0000000000
68069  -6.584  -28.029  50.624 0.0000000000
61514  -9.468  -34.113  53.845 0.0000000000
61515  -10.409  -34.003  53.278 0.0000000000
60099  -10.883  -34.932  53.200 0.0000000000
58728  -12.436  -36.436  51.068 0.0000000000
56197  -12.176  -37.721  49.317 0.0000000000
55041  -12.107  -39.006  49.303 0.0000000000
55053  -12.002  -39.103  48.190 0.0000000000
56238  -11.577  -38.604  47.431 0.0000000000
55075  -10.391  -39.704  46.212 0.0000000000
52589  -8.894  -41.454  64.958 0.0000000000
50078  -9.113  -42.701  65.398 0.0000000000
48873  -8.274  -44.333  64.206 0.0000000000
47754  -7.128  -45.153  63.190 0.0000000000
45336  -8.748  -46.513  62.148 0.0000000000
45334  -7.906  -45.739  62.594 0.0000000000
46586  -6.397  -45.946  62.364 0.0000000000
46590  -5.874  -46.212  61.146 0.0000000000
45399  -6.273  -46.009  59.020 0.0000000000
45427  -5.685  -46.508  57.136 0.0000000000
78471  -38.968  -20.218  50.868 0.0000000000
79787  -40.996  -19.009  51.220 0.0000000000
78460  -39.592  -20.133  51.923 0.0000000000
70702  -35.500  -28.742  51.693 0.0000000000
75812  -34.422  -22.200  49.689 0.0000000000
77090  -37.397  -21.106  50.157 0.0000000000
52655  -24.441  -40.289  59.061 0.0000000000
53767  -25.053  -39.995  57.604 0.0000000000
58511  -28.537  -35.286  64.400 0.0000000000
57201  -27.318  -35.755  63.508 0.0000000000
57229  -26.314  -35.864  62.328 0.0000000000
58606  -27.034  -35.053  59.845 0.0000000000
58592  -26.333  -35.422  60.451 0.0000000000
56059  -25.080  -37.370  60.280 0.0000000000
56064  -24.669  -37.535  59.476 0.0000000000
54916  -25.021  -38.433  57.624 0.0000000000
53789  -24.276  -39.161  55.904 0.0000000000
54947  -23.660  -38.150  54.852 0.0000000000
98307  -51.877  -4.849  30.695 0.0000000000
98317  -52.814  -4.982  29.600 0.0000000000
95992  -52.757  -6.947  28.917 0.0000000000
68033  -6.868  -30.147  56.403 0.0000000000
65421  -7.378  -32.209  55.333 0.0000000000
65399  -6.460  -31.831  56.387 0.0000000000
64125  -6.923  -32.537  55.686 0.0000000000
62823  -7.962  -33.493  54.485 0.0000000000
60085  -8.745  -35.481  54.455 0.0000000000
58698  -9.589  -36.240  54.362 0.0000000000
57323  -10.874  -37.814  54.423 0.0000000000
56119  -9.405  -37.403  55.690 0.0000000000
56121  -10.734  -38.488  54.460 0.0000000000
54979  -10.834  -39.484  52.860 0.0000000000
53853  -9.729  -40.577  52.016 0.0000000000
52765  -9.312  -41.398  51.688 0.0000000000
51623  -8.875  -42.983  50.429 0.0000000000
85892  -48.639  -15.198  40.066 0.0000000000
79998  -42.873  -19.910  37.525 0.0000000000
82433  -42.850  -19.233  38.212 0.0000000000
83571  -43.446  -18.038  38.909 0.0000000000
84720  -44.718  -16.699  39.457 0.0000000000
84722  -46.752  -16.244  40.140 0.0000000000
48860  -11.397  -43.263  64.739 0.0000000000
47750  -11.140  -43.777  63.420 0.0000000000
48875  -12.581  -43.234  63.720 0.0000000000
47751  -11.813  -43.647  63.318 0.0000000000
47759  -10.993  -43.627  62.448 0.0000000000
47777  -10.972  -44.428  59.381 0.0000000000
51517  -22.294  -40.826  56.486 0.0000000000
50219  -21.220  -41.431  56.423 0.0000000000
50196  -21.405  -41.833  57.371 0.0000000000
50255  -18.376  -41.182  54.694 0.0000000000
50217  -19.476  -42.019  56.487 0.0000000000
49003  -19.960  -43.024  58.485 0.0000000000
48980  -19.564  -43.532  58.411 0.0000000000
48960  -18.828  -43.634  58.619 0.0000000000
48923  -17.826  -43.697  59.926 0.0000000000
48921  -16.367  -43.431  60.099 0.0000000000
48937  -16.134  -42.689  59.356 0.0000000000
50140  -14.184  -42.312  59.477 0.0000000000
51494  -14.509  -41.449  57.104 0.0000000000
51475  -13.501  -41.788  57.559 0.0000000000
50139  -13.124  -42.460  59.108 0.0000000000
50167  -12.170  -43.103  57.493 0.0000000000
74430  -6.714  -24.191  55.651 0.0000000000
71917  -8.063  -26.826  56.221 0.0000000000
71918  -8.248  -26.199  55.221 0.0000000000
71935  -7.102  -25.798  54.058 0.0000000000
70687  -6.894  -27.132  52.126 0.0000000000
68070  -6.946  -28.272  50.732 0.0000000000
66723  -6.499  -30.229  49.330 0.0000000000
62839  -10.698  -33.090  52.283 0.0000000000
62852  -10.901  -32.512  51.235 0.0000000000
65450  -10.377  -31.748  50.080 0.0000000000
58756  -10.545  -35.698  48.485 0.0000000000
61562  -10.064  -33.793  48.993 0.0000000000
65459  -9.558  -31.467  49.606 0.0000000000
64179  -8.327  -32.000  48.805 0.0000000000
64177  -7.089  -31.980  48.578 0.0000000000
65465  -6.173  -31.253  48.348 0.0000000000
62915  -6.222  -32.670  47.462 0.0000000000
52603  -8.342  -41.409  64.244 0.0000000000
53701  -7.644  -40.169  63.468 0.0000000000
53700  -6.538  -40.215  63.332 0.0000000000
51409  -7.554  -42.704  62.175 0.0000000000
53720  -7.741  -40.788  62.230 0.0000000000
53719  -6.402  -40.385  61.764 0.0000000000
53729  -6.490  -40.185  60.875 0.0000000000
54886  -6.568  -38.851  59.716 0.0000000000
54896  -6.184  -38.576  58.892 0.0000000000
54898  -7.769  -39.584  58.979 0.0000000000
54914  -9.201  -39.483  58.023 0.0000000000
53786  -9.501  -41.182  55.682 0.0000000000
51511  -7.632  -42.904  55.951 0.0000000000
52697  -7.972  -42.294  55.755 0.0000000000
53802  -8.889  -42.337  54.106 0.0000000000
52763  -8.133  -42.735  52.687 0.0000000000
51607  -7.844  -42.898  51.359 0.0000000000
49134  -8.578  -44.650  50.185 0.0000000000
45441  -5.439  -47.317  55.929 0.0000000000
44230  -5.423  -48.448  55.446 0.0000000000
45455  -4.980  -47.444  55.449 0.0000000000
46690  -4.690  -47.180  54.913 0.0000000000
46710  -5.337  -46.572  54.010 0.0000000000
46727  -5.892  -46.327  52.954 0.0000000000
45492  -6.237  -47.524  51.746 0.0000000000
47918  -6.569  -45.975  51.490 0.0000000000
47933  -6.890  -45.806  50.944 0.0000000000
46758  -7.971  -46.317  50.446 0.0000000000
47936  -9.237  -45.733  49.710 0.0000000000
46767  -10.333  -47.338  48.908 0.0000000000
44359  -10.638  -48.929  48.040 0.0000000000
65340  -37.016  -30.590  60.615 0.0000000000
66585  -37.227  -30.047  61.259 0.0000000000
65328  -36.922  -30.405  61.179 0.0000000000
64074  -37.050  -32.039  59.394 0.0000000000
64075  -37.378  -31.524  59.152 0.0000000000
62737  -36.354  -32.042  60.161 0.0000000000
62761  -36.309  -32.490  58.567 0.0000000000
64049  -36.186  -31.491  61.000 0.0000000000
62736  -35.858  -32.235  60.432 0.0000000000
64038  -36.237  -31.175  61.382 0.0000000000
88456  -50.190  -12.714  39.345 0.0000000000
88446  -49.986  -13.337  39.621 0.0000000000
87127  -48.179  -14.357  39.437 0.0000000000
87138  -47.233  -13.877  38.941 0.0000000000
88454  -48.602  -12.966  38.774 0.0000000000
79812  -40.791  -19.088  49.209 0.0000000000
79799  -40.289  -19.279  49.914 0.0000000000
78491  -39.072  -19.637  49.322 0.0000000000
78502  -38.839  -19.600  48.840 0.0000000000
79821  -39.526  -19.273  48.410 0.0000000000
50322  -9.428  -43.379  49.967 0.0000000000
50349  -10.026  -43.522  49.198 0.0000000000
47953  -10.805  -44.935  48.374 0.0000000000
46638  -9.629  -45.159  56.994 0.0000000000
56074  -6.093  -38.097  58.551 0.0000000000
54910  -5.422  -38.713  58.271 0.0000000000
78590  -46.283  -20.309  42.706 0.0000000000
79911  -46.881  -19.963  42.985 0.0000000000
79888  -46.586  -19.946  43.146 0.0000000000
77180  -44.591  -21.105  42.996 0.0000000000
77202  -44.337  -21.364  42.275 0.0000000000
77203  -45.398  -21.087  42.362 0.0000000000
77223  -45.410  -21.286  41.532 0.0000000000
48901  -17.290  -42.707  61.247 0.0000000000
48900  -16.475  -42.849  61.299 0.0000000000
52682  -24.644  -40.522  56.890 0.0000000000
68089  -6.213  -29.191  49.143 0.0000000000
65422  -7.993  -32.017  54.755 0.0000000000
65433  -8.512  -32.081  54.297 0.0000000000
64147  -8.750  -32.487  54.164 0.0000000000
52842  -7.121  -40.533  45.606 0.0000000000
55999  -9.194  -39.620  64.458 0.0000000000
46636  -5.649  -45.831  57.451 0.0000000000
47788  -5.934  -45.603  57.521 0.0000000000
47801  -5.442  -45.517  57.022 0.0000000000
47816  -5.345  -45.585  56.437 0.0000000000
70588  -37.481  -27.635  59.195 0.0000000000
70601  -37.291  -27.797  58.271 0.0000000000
71868  -36.994  -26.931  59.105 0.0000000000
71867  -36.716  -26.665  58.957 0.0000000000
58641  -32.895  -34.322  57.918 0.0000000000
58640  -32.223  -34.470  57.784 0.0000000000
93537  -50.449  -9.305  38.074 0.0000000000
92239  -49.602  -9.872  37.968 0.0000000000
93535  -49.427  -9.479  37.295 0.0000000000
93536  -50.007  -9.303  37.800 0.0000000000
82333  -43.803  -18.482  45.891 0.0000000000
82311  -44.170  -18.540  46.262 0.0000000000
81114  -42.298  -18.302  45.345 0.0000000000
82331  -42.912  -18.410  45.532 0.0000000000
81115  -43.220  -18.493  45.006 0.0000000000
75730  -5.099  -24.095  55.677 0.0000000000
74460  -6.458  -24.762  53.560 0.0000000000
74443  -6.649  -24.864  53.755 0.0000000000
56145  -11.741  -38.378  52.360 0.0000000000
56160  -11.522  -38.966  51.997 0.0000000000
51691  -11.484  -42.938  46.315 0.0000000000
51712  -11.100  -42.844  45.569 0.0000000000
51711  -10.387  -42.628  45.281 0.0000000000
50399  -9.449  -43.538  44.824 0.0000000000
50400  -10.068  -44.102  45.032 0.0000000000
46577  -10.046  -44.385  63.494 0.0000000000
46572  -9.834  -44.216  64.040 0.0000000000
46583  -9.718  -44.853  62.648 0.0000000000
77044  -37.498  -21.119  52.928 0.0000000000
77035  -38.292  -20.731  53.087 0.0000000000
69381  -36.729  -29.475  52.885 0.0000000000
75761  -36.111  -22.235  52.359 0.0000000000
75778  -36.784  -22.112  51.782 0.0000000000
56042  -26.088  -37.240  63.250 0.0000000000
56041  -25.920  -37.755  62.725 0.0000000000
56048  -25.595  -37.677  61.960 0.0000000000
57259  -29.689  -34.909  61.116 0.0000000000
57258  -28.975  -35.163  61.347 0.0000000000
58594  -28.854  -34.779  60.748 0.0000000000
58671  -25.083  -35.869  56.465 0.0000000000
58653  -25.456  -35.714  57.177 0.0000000000
57303  -24.996  -36.430  56.795 0.0000000000
57311  -24.227  -36.573  55.560 0.0000000000
57324  -23.738  -36.832  54.998 0.0000000000
58685  -23.974  -35.762  54.946 0.0000000000
58665  -6.453  -35.221  56.526 0.0000000000
61460  -6.002  -34.123  56.656 0.0000000000
60052  -6.464  -34.829  56.214 0.0000000000
61478  -6.402  -34.177  55.796 0.0000000000
60068  -6.569  -35.043  55.811 0.0000000000
58683  -7.226  -35.982  55.285 0.0000000000
54934  -10.152  -39.579  55.456 0.0000000000
53804  -9.988  -40.738  54.522 0.0000000000
82398  -47.101  -18.162  40.600 0.0000000000
83550  -47.991  -17.465  40.921 0.0000000000
83539  -48.291  -17.662  41.208 0.0000000000
79956  -46.033  -19.349  40.378 0.0000000000
81201  -45.279  -19.323  39.939 0.0000000000
81186  -46.501  -18.626  40.544 0.0000000000
82397  -46.339  -18.087  40.453 0.0000000000
48918  -12.868  -42.604  60.737 0.0000000000
48917  -11.981  -43.197  60.424 0.0000000000
50122  -12.536  -42.649  59.940 0.0000000000
51595  -19.168  -40.361  52.862 0.0000000000
51576  -19.012  -40.561  53.536 0.0000000000
50235  -16.791  -41.273  55.723 0.0000000000
50214  -17.377  -41.581  56.417 0.0000000000
48999  -17.441  -42.997  57.033 0.0000000000
50191  -17.185  -42.403  57.019 0.0000000000
50190  -16.675  -41.814  57.406 0.0000000000
71897  -7.524  -27.132  57.282 0.0000000000
68061  -9.412  -29.865  51.763 0.0000000000
68073  -8.991  -29.733  51.243 0.0000000000
68072  -8.106  -29.016  51.309 0.0000000000
68083  -8.772  -29.979  50.687 0.0000000000
57365  -12.035  -36.735  49.290 0.0000000000
60136  -11.761  -35.088  49.805 0.0000000000
58772  -11.604  -36.552  48.773 0.0000000000
58787  -7.509  -36.621  47.613 0.0000000000
58768  -7.787  -36.316  48.075 0.0000000000
60175  -7.278  -35.774  48.198 0.0000000000
60153  -7.222  -35.156  48.314 0.0000000000
60192  -6.695  -35.665  47.704 0.0000000000
60191  -6.484  -35.716  47.333 0.0000000000
58801  -6.408  -36.348  46.937 0.0000000000
56036  -6.071  -39.248  62.985 0.0000000000
48879  -7.264  -44.581  62.802 0.0000000000
48887  -7.463  -44.259  62.573 0.0000000000
51440  -7.227  -42.950  58.956 0.0000000000
51427  -7.935  -42.109  59.950 0.0000000000
52644  -8.010  -41.592  59.828 0.0000000000
51442  -8.358  -41.925  59.104 0.0000000000
52653  -8.538  -41.527  58.903 0.0000000000
51458  -8.250  -42.110  58.641 0.0000000000
49063  -6.048  -44.636  53.352 0.0000000000
50269  -6.258  -43.980  52.894 0.0000000000
50283  -6.335  -44.189  52.371 0.0000000000
40913  -5.043  -51.479  54.223 0.0000000000
41998  -5.209  -50.507  54.509 0.0000000000
42005  -5.343  -50.556  53.665 0.0000000000
70563  -37.644  -28.255  59.978 0.0000000000
61454  -36.757  -32.175  55.692 0.0000000000
62786  -37.294  -31.410  55.950 0.0000000000
62773  -37.317  -31.478  56.668 0.0000000000
66612  -37.956  -29.768  59.875 0.0000000000
66624  -37.911  -29.806  58.933 0.0000000000
67965  -38.094  -29.270  59.579 0.0000000000
69277  -37.958  -28.756  59.358 0.0000000000
58643  -34.119  -34.349  58.332 0.0000000000
58660  -34.378  -33.967  57.053 0.0000000000
61439  -36.349  -32.720  57.055 0.0000000000
60045  -35.901  -33.111  56.567 0.0000000000
61453  -36.407  -32.585  56.191 0.0000000000
61471  -36.475  -32.452  55.262 0.0000000000
60004  -34.764  -33.767  59.224 0.0000000000
59990  -34.450  -34.043  59.878 0.0000000000
60016  -34.472  -34.101  58.775 0.0000000000
90899  -50.018  -11.507  39.038 0.0000000000
92228  -50.563  -10.572  39.120 0.0000000000
90900  -50.452  -11.479  39.376 0.0000000000
84730  -44.282  -15.976  39.273 0.0000000000
85899  -44.042  -15.114  38.491 0.0000000000
85900  -45.125  -15.288  38.849 0.0000000000
88452  -46.580  -13.396  38.458 0.0000000000
88451  -45.551  -13.512  38.162 0.0000000000
88464  -46.262  -12.854  37.904 0.0000000000
88463  -45.333  -12.817  37.246 0.0000000000
89663  -46.012  -12.235  37.406 0.0000000000
89664  -47.138  -12.299  37.913 0.0000000000
89655  -49.106  -12.385  38.663 0.0000000000
90897  -48.398  -11.631  38.141 0.0000000000
90898  -49.294  -11.617  38.559 0.0000000000
81081  -42.981  -18.536  47.847 0.0000000000
81060  -42.387  -18.738  49.899 0.0000000000
81061  -43.003  -18.984  50.121 0.0000000000
77098  -36.197  -21.634  48.613 0.0000000000
77110  -36.570  -21.095  48.264 0.0000000000
77121  -36.591  -20.711  47.457 0.0000000000
78509  -36.884  -20.228  46.702 0.0000000000
78522  -36.659  -20.163  45.875 0.0000000000
78523  -37.322  -19.667  46.231 0.0000000000
79852  -37.951  -19.321  45.680 0.0000000000
79833  -38.024  -19.428  46.426 0.0000000000
81079  -40.877  -18.631  48.010 0.0000000000
81094  -40.573  -18.759  47.267 0.0000000000
81095  -41.813  -18.413  46.645 0.0000000000
52782  -10.507  -40.964  50.411 0.0000000000
53878  -10.947  -40.675  50.300 0.0000000000
50350  -11.007  -43.506  48.120 0.0000000000
50351  -11.511  -43.045  47.572 0.0000000000
50369  -11.595  -43.609  47.094 0.0000000000
49150  -11.577  -44.397  46.353 0.0000000000
47956  -11.495  -45.396  46.887 0.0000000000
46784  -11.479  -46.417  46.455 0.0000000000
44367  -11.252  -47.848  46.900 0.0000000000
44366  -10.712  -48.462  46.341 0.0000000000
43187  -10.693  -48.793  46.972 0.0000000000
71928  -35.288  -27.413  56.093 0.0000000000
71947  -33.380  -26.376  54.978 0.0000000000
71946  -32.900  -25.887  54.330 0.0000000000
73230  -33.197  -25.429  54.537 0.0000000000
75734  -34.041  -23.078  54.137 0.0000000000
56025  -26.283  -36.888  64.722 0.0000000000
57185  -26.707  -36.234  64.193 0.0000000000
60015  -28.743  -34.064  58.151 0.0000000000
60026  -28.294  -33.780  57.706 0.0000000000
95976  -49.838  -7.551  34.155 0.0000000000
93570  -49.241  -8.119  33.165 0.0000000000
94784  -49.626  -7.722  33.506 0.0000000000
95981  -51.043  -6.537  33.354 0.0000000000
97130  -50.664  -6.387  32.656 0.0000000000
98293  -51.135  -5.618  32.335 0.0000000000
97131  -51.548  -5.966  33.232 0.0000000000
58647  -6.239  -36.328  57.167 0.0000000000
57298  -6.902  -37.015  57.309 0.0000000000
54922  -7.346  -38.349  58.173 0.0000000000
56087  -7.570  -37.819  57.518 0.0000000000
78636  -47.115  -20.008  40.983 0.0000000000
79929  -47.982  -19.371  41.308 0.0000000000
78613  -47.586  -20.075  41.704 0.0000000000
75895  -41.805  -21.760  41.012 0.0000000000
75940  -43.206  -22.016  40.783 0.0000000000
74684  -42.565  -22.151  40.518 0.0000000000
74730  -42.743  -22.328  39.784 0.0000000000
75986  -42.897  -22.135  39.111 0.0000000000
76009  -43.261  -21.656  38.556 0.0000000000
75987  -43.399  -22.066  39.355 0.0000000000
77244  -46.049  -20.912  41.065 0.0000000000
77264  -45.328  -21.121  40.019 0.0000000000
77265  -45.974  -20.680  40.275 0.0000000000
78653  -46.303  -20.321  40.243 0.0000000000
50097  -15.829  -42.174  63.553 0.0000000000
48899  -15.754  -42.782  61.409 0.0000000000
48906  -14.289  -42.776  61.303 0.0000000000
51535  -16.265  -41.108  54.677 0.0000000000
51555  -14.886  -40.730  53.730 0.0000000000
69328  -8.277  -28.806  56.230 0.0000000000
68035  -8.199  -29.792  55.722 0.0000000000
65424  -9.039  -31.262  53.650 0.0000000000
66685  -9.227  -30.722  53.275 0.0000000000
56256  -9.998  -38.775  46.337 0.0000000000
56255  -8.945  -38.621  46.365 0.0000000000
55072  -7.522  -39.054  46.088 0.0000000000
56254  -8.094  -38.499  46.408 0.0000000000
56253  -7.371  -38.298  46.407 0.0000000000
55088  -6.710  -39.074  45.423 0.0000000000
56028  -7.969  -39.018  63.430 0.0000000000
56027  -7.135  -39.360  63.722 0.0000000000
57189  -7.024  -38.995  63.243 0.0000000000
54844  -6.969  -39.795  63.971 0.0000000000
48903  -6.173  -44.913  60.828 0.0000000000
48953  -6.497  -44.718  58.243 0.0000000000
48934  -6.467  -44.766  59.048 0.0000000000
50165  -6.637  -44.333  57.862 0.0000000000
50166  -6.864  -43.888  57.533 0.0000000000
49020  -5.719  -45.500  56.163 0.0000000000
50209  -6.382  -44.885  55.851 0.0000000000
49035  -6.081  -45.223  55.258 0.0000000000
49048  -6.039  -44.833  54.306 0.0000000000
66690  -37.372  -30.376  52.687 0.0000000000
68042  -37.474  -30.208  53.716 0.0000000000
65394  -37.652  -30.592  56.410 0.0000000000
65404  -37.515  -30.649  55.379 0.0000000000
66656  -37.525  -30.252  56.140 0.0000000000
71911  -37.155  -28.060  56.979 0.0000000000
69320  -37.109  -29.472  56.252 0.0000000000
70628  -36.779  -28.692  56.550 0.0000000000
70645  -36.629  -29.107  55.607 0.0000000000
70627  -36.616  -28.250  56.326 0.0000000000
71929  -36.231  -27.846  55.892 0.0000000000
73189  -35.895  -26.655  57.800 0.0000000000
58691  -34.277  -34.029  54.461 0.0000000000
57220  -31.079  -35.263  62.334 0.0000000000
57233  -30.627  -35.316  61.918 0.0000000000
57247  -31.016  -35.420  61.236 0.0000000000
58559  -33.026  -34.424  61.435 0.0000000000
58577  -32.556  -35.080  60.803 0.0000000000
58610  -31.730  -34.785  59.457 0.0000000000
57273  -31.472  -35.011  60.050 0.0000000000
58609  -31.025  -34.692  59.518 0.0000000000
57272  -30.744  -34.875  60.277 0.0000000000
58654  -30.356  -33.646  56.477 0.0000000000
90917  -46.938  -11.256  37.023 0.0000000000
92244  -46.590  -10.801  36.429 0.0000000000
92245  -47.208  -10.697  36.749 0.0000000000
94750  -48.907  -9.090  36.452 0.0000000000
93544  -47.759  -9.721  36.250 0.0000000000
93564  -48.010  -9.071  35.199 0.0000000000
94776  -48.411  -8.629  35.116 0.0000000000
94768  -49.291  -8.444  35.877 0.0000000000
95943  -51.219  -7.687  37.012 0.0000000000
95944  -51.830  -7.288  36.583 0.0000000000
79873  -44.816  -20.001  44.635 0.0000000000
79856  -45.944  -19.506  44.907 0.0000000000
79837  -45.381  -19.114  45.463 0.0000000000
82297  -45.234  -18.464  46.877 0.0000000000
82298  -46.497  -18.552  46.891 0.0000000000
81073  -44.112  -18.425  48.617 0.0000000000
82268  -44.843  -18.103  48.863 0.0000000000
81131  -38.571  -19.006  44.717 0.0000000000
81152  -38.712  -18.984  44.236 0.0000000000
79907  -41.062  -19.588  42.116 0.0000000000
79908  -41.786  -19.612  42.499 0.0000000000
81137  -44.135  -19.381  44.517 0.0000000000
79871  -43.859  -19.800  44.027 0.0000000000
78540  -44.222  -20.358  43.849 0.0000000000
53823  -22.487  -38.395  54.768 0.0000000000
53841  -21.574  -38.477  53.493 0.0000000000
52774  -20.772  -39.373  52.910 0.0000000000
75753  -5.262  -23.720  52.898 0.0000000000
71972  -5.917  -26.260  51.947 0.0000000000
71971  -5.476  -26.111  51.835 0.0000000000
69386  -5.984  -27.629  50.759 0.0000000000
69375  -6.089  -27.503  51.336 0.0000000000
60098  -9.971  -34.925  53.677 0.0000000000
57345  -12.177  -37.349  51.318 0.0000000000
58716  -12.346  -36.211  52.215 0.0000000000
57351  -12.273  -37.104  50.254 0.0000000000
53879  -11.486  -40.222  49.748 0.0000000000
53891  -11.724  -40.075  48.569 0.0000000000
53924  -11.474  -41.057  46.638 0.0000000000
55063  -11.690  -39.569  47.495 0.0000000000
56218  -12.222  -38.142  48.242 0.0000000000
55062  -10.939  -39.133  46.843 0.0000000000
51710  -9.454  -42.212  45.097 0.0000000000
51690  -9.278  -41.570  45.503 0.0000000000
47967  -10.077  -45.478  44.941 0.0000000000
46810  -9.562  -46.124  44.920 0.0000000000
51391  -9.661  -42.060  65.528 0.0000000000
50079  -9.729  -42.793  65.647 0.0000000000
46570  -8.663  -44.799  63.908 0.0000000000
47732  -8.683  -44.126  64.802 0.0000000000
46569  -8.167  -45.147  64.058 0.0000000000
47747  -7.572  -44.851  63.688 0.0000000000
46574  -7.820  -45.296  63.533 0.0000000000
46582  -8.818  -45.500  62.376 0.0000000000
45346  -8.624  -46.613  61.642 0.0000000000
45355  -7.638  -46.507  61.318 0.0000000000
45344  -7.846  -46.590  61.858 0.0000000000
45343  -6.959  -46.084  62.197 0.0000000000
45342  -6.222  -46.260  62.207 0.0000000000
46585  -5.980  -45.993  62.028 0.0000000000
45353  -6.252  -46.400  61.584 0.0000000000
44189  -6.414  -46.248  58.316 0.0000000000
45414  -6.079  -46.072  57.931 0.0000000000
78459  -39.287  -20.196  51.394 0.0000000000
77063  -38.732  -20.596  51.704 0.0000000000
71981  -35.239  -27.811  52.904 0.0000000000
71982  -35.961  -28.036  52.740 0.0000000000
71997  -35.340  -28.357  52.236 0.0000000000
75776  -35.306  -22.407  51.458 0.0000000000
75775  -34.412  -22.500  51.102 0.0000000000
77078  -37.430  -21.400  51.002 0.0000000000
77077  -36.964  -21.416  50.531 0.0000000000
77091  -37.852  -20.905  50.420 0.0000000000
78481  -38.484  -20.316  50.103 0.0000000000
54884  -24.559  -38.279  60.303 0.0000000000
53744  -24.494  -39.272  60.288 0.0000000000
53753  -24.368  -39.397  59.583 0.0000000000
53760  -24.591  -39.485  58.576 0.0000000000
57230  -27.489  -35.461  62.441 0.0000000000
57217  -28.035  -35.749  62.890 0.0000000000
57216  -26.826  -35.812  62.937 0.0000000000
60002  -27.312  -34.620  59.297 0.0000000000
58621  -25.149  -35.788  59.027 0.0000000000
58605  -25.987  -35.774  59.635 0.0000000000
57257  -25.524  -36.529  60.132 0.0000000000
57242  -25.880  -36.091  61.255 0.0000000000
54927  -24.567  -38.013  57.030 0.0000000000
54926  -24.436  -38.735  56.691 0.0000000000
54936  -24.049  -38.416  55.639 0.0000000000
54935  -24.031  -38.878  55.432 0.0000000000
57341  -23.221  -36.877  53.651 0.0000000000
56147  -23.206  -37.721  53.596 0.0000000000
98300  -51.870  -4.936  31.938 0.0000000000
99407  -52.296  -4.694  31.420 0.0000000000
97145  -52.265  -6.458  29.013 0.0000000000
99426  -53.885  -4.615  29.994 0.0000000000
66662  -6.586  -30.444  56.693 0.0000000000
65410  -7.375  -31.716  55.477 0.0000000000
65409  -6.991  -31.936  55.652 0.0000000000
64084  -5.610  -32.731  57.072 0.0000000000
64100  -6.159  -31.893  57.031 0.0000000000
62821  -6.766  -33.581  55.368 0.0000000000
64124  -6.715  -32.766  55.834 0.0000000000
62822  -7.187  -33.597  54.915 0.0000000000
61512  -8.197  -34.313  54.458 0.0000000000
60084  -8.196  -35.171  54.586 0.0000000000
57329  -8.545  -36.535  54.932 0.0000000000
57331  -10.308  -36.984  54.435 0.0000000000
57322  -10.254  -37.445  54.885 0.0000000000
56117  -7.952  -36.920  56.258 0.0000000000
56118  -8.514  -37.095  55.921 0.0000000000
54945  -10.506  -39.713  54.691 0.0000000000
56120  -10.325  -38.196  55.174 0.0000000000
54946  -10.637  -39.235  54.372 0.0000000000
54961  -10.744  -39.426  53.668 0.0000000000
55001  -10.347  -39.991  52.220 0.0000000000
54978  -10.299  -40.079  52.834 0.0000000000
52780  -8.902  -42.008  51.272 0.0000000000
51609  -9.145  -42.316  50.707 0.0000000000
51608  -8.439  -42.566  50.888 0.0000000000
85893  -49.351  -14.983  40.405 0.0000000000
85881  -49.201  -15.615  40.460 0.0000000000
77326  -43.699  -20.799  38.270 0.0000000000
78714  -42.972  -20.473  37.496 0.0000000000
79982  -43.382  -20.042  37.948 0.0000000000
81199  -43.886  -18.945  39.144 0.0000000000
81205  -43.347  -19.270  38.635 0.0000000000
82419  -43.110  -18.664  38.620 0.0000000000
82409  -43.856  -18.262  39.200 0.0000000000
83561  -43.744  -17.228  39.272 0.0000000000
82404  -44.435  -17.809  39.571 0.0000000000
84710  -46.737  -17.077  40.425 0.0000000000
85891  -47.490  -15.334  39.664 0.0000000000
50082  -11.549  -42.938  65.098 0.0000000000
48868  -11.615  -43.478  64.381 0.0000000000
47736  -11.023  -43.721  64.222 0.0000000000
47744  -11.909  -43.824  63.751 0.0000000000
48877  -14.160  -42.663  63.491 0.0000000000
48871  -13.540  -42.590  63.899 0.0000000000
48881  -13.194  -43.068  63.121 0.0000000000
47752  -12.455  -43.391  63.112 0.0000000000
47756  -11.808  -43.539  62.868 0.0000000000
47763  -10.657  -43.817  61.589 0.0000000000
47764  -11.346  -43.526  61.053 0.0000000000
48935  -11.496  -44.064  59.207 0.0000000000
47778  -11.344  -44.006  59.588 0.0000000000
47790  -10.716  -44.622  58.234 0.0000000000
52719  -21.897  -40.046  55.412 0.0000000000
51541  -22.193  -40.277  55.850 0.0000000000
51540  -21.403  -40.507  55.365 0.0000000000
51538  -20.032  -41.101  55.260 0.0000000000
50241  -21.109  -41.081  55.758 0.0000000000
50240  -20.542  -41.293  55.806 0.0000000000
50218  -20.436  -41.707  56.633 0.0000000000
51559  -18.723  -40.836  54.129 0.0000000000
50216  -18.569  -41.946  56.322 0.0000000000
50195  -20.201  -42.519  57.656 0.0000000000
49002  -19.292  -43.025  58.109 0.0000000000
48959  -17.942  -43.772  58.549 0.0000000000
48940  -17.927  -43.787  59.237 0.0000000000
48939  -17.100  -44.064  59.293 0.0000000000
48922  -16.997  -44.023  60.111 0.0000000000
50157  -16.218  -42.440  58.569 0.0000000000
51445  -15.151  -42.355  58.999 0.0000000000
50141  -15.126  -42.488  59.461 0.0000000000
51444  -14.700  -42.278  59.023 0.0000000000
51533  -14.235  -41.338  55.093 0.0000000000
51513  -13.863  -41.474  55.826 0.0000000000
50187  -12.803  -42.727  56.122 0.0000000000
51493  -13.339  -41.878  56.520 0.0000000000
51459  -13.682  -41.958  58.434 0.0000000000
50155  -12.766  -42.270  58.073 0.0000000000
50154  -12.316  -43.096  58.496 0.0000000000
73176  -7.253  -25.508  56.879 0.0000000000
74403  -7.023  -24.461  57.057 0.0000000000
74417  -7.026  -24.484  56.105 0.0000000000
70635  -8.475  -27.612  55.673 0.0000000000
70650  -8.924  -27.815  54.845 0.0000000000
71937  -8.123  -26.746  53.518 0.0000000000
71919  -8.391  -26.597  54.289 0.0000000000
71936  -7.632  -26.072  54.099 0.0000000000
71956  -7.466  -26.605  53.292 0.0000000000
71955  -6.942  -26.060  53.483 0.0000000000
70669  -7.443  -27.084  52.760 0.0000000000
68081  -7.661  -29.481  50.550 0.0000000000
69388  -7.231  -28.246  51.267 0.0000000000
66706  -7.197  -29.577  50.316 0.0000000000
66705  -7.144  -29.055  50.159 0.0000000000
66714  -6.776  -29.957  50.182 0.0000000000
61516  -11.237  -34.132  52.635 0.0000000000
62838  -9.701  -33.206  53.207 0.0000000000
61545  -11.830  -34.083  50.287 0.0000000000
62853  -11.098  -33.250  51.236 0.0000000000
62871  -11.059  -32.687  50.332 0.0000000000
64167  -10.644  -31.951  50.956 0.0000000000
57384  -9.558  -36.755  47.384 0.0000000000
58770  -10.044  -36.242  47.945 0.0000000000
61543  -9.082  -34.136  48.491 0.0000000000
61544  -9.582  -34.171  48.648 0.0000000000
61561  -9.318  -33.622  48.784 0.0000000000
62887  -9.693  -32.960  49.135 0.0000000000
64180  -9.173  -32.142  49.173 0.0000000000
65458  -8.607  -31.369  49.501 0.0000000000
62886  -8.828  -32.957  48.940 0.0000000000
62867  -6.986  -33.092  48.312 0.0000000000
64165  -7.508  -32.449  48.484 0.0000000000
64164  -7.130  -32.691  48.412 0.0000000000
65455  -6.653  -31.520  48.634 0.0000000000
64189  -6.560  -32.156  48.085 0.0000000000
64198  -6.261  -32.069  47.703 0.0000000000
62901  -6.470  -32.961  47.671 0.0000000000
54877  -5.710  -38.601  60.082 0.0000000000
51396  -8.428  -42.112  64.730 0.0000000000
52598  -8.584  -41.444  64.621 0.0000000000
51403  -8.018  -42.296  63.367 0.0000000000
52602  -8.158  -41.270  63.818 0.0000000000
52606  -8.058  -41.237  63.372 0.0000000000
53711  -7.698  -40.445  62.957 0.0000000000
50112  -7.197  -44.082  61.201 0.0000000000
50107  -7.445  -43.709  61.902 0.0000000000
51415  -7.762  -43.030  61.235 0.0000000000
52626  -7.934  -41.704  61.718 0.0000000000
53746  -7.316  -39.860  59.616 0.0000000000
53737  -6.849  -39.654  60.209 0.0000000000
53745  -6.994  -39.340  59.827 0.0000000000
54897  -7.050  -39.201  59.194 0.0000000000
54912  -6.922  -38.736  58.753 0.0000000000
53766  -9.258  -40.741  58.016 0.0000000000
53774  -9.464  -40.635  56.858 0.0000000000
52698  -8.922  -41.734  55.851 0.0000000000
51492  -7.413  -43.216  56.520 0.0000000000
51552  -7.133  -43.386  54.259 0.0000000000
52713  -7.672  -42.960  54.835 0.0000000000
52714  -8.493  -42.363  54.765 0.0000000000
52733  -8.457  -42.554  53.765 0.0000000000
52751  -8.512  -42.350  53.008 0.0000000000
52750  -8.032  -42.923  53.344 0.0000000000
50300  -7.296  -43.873  51.247 0.0000000000
50285  -7.512  -43.264  51.776 0.0000000000
50320  -7.817  -43.988  50.749 0.0000000000
51622  -8.094  -43.234  50.642 0.0000000000
49116  -8.025  -44.648  50.486 0.0000000000
44231  -5.740  -48.120  55.830 0.0000000000
43118  -5.178  -49.548  54.833 0.0000000000
44245  -5.239  -48.604  55.063 0.0000000000
45440  -5.097  -47.947  55.449 0.0000000000
45454  -4.921  -47.814  55.050 0.0000000000
46669  -4.789  -47.304  55.232 0.0000000000
44278  -5.462  -48.507  53.503 0.0000000000
45477  -5.419  -47.539  53.489 0.0000000000
45484  -5.839  -47.505  52.467 0.0000000000
46746  -6.582  -46.676  51.425 0.0000000000
47932  -6.748  -46.225  51.185 0.0000000000
45522  -6.926  -46.800  51.014 0.0000000000
46748  -8.202  -47.011  50.628 0.0000000000
46759  -8.785  -46.679  50.134 0.0000000000
47935  -8.511  -45.517  50.062 0.0000000000
46760  -9.783  -46.697  49.416 0.0000000000
66599  -38.033  -29.560  60.480 0.0000000000
69251  -37.518  -28.520  61.143 0.0000000000
67940  -37.257  -29.192  61.395 0.0000000000
67939  -36.923  -29.622  61.541 0.0000000000
62762  -36.700  -32.072  57.928 0.0000000000
64083  -37.476  -31.212  58.102 0.0000000000
62754  -37.205  -31.768  58.318 0.0000000000
65352  -37.758  -30.117  59.700 0.0000000000
60005  -35.358  -33.480  58.787 0.0000000000
60018  -35.559  -33.089  58.149 0.0000000000
61425  -35.952  -32.437  57.893 0.0000000000
61384  -35.173  -32.606  61.223 0.0000000000
61393  -35.286  -32.708  60.549 0.0000000000
61402  -35.458  -33.094  59.770 0.0000000000
64037  -35.790  -31.565  61.616 0.0000000000
89666  -49.726  -12.651  39.047 0.0000000000
89657  -50.438  -12.262  39.435 0.0000000000
89668  -50.246  -12.786  39.342 0.0000000000
85890  -46.317  -15.294  39.430 0.0000000000
87125  -46.452  -14.817  39.165 0.0000000000
88453  -47.511  -12.940  38.512 0.0000000000
89653  -47.554  -12.500  38.271 0.0000000000
79813  -41.475  -18.773  49.272 0.0000000000
79801  -41.957  -18.643  50.171 0.0000000000
79802  -42.444  -18.777  50.518 0.0000000000
77111  -37.078  -20.724  48.522 0.0000000000
78489  -37.717  -20.336  48.668 0.0000000000
78500  -37.699  -20.323  47.995 0.0000000000
78511  -38.096  -19.816  47.637 0.0000000000
79834  -38.808  -19.383  47.057 0.0000000000
79820  -39.186  -19.351  47.811 0.0000000000
79836  -40.034  -18.800  47.928 0.0000000000
51625  -10.269  -42.111  49.650 0.0000000000
51645  -10.086  -42.697  49.501 0.0000000000
49145  -11.045  -44.425  47.973 0.0000000000
47954  -11.305  -45.255  47.854 0.0000000000
46769  -11.219  -45.907  48.191 0.0000000000
46773  -11.216  -46.879  48.013 0.0000000000
46614  -10.257  -44.821  58.772 0.0000000000
46625  -9.741  -45.180  58.107 0.0000000000
73199  -34.402  -25.970  57.264 0.0000000000
71927  -34.201  -26.580  56.361 0.0000000000
73213  -34.058  -26.104  56.782 0.0000000000
73212  -33.775  -25.594  56.494 0.0000000000
74437  -33.634  -24.559  55.869 0.0000000000
74452  -33.676  -24.088  55.008 0.0000000000
58505  -27.385  -35.255  65.452 0.0000000000
61451  -27.578  -33.290  56.543 0.0000000000
95973  -51.220  -7.124  34.839 0.0000000000
95977  -50.326  -7.373  33.880 0.0000000000
97118  -51.660  -6.612  34.515 0.0000000000
98257  -53.830  -5.467  35.720 0.0000000000
57287  -6.439  -37.072  58.241 0.0000000000
57297  -6.702  -36.986  57.645 0.0000000000
56085  -6.662  -37.622  58.246 0.0000000000
77225  -46.764  -20.613  41.779 0.0000000000
78592  -47.394  -20.151  42.391 0.0000000000
78565  -47.340  -19.884  42.803 0.0000000000
81157  -48.091  -18.853  43.800 0.0000000000
77178  -43.293  -21.151  42.570 0.0000000000
75896  -42.578  -21.693  41.255 0.0000000000
77201  -43.691  -21.409  42.062 0.0000000000
75917  -43.515  -21.803  41.139 0.0000000000
75942  -44.312  -21.656  40.760 0.0000000000
75965  -44.428  -21.535  40.035 0.0000000000
75943  -45.053  -21.367  40.895 0.0000000000
77243  -45.635  -21.197  41.210 0.0000000000
48885  -15.781  -42.469  62.706 0.0000000000
48892  -16.252  -42.752  62.241 0.0000000000
48908  -16.191  -42.814  60.627 0.0000000000
52654  -25.261  -41.087  59.059 0.0000000000
70712  -5.755  -27.340  50.454 0.0000000000
72019  -5.844  -27.176  49.934 0.0000000000
69409  -6.164  -27.929  49.431 0.0000000000
66672  -7.629  -31.006  55.555 0.0000000000
66673  -8.579  -30.434  55.051 0.0000000000
65434  -8.879  -31.847  53.736 0.0000000000
53921  -8.638  -40.123  45.744 0.0000000000
55073  -8.356  -39.262  46.034 0.0000000000
53919  -7.050  -39.567  45.648 0.0000000000
56013  -7.961  -39.693  63.516 0.0000000000
46624  -6.276  -45.428  58.688 0.0000000000
47776  -6.247  -45.194  59.242 0.0000000000
48972  -5.788  -45.343  56.962 0.0000000000
49019  -5.278  -45.423  56.404 0.0000000000
47835  -5.528  -45.932  55.695 0.0000000000
67988  -37.766  -29.554  57.724 0.0000000000
68000  -37.502  -29.727  56.789 0.0000000000
70602  -37.509  -28.516  57.857 0.0000000000
70613  -37.268  -28.252  57.348 0.0000000000
71892  -37.093  -27.703  57.528 0.0000000000
71891  -36.652  -27.177  57.806 0.0000000000
70612  -36.848  -27.010  58.111 0.0000000000
60078  -35.593  -33.198  54.697 0.0000000000
58612  -32.974  -34.800  59.652 0.0000000000
58596  -32.703  -34.941  60.236 0.0000000000
57283  -32.548  -34.773  59.265 0.0000000000
58625  -31.579  -34.536  58.690 0.0000000000
95930  -51.464  -7.809  38.069 0.0000000000
92246  -48.237  -10.123  37.009 0.0000000000
92247  -48.909  -9.772  37.057 0.0000000000
93546  -49.122  -9.455  36.860 0.0000000000
94751  -49.277  -9.013  36.691 0.0000000000
94752  -49.922  -8.407  36.630 0.0000000000
81117  -44.825  -19.151  45.313 0.0000000000
81097  -44.862  -18.710  45.980 0.0000000000
82283  -45.635  -18.206  47.981 0.0000000000
81133  -40.330  -18.608  44.764 0.0000000000
81155  -41.663  -18.804  43.394 0.0000000000
79869  -42.422  -18.923  43.472 0.0000000000
81135  -42.795  -18.625  44.228 0.0000000000
81136  -43.635  -18.988  44.322 0.0000000000
55005  -21.715  -37.957  52.682 0.0000000000
74475  -5.661  -24.630  52.772 0.0000000000
74459  -6.119  -24.632  53.211 0.0000000000
73238  -6.062  -25.146  52.937 0.0000000000
71973  -6.534  -26.327  52.448 0.0000000000
58700  -11.316  -36.522  53.664 0.0000000000
57333  -11.694  -37.260  53.257 0.0000000000
57339  -11.958  -37.494  52.413 0.0000000000
52823  -11.693  -41.661  47.372 0.0000000000
53923  -10.712  -40.672  46.121 0.0000000000
52873  -10.733  -42.107  45.568 0.0000000000
52872  -10.174  -42.084  45.384 0.0000000000
49159  -8.767  -44.557  44.645 0.0000000000
47735  -10.397  -43.910  64.701 0.0000000000
47734  -9.697  -44.064  65.114 0.0000000000
47741  -9.759  -44.199  64.504 0.0000000000
46571  -9.290  -44.425  64.000 0.0000000000
45377  -8.291  -46.344  60.631 0.0000000000
45356  -8.430  -46.564  61.194 0.0000000000
44159  -7.679  -46.472  60.788 0.0000000000
44158  -7.166  -46.438  60.360 0.0000000000
45376  -6.802  -46.437  60.394 0.0000000000
44175  -6.835  -46.505  59.660 0.0000000000
44190  -6.753  -46.445  58.621 0.0000000000
77062  -37.786  -21.113  51.574 0.0000000000
77046  -38.802  -20.572  52.431 0.0000000000
75760  -35.326  -22.484  52.296 0.0000000000
75797  -35.929  -22.051  50.914 0.0000000000
75779  -37.219  -21.629  51.680 0.0000000000
54868  -24.914  -37.741  62.192 0.0000000000
57218  -29.188  -35.823  62.779 0.0000000000
57244  -28.323  -35.349  61.785 0.0000000000
58575  -27.855  -34.994  61.304 0.0000000000
61422  -26.389  -34.572  58.286 0.0000000000
60012  -26.091  -35.291  58.634 0.0000000000
58636  -25.354  -35.894  58.107 0.0000000000
57281  -24.756  -36.650  58.391 0.0000000000
56070  -24.808  -37.619  58.496 0.0000000000
56094  -24.525  -37.221  56.658 0.0000000000
56106  -24.014  -37.483  55.592 0.0000000000
54948  -23.700  -37.955  55.030 0.0000000000
56123  -23.697  -37.452  54.615 0.0000000000
57334  -23.735  -36.937  53.939 0.0000000000
95983  -49.157  -7.444  31.689 0.0000000000
64098  -5.698  -32.813  56.684 0.0000000000
62778  -6.071  -32.907  56.287 0.0000000000
62793  -6.281  -33.389  56.107 0.0000000000
61496  -6.513  -33.992  55.390 0.0000000000
61497  -6.814  -34.373  55.010 0.0000000000
60083  -7.305  -35.325  54.876 0.0000000000
58696  -7.749  -36.059  54.797 0.0000000000
56104  -9.307  -37.743  56.128 0.0000000000
53839  -9.876  -40.763  52.831 0.0000000000
53838  -9.363  -41.308  52.907 0.0000000000
53851  -8.924  -41.571  52.555 0.0000000000
84711  -47.510  -16.774  40.505 0.0000000000
84712  -48.589  -16.382  40.631 0.0000000000
83551  -48.972  -16.853  41.129 0.0000000000
79973  -44.787  -19.813  39.370 0.0000000000
79972  -44.169  -20.025  39.131 0.0000000000
81207  -44.866  -19.510  39.522 0.0000000000
81200  -44.641  -19.113  39.502 0.0000000000
81193  -45.064  -18.740  40.060 0.0000000000
82405  -44.985  -18.023  40.072 0.0000000000
83548  -46.519  -17.537  40.402 0.0000000000
50089  -12.767  -42.878  64.482 0.0000000000
48888  -13.361  -43.018  62.684 0.0000000000
48896  -13.311  -42.883  62.144 0.0000000000
48895  -12.661  -42.870  61.842 0.0000000000
48936  -11.681  -43.541  59.610 0.0000000000
48955  -12.022  -43.865  58.885 0.0000000000
51561  -20.393  -40.413  54.434 0.0000000000
50257  -19.649  -41.136  55.099 0.0000000000
51536  -17.038  -41.218  54.530 0.0000000000
50215  -17.966  -41.717  56.308 0.0000000000
50193  -18.242  -42.644  56.832 0.0000000000
49001  -18.474  -43.071  57.670 0.0000000000
49000  -17.851  -43.085  57.256 0.0000000000
48977  -17.412  -42.957  57.756 0.0000000000
48976  -16.990  -42.658  57.982 0.0000000000
50171  -16.481  -42.294  58.031 0.0000000000
50170  -15.465  -42.167  58.255 0.0000000000
50186  -12.081  -43.072  56.471 0.0000000000
69363  -8.880  -28.292  53.204 0.0000000000
69379  -8.487  -28.240  52.360 0.0000000000
70689  -8.040  -27.849  52.235 0.0000000000
60101  -12.203  -35.193  51.573 0.0000000000
62841  -11.608  -34.086  51.571 0.0000000000
60115  -12.111  -34.908  50.699 0.0000000000
61563  -11.144  -34.110  49.254 0.0000000000
57383  -8.505  -36.857  47.139 0.0000000000
58754  -8.552  -35.758  48.186 0.0000000000
58741  -8.402  -35.125  48.187 0.0000000000
61542  -8.514  -34.174  48.464 0.0000000000
61559  -8.167  -33.807  48.535 0.0000000000
60132  -7.788  -34.470  48.450 0.0000000000
60130  -6.991  -34.433  48.256 0.0000000000
61557  -6.813  -34.116  48.089 0.0000000000
61575  -6.381  -34.065  47.771 0.0000000000
51400  -8.247  -42.333  64.273 0.0000000000
50093  -8.007  -43.104  63.856 0.0000000000
50098  -7.667  -43.137  63.230 0.0000000000
51406  -7.785  -42.512  62.823 0.0000000000
53739  -7.734  -41.160  60.004 0.0000000000
53747  -8.022  -40.802  59.641 0.0000000000
53748  -8.424  -41.103  59.254 0.0000000000
52665  -8.607  -41.770  58.013 0.0000000000
51530  -6.740  -43.851  54.845 0.0000000000
51551  -6.854  -43.645  54.484 0.0000000000
50252  -6.899  -43.515  53.810 0.0000000000
51569  -7.352  -43.281  53.632 0.0000000000
51588  -7.540  -43.248  52.870 0.0000000000
49096  -6.681  -44.457  51.479 0.0000000000
44261  -5.391  -48.545  54.070 0.0000000000
43133  -5.549  -49.000  53.734 0.0000000000
43144  -5.536  -49.410  53.217 0.0000000000
45506  -7.451  -47.409  50.803 0.0000000000
61490  -37.036  -32.287  53.635 0.0000000000
61473  -37.156  -32.030  54.056 0.0000000000
62800  -37.259  -31.646  55.078 0.0000000000
64104  -37.520  -31.135  56.309 0.0000000000
65384  -37.889  -30.580  57.303 0.0000000000
65374  -37.752  -30.779  57.787 0.0000000000
66636  -37.917  -29.978  57.977 0.0000000000
69286  -37.772  -28.820  58.416 0.0000000000
70576  -37.804  -28.186  59.249 0.0000000000
58658  -32.920  -34.689  56.749 0.0000000000
58677  -34.303  -33.939  55.729 0.0000000000
60062  -35.068  -33.602  55.758 0.0000000000
60063  -35.639  -33.092  55.756 0.0000000000
61489  -36.547  -32.445  54.215 0.0000000000
58598  -33.321  -34.416  60.575 0.0000000000
59964  -34.209  -33.731  60.818 0.0000000000
59989  -33.936  -34.268  60.225 0.0000000000
58614  -33.544  -34.523  60.006 0.0000000000
58628  -33.436  -34.614  59.030 0.0000000000
58642  -33.559  -34.359  58.046 0.0000000000
93521  -50.187  -9.859  38.332 0.0000000000
87136  -44.742  -14.377  38.352 0.0000000000
89678  -45.924  -11.654  37.028 0.0000000000
90905  -46.630  -11.651  37.288 0.0000000000
89665  -47.789  -11.851  37.916 0.0000000000
90907  -47.933  -11.508  37.760 0.0000000000
92237  -48.082  -11.014  37.590 0.0000000000
82295  -43.570  -18.506  47.115 0.0000000000
81062  -44.122  -18.615  49.527 0.0000000000
77120  -35.742  -20.906  47.169 0.0000000000
78521  -36.139  -20.340  45.308 0.0000000000
78536  -36.834  -19.756  44.827 0.0000000000
79868  -38.402  -19.078  45.360 0.0000000000
81092  -39.286  -19.196  46.703 0.0000000000
75718  -5.789  -23.630  55.610 0.0000000000
55002  -10.996  -39.704  51.903 0.0000000000
55023  -11.280  -39.878  51.130 0.0000000000
52797  -11.447  -40.753  49.169 0.0000000000
52807  -11.102  -41.686  49.128 0.0000000000
51668  -11.694  -42.609  47.123 0.0000000000
50393  -11.359  -43.654  45.796 0.0000000000
49153  -10.469  -44.634  45.131 0.0000000000
49154  -11.201  -44.530  45.528 0.0000000000
46797  -11.154  -46.153  45.715 0.0000000000
45573  -10.561  -47.511  45.732 0.0000000000
44376  -10.033  -48.153  45.654 0.0000000000
46589  -10.407  -44.457  62.261 0.0000000000
46592  -9.027  -45.328  61.068 0.0000000000
45358  -8.654  -45.701  60.798 0.0000000000
45379  -8.949  -45.550  60.233 0.0000000000
45378  -8.479  -45.974  60.289 0.0000000000
44193  -8.411  -46.125  59.411 0.0000000000
77034  -37.513  -21.040  53.651 0.0000000000
77027  -37.194  -20.987  54.344 0.0000000000
70662  -36.337  -28.203  54.601 0.0000000000
70679  -36.417  -28.089  53.411 0.0000000000
70661  -36.237  -27.831  54.069 0.0000000000
71965  -35.034  -27.352  53.813 0.0000000000
71963  -32.856  -26.340  53.732 0.0000000000
71978  -32.668  -26.193  52.801 0.0000000000
73245  -32.938  -25.290  53.686 0.0000000000
74466  -33.239  -24.173  53.206 0.0000000000
75733  -33.602  -23.429  53.490 0.0000000000
56034  -25.952  -36.948  63.868 0.0000000000
60014  -27.856  -34.240  58.549 0.0000000000
61423  -26.930  -34.027  58.234 0.0000000000
61437  -27.615  -33.581  57.244 0.0000000000
61436  -26.902  -33.737  57.575 0.0000000000
61435  -26.386  -34.271  57.629 0.0000000000
60058  -25.498  -34.950  56.406 0.0000000000
60057  -25.212  -34.994  55.715 0.0000000000
94789  -49.244  -7.741  32.233 0.0000000000
94788  -48.982  -7.757  31.780 0.0000000000
95984  -49.807  -6.939  32.163 0.0000000000
97134  -49.424  -6.794  31.483 0.0000000000
97128  -52.231  -5.840  34.000 0.0000000000
58646  -6.306  -35.506  56.950 0.0000000000
58666  -6.385  -35.759  56.396 0.0000000000
57318  -7.050  -36.423  55.954 0.0000000000
57317  -6.644  -36.323  56.294 0.0000000000
57309  -7.029  -36.763  56.704 0.0000000000
56102  -7.667  -37.232  56.812 0.0000000000
56089  -9.258  -38.252  56.588 0.0000000000
54925  -9.818  -39.336  56.194 0.0000000000
81188  -47.514  -18.972  40.751 0.0000000000
81179  -48.188  -18.636  41.199 0.0000000000
79912  -48.423  -19.154  42.891 0.0000000000
75915  -42.076  -21.992  40.661 0.0000000000
75938  -41.467  -22.100  40.030 0.0000000000
76032  -42.920  -21.629  38.141 0.0000000000
77307  -43.655  -21.350  38.454 0.0000000000
77308  -44.196  -21.021  38.764 0.0000000000
77263  -44.934  -21.316  39.997 0.0000000000
77287  -44.735  -21.260  39.546 0.0000000000
77309  -44.675  -20.607  39.208 0.0000000000
78671  -45.941  -20.200  39.787 0.0000000000
78672  -46.292  -19.861  40.048 0.0000000000
51398  -14.649  -42.049  64.593 0.0000000000
50095  -14.517  -42.419  63.634 0.0000000000
48882  -14.189  -43.192  63.066 0.0000000000
48884  -15.341  -42.527  62.815 0.0000000000
48890  -14.811  -42.692  62.274 0.0000000000
48897  -14.264  -42.845  61.914 0.0000000000
52754  -18.143  -40.064  52.527 0.0000000000
52753  -17.542  -39.957  52.544 0.0000000000
51574  -17.361  -40.031  53.230 0.0000000000
51557  -17.088  -40.475  53.873 0.0000000000
51515  -15.992  -41.257  55.517 0.0000000000
51534  -15.025  -40.860  54.883 0.0000000000
70633  -7.721  -28.040  57.180 0.0000000000
69346  -8.794  -28.708  55.375 0.0000000000
68046  -9.097  -29.417  53.731 0.0000000000
66696  -9.527  -30.325  52.470 0.0000000000
66708  -9.674  -30.406  51.415 0.0000000000
57406  -11.282  -37.620  47.513 0.0000000000
58771  -10.987  -36.424  48.437 0.0000000000
57405  -10.147  -37.372  47.074 0.0000000000
57404  -9.132  -37.260  46.824 0.0000000000
56235  -8.551  -37.764  46.645 0.0000000000
57403  -8.594  -37.254  46.769 0.0000000000
56216  -8.081  -37.301  46.813 0.0000000000
56215  -7.628  -37.291  46.914 0.0000000000
57401  -7.083  -37.058  47.208 0.0000000000
57422  -6.427  -36.958  46.695 0.0000000000
57209  -7.887  -37.837  63.125 0.0000000000
54843  -6.381  -39.724  63.574 0.0000000000
47758  -6.718  -45.440  61.990 0.0000000000
48894  -6.789  -45.029  61.474 0.0000000000
50111  -6.836  -44.648  61.152 0.0000000000
50119  -6.690  -44.501  60.580 0.0000000000
50136  -6.706  -44.328  59.722 0.0000000000
50137  -6.988  -43.598  59.395 0.0000000000
51456  -7.174  -43.251  58.000 0.0000000000
50185  -6.845  -43.973  56.948 0.0000000000
51491  -7.041  -44.029  56.330 0.0000000000
51490  -6.709  -44.477  56.075 0.0000000000
51509  -6.737  -44.252  55.501 0.0000000000
47885  -5.986  -45.274  52.881 0.0000000000
69382  -36.967  -30.039  52.969 0.0000000000
70696  -36.572  -29.028  53.398 0.0000000000
62832  -37.622  -31.591  53.666 0.0000000000
65416  -37.645  -30.809  54.259 0.0000000000
68015  -37.391  -29.938  55.837 0.0000000000
69340  -37.262  -29.749  55.616 0.0000000000
68030  -37.390  -29.977  54.857 0.0000000000
68029  -37.238  -29.753  54.726 0.0000000000
69357  -36.543  -29.284  54.165 0.0000000000
71950  -36.154  -28.038  55.151 0.0000000000
73201  -35.828  -26.920  57.549 0.0000000000
73200  -35.461  -26.733  57.576 0.0000000000
73187  -34.553  -25.358  58.180 0.0000000000
57246  -30.158  -35.247  61.535 0.0000000000
57249  -32.294  -35.341  60.605 0.0000000000
57248  -31.760  -35.648  60.914 0.0000000000
57234  -31.590  -35.387  61.578 0.0000000000
57271  -30.133  -34.783  60.552 0.0000000000
60027  -29.200  -33.879  57.382 0.0000000000
58637  -30.112  -33.786  57.063 0.0000000000
92254  -47.075  -10.045  35.583 0.0000000000
92264  -46.267  -9.877  34.859 0.0000000000
95971  -49.728  -7.694  34.574 0.0000000000
94778  -49.893  -7.731  35.009 0.0000000000
94769  -50.110  -7.941  35.626 0.0000000000
95961  -50.570  -7.713  35.539 0.0000000000
97089  -52.467  -6.519  36.885 0.0000000000
77181  -45.191  -20.667  43.353 0.0000000000
79874  -46.593  -19.684  44.023 0.0000000000
78542  -45.565  -20.236  44.131 0.0000000000
81118  -46.478  -18.908  45.364 0.0000000000
79825  -45.893  -18.704  45.954 0.0000000000
82282  -44.653  -18.301  47.909 0.0000000000
78560  -42.217  -20.541  42.075 0.0000000000
79887  -42.664  -19.696  42.959 0.0000000000
78561  -42.731  -20.388  42.612 0.0000000000
77153  -43.111  -20.737  42.751 0.0000000000
77154  -43.503  -20.828  43.084 0.0000000000
77156  -44.656  -20.676  43.600 0.0000000000
53788  -24.074  -39.623  55.717 0.0000000000
52700  -23.585  -40.296  56.049 0.0000000000
52721  -23.299  -39.307  55.918 0.0000000000
52737  -21.501  -39.764  54.800 0.0000000000
53840  -21.277  -39.063  53.311 0.0000000000
52756  -20.941  -39.421  53.610 0.0000000000
51579  -20.628  -39.798  53.720 0.0000000000
51597  -20.105  -40.033  52.869 0.0000000000
51596  -19.749  -40.214  52.911 0.0000000000
52771  -19.337  -40.315  52.120 0.0000000000
52770  -18.551  -40.258  52.035 0.0000000000
68080  -6.546  -28.654  49.874 0.0000000000
60100  -11.648  -35.102  52.499 0.0000000000
58715  -11.540  -35.796  53.197 0.0000000000
58717  -12.429  -35.851  51.440 0.0000000000
55024  -11.691  -39.336  50.583 0.0000000000
53922  -9.665  -40.400  45.870 0.0000000000
51390  -9.032  -42.007  65.203 0.0000000000
50077  -8.623  -42.434  65.128 0.0000000000
48865  -9.312  -43.870  65.244 0.0000000000
48862  -8.291  -43.846  64.247 0.0000000000
48872  -8.111  -43.968  63.941 0.0000000000
47746  -7.313  -44.693  63.162 0.0000000000
47753  -6.980  -45.061  62.828 0.0000000000
45332  -8.737  -45.980  62.405 0.0000000000
45331  -8.567  -45.575  62.774 0.0000000000
45345  -8.540  -46.831  61.792 0.0000000000
45335  -8.622  -46.308  62.201 0.0000000000
45330  -8.174  -45.450  63.142 0.0000000000
46581  -7.444  -45.394  62.975 0.0000000000
46580  -7.043  -45.437  62.657 0.0000000000
46597  -5.880  -45.945  60.216 0.0000000000
45375  -6.308  -46.409  60.340 0.0000000000
46612  -6.202  -45.587  59.195 0.0000000000
45398  -6.189  -45.799  58.383 0.0000000000
45413  -5.831  -45.979  57.960 0.0000000000
45426  -5.615  -46.084  57.442 0.0000000000
78482  -39.427  -19.726  50.033 0.0000000000
79786  -40.484  -18.987  50.483 0.0000000000
78472  -39.735  -19.402  50.987 0.0000000000
78473  -40.087  -19.442  51.662 0.0000000000
77047  -39.343  -20.331  52.482 0.0000000000
70694  -36.204  -28.475  52.527 0.0000000000
70703  -35.906  -28.849  51.897 0.0000000000
72012  -34.750  -28.413  51.512 0.0000000000
75827  -35.029  -21.697  49.132 0.0000000000
75828  -35.978  -22.086  49.196 0.0000000000
75829  -36.276  -21.568  49.648 0.0000000000
75815  -36.386  -21.585  50.375 0.0000000000
77089  -36.815  -21.257  49.834 0.0000000000
77100  -37.306  -20.730  49.340 0.0000000000
77101  -37.808  -20.633  49.869 0.0000000000
53736  -24.498  -38.643  61.387 0.0000000000
52650  -24.985  -40.444  59.896 0.0000000000
53759  -25.027  -40.426  58.399 0.0000000000
53777  -24.549  -39.688  56.612 0.0000000000
57186  -27.786  -35.640  64.330 0.0000000000
57202  -28.497  -35.672  63.423 0.0000000000
57215  -26.240  -36.853  62.709 0.0000000000
58593  -27.552  -34.938  60.547 0.0000000000
58574  -26.718  -34.942  61.190 0.0000000000
57228  -25.927  -37.001  61.990 0.0000000000
54904  -24.966  -38.499  58.534 0.0000000000
53768  -25.214  -39.175  57.923 0.0000000000
53824  -23.245  -38.086  54.698 0.0000000000
54962  -22.937  -38.039  54.219 0.0000000000
56122  -23.631  -37.867  54.573 0.0000000000
54963  -23.288  -37.905  53.962 0.0000000000
98305  -50.101  -5.801  30.001 0.0000000000
98306  -50.869  -5.405  30.310 0.0000000000
98316  -51.618  -5.539  29.619 0.0000000000
97144  -51.276  -6.288  29.044 0.0000000000
97146  -53.398  -6.331  29.014 0.0000000000
68034  -7.295  -30.153  56.040 0.0000000000
66682  -7.731  -31.659  55.285 0.0000000000
64140  -8.140  -32.620  54.493 0.0000000000
66661  -6.498  -31.118  56.536 0.0000000000
64112  -6.404  -32.561  56.207 0.0000000000
65408  -6.631  -31.918  56.003 0.0000000000
65420  -7.081  -32.402  55.574 0.0000000000
64139  -7.553  -32.824  54.805 0.0000000000
62807  -8.067  -33.073  54.470 0.0000000000
61513  -8.784  -34.208  54.310 0.0000000000
60097  -9.067  -34.993  54.261 0.0000000000
58713  -9.774  -35.661  54.068 0.0000000000
58712  -9.145  -35.684  54.358 0.0000000000
58699  -10.512  -36.379  54.148 0.0000000000
57332  -11.236  -37.564  53.804 0.0000000000
57319  -7.766  -36.556  55.693 0.0000000000
57320  -8.558  -36.783  55.444 0.0000000000
57321  -9.456  -36.996  55.289 0.0000000000
56133  -11.082  -38.651  53.739 0.0000000000
53854  -10.312  -40.303  51.705 0.0000000000
53864  -10.069  -40.795  51.402 0.0000000000
52766  -9.771  -41.084  51.487 0.0000000000
52781  -9.855  -41.445  50.757 0.0000000000
51624  -9.661  -42.470  50.075 0.0000000000
87128  -49.575  -14.227  40.190 0.0000000000
81139  -47.377  -19.025  44.489 0.0000000000
79788  -42.160  -18.844  51.037 0.0000000000
78713  -42.418  -20.696  37.113 0.0000000000
81238  -42.435  -19.621  37.381 0.0000000000
81222  -43.453  -19.533  38.616 0.0000000000
81221  -43.093  -19.559  38.076 0.0000000000
81220  -42.597  -19.338  37.775 0.0000000000
82432  -42.440  -18.860  37.964 0.0000000000
82418  -42.411  -18.231  38.090 0.0000000000
83570  -42.937  -17.783  38.636 0.0000000000
84731  -45.093  -16.014  39.232 0.0000000000
83555  -45.032  -17.276  39.742 0.0000000000
84721  -45.611  -16.328  39.684 0.0000000000
48866  -10.601  -43.606  64.967 0.0000000000
47749  -10.718  -43.951  63.600 0.0000000000
50085  -13.821  -42.111  64.860 0.0000000000
48870  -12.988  -42.924  64.122 0.0000000000
47745  -12.374  -43.398  63.412 0.0000000000
47755  -11.044  -43.770  62.957 0.0000000000
47768  -10.856  -44.376  60.536 0.0000000000
52699  -22.750  -40.325  56.337 0.0000000000
51518  -23.358  -41.158  56.481 0.0000000000
51516  -21.602  -41.044  56.211 0.0000000000
51496  -21.965  -41.402  56.834 0.0000000000
50174  -21.244  -42.726  58.168 0.0000000000
50256  -19.162  -41.199  54.928 0.0000000000
50238  -18.863  -41.567  55.547 0.0000000000
50173  -20.504  -42.879  58.399 0.0000000000
48981  -20.453  -43.367  58.600 0.0000000000
48979  -18.708  -43.510  58.158 0.0000000000
48941  -18.811  -43.545  59.175 0.0000000000
48938  -16.591  -43.461  59.404 0.0000000000
48920  -15.402  -42.740  60.246 0.0000000000
50124  -14.477  -42.531  60.036 0.0000000000
50212  -15.986  -41.346  56.996 0.0000000000
51495  -15.353  -41.324  56.978 0.0000000000
50188  -14.992  -41.927  57.842 0.0000000000
51476  -14.474  -41.841  58.028 0.0000000000
48975  -11.592  -43.665  57.999 0.0000000000
48998  -11.179  -43.705  56.835 0.0000000000
74416  -6.480  -23.756  56.113 0.0000000000
73202  -6.566  -24.487  55.133 0.0000000000
71916  -7.882  -27.230  56.888 0.0000000000
71898  -7.498  -26.366  56.632 0.0000000000
71899  -7.665  -26.066  55.947 0.0000000000
70636  -8.668  -27.063  54.813 0.0000000000
73191  -7.466  -25.586  55.503 0.0000000000
73203  -6.816  -24.869  55.312 0.0000000000
73219  -6.938  -25.183  54.200 0.0000000000
70668  -7.030  -26.671  52.817 0.0000000000
69377  -7.079  -27.777  51.709 0.0000000000
69376  -6.503  -27.530  51.533 0.0000000000
66704  -6.905  -28.574  50.282 0.0000000000
66713  -6.899  -29.101  49.941 0.0000000000
64149  -10.112  -32.115  52.723 0.0000000000
62840  -11.398  -33.731  51.884 0.0000000000
64154  -10.633  -31.918  51.735 0.0000000000
65449  -10.015  -31.243  50.669 0.0000000000
60157  -11.082  -35.103  48.941 0.0000000000
60156  -10.007  -34.750  48.503 0.0000000000
62888  -10.777  -32.920  49.285 0.0000000000
65460  -10.207  -31.691  49.802 0.0000000000
66717  -9.313  -30.325  50.741 0.0000000000
65448  -9.063  -30.752  49.940 0.0000000000
65447  -8.097  -30.892  50.051 0.0000000000
65457  -7.629  -31.132  49.660 0.0000000000
64166  -7.971  -32.306  48.505 0.0000000000
64178  -7.570  -31.764  48.765 0.0000000000
66724  -7.051  -30.640  49.803 0.0000000000
65456  -7.013  -31.206  49.156 0.0000000000
64199  -6.007  -32.299  47.330 0.0000000000
64209  -5.810  -32.727  46.861 0.0000000000
62928  -5.483  -33.810  46.955 0.0000000000
62940  -5.754  -33.552  46.393 0.0000000000
56060  -5.397  -38.068  59.605 0.0000000000
54817  -8.919  -40.097  64.532 0.0000000000
54833  -8.402  -40.153  64.081 0.0000000000
53691  -8.105  -40.353  63.844 0.0000000000
50102  -7.491  -44.177  62.176 0.0000000000
52618  -7.987  -41.790  62.381 0.0000000000
53710  -6.468  -40.317  62.641 0.0000000000
54863  -5.419  -39.863  62.169 0.0000000000
54870  -5.458  -39.769  61.236 0.0000000000
54878  -6.048  -39.266  60.548 0.0000000000
54885  -5.632  -38.639  59.147 0.0000000000
54895  -5.414  -38.723  58.534 0.0000000000
54913  -8.018  -38.974  58.509 0.0000000000
54899  -8.745  -39.815  58.681 0.0000000000
53775  -9.718  -40.168  56.262 0.0000000000
51473  -7.532  -42.747  57.491 0.0000000000
52679  -7.841  -42.275  56.860 0.0000000000
52696  -7.559  -43.068  55.329 0.0000000000
52715  -9.114  -41.852  55.193 0.0000000000
53803  -9.353  -41.681  54.550 0.0000000000
53820  -9.007  -42.130  53.539 0.0000000000
53837  -8.909  -41.777  52.881 0.0000000000
51589  -7.778  -42.999  52.144 0.0000000000
52779  -8.385  -42.367  51.417 0.0000000000
50321  -8.706  -43.968  50.395 0.0000000000
50347  -8.925  -44.420  50.068 0.0000000000
46652  -5.416  -46.272  56.460 0.0000000000
43098  -5.368  -49.480  55.141 0.0000000000
46670  -5.158  -46.772  55.517 0.0000000000
46691  -5.066  -46.593  54.840 0.0000000000
45466  -5.065  -47.689  54.347 0.0000000000
46709  -4.835  -47.016  54.418 0.0000000000
43153  -5.715  -49.575  52.488 0.0000000000
44315  -5.877  -48.559  52.070 0.0000000000
46738  -6.221  -46.545  52.069 0.0000000000
47901  -6.140  -45.408  52.055 0.0000000000
47919  -6.605  -45.227  51.383 0.0000000000
46747  -7.703  -46.792  50.735 0.0000000000
47934  -7.658  -45.497  50.486 0.0000000000
47945  -8.257  -45.046  50.253 0.0000000000
49117  -8.907  -45.262  49.720 0.0000000000
47947  -9.657  -45.285  49.435 0.0000000000
47937  -9.893  -45.794  49.448 0.0000000000
46768  -10.802  -46.516  48.605 0.0000000000
43186  -10.310  -49.279  47.252 0.0000000000
44152  -7.920  -46.635  61.404 0.0000000000
44153  -8.143  -46.751  61.648 0.0000000000
44178  -8.329  -46.196  60.211 0.0000000000
44361  -11.274  -47.651  47.286 0.0000000000
45333  -7.306  -45.612  62.605 0.0000000000
45476  -4.987  -47.172  54.033 0.0000000000
45508  -8.761  -47.331  50.258 0.0000000000
45523  -7.039  -47.010  50.983 0.0000000000
45538  -10.415  -47.984  48.767 0.0000000000
45550  -11.106  -47.338  48.097 0.0000000000
45563  -11.458  -47.192  47.036 0.0000000000
46573  -7.324  -45.235  63.302 0.0000000000
46578  -10.652  -44.039  63.349 0.0000000000
46579  -6.727  -45.686  62.318 0.0000000000
46611  -6.228  -45.705  58.663 0.0000000000
46637  -5.443  -46.094  57.157 0.0000000000
46749  -8.567  -47.205  50.382 0.0000000000
46756  -6.832  -46.530  51.085 0.0000000000
46757  -7.241  -46.499  50.806 0.0000000000
46761  -10.282  -46.071  49.226 0.0000000000
46783  -10.976  -46.816  45.887 0.0000000000
47730  -10.040  -43.771  65.336 0.0000000000
47731  -10.243  -43.817  65.140 0.0000000000
47733  -8.967  -44.223  65.025 0.0000000000
47737  -11.610  -43.819  64.078 0.0000000000
47738  -8.019  -44.525  64.129 0.0000000000
47739  -8.389  -44.566  64.280 0.0000000000
47743  -11.175  -43.822  63.837 0.0000000000
47748  -7.888  -45.114  64.095 0.0000000000
47761  -12.577  -42.994  62.331 0.0000000000
47817  -5.385  -46.128  56.061 0.0000000000
47946  -8.530  -44.981  50.026 0.0000000000
47949  -10.944  -45.544  48.460 0.0000000000
48856  -9.360  -43.146  65.492 0.0000000000
48857  -9.724  -43.492  65.459 0.0000000000
48858  -10.409  -43.432  65.301 0.0000000000
48859  -10.982  -43.217  65.031 0.0000000000
48861  -11.878  -43.115  64.698 0.0000000000
48863  -8.426  -43.906  64.511 0.0000000000
48864  -8.890  -43.532  65.225 0.0000000000
48867  -10.983  -43.516  64.627 0.0000000000
48869  -12.330  -43.137  64.336 0.0000000000
48876  -13.408  -42.898  63.510 0.0000000000
48883  -14.761  -42.721  62.885 0.0000000000
48956  -16.263  -42.611  58.877 0.0000000000
48995  -5.357  -45.375  56.619 0.0000000000
49078  -6.318  -44.516  51.995 0.0000000000
49118  -9.225  -45.110  49.571 0.0000000000
49135  -8.894  -44.814  49.758 0.0000000000
49146  -11.400  -44.517  47.277 0.0000000000
50075  -11.860  -42.491  65.328 0.0000000000
50081  -10.851  -42.906  65.246 0.0000000000
50086  -8.236  -43.498  64.317 0.0000000000
50087  -8.301  -42.986  64.861 0.0000000000
50088  -8.661  -42.915  65.226 0.0000000000
50090  -13.225  -42.648  64.456 0.0000000000
50092  -14.793  -42.142  64.227 0.0000000000
50099  -15.564  -42.371  62.981 0.0000000000
50121  -12.086  -43.108  59.844 0.0000000000
50156  -15.649  -42.432  58.883 0.0000000000
50169  -14.982  -42.119  58.054 0.0000000000
50301  -7.443  -43.432  51.539 0.0000000000
50348  -9.318  -44.151  49.808 0.0000000000
51389  -8.664  -41.903  64.960 0.0000000000
51441  -8.032  -42.305  59.348 0.0000000000
51460  -14.514  -42.100  58.565 0.0000000000
51461  -15.059  -42.280  58.629 0.0000000000
51474  -7.965  -42.263  58.017 0.0000000000
51578  -20.307  -40.062  53.498 0.0000000000
51606  -7.584  -43.421  51.257 0.0000000000
51621  -7.697  -43.462  50.997 0.0000000000
52755  -20.563  -39.749  53.403 0.0000000000
52757  -21.331  -38.998  53.752 0.0000000000
52874  -11.259  -42.264  45.939 0.0000000000
53682  -8.765  -40.804  64.634 0.0000000000
53692  -8.345  -40.728  64.197 0.0000000000
53755  -7.848  -40.052  59.320 0.0000000000
53805  -22.859  -38.794  55.673 0.0000000000
54887  -7.062  -39.260  59.516 0.0000000000
54911  -5.849  -38.615  58.436 0.0000000000
54915  -25.001  -39.224  57.269 0.0000000000
54981  -23.032  -37.916  53.425 0.0000000000
55003  -11.510  -39.315  51.427 0.0000000000
56075  -6.525  -38.141  58.551 0.0000000000
56135  -23.729  -37.250  54.132 0.0000000000
56217  -8.346  -37.273  46.774 0.0000000000
56252  -6.783  -37.914  46.400 0.0000000000
57205  -31.127  -35.244  62.708 0.0000000000
57245  -29.282  -35.415  61.699 0.0000000000
57262  -31.909  -35.328  60.364 0.0000000000
57263  -32.435  -35.044  60.082 0.0000000000
57275  -32.571  -34.854  59.580 0.0000000000
57282  -32.315  -34.832  59.452 0.0000000000
57312  -24.595  -36.467  56.238 0.0000000000
57328  -7.928  -36.561  55.089 0.0000000000
57381  -7.506  -37.023  47.172 0.0000000000
57400  -6.588  -36.910  47.050 0.0000000000
57402  -7.406  -36.792  47.383 0.0000000000
57423  -6.746  -37.330  46.765 0.0000000000
58558  -32.414  -35.036  61.493 0.0000000000
58578  -32.829  -34.625  60.948 0.0000000000
58579  -33.273  -34.253  61.060 0.0000000000
58611  -31.983  -34.822  59.438 0.0000000000
58613  -33.213  -34.704  59.800 0.0000000000
58626  -32.278  -34.666  58.905 0.0000000000
58695  -7.384  -35.823  54.980 0.0000000000
58729  -12.402  -35.846  50.905 0.0000000000
58739  -7.587  -34.809  48.410 0.0000000000
58742  -8.956  -35.279  47.914 0.0000000000
58744  -12.257  -35.702  50.610 0.0000000000
58752  -7.516  -35.084  48.379 0.0000000000
58753  -7.828  -35.472  48.368 0.0000000000
58755  -9.514  -35.626  48.070 0.0000000000
58767  -7.209  -36.026  48.057 0.0000000000
58786  -7.060  -36.275  47.648 0.0000000000
59975  -33.762  -34.084  60.738 0.0000000000
59976  -34.327  -33.898  60.353 0.0000000000
60001  -26.513  -35.069  59.324 0.0000000000
60003  -34.198  -34.288  59.592 0.0000000000
60017  -35.097  -33.629  58.374 0.0000000000
60025  -25.850  -35.049  57.868 0.0000000000
60029  -35.495  -33.291  57.471 0.0000000000
60033  -6.367  -34.711  57.364 0.0000000000
60042  -29.858  -33.498  56.359 0.0000000000
60046  -36.167  -32.836  56.314 0.0000000000
60051  -6.406  -34.734  56.633 0.0000000000
60096  -8.544  -34.678  54.436 0.0000000000
60102  -12.378  -35.573  51.232 0.0000000000
60116  -12.330  -35.427  50.910 0.0000000000
60131  -7.378  -34.522  48.398 0.0000000000
60133  -8.269  -34.573  48.353 0.0000000000
60134  -9.009  -34.669  48.143 0.0000000000
60135  -9.429  -34.449  48.434 0.0000000000
60137  -12.146  -35.439  50.433 0.0000000000
60154  -7.493  -35.699  48.292 0.0000000000
60173  -6.568  -35.047  47.667 0.0000000000
60174  -6.902  -35.548  48.027 0.0000000000
61383  -34.577  -33.330  61.204 0.0000000000
61401  -34.813  -33.606  59.836 0.0000000000
61412  -35.278  -33.467  59.308 0.0000000000
61426  -36.550  -32.298  57.285 0.0000000000
61428  -6.196  -34.090  57.633 0.0000000000
61438  -36.076  -33.095  57.091 0.0000000000
61440  -36.694  -32.260  56.544 0.0000000000
61441  -5.902  -33.983  57.230 0.0000000000
61442  -6.051  -34.086  57.402 0.0000000000
61449  -26.188  -34.183  56.962 0.0000000000
61452  -36.224  -32.902  56.651 0.0000000000
61461  -6.209  -34.155  56.243 0.0000000000
61479  -6.600  -34.526  55.449 0.0000000000
61529  -11.832  -34.412  51.214 0.0000000000
61538  -6.888  -33.363  48.179 0.0000000000
61539  -7.105  -33.795  48.323 0.0000000000
61540  -7.635  -33.986  48.485 0.0000000000
61541  -8.029  -34.147  48.513 0.0000000000
61558  -7.926  -33.972  48.564 0.0000000000
61574  -6.457  -33.534  47.720 0.0000000000
62727  -35.665  -32.104  60.906 0.0000000000
62728  -36.111  -31.858  60.567 0.0000000000
62744  -35.945  -32.494  59.972 0.0000000000
62745  -36.591  -32.251  59.608 0.0000000000
62752  -36.212  -32.658  59.284 0.0000000000
62763  -37.224  -31.573  57.532 0.0000000000
62770  -26.652  -33.980  57.440 0.0000000000
62771  -26.684  -33.821  57.248 0.0000000000
62777  -5.713  -33.288  56.598 0.0000000000
62783  -26.504  -34.066  57.259 0.0000000000
62785  -37.015  -31.793  56.040 0.0000000000
62799  -36.993  -31.913  55.384 0.0000000000
62808  -8.210  -32.866  54.446 0.0000000000
62815  -37.356  -31.794  54.010 0.0000000000
62816  -37.490  -31.342  54.677 0.0000000000
62824  -8.412  -32.992  54.385 0.0000000000
62836  -8.446  -33.841  54.364 0.0000000000
62866  -6.825  -33.072  48.132 0.0000000000
62868  -7.528  -33.241  48.412 0.0000000000
62869  -7.885  -32.752  48.443 0.0000000000
62870  -10.846  -32.256  50.736 0.0000000000
62872  -11.405  -33.447  50.553 0.0000000000
62883  -6.725  -32.852  48.048 0.0000000000
62885  -8.154  -33.067  48.501 0.0000000000
62902  -6.281  -33.479  47.554 0.0000000000
62916  -6.065  -33.349  47.326 0.0000000000
64057  -36.735  -31.015  60.383 0.0000000000
64065  -36.842  -31.747  59.796 0.0000000000
64066  -36.942  -31.097  59.977 0.0000000000
64086  -6.116  -31.815  57.242 0.0000000000
64092  -37.738  -31.135  57.174 0.0000000000
64099  -6.030  -32.405  56.665 0.0000000000
64105  -37.788  -30.884  56.681 0.0000000000
64117  -37.410  -31.236  55.649 0.0000000000
64118  -37.519  -30.965  55.633 0.0000000000
64126  -7.842  -33.028  54.558 0.0000000000
64127  -7.988  -32.835  54.516 0.0000000000
64133  -37.658  -31.002  54.546 0.0000000000
64137  -6.777  -33.209  55.648 0.0000000000
64138  -7.085  -32.922  55.504 0.0000000000
64163  -6.892  -32.843  48.266 0.0000000000
64168  -10.595  -31.997  50.420 0.0000000000
64176  -6.844  -32.449  48.313 0.0000000000
64181  -10.099  -32.132  49.286 0.0000000000
64182  -10.532  -32.136  49.814 0.0000000000
65312  -36.253  -30.789  61.684 0.0000000000
65327  -36.595  -30.816  61.177 0.0000000000
65339  -36.609  -31.060  60.697 0.0000000000
65351  -37.492  -30.509  59.733 0.0000000000
65364  -37.815  -30.208  59.208 0.0000000000
65375  -37.844  -30.343  58.300 0.0000000000
65383  -37.906  -30.860  57.275 0.0000000000
65389  -6.228  -31.542  56.913 0.0000000000
65390  -6.138  -31.594  57.193 0.0000000000
65423  -8.698  -31.574  54.258 0.0000000000
65446  -7.705  -30.833  50.014 0.0000000000
65461  -10.383  -31.858  49.856 0.0000000000
66611  -37.744  -30.066  59.983 0.0000000000
66670  -6.639  -31.450  56.230 0.0000000000
66674  -8.813  -30.006  54.400 0.0000000000
66718  -9.707  -30.625  50.917 0.0000000000
66725  -7.346  -30.738  49.913 0.0000000000
67927  -36.815  -28.693  61.730 0.0000000000
67952  -37.938  -29.233  60.901 0.0000000000
67953  -38.165  -29.229  60.349 0.0000000000
68041  -37.320  -29.872  54.086 0.0000000000
68051  -37.343  -30.124  53.197 0.0000000000
68052  -37.525  -30.285  53.259 0.0000000000
68057  -6.393  -27.653  51.204 0.0000000000
68058  -6.620  -27.805  51.104 0.0000000000
68071  -7.433  -28.810  50.692 0.0000000000
68074  -9.381  -30.002  51.406 0.0000000000
68082  -8.246  -29.746  50.637 0.0000000000
69263  -37.958  -28.817  60.724 0.0000000000
69295  -37.507  -29.162  57.478 0.0000000000
69304  -37.148  -29.360  56.940 0.0000000000
69319  -36.850  -29.268  55.994 0.0000000000
69358  -36.935  -29.505  54.428 0.0000000000
69370  -36.698  -29.356  53.703 0.0000000000
69378  -7.708  -28.342  51.858 0.0000000000
69387  -6.829  -27.867  51.283 0.0000000000
69398  -6.122  -27.761  49.623 0.0000000000
70550  -37.610  -28.227  60.516 0.0000000000
70599  -36.652  -26.597  57.879 0.0000000000
70600  -36.649  -26.872  58.077 0.0000000000
70611  -36.607  -26.876  57.849 0.0000000000
70629  -36.882  -29.176  56.776 0.0000000000
70643  -36.291  -28.158  55.337 0.0000000000
70663  -36.440  -29.000  54.669 0.0000000000
70664  -36.781  -29.301  55.045 0.0000000000
70670  -8.236  -27.435  52.857 0.0000000000
70681  -36.378  -29.119  53.907 0.0000000000
70688  -7.525  -27.611  52.235 0.0000000000
70713  -5.985  -27.491  49.926 0.0000000000
70727  -6.071  -27.615  49.429 0.0000000000
71878  -36.522  -26.765  58.172 0.0000000000
71879  -36.622  -26.756  58.484 0.0000000000
71907  -34.454  -26.638  57.024 0.0000000000
71930  -36.522  -28.073  56.184 0.0000000000
71962  -32.599  -26.026  53.284 0.0000000000
71998  -35.836  -28.525  52.223 0.0000000000
72008  -5.714  -27.165  50.238 0.0000000000
73157  -36.502  -26.327  59.239 0.0000000000
73198  -34.080  -25.403  56.871 0.0000000000
73204  -7.405  -25.551  54.792 0.0000000000
73218  -6.603  -24.588  54.844 0.0000000000
73220  -7.217  -25.679  54.299 0.0000000000
73255  -6.175  -25.826  52.403 0.0000000000
73260  -32.682  -25.598  53.027 0.0000000000
74404  -7.109  -24.946  56.544 0.0000000000
74426  -34.301  -25.110  57.222 0.0000000000
74442  -6.572  -24.314  54.153 0.0000000000
74458  -5.624  -23.924  53.090 0.0000000000
74685  -42.936  -22.120  40.687 0.0000000000
74704  -42.376  -22.318  40.040 0.0000000000
74705  -43.043  -22.227  40.382 0.0000000000
74706  -43.440  -22.106  40.321 0.0000000000
74728  -41.387  -22.598  39.111 0.0000000000
74729  -42.106  -22.474  39.452 0.0000000000
74731  -43.275  -22.250  39.949 0.0000000000
74758  -42.599  -22.335  39.171 0.0000000000
74759  -43.003  -22.230  39.582 0.0000000000
75704  -5.912  -23.435  56.126 0.0000000000
75717  -5.526  -23.666  55.427 0.0000000000
75729  -5.164  -23.929  55.538 0.0000000000
75737  -36.936  -21.190  53.976 0.0000000000
75763  -37.433  -21.365  51.922 0.0000000000
75799  -37.018  -21.773  51.468 0.0000000000
75897  -43.285  -21.623  41.489 0.0000000000
75898  -43.920  -21.553  41.657 0.0000000000
75918  -44.130  -21.666  41.251 0.0000000000
75919  -44.820  -21.447  41.435 0.0000000000
75939  -42.032  -22.217  40.231 0.0000000000
75941  -43.629  -21.915  40.698 0.0000000000
75944  -45.539  -21.206  40.828 0.0000000000
75967  -45.647  -21.078  40.520 0.0000000000
76008  -42.765  -22.116  38.769 0.0000000000
76010  -43.894  -21.485  38.629 0.0000000000
77011  -5.725  -23.473  55.794 0.0000000000
77021  -5.632  -23.738  55.628 0.0000000000
77022  -5.347  -24.001  55.757 0.0000000000
77064  -39.173  -20.478  52.160 0.0000000000
77155  -44.047  -20.871  43.379 0.0000000000
77176  -42.024  -21.013  41.601 0.0000000000
77177  -42.671  -21.002  42.202 0.0000000000
77200  -43.080  -21.405  41.968 0.0000000000
77205  -46.907  -20.463  42.272 0.0000000000
77224  -45.963  -20.991  41.702 0.0000000000
77266  -46.535  -20.314  40.622 0.0000000000
77288  -45.164  -20.743  39.549 0.0000000000
78524  -45.184  -20.123  44.558 0.0000000000
78525  -45.478  -19.921  44.647 0.0000000000
78538  -43.181  -20.288  43.132 0.0000000000
78541  -44.839  -20.372  44.192 0.0000000000
78562  -43.390  -21.294  42.368 0.0000000000
78563  -43.539  -21.249  42.568 0.0000000000
78566  -47.698  -19.627  42.885 0.0000000000
78586  -41.684  -20.172  42.051 0.0000000000
78588  -43.463  -21.378  42.154 0.0000000000
78589  -43.625  -21.337  42.350 0.0000000000
78591  -46.927  -20.184  42.690 0.0000000000
78593  -48.036  -19.514  42.564 0.0000000000
78594  -48.401  -19.180  42.513 0.0000000000
78614  -48.235  -19.394  42.054 0.0000000000
78654  -46.604  -20.003  40.382 0.0000000000
78670  -45.476  -20.432  39.600 0.0000000000
78686  -45.026  -20.256  39.358 0.0000000000
78687  -45.411  -19.932  39.549 0.0000000000
78699  -43.481  -20.557  37.970 0.0000000000
78700  -43.789  -20.362  38.565 0.0000000000
79823  -41.147  -18.905  48.770 0.0000000000
79824  -45.538  -18.735  45.921 0.0000000000
79855  -45.171  -19.685  44.967 0.0000000000
79872  -44.391  -19.940  44.348 0.0000000000
79886  -42.064  -19.226  42.922 0.0000000000
79889  -47.315  -19.601  43.372 0.0000000000
79890  -48.101  -19.211  43.305 0.0000000000
79891  -48.587  -18.898  43.156 0.0000000000
79909  -42.228  -19.645  42.709 0.0000000000
79910  -46.672  -20.102  42.852 0.0000000000
79955  -45.924  -19.144  40.464 0.0000000000
79957  -46.505  -19.520  40.452 0.0000000000
79962  -45.725  -19.277  40.279 0.0000000000
79963  -45.827  -19.674  39.951 0.0000000000
79964  -46.167  -19.668  40.133 0.0000000000
79974  -45.259  -19.746  39.607 0.0000000000
79983  -43.596  -19.812  38.594 0.0000000000
81083  -45.809  -18.636  46.327 0.0000000000
81093  -39.648  -19.129  46.800 0.0000000000
81096  -44.406  -18.632  45.835 0.0000000000
81111  -39.234  -18.976  46.291 0.0000000000
81194  -45.765  -18.860  40.463 0.0000000000
81195  -46.337  -19.075  40.550 0.0000000000
81196  -46.865  -19.105  40.601 0.0000000000
81208  -45.176  -19.535  39.713 0.0000000000
81239  -42.736  -19.576  37.683 0.0000000000
82309  -42.748  -18.363  46.117 0.0000000000
82312  -44.667  -18.542  46.556 0.0000000000
82332  -43.385  -18.457  45.690 0.0000000000
82390  -48.064  -17.995  41.200 0.0000000000
82399  -47.554  -18.290  40.812 0.0000000000
83554  -44.492  -17.286  39.507 0.0000000000
84724  -48.607  -15.800  40.325 0.0000000000
85901  -45.780  -15.161  39.083 0.0000000000
88466  -49.875  -12.837  39.103 0.0000000000
88467  -49.945  -12.961  39.048 0.0000000000
88468  -50.228  -12.980  39.274 0.0000000000
89667  -49.988  -12.616  39.195 0.0000000000
92225  -48.385  -11.248  37.976 0.0000000000
92265  -47.074  -9.527  34.692 0.0000000000
93556  -48.203  -9.193  35.767 0.0000000000
93571  -49.465  -7.910  33.083 0.0000000000
94738  -49.532  -9.143  37.076 0.0000000000
94770  -50.627  -7.809  35.814 0.0000000000
94783  -49.289  -7.946  33.932 0.0000000000
97120  -53.167  -5.652  35.163 0.0000000000
98315  -50.725  -5.818  29.556 0.0000000000
