#!ascii label  , from subject 3061 vox2ras=TkReg
1679
44342  8.370  -44.569  59.631 0.0000000000
77768  44.098  -18.755  34.902 0.0000000000
55914  29.565  -35.762  51.795 0.0000000000
58407  39.345  -33.434  53.569 0.0000000000
55896  19.996  -36.839  51.398 0.0000000000
50667  16.351  -39.820  60.293 0.0000000000
88053  50.856  -10.246  27.748 0.0000000000
85374  52.726  -12.756  37.819 0.0000000000
70808  36.065  -23.023  45.855 0.0000000000
94478  50.380  -5.592  19.718 0.0000000000
55825  27.837  -36.998  55.646 0.0000000000
46873  12.065  -42.873  60.211 0.0000000000
87989  51.545  -10.708  32.719 0.0000000000
86684  45.694  -11.947  33.294 0.0000000000
75067  43.270  -20.433  41.280 0.0000000000
77629  48.957  -18.845  41.295 0.0000000000
73644  38.582  -22.189  40.693 0.0000000000
59707  37.300  -32.269  48.535 0.0000000000
54709  35.887  -36.578  51.378 0.0000000000
53367  22.966  -37.827  55.661 0.0000000000
51985  21.410  -38.946  60.330 0.0000000000
52078  17.818  -38.849  55.121 0.0000000000
48249  13.446  -41.333  55.402 0.0000000000
55916  25.033  -35.530  50.797 0.0000000000
91970  55.186  -7.231  27.554 0.0000000000
90659  56.490  -8.424  33.186 0.0000000000
80312  49.351  -16.047  35.908 0.0000000000
76307  37.872  -20.202  46.573 0.0000000000
65891  40.405  -27.988  49.755 0.0000000000
92016  48.613  -7.347  23.656 0.0000000000
93236  54.537  -6.465  23.440 0.0000000000
93311  56.424  -5.912  19.259 0.0000000000
53300  26.984  -37.467  57.952 0.0000000000
45600  10.606  -43.861  60.198 0.0000000000
48113  11.612  -42.490  64.172 0.0000000000
45556  9.794  -44.347  64.020 0.0000000000
84304  45.281  -13.359  30.981 0.0000000000
74999  43.820  -21.269  43.985 0.0000000000
75021  46.489  -21.159  43.312 0.0000000000
41691  3.277  -46.750  61.182 0.0000000000
75122  38.747  -21.430  38.472 0.0000000000
55988  30.398  -35.589  49.183 0.0000000000
55961  33.592  -35.554  49.239 0.0000000000
55911  32.026  -36.393  51.275 0.0000000000
54648  21.619  -37.546  53.904 0.0000000000
53369  20.718  -38.019  55.732 0.0000000000
53413  18.767  -37.790  53.577 0.0000000000
55918  22.458  -36.466  51.179 0.0000000000
54668  24.329  -37.010  52.973 0.0000000000
50665  18.275  -39.845  60.531 0.0000000000
90711  53.093  -8.955  26.908 0.0000000000
91948  55.928  -7.216  30.730 0.0000000000
89390  53.758  -9.777  29.855 0.0000000000
87937  51.867  -10.883  34.930 0.0000000000
87935  54.378  -10.438  35.113 0.0000000000
79071  43.491  -17.426  32.845 0.0000000000
81682  45.619  -15.630  32.991 0.0000000000
79037  47.031  -17.936  35.658 0.0000000000
73557  34.068  -22.450  44.409 0.0000000000
75028  35.540  -21.115  43.848 0.0000000000
74931  35.725  -21.078  46.585 0.0000000000
59657  38.372  -32.665  50.109 0.0000000000
62010  39.260  -30.623  48.945 0.0000000000
61973  40.449  -30.802  51.222 0.0000000000
89429  47.597  -9.120  26.700 0.0000000000
92003  47.242  -7.192  24.626 0.0000000000
91979  49.708  -7.883  25.953 0.0000000000
93198  51.774  -6.794  25.857 0.0000000000
93348  54.031  -6.642  17.136 0.0000000000
92093  53.268  -7.391  19.053 0.0000000000
93267  56.088  -6.492  20.880 0.0000000000
90805  52.562  -8.295  21.454 0.0000000000
55873  28.768  -36.261  53.442 0.0000000000
55850  31.349  -36.019  53.253 0.0000000000
54596  30.357  -37.087  56.114 0.0000000000
49400  13.953  -41.227  60.918 0.0000000000
50599  15.151  -40.181  63.589 0.0000000000
49349  13.533  -40.990  63.693 0.0000000000
86765  47.557  -11.176  28.474 0.0000000000
86745  51.902  -11.726  29.566 0.0000000000
84323  49.131  -13.258  30.314 0.0000000000
86704  48.399  -11.411  32.726 0.0000000000
86649  49.549  -11.809  34.584 0.0000000000
76434  43.363  -19.320  37.763 0.0000000000
77697  46.573  -18.453  38.755 0.0000000000
76378  46.498  -19.818  41.281 0.0000000000
69603  37.651  -24.908  44.816 0.0000000000
61932  40.837  -31.035  54.533 0.0000000000
44355  6.540  -45.384  58.999 0.0000000000
44298  7.419  -45.453  63.409 0.0000000000
44323  5.268  -45.696  62.136 0.0000000000
76486  41.368  -19.414  35.117 0.0000000000
75119  40.808  -20.068  38.186 0.0000000000
75069  41.348  -21.093  41.279 0.0000000000
73579  40.720  -21.868  44.436 0.0000000000
58523  34.532  -33.276  48.388 0.0000000000
58480  36.160  -34.164  49.794 0.0000000000
57182  38.008  -34.965  52.568 0.0000000000
54638  35.000  -37.454  53.705 0.0000000000
53386  37.496  -37.504  54.112 0.0000000000
53302  24.457  -38.103  58.441 0.0000000000
51982  23.976  -38.945  59.953 0.0000000000
53323  22.311  -38.305  57.962 0.0000000000
52021  19.458  -39.288  58.202 0.0000000000
50721  17.013  -39.585  57.399 0.0000000000
52099  17.050  -39.113  53.073 0.0000000000
50747  15.917  -39.818  55.902 0.0000000000
49439  14.612  -40.977  58.316 0.0000000000
48192  12.991  -42.191  57.707 0.0000000000
46917  10.920  -43.485  57.586 0.0000000000
45637  8.776  -44.197  57.459 0.0000000000
58484  27.749  -33.987  50.043 0.0000000000
59689  26.091  -33.349  49.462 0.0000000000
57200  27.415  -35.339  51.681 0.0000000000
55856  27.023  -36.548  53.785 0.0000000000
53340  25.739  -37.473  55.873 0.0000000000
90669  57.998  -8.447  32.764 0.0000000000
89357  54.208  -9.814  32.756 0.0000000000
85423  43.622  -12.869  33.445 0.0000000000
84236  47.936  -13.206  34.352 0.0000000000
84214  51.088  -14.013  36.433 0.0000000000
80278  48.861  -16.995  38.674 0.0000000000
81597  50.832  -15.147  39.322 0.0000000000
72207  35.906  -22.829  41.857 0.0000000000
73582  37.887  -22.070  44.199 0.0000000000
74952  40.106  -20.938  46.804 0.0000000000
65917  39.233  -27.771  47.526 0.0000000000
68412  38.930  -25.319  47.569 0.0000000000
64462  41.633  -28.432  52.632 0.0000000000
68374  40.041  -24.975  51.104 0.0000000000
70751  38.596  -22.486  48.905 0.0000000000
76234  37.657  -20.759  49.429 0.0000000000
77506  39.831  -19.341  49.631 0.0000000000
93268  49.003  -6.755  21.862 0.0000000000
91998  52.037  -7.234  24.143 0.0000000000
94411  54.516  -5.591  25.614 0.0000000000
53265  28.156  -38.300  59.438 0.0000000000
45601  9.595  -44.278  60.424 0.0000000000
45577  9.929  -44.413  62.449 0.0000000000
44306  9.333  -44.913  61.865 0.0000000000
74971  43.535  -21.209  45.187 0.0000000000
74970  44.735  -21.135  45.384 0.0000000000
39171  3.066  -48.467  59.183 0.0000000000
55965  30.059  -35.824  50.278 0.0000000000
55940  31.421  -36.220  50.421 0.0000000000
55912  31.163  -36.233  51.405 0.0000000000
54671  20.969  -37.202  53.030 0.0000000000
54649  20.620  -37.610  53.831 0.0000000000
54694  19.455  -37.173  52.009 0.0000000000
55946  21.551  -35.970  50.045 0.0000000000
54715  20.950  -36.568  51.597 0.0000000000
54691  22.427  -37.058  52.052 0.0000000000
50666  17.261  -39.877  60.398 0.0000000000
50630  16.660  -39.676  62.184 0.0000000000
89412  52.454  -9.698  27.324 0.0000000000
89397  53.818  -9.978  28.910 0.0000000000
88034  53.118  -10.677  28.552 0.0000000000
86629  52.745  -11.828  36.171 0.0000000000
86628  53.522  -11.500  36.621 0.0000000000
77784  43.600  -18.612  34.015 0.0000000000
79054  45.346  -17.929  33.836 0.0000000000
77767  45.196  -18.566  34.920 0.0000000000
69606  34.934  -23.333  44.382 0.0000000000
72140  34.934  -22.565  45.634 0.0000000000
73537  34.705  -21.641  46.206 0.0000000000
72124  36.387  -22.306  46.264 0.0000000000
59613  39.355  -32.884  52.076 0.0000000000
60795  39.708  -31.668  50.774 0.0000000000
59612  40.070  -32.345  52.122 0.0000000000
89415  49.432  -9.531  27.614 0.0000000000
90728  48.758  -8.652  26.466 0.0000000000
90714  50.082  -8.746  27.126 0.0000000000
90712  51.979  -8.772  26.929 0.0000000000
93336  51.673  -6.071  18.136 0.0000000000
93314  51.353  -6.492  19.216 0.0000000000
92079  52.727  -7.769  19.805 0.0000000000
92081  51.213  -7.120  20.083 0.0000000000
55836  28.220  -36.824  54.861 0.0000000000
55834  29.565  -36.411  54.425 0.0000000000
54597  29.201  -36.877  56.131 0.0000000000
48160  13.352  -41.698  60.408 0.0000000000
49366  13.822  -41.071  62.792 0.0000000000
48140  13.164  -41.487  62.479 0.0000000000
48093  10.965  -42.705  66.094 0.0000000000
48100  12.256  -41.539  65.622 0.0000000000
88026  46.076  -10.965  28.736 0.0000000000
86747  48.849  -12.241  28.912 0.0000000000
85492  47.158  -12.643  29.117 0.0000000000
85452  45.856  -12.452  32.440 0.0000000000
85463  47.544  -12.848  31.897 0.0000000000
86682  47.412  -11.500  33.427 0.0000000000
87956  49.090  -11.020  34.273 0.0000000000
86662  47.659  -11.782  34.262 0.0000000000
76395  43.439  -19.779  40.136 0.0000000000
76412  45.053  -19.245  39.507 0.0000000000
76380  44.850  -19.927  40.980 0.0000000000
89401  46.558  -10.210  27.797 0.0000000000
44346  5.637  -45.652  60.208 0.0000000000
43062  4.911  -46.161  60.436 0.0000000000
76488  39.179  -19.930  35.301 0.0000000000
76477  40.622  -19.817  36.818 0.0000000000
75162  39.389  -20.429  36.666 0.0000000000
73683  39.005  -21.709  39.429 0.0000000000
75103  40.059  -21.130  39.633 0.0000000000
73642  39.962  -21.677  41.314 0.0000000000
73621  41.112  -21.578  42.411 0.0000000000
73622  40.080  -21.895  42.363 0.0000000000
58554  32.820  -33.709  47.477 0.0000000000
55937  34.817  -35.758  50.226 0.0000000000
57232  35.293  -35.010  49.813 0.0000000000
55936  35.739  -35.669  50.675 0.0000000000
57213  37.020  -34.575  51.093 0.0000000000
55909  36.568  -35.852  51.351 0.0000000000
54616  32.264  -37.094  55.207 0.0000000000
54665  32.672  -36.792  53.110 0.0000000000
54614  34.345  -37.473  54.969 0.0000000000
53360  36.771  -38.036  54.894 0.0000000000
54637  38.124  -36.562  53.824 0.0000000000
53342  23.816  -37.892  56.494 0.0000000000
53322  23.538  -38.073  57.649 0.0000000000
53343  22.650  -38.068  56.749 0.0000000000
53370  19.458  -38.288  55.624 0.0000000000
52059  19.876  -38.793  56.894 0.0000000000
52061  18.440  -38.870  56.417 0.0000000000
52023  18.039  -39.239  57.576 0.0000000000
52043  17.330  -39.310  56.507 0.0000000000
53430  17.042  -38.407  51.735 0.0000000000
49514  14.142  -40.778  54.275 0.0000000000
49513  15.102  -40.543  54.397 0.0000000000
49494  14.414  -40.768  55.131 0.0000000000
49475  15.306  -40.452  56.495 0.0000000000
49459  14.021  -41.271  56.346 0.0000000000
48211  14.168  -41.350  57.776 0.0000000000
48212  13.579  -41.707  57.022 0.0000000000
45636  9.533  -44.180  57.216 0.0000000000
58504  27.775  -33.922  48.835 0.0000000000
59714  26.944  -32.706  48.376 0.0000000000
55944  23.936  -35.212  49.878 0.0000000000
57219  25.823  -34.703  50.691 0.0000000000
58468  26.398  -34.191  50.597 0.0000000000
57202  26.119  -35.079  51.389 0.0000000000
57186  26.928  -35.819  52.379 0.0000000000
55875  25.972  -36.245  52.986 0.0000000000
53390  23.158  -37.672  54.754 0.0000000000
54624  25.316  -37.159  54.653 0.0000000000
53341  24.907  -37.647  56.231 0.0000000000
53321  24.734  -37.824  57.334 0.0000000000
51984  22.273  -38.813  60.301 0.0000000000
44288  6.260  -45.301  64.486 0.0000000000
44276  7.768  -45.074  65.054 0.0000000000
93166  56.171  -6.321  29.552 0.0000000000
91942  56.178  -7.587  31.649 0.0000000000
91941  56.977  -7.170  31.703 0.0000000000
91921  57.580  -8.176  32.891 0.0000000000
90641  57.414  -8.970  33.918 0.0000000000
86720  51.597  -11.240  31.234 0.0000000000
88004  52.632  -10.469  31.443 0.0000000000
87988  52.658  -10.321  32.352 0.0000000000
87918  55.383  -10.267  35.921 0.0000000000
81665  47.751  -15.869  33.850 0.0000000000
84257  46.837  -14.118  33.891 0.0000000000
81663  49.321  -15.380  34.877 0.0000000000
82975  49.808  -14.236  34.667 0.0000000000
81634  50.050  -15.181  36.233 0.0000000000
77671  47.396  -18.413  40.068 0.0000000000
78974  47.812  -17.830  38.662 0.0000000000
78952  48.772  -17.472  39.675 0.0000000000
73664  33.980  -22.714  41.375 0.0000000000
76343  36.504  -20.621  44.654 0.0000000000
75026  37.050  -21.330  44.037 0.0000000000
74977  38.139  -21.043  45.497 0.0000000000
75000  39.171  -21.509  45.439 0.0000000000
76306  38.557  -20.158  46.754 0.0000000000
59740  36.285  -32.188  47.666 0.0000000000
62027  37.561  -31.494  47.960 0.0000000000
64497  40.195  -28.987  49.617 0.0000000000
64523  39.222  -28.842  47.874 0.0000000000
65910  39.592  -27.902  48.445 0.0000000000
68423  38.787  -25.797  46.903 0.0000000000
67237  40.411  -26.993  49.124 0.0000000000
63167  41.270  -29.885  53.438 0.0000000000
69544  39.943  -24.200  51.795 0.0000000000
69557  39.408  -23.531  50.140 0.0000000000
70721  38.913  -22.707  50.292 0.0000000000
72062  38.178  -21.960  49.141 0.0000000000
73484  38.584  -21.752  50.189 0.0000000000
92002  48.143  -7.265  24.362 0.0000000000
92037  49.324  -7.526  22.584 0.0000000000
92036  50.571  -7.971  22.270 0.0000000000
91999  51.037  -7.389  24.201 0.0000000000
91974  54.442  -7.314  26.587 0.0000000000
93207  53.423  -5.937  25.464 0.0000000000
93195  55.172  -5.780  26.364 0.0000000000
94404  55.680  -5.263  26.461 0.0000000000
92102  55.604  -7.017  17.837 0.0000000000
93248  55.912  -6.247  21.967 0.0000000000
94451  56.191  -5.810  22.656 0.0000000000
94422  56.200  -5.210  24.308 0.0000000000
54580  27.752  -37.107  56.644 0.0000000000
54579  28.574  -37.049  56.886 0.0000000000
53299  28.162  -37.379  58.379 0.0000000000
46859  11.574  -43.231  60.940 0.0000000000
48142  11.927  -42.573  62.430 0.0000000000
46845  11.034  -43.619  62.314 0.0000000000
46816  10.317  -43.740  63.695 0.0000000000
45545  9.881  -43.630  65.867 0.0000000000
85466  44.338  -12.973  31.222 0.0000000000
86708  44.257  -12.290  32.645 0.0000000000
75046  43.563  -20.845  42.260 0.0000000000
75044  45.265  -20.767  42.505 0.0000000000
74998  44.659  -21.196  44.269 0.0000000000
73549  46.139  -21.331  44.987 0.0000000000
43071  4.362  -46.563  59.793 0.0000000000
40429  3.367  -48.069  59.416 0.0000000000
40412  2.420  -47.741  60.561 0.0000000000
75163  38.403  -21.025  36.786 0.0000000000
72241  37.269  -22.497  39.021 0.0000000000
57280  32.407  -34.648  47.966 0.0000000000
55963  31.692  -35.894  49.286 0.0000000000
55939  32.585  -36.405  50.191 0.0000000000
54711  33.864  -37.015  51.319 0.0000000000
53391  22.245  -37.732  54.807 0.0000000000
53368  21.856  -37.889  55.800 0.0000000000
53392  21.196  -37.799  54.789 0.0000000000
53393  20.139  -37.761  54.704 0.0000000000
53371  18.567  -38.325  54.846 0.0000000000
48250  12.857  -41.580  55.107 0.0000000000
49518  11.072  -41.565  53.328 0.0000000000
55945  22.756  -35.816  49.972 0.0000000000
55917  23.764  -36.048  50.919 0.0000000000
55893  24.725  -36.363  52.025 0.0000000000
54690  23.414  -36.919  52.320 0.0000000000
54647  22.648  -37.351  54.003 0.0000000000
50663  19.918  -39.531  60.244 0.0000000000
90722  54.546  -8.064  27.093 0.0000000000
91954  55.444  -7.284  29.724 0.0000000000
90702  54.722  -8.491  28.922 0.0000000000
90688  54.671  -8.513  30.792 0.0000000000
90680  54.895  -8.663  31.557 0.0000000000
87974  51.253  -10.632  33.570 0.0000000000
87952  53.332  -10.444  34.216 0.0000000000
87936  53.194  -10.753  35.348 0.0000000000
87919  54.420  -10.877  36.390 0.0000000000
81669  44.017  -14.744  33.214 0.0000000000
80341  44.887  -16.542  32.872 0.0000000000
79067  46.494  -17.412  33.874 0.0000000000
80314  48.295  -17.090  35.624 0.0000000000
78914  49.708  -17.978  41.055 0.0000000000
73611  33.241  -22.150  43.053 0.0000000000
73628  34.576  -21.824  42.791 0.0000000000
75006  34.482  -21.399  43.803 0.0000000000
74979  35.086  -20.996  45.032 0.0000000000
74930  36.485  -20.706  47.147 0.0000000000
59680  38.032  -32.273  49.423 0.0000000000
60827  38.267  -31.399  48.666 0.0000000000
60796  39.099  -31.651  50.137 0.0000000000
61993  39.862  -30.813  50.355 0.0000000000
63213  40.473  -29.373  50.995 0.0000000000
90743  46.611  -8.171  25.579 0.0000000000
93228  45.713  -6.282  24.769 0.0000000000
91989  47.047  -7.673  25.068 0.0000000000
91988  47.977  -7.708  25.083 0.0000000000
93211  49.805  -7.317  25.024 0.0000000000
93209  51.284  -6.716  25.338 0.0000000000
91977  51.200  -7.317  26.300 0.0000000000
90724  52.574  -8.003  26.481 0.0000000000
93350  51.933  -5.463  17.520 0.0000000000
92104  53.847  -6.930  18.145 0.0000000000
92091  55.494  -7.154  18.597 0.0000000000
93289  56.022  -6.480  19.884 0.0000000000
92078  54.775  -7.708  20.236 0.0000000000
92057  54.854  -7.799  21.226 0.0000000000
90789  53.862  -8.158  22.215 0.0000000000
55891  29.429  -35.792  52.619 0.0000000000
55890  30.204  -35.864  52.403 0.0000000000
55871  30.069  -35.866  53.167 0.0000000000
54642  30.535  -36.446  54.385 0.0000000000
54595  31.523  -37.237  56.120 0.0000000000
50647  15.102  -40.301  60.775 0.0000000000
50631  15.808  -39.805  61.953 0.0000000000
49365  14.490  -40.656  62.263 0.0000000000
49331  14.356  -40.552  64.197 0.0000000000
48112  12.300  -41.692  64.684 0.0000000000
49315  12.711  -41.096  65.836 0.0000000000
88038  49.241  -10.612  28.117 0.0000000000
86761  51.588  -11.627  28.733 0.0000000000
85502  50.568  -12.184  28.864 0.0000000000
85475  50.424  -12.630  30.269 0.0000000000
86722  50.054  -11.743  32.005 0.0000000000
84313  46.798  -13.611  30.392 0.0000000000
85462  48.532  -12.723  31.709 0.0000000000
88007  49.753  -11.135  32.525 0.0000000000
87955  49.989  -10.963  34.136 0.0000000000
86648  50.618  -11.795  34.791 0.0000000000
85404  51.464  -12.540  35.564 0.0000000000
77727  43.856  -18.920  36.755 0.0000000000
77726  44.732  -18.663  36.936 0.0000000000
77699  44.861  -18.955  37.969 0.0000000000
77652  46.284  -18.953  40.048 0.0000000000
76391  46.987  -19.297  40.829 0.0000000000
75043  46.148  -20.733  42.524 0.0000000000
76369  48.044  -20.159  42.031 0.0000000000
76368  48.764  -19.943  42.331 0.0000000000
69594  36.692  -23.527  45.439 0.0000000000
59578  40.337  -32.027  53.894 0.0000000000
90745  44.918  -7.821  25.715 0.0000000000
89430  46.705  -9.310  26.712 0.0000000000
89399  47.777  -9.965  27.845 0.0000000000
96811  51.170  -3.095  20.080 0.0000000000
97940  50.320  -2.747  21.352 0.0000000000
44344  7.120  -45.039  59.705 0.0000000000
44320  7.711  -45.191  61.408 0.0000000000
44333  6.934  -44.927  60.725 0.0000000000
44322  6.025  -45.412  61.879 0.0000000000
44311  5.024  -45.438  63.027 0.0000000000
43056  3.824  -46.272  61.732 0.0000000000
77785  42.668  -18.864  34.005 0.0000000000
76495  41.030  -19.301  34.370 0.0000000000
76485  41.942  -19.165  35.233 0.0000000000
76453  42.197  -19.303  37.078 0.0000000000
76435  42.208  -19.612  38.232 0.0000000000
76396  42.542  -19.824  39.897 0.0000000000
75120  40.149  -20.619  38.490 0.0000000000
75102  41.059  -20.401  39.261 0.0000000000
75068  42.273  -20.700  41.275 0.0000000000
75047  42.583  -20.907  42.317 0.0000000000
73577  42.509  -21.516  44.316 0.0000000000
74972  42.400  -21.254  45.685 0.0000000000
59709  35.579  -32.805  48.129 0.0000000000
58503  33.931  -34.507  48.741 0.0000000000
58501  35.317  -34.059  49.185 0.0000000000
58499  36.926  -33.171  49.327 0.0000000000
58478  37.756  -33.373  50.417 0.0000000000
57212  37.675  -34.184  51.402 0.0000000000
57181  38.586  -34.110  52.932 0.0000000000
55888  31.695  -36.054  52.108 0.0000000000
54687  33.308  -36.960  52.222 0.0000000000
54685  35.415  -37.341  52.142 0.0000000000
53362  34.856  -37.858  55.068 0.0000000000
53411  36.244  -37.524  53.215 0.0000000000
54684  36.557  -36.929  52.153 0.0000000000
54661  37.448  -36.829  52.923 0.0000000000
55849  38.511  -35.617  53.903 0.0000000000
57168  38.876  -34.537  54.046 0.0000000000
53282  25.312  -38.280  59.060 0.0000000000
53283  24.221  -38.491  59.393 0.0000000000
52017  22.546  -38.517  59.122 0.0000000000
52018  21.947  -38.642  58.837 0.0000000000
53344  21.396  -38.393  56.898 0.0000000000
52038  20.967  -38.776  57.832 0.0000000000
52002  20.543  -39.308  59.324 0.0000000000
50707  18.745  -39.645  58.755 0.0000000000
50686  18.011  -40.026  59.500 0.0000000000
50709  16.623  -39.927  58.570 0.0000000000
54695  18.712  -37.796  52.303 0.0000000000
53415  17.600  -38.282  53.000 0.0000000000
52087  17.519  -38.806  54.373 0.0000000000
50779  15.445  -39.932  53.305 0.0000000000
52089  16.122  -39.587  53.919 0.0000000000
52063  17.204  -39.216  55.718 0.0000000000
50733  16.736  -39.598  56.286 0.0000000000
50722  16.128  -40.195  57.941 0.0000000000
50689  15.462  -40.125  59.493 0.0000000000
49418  14.609  -40.693  59.463 0.0000000000
48172  13.482  -41.657  59.376 0.0000000000
48161  12.832  -42.275  59.793 0.0000000000
46926  12.417  -42.464  56.612 0.0000000000
46916  11.614  -42.983  57.317 0.0000000000
46888  11.592  -43.256  59.265 0.0000000000
45611  10.427  -43.790  59.043 0.0000000000
45624  9.606  -44.279  58.235 0.0000000000
45625  8.799  -44.406  58.506 0.0000000000
45639  7.646  -44.574  58.065 0.0000000000
44362  6.509  -45.175  57.751 0.0000000000
57314  28.976  -34.359  48.064 0.0000000000
57259  28.441  -34.548  49.371 0.0000000000
57236  28.359  -34.828  50.408 0.0000000000
58485  27.016  -33.352  50.194 0.0000000000
58466  27.283  -34.550  50.785 0.0000000000
57216  27.997  -35.108  51.316 0.0000000000
57199  28.168  -35.556  52.323 0.0000000000
57171  27.707  -36.366  53.324 0.0000000000
55837  27.586  -37.080  54.923 0.0000000000
54667  25.199  -36.745  53.372 0.0000000000
54623  26.074  -37.092  54.667 0.0000000000
54600  26.916  -37.279  55.660 0.0000000000
53319  26.795  -37.310  57.180 0.0000000000
53301  25.689  -37.978  58.098 0.0000000000
44297  8.406  -45.310  63.258 0.0000000000
45546  9.517  -44.288  65.341 0.0000000000
93155  56.699  -6.581  30.429 0.0000000000
88025  53.002  -10.718  30.114 0.0000000000
89375  53.881  -9.468  31.464 0.0000000000
89364  55.376  -8.988  32.625 0.0000000000
87951  54.565  -10.077  33.925 0.0000000000
87950  55.296  -9.787  34.203 0.0000000000
89335  56.834  -9.420  34.457 0.0000000000
86709  43.337  -12.305  32.368 0.0000000000
86665  45.139  -12.229  33.465 0.0000000000
82981  44.623  -14.272  33.583 0.0000000000
84238  45.928  -13.424  34.402 0.0000000000
86653  46.373  -12.273  34.348 0.0000000000
85407  48.317  -12.513  34.557 0.0000000000
84233  50.758  -13.652  35.289 0.0000000000
84213  51.739  -13.449  36.809 0.0000000000
78998  46.576  -18.214  37.070 0.0000000000
79020  47.871  -17.613  36.901 0.0000000000
80290  49.346  -16.465  37.303 0.0000000000
80244  49.545  -17.072  39.974 0.0000000000
80260  50.058  -16.295  39.153 0.0000000000
81614  50.125  -15.610  37.855 0.0000000000
82918  50.542  -14.964  38.292 0.0000000000
84190  51.719  -13.906  38.732 0.0000000000
72243  35.236  -23.268  39.649 0.0000000000
72206  37.126  -22.860  41.408 0.0000000000
73645  35.743  -22.633  42.722 0.0000000000
72190  36.947  -22.833  42.661 0.0000000000
72188  38.734  -22.582  42.641 0.0000000000
73580  39.524  -21.950  44.661 0.0000000000
74974  40.555  -21.359  46.035 0.0000000000
74927  41.345  -20.753  47.287 0.0000000000
63249  38.268  -30.461  47.622 0.0000000000
67270  38.569  -26.553  45.857 0.0000000000
68424  38.455  -25.262  46.453 0.0000000000
69579  37.817  -23.361  46.915 0.0000000000
60746  40.735  -31.258  53.154 0.0000000000
64476  41.020  -29.602  51.776 0.0000000000
64484  41.000  -28.215  51.255 0.0000000000
65870  41.226  -26.897  51.853 0.0000000000
67221  40.483  -26.708  50.229 0.0000000000
68398  39.535  -25.499  49.091 0.0000000000
69567  39.219  -23.171  48.507 0.0000000000
70775  37.749  -22.699  47.515 0.0000000000
72085  37.220  -21.994  48.208 0.0000000000
74885  36.839  -21.390  48.371 0.0000000000
76268  37.454  -20.089  48.377 0.0000000000
76213  38.752  -20.557  50.836 0.0000000000
77508  38.254  -19.632  49.206 0.0000000000
77542  38.123  -19.342  48.003 0.0000000000
76267  39.566  -19.825  48.229 0.0000000000
96803  49.428  -3.575  21.217 0.0000000000
93292  49.771  -6.711  20.888 0.0000000000
92059  50.485  -7.609  21.336 0.0000000000
90771  52.307  -8.200  22.920 0.0000000000
93237  53.702  -6.660  23.731 0.0000000000
93222  51.607  -6.673  24.776 0.0000000000
94425  52.963  -5.721  24.817 0.0000000000
94424  53.987  -5.596  24.751 0.0000000000
95617  56.010  -4.898  25.662 0.0000000000
51979  26.223  -38.744  59.831 0.0000000000
53266  27.088  -38.528  59.502 0.0000000000
45613  8.779  -44.412  59.555 0.0000000000
44318  9.273  -44.802  60.878 0.0000000000
44331  8.594  -44.653  60.209 0.0000000000
74949  42.842  -20.995  46.391 0.0000000000
74948  43.852  -20.908  46.333 0.0000000000
55942  29.758  -35.875  50.871 0.0000000000
55941  30.543  -36.053  50.717 0.0000000000
55913  30.351  -36.028  51.579 0.0000000000
54693  20.358  -36.964  51.983 0.0000000000
54672  20.046  -37.152  53.044 0.0000000000
55897  19.795  -37.016  51.610 0.0000000000
50644  17.454  -39.745  61.377 0.0000000000
50645  16.541  -39.808  61.217 0.0000000000
88052  51.824  -10.374  27.700 0.0000000000
88051  52.782  -10.431  27.850 0.0000000000
88035  52.223  -11.018  28.259 0.0000000000
85385  52.460  -12.523  36.627 0.0000000000
85384  53.267  -12.262  37.387 0.0000000000
77783  44.629  -18.276  33.943 0.0000000000
70824  35.763  -22.825  45.198 0.0000000000
70825  35.074  -22.708  44.855 0.0000000000
70809  35.399  -22.648  45.714 0.0000000000
72131  35.111  -22.341  46.222 0.0000000000
70794  35.860  -22.626  46.066 0.0000000000
58425  39.132  -33.371  52.715 0.0000000000
59597  39.739  -32.889  52.846 0.0000000000
88054  50.046  -10.107  27.885 0.0000000000
90715  49.312  -8.972  26.941 0.0000000000
89414  50.433  -9.450  27.453 0.0000000000
89413  51.398  -9.550  27.296 0.0000000000
94492  50.760  -5.312  18.994 0.0000000000
93290  51.037  -6.702  19.771 0.0000000000
93291  50.575  -6.439  20.010 0.0000000000
55824  27.980  -36.921  55.473 0.0000000000
54619  28.738  -36.739  55.395 0.0000000000
54620  28.244  -36.829  55.512 0.0000000000
48151  12.698  -42.302  60.918 0.0000000000
48150  13.204  -41.648  61.461 0.0000000000
48141  12.364  -42.301  62.144 0.0000000000
86749  46.735  -11.699  28.730 0.0000000000
86750  45.677  -11.685  28.971 0.0000000000
86706  46.362  -11.864  32.999 0.0000000000
87979  47.275  -11.551  33.839 0.0000000000
87959  47.116  -11.596  33.921 0.0000000000
76394  44.526  -19.644  40.104 0.0000000000
76381  44.084  -20.107  40.798 0.0000000000
43070  5.210  -46.066  59.345 0.0000000000
76489  38.692  -20.058  35.165 0.0000000000
75174  38.636  -20.346  35.710 0.0000000000
75173  39.612  -20.182  35.952 0.0000000000
73660  39.054  -21.822  40.239 0.0000000000
73643  39.161  -21.903  41.041 0.0000000000
73623  39.169  -22.290  42.022 0.0000000000
54736  35.261  -36.313  50.824 0.0000000000
54735  35.717  -36.148  51.011 0.0000000000
54708  36.371  -36.481  51.599 0.0000000000
54615  33.522  -37.396  55.370 0.0000000000
54640  33.058  -37.052  54.190 0.0000000000
52077  18.516  -38.752  55.638 0.0000000000
52076  18.909  -38.724  56.027 0.0000000000
52042  17.786  -39.061  56.992 0.0000000000
52062  17.845  -39.064  56.067 0.0000000000
49495  13.573  -41.083  54.892 0.0000000000
49476  14.685  -41.004  56.012 0.0000000000
49477  13.916  -41.139  55.632 0.0000000000
48230  13.435  -41.563  55.931 0.0000000000
57220  25.251  -35.009  50.185 0.0000000000
55915  25.721  -35.219  51.171 0.0000000000
57187  26.359  -35.681  51.932 0.0000000000
55892  25.750  -35.766  51.676 0.0000000000
53366  24.055  -37.630  55.328 0.0000000000
44277  6.893  -45.128  65.186 0.0000000000
91969  55.716  -6.421  27.946 0.0000000000
93178  56.289  -5.714  28.423 0.0000000000
91961  55.610  -6.707  28.694 0.0000000000
90671  56.025  -8.269  32.493 0.0000000000
90670  56.764  -8.060  32.757 0.0000000000
90658  57.167  -8.354  33.341 0.0000000000
90642  57.001  -8.817  33.993 0.0000000000
88005  51.767  -10.867  31.621 0.0000000000
81648  48.860  -16.108  35.152 0.0000000000
81680  48.210  -15.533  33.988 0.0000000000
81647  49.260  -15.796  35.358 0.0000000000
82955  49.733  -15.107  35.412 0.0000000000
81635  49.710  -15.593  36.141 0.0000000000
78934  47.798  -18.260  40.124 0.0000000000
78933  48.330  -18.020  40.221 0.0000000000
77649  48.677  -18.441  40.725 0.0000000000
76308  37.137  -20.572  46.303 0.0000000000
76342  37.115  -20.649  44.900 0.0000000000
76325  37.552  -20.700  45.648 0.0000000000
76324  38.305  -20.541  46.053 0.0000000000
60857  36.682  -31.933  47.636 0.0000000000
60829  37.229  -31.901  48.013 0.0000000000
65904  39.951  -28.170  49.173 0.0000000000
67251  39.427  -26.669  48.123 0.0000000000
69525  39.985  -24.082  52.559 0.0000000000
69545  39.366  -23.668  51.197 0.0000000000
70720  38.977  -22.917  50.986 0.0000000000
72045  38.799  -22.351  50.563 0.0000000000
72044  39.087  -22.426  51.255 0.0000000000
92001  49.345  -7.435  24.488 0.0000000000
93239  47.928  -6.923  23.541 0.0000000000
93251  48.355  -6.957  22.666 0.0000000000
92015  49.384  -7.571  23.604 0.0000000000
92014  50.293  -7.782  23.414 0.0000000000
92000  50.128  -7.467  24.294 0.0000000000
93190  54.989  -6.755  26.728 0.0000000000
93189  55.571  -6.065  27.077 0.0000000000
93332  56.163  -6.612  18.220 0.0000000000
94509  56.858  -5.842  18.615 0.0000000000
93249  55.059  -6.846  22.623 0.0000000000
93235  55.428  -6.153  23.048 0.0000000000
94435  55.988  -5.642  23.622 0.0000000000
94436  54.857  -5.916  23.941 0.0000000000
54564  27.270  -37.237  57.183 0.0000000000
54563  27.916  -37.207  57.505 0.0000000000
45599  11.172  -43.560  60.598 0.0000000000
45587  11.100  -43.585  61.176 0.0000000000
45575  11.037  -43.748  61.837 0.0000000000
45565  9.965  -44.130  63.204 0.0000000000
46829  10.330  -43.796  63.189 0.0000000000
46807  10.323  -43.285  65.316 0.0000000000
46808  10.149  -43.712  64.515 0.0000000000
85467  43.154  -12.573  31.383 0.0000000000
85454  43.835  -12.529  32.013 0.0000000000
85455  43.306  -12.340  31.943 0.0000000000
75024  43.781  -21.207  43.061 0.0000000000
75023  44.591  -21.178  43.234 0.0000000000
41705  4.136  -47.307  59.186 0.0000000000
40430  2.854  -48.070  59.914 0.0000000000
39150  2.324  -48.296  60.196 0.0000000000
57282  30.138  -35.241  48.680 0.0000000000
57281  31.345  -35.203  48.306 0.0000000000
55987  30.817  -35.610  49.012 0.0000000000
54738  33.485  -36.656  50.577 0.0000000000
54712  32.894  -36.834  51.256 0.0000000000
54650  19.829  -37.525  53.824 0.0000000000
53394  19.159  -37.744  54.303 0.0000000000
53395  18.400  -37.987  54.063 0.0000000000
55894  23.561  -36.554  51.759 0.0000000000
55895  22.972  -36.739  51.829 0.0000000000
54670  22.018  -37.387  53.022 0.0000000000
50685  19.005  -39.738  59.698 0.0000000000
50664  19.455  -39.608  60.643 0.0000000000
90710  54.112  -8.873  27.228 0.0000000000
90709  54.698  -8.460  27.920 0.0000000000
89410  54.288  -9.195  27.786 0.0000000000
89389  54.310  -9.182  29.371 0.0000000000
89381  54.204  -9.058  30.248 0.0000000000
90689  54.109  -9.062  30.891 0.0000000000
87953  52.098  -10.445  34.373 0.0000000000
86627  54.215  -11.232  36.775 0.0000000000
80343  43.093  -16.520  32.585 0.0000000000
80342  44.129  -16.643  32.649 0.0000000000
79086  44.261  -17.142  32.838 0.0000000000
79053  45.980  -18.100  34.235 0.0000000000
79068  45.842  -17.456  33.537 0.0000000000
79052  46.983  -17.654  34.613 0.0000000000
80329  47.946  -16.824  34.590 0.0000000000
79051  47.645  -17.498  35.253 0.0000000000
72192  32.595  -22.804  42.451 0.0000000000
73610  33.929  -21.536  43.474 0.0000000000
73585  33.833  -22.252  43.969 0.0000000000
73555  34.634  -21.398  45.297 0.0000000000
74953  35.969  -20.660  46.271 0.0000000000
74906  36.311  -21.125  47.095 0.0000000000
60775  40.147  -31.667  51.403 0.0000000000
61992  40.119  -31.239  50.887 0.0000000000
61974  40.296  -30.396  50.694 0.0000000000
63214  40.292  -29.805  50.472 0.0000000000
63196  40.470  -30.218  50.917 0.0000000000
90730  47.089  -8.772  26.105 0.0000000000
90742  47.533  -8.216  25.604 0.0000000000
90727  49.749  -8.281  26.460 0.0000000000
90741  48.491  -8.202  25.745 0.0000000000
91987  49.386  -7.608  25.346 0.0000000000
91978  50.317  -7.576  25.998 0.0000000000
93200  50.501  -7.284  25.687 0.0000000000
90723  53.718  -8.103  26.621 0.0000000000
93335  52.010  -6.774  18.446 0.0000000000
92105  52.827  -7.066  18.253 0.0000000000
92092  54.449  -7.546  19.143 0.0000000000
92077  55.472  -7.212  19.546 0.0000000000
90826  53.558  -7.828  19.721 0.0000000000
90818  52.248  -8.120  20.537 0.0000000000
90817  53.255  -8.146  20.565 0.0000000000
90804  53.488  -8.287  21.565 0.0000000000
90788  54.235  -8.085  22.098 0.0000000000
57198  28.766  -35.857  52.769 0.0000000000
55872  29.241  -36.068  53.286 0.0000000000
54618  29.797  -36.577  55.121 0.0000000000
54617  31.046  -36.791  55.178 0.0000000000
49399  14.534  -40.724  60.410 0.0000000000
50632  15.131  -40.243  61.673 0.0000000000
49379  14.517  -40.711  61.330 0.0000000000
48127  13.317  -41.362  63.126 0.0000000000
49313  14.363  -40.669  65.291 0.0000000000
49332  13.570  -40.928  64.736 0.0000000000
48129  11.868  -42.446  62.963 0.0000000000
88039  48.158  -10.597  28.149 0.0000000000
86763  49.680  -11.913  28.635 0.0000000000
86764  48.548  -11.431  28.472 0.0000000000
85491  48.235  -12.883  29.156 0.0000000000
85490  49.469  -12.842  29.444 0.0000000000
85476  49.484  -12.887  30.704 0.0000000000
85460  50.314  -12.327  31.197 0.0000000000
85478  45.014  -13.025  29.839 0.0000000000
84326  46.499  -13.209  29.578 0.0000000000
86724  47.924  -12.146  32.299 0.0000000000
86723  48.773  -11.467  32.242 0.0000000000
88008  49.199  -11.144  32.673 0.0000000000
87975  50.225  -10.781  33.617 0.0000000000
87976  49.326  -10.894  33.697 0.0000000000
87940  48.941  -11.394  34.514 0.0000000000
87939  49.776  -11.333  34.423 0.0000000000
77700  44.171  -18.913  37.518 0.0000000000
76433  44.114  -19.017  38.084 0.0000000000
76393  45.515  -19.408  40.251 0.0000000000
76392  46.324  -19.381  40.622 0.0000000000
77651  46.897  -18.804  40.332 0.0000000000
75022  45.490  -21.143  43.356 0.0000000000
75042  47.208  -20.618  42.393 0.0000000000
75041  48.111  -20.518  42.758 0.0000000000
76367  49.756  -19.748  42.755 0.0000000000
69604  36.865  -24.495  44.402 0.0000000000
69605  35.748  -23.497  44.534 0.0000000000
69593  37.760  -24.340  45.556 0.0000000000
90732  44.822  -8.774  26.449 0.0000000000
90731  46.103  -8.784  26.174 0.0000000000
89431  45.762  -9.369  26.809 0.0000000000
88040  47.291  -10.542  28.182 0.0000000000
89400  46.968  -10.104  27.821 0.0000000000
89398  48.585  -9.910  27.927 0.0000000000
97952  50.700  -2.799  20.877 0.0000000000
44345  6.388  -45.367  60.020 0.0000000000
44335  5.490  -45.785  61.169 0.0000000000
44310  5.845  -45.375  62.813 0.0000000000
41696  3.485  -47.254  60.282 0.0000000000
43063  4.088  -46.548  60.819 0.0000000000
77809  42.087  -18.227  33.342 0.0000000000
77810  41.088  -18.307  33.208 0.0000000000
76496  40.402  -19.364  34.561 0.0000000000
77771  41.856  -19.231  34.862 0.0000000000
76475  42.179  -19.018  35.872 0.0000000000
76476  41.306  -19.466  36.374 0.0000000000
75140  40.747  -19.920  37.648 0.0000000000
76454  41.240  -19.680  37.565 0.0000000000
76436  41.463  -19.889  38.632 0.0000000000
76415  42.011  -19.896  39.250 0.0000000000
76416  41.536  -20.050  39.165 0.0000000000
75143  38.664  -21.239  37.939 0.0000000000
75142  39.351  -20.752  37.686 0.0000000000
75085  40.918  -21.004  40.305 0.0000000000
75084  41.795  -20.349  40.188 0.0000000000
75048  41.821  -21.030  42.045 0.0000000000
73603  41.369  -21.709  43.453 0.0000000000
73578  41.687  -21.657  44.327 0.0000000000
73551  41.974  -21.407  45.061 0.0000000000
58552  34.340  -32.891  47.937 0.0000000000
59710  35.032  -32.909  48.242 0.0000000000
57255  32.879  -35.140  48.497 0.0000000000
57279  33.110  -34.628  48.297 0.0000000000
57254  33.585  -35.038  48.736 0.0000000000
58481  35.689  -34.514  49.785 0.0000000000
57252  34.756  -34.695  49.265 0.0000000000
58500  36.307  -33.399  49.056 0.0000000000
58479  36.998  -33.594  50.066 0.0000000000
57197  37.571  -34.837  51.818 0.0000000000
57196  38.262  -34.296  51.912 0.0000000000
55870  30.825  -35.790  52.920 0.0000000000
55869  31.371  -35.947  52.689 0.0000000000
54666  31.887  -36.252  52.896 0.0000000000
54664  33.771  -37.081  53.203 0.0000000000
54686  34.314  -37.312  52.199 0.0000000000
54663  34.804  -37.444  53.088 0.0000000000
53387  36.470  -37.806  54.071 0.0000000000
53410  36.947  -37.410  53.431 0.0000000000
54662  36.843  -37.217  52.907 0.0000000000
53268  25.056  -38.675  59.605 0.0000000000
53303  23.241  -38.264  58.825 0.0000000000
53304  22.528  -38.416  58.685 0.0000000000
52039  20.092  -38.978  57.657 0.0000000000
52058  20.543  -38.690  57.134 0.0000000000
52020  20.302  -39.244  58.532 0.0000000000
50706  19.603  -39.551  58.999 0.0000000000
50720  17.627  -39.361  57.559 0.0000000000
50708  17.692  -39.626  58.330 0.0000000000
50687  16.984  -39.936  59.424 0.0000000000
53416  17.287  -38.632  52.392 0.0000000000
53396  17.869  -38.329  53.806 0.0000000000
52098  17.431  -38.777  53.697 0.0000000000
50802  15.436  -39.551  52.102 0.0000000000
50763  16.020  -39.776  54.692 0.0000000000
50762  16.580  -39.334  54.842 0.0000000000
50746  16.571  -39.449  55.391 0.0000000000
49457  15.371  -40.568  57.518 0.0000000000
49438  15.437  -40.461  58.337 0.0000000000
50710  15.790  -40.059  58.812 0.0000000000
49417  15.154  -40.407  58.993 0.0000000000
50690  15.073  -40.375  59.490 0.0000000000
48191  13.781  -41.597  58.281 0.0000000000
48173  12.955  -42.198  58.724 0.0000000000
48251  11.902  -42.116  55.080 0.0000000000
48231  12.625  -42.134  56.082 0.0000000000
46928  10.669  -43.320  56.378 0.0000000000
46903  11.648  -43.143  58.325 0.0000000000
46904  10.989  -43.507  58.587 0.0000000000
45650  7.580  -44.355  57.088 0.0000000000
44361  7.181  -44.720  57.652 0.0000000000
44367  6.906  -44.701  56.704 0.0000000000
59688  26.359  -32.990  49.182 0.0000000000
59665  26.571  -33.314  49.802 0.0000000000
58446  26.950  -34.967  50.893 0.0000000000
58467  26.835  -34.120  50.942 0.0000000000
58445  27.178  -35.158  51.033 0.0000000000
57217  27.450  -35.181  51.127 0.0000000000
55874  26.796  -36.302  53.002 0.0000000000
57172  27.262  -36.294  52.964 0.0000000000
55855  27.814  -36.671  54.063 0.0000000000
55876  25.079  -36.564  52.869 0.0000000000
54645  24.837  -37.091  53.984 0.0000000000
53364  25.698  -37.336  55.163 0.0000000000
54601  26.294  -37.356  55.385 0.0000000000
54622  26.714  -37.324  54.941 0.0000000000
54581  26.961  -37.220  56.523 0.0000000000
54582  26.405  -37.347  56.098 0.0000000000
50613  15.879  -39.777  62.929 0.0000000000
50598  16.011  -40.074  63.902 0.0000000000
44308  7.617  -45.456  62.413 0.0000000000
44307  8.566  -45.297  62.182 0.0000000000
45547  8.293  -44.623  65.733 0.0000000000
44275  8.625  -44.983  64.969 0.0000000000
45534  9.591  -43.719  66.181 0.0000000000
45535  8.742  -43.908  66.561 0.0000000000
93156  55.991  -6.688  30.208 0.0000000000
91930  57.819  -7.964  32.520 0.0000000000
86760  52.512  -11.362  29.010 0.0000000000
86744  52.658  -11.117  29.876 0.0000000000
89367  53.196  -10.123  32.232 0.0000000000
88003  53.251  -10.104  31.079 0.0000000000
89366  53.694  -9.898  32.275 0.0000000000
89365  54.617  -9.322  32.158 0.0000000000
89356  54.872  -9.506  33.127 0.0000000000
87934  55.326  -10.014  34.805 0.0000000000
89322  56.141  -9.778  35.344 0.0000000000
89336  55.976  -9.526  34.230 0.0000000000
85424  42.572  -12.777  33.044 0.0000000000
86687  42.838  -12.448  32.672 0.0000000000
86667  43.392  -12.553  33.139 0.0000000000
86686  43.794  -12.355  32.890 0.0000000000
86666  44.224  -12.437  33.265 0.0000000000
81668  44.337  -14.978  33.247 0.0000000000
82980  45.521  -14.617  33.453 0.0000000000
84256  47.664  -13.978  33.847 0.0000000000
82956  46.117  -13.939  33.985 0.0000000000
84237  46.840  -13.459  34.387 0.0000000000
85409  46.483  -12.785  34.525 0.0000000000
85408  47.390  -12.684  34.512 0.0000000000
82938  50.372  -14.717  36.045 0.0000000000
84232  51.434  -13.353  36.040 0.0000000000
84201  51.247  -14.022  37.209 0.0000000000
77725  45.739  -18.490  37.235 0.0000000000
77724  46.540  -18.429  37.832 0.0000000000
78995  48.343  -17.386  38.256 0.0000000000
78996  47.774  -17.703  37.837 0.0000000000
79019  48.337  -17.371  37.499 0.0000000000
80300  48.686  -16.986  36.691 0.0000000000
80291  48.855  -16.929  37.790 0.0000000000
81583  50.941  -15.637  40.055 0.0000000000
81584  50.399  -16.015  39.604 0.0000000000
81598  50.489  -15.580  38.960 0.0000000000
80276  50.114  -16.022  38.551 0.0000000000
82900  50.738  -14.866  38.883 0.0000000000
72223  34.850  -22.758  40.870 0.0000000000
72222  36.182  -23.030  40.549 0.0000000000
75049  34.889  -21.562  43.374 0.0000000000
73627  35.377  -22.065  43.273 0.0000000000
73607  37.370  -22.156  43.826 0.0000000000
73625  36.890  -22.361  43.357 0.0000000000
72175  37.719  -22.774  43.167 0.0000000000
73606  38.177  -22.418  43.675 0.0000000000
73605  39.169  -22.410  43.304 0.0000000000
73581  38.473  -22.068  44.358 0.0000000000
74975  39.526  -21.238  46.049 0.0000000000
73554  39.585  -21.651  45.415 0.0000000000
74951  40.983  -21.131  46.708 0.0000000000
74928  40.601  -20.728  47.284 0.0000000000
62025  38.799  -30.907  48.689 0.0000000000
62026  38.145  -31.090  47.963 0.0000000000
63248  38.906  -30.054  48.160 0.0000000000
64533  38.782  -28.846  47.059 0.0000000000
65925  38.939  -27.802  46.656 0.0000000000
67269  38.825  -27.171  46.320 0.0000000000
68413  38.466  -24.640  47.082 0.0000000000
69586  38.106  -24.120  46.630 0.0000000000
69578  38.726  -23.662  47.419 0.0000000000
60716  40.616  -31.542  54.593 0.0000000000
60730  40.837  -31.140  54.001 0.0000000000
64463  41.499  -29.090  53.001 0.0000000000
63182  41.212  -29.551  52.770 0.0000000000
64475  41.310  -29.093  52.093 0.0000000000
64485  40.720  -29.141  51.374 0.0000000000
64474  41.545  -28.052  51.932 0.0000000000
68373  40.454  -25.584  51.919 0.0000000000
67198  40.840  -26.292  52.245 0.0000000000
67212  40.656  -26.300  51.271 0.0000000000
67220  40.800  -26.912  50.866 0.0000000000
67213  40.292  -25.897  50.687 0.0000000000
68384  39.992  -25.665  50.149 0.0000000000
69558  39.266  -22.988  49.389 0.0000000000
69566  39.598  -23.915  49.234 0.0000000000
70774  38.507  -22.720  48.108 0.0000000000
70752  37.906  -22.465  48.365 0.0000000000
72110  37.152  -22.259  47.504 0.0000000000
72109  37.479  -22.293  48.139 0.0000000000
73485  38.248  -21.641  49.515 0.0000000000
73501  37.596  -21.632  49.123 0.0000000000
74884  37.188  -21.081  48.902 0.0000000000
74904  37.114  -20.591  48.484 0.0000000000
76250  37.742  -20.300  49.078 0.0000000000
74851  38.961  -21.134  51.246 0.0000000000
76197  39.347  -20.475  51.495 0.0000000000
77493  38.866  -19.650  50.289 0.0000000000
77507  38.896  -19.343  49.481 0.0000000000
77524  38.250  -19.389  48.588 0.0000000000
77523  38.908  -19.530  48.580 0.0000000000
77522  40.002  -19.629  48.882 0.0000000000
97941  49.699  -2.965  21.462 0.0000000000
93227  46.404  -6.509  24.484 0.0000000000
94426  46.122  -6.003  24.166 0.0000000000
94467  49.165  -5.968  21.105 0.0000000000
92060  49.820  -7.383  21.634 0.0000000000
92013  51.494  -8.048  23.226 0.0000000000
92035  51.285  -8.222  22.445 0.0000000000
92012  52.605  -7.745  23.326 0.0000000000
93238  52.928  -6.935  24.011 0.0000000000
93223  50.712  -6.968  24.811 0.0000000000
93206  53.942  -5.992  25.508 0.0000000000
94413  53.243  -5.597  25.159 0.0000000000
94412  53.915  -5.579  25.284 0.0000000000
95629  54.197  -5.374  25.127 0.0000000000
95627  55.627  -5.086  24.915 0.0000000000
95618  55.050  -5.297  25.379 0.0000000000
95609  56.532  -4.496  26.622 0.0000000000
93362  53.079  -5.326  16.455 0.0000000000
93361  53.835  -5.794  16.372 0.0000000000
53280  27.602  -37.865  58.959 0.0000000000
45588  10.448  -43.940  61.244 0.0000000000
45589  9.881  -44.422  61.510 0.0000000000
44296  9.400  -44.906  63.043 0.0000000000
73576  43.157  -21.419  44.432 0.0000000000
57257  30.115  -35.557  49.342 0.0000000000
55964  30.564  -35.775  49.757 0.0000000000
54673  19.283  -37.604  53.161 0.0000000000
55919  21.194  -36.228  50.995 0.0000000000
54714  21.732  -36.752  51.564 0.0000000000
54713  22.207  -36.799  51.582 0.0000000000
54692  21.377  -36.978  52.222 0.0000000000
50629  17.577  -39.627  62.344 0.0000000000
89411  53.621  -9.889  27.756 0.0000000000
86646  52.668  -11.375  35.674 0.0000000000
77807  43.912  -18.033  33.357 0.0000000000
77806  44.425  -17.786  33.404 0.0000000000
77782  45.298  -18.268  34.218 0.0000000000
79038  46.245  -18.368  35.270 0.0000000000
70826  34.304  -22.858  44.554 0.0000000000
72142  34.218  -22.587  44.578 0.0000000000
73556  34.267  -22.055  45.076 0.0000000000
72132  34.505  -22.118  46.028 0.0000000000
73530  36.290  -21.603  46.503 0.0000000000
59637  38.957  -32.905  51.221 0.0000000000
59656  39.206  -32.287  50.677 0.0000000000
59636  39.594  -32.311  51.379 0.0000000000
60758  40.572  -31.528  52.173 0.0000000000
89416  48.367  -9.331  27.219 0.0000000000
90729  47.932  -8.612  26.249 0.0000000000
90726  50.651  -8.063  26.594 0.0000000000
90713  50.988  -8.721  26.991 0.0000000000
93313  51.812  -6.869  18.947 0.0000000000
92094  52.164  -7.207  19.143 0.0000000000
92095  51.656  -7.108  19.602 0.0000000000
92080  51.916  -7.574  19.929 0.0000000000
90819  51.585  -7.791  20.517 0.0000000000
55854  28.461  -36.532  53.907 0.0000000000
55853  29.147  -36.384  53.913 0.0000000000
55835  28.974  -36.577  54.614 0.0000000000
49380  13.853  -41.122  61.882 0.0000000000
48102  10.978  -42.582  64.895 0.0000000000
48101  11.581  -42.071  65.299 0.0000000000
86748  47.841  -12.058  28.699 0.0000000000
84325  47.504  -13.370  29.680 0.0000000000
85465  45.441  -13.151  31.752 0.0000000000
84303  46.137  -13.530  31.142 0.0000000000
85464  46.520  -12.965  31.869 0.0000000000
85451  47.003  -12.365  32.545 0.0000000000
86705  47.728  -11.537  32.981 0.0000000000
87977  48.581  -11.217  33.771 0.0000000000
87993  48.208  -11.373  33.392 0.0000000000
87957  48.318  -11.481  34.192 0.0000000000
87941  48.575  -11.572  34.423 0.0000000000
76413  44.176  -19.294  38.951 0.0000000000
76379  45.683  -19.862  41.137 0.0000000000
74996  46.814  -21.179  44.109 0.0000000000
88041  46.447  -10.525  28.156 0.0000000000
43077  5.838  -45.727  58.510 0.0000000000
43069  5.895  -45.646  59.424 0.0000000000
76497  39.443  -19.499  34.635 0.0000000000
76487  40.260  -19.856  35.667 0.0000000000
75172  40.008  -20.123  36.000 0.0000000000
75141  40.232  -20.178  37.418 0.0000000000
73705  38.751  -21.612  38.817 0.0000000000
75121  39.302  -21.255  38.730 0.0000000000
73682  39.478  -21.532  39.835 0.0000000000
75086  40.279  -21.354  40.549 0.0000000000
75070  40.641  -21.310  41.039 0.0000000000
73641  40.640  -21.502  41.688 0.0000000000
73604  40.361  -21.993  43.439 0.0000000000
58524  33.582  -33.990  48.383 0.0000000000
55938  33.760  -35.848  49.904 0.0000000000
57233  34.480  -35.270  49.579 0.0000000000
57231  35.996  -34.852  50.324 0.0000000000
57230  36.485  -34.388  50.476 0.0000000000
57214  36.457  -34.990  50.810 0.0000000000
55908  37.153  -35.269  51.609 0.0000000000
55886  37.460  -35.854  52.134 0.0000000000
54641  31.713  -36.525  53.996 0.0000000000
54639  34.359  -37.298  54.196 0.0000000000
53359  37.740  -38.074  55.381 0.0000000000
53345  20.295  -38.447  56.436 0.0000000000
53346  19.705  -38.543  56.373 0.0000000000
52060  19.179  -38.755  56.541 0.0000000000
52040  19.301  -38.992  57.396 0.0000000000
52022  18.630  -39.281  57.897 0.0000000000
52041  18.543  -38.975  57.149 0.0000000000
52110  16.756  -38.963  52.144 0.0000000000
49533  14.588  -40.508  53.635 0.0000000000
49493  15.277  -40.415  55.451 0.0000000000
49458  14.473  -40.947  57.088 0.0000000000
48213  12.830  -42.264  56.920 0.0000000000
45635  10.226  -43.969  56.908 0.0000000000
45647  9.470  -43.822  56.467 0.0000000000
58527  27.505  -33.168  48.187 0.0000000000
58505  27.289  -33.239  49.218 0.0000000000
57237  25.498  -34.461  49.782 0.0000000000
58487  26.005  -33.872  50.059 0.0000000000
57218  26.451  -34.638  50.966 0.0000000000
57201  26.750  -35.251  51.269 0.0000000000
54646  23.819  -37.320  54.135 0.0000000000
54625  24.617  -37.325  54.696 0.0000000000
53365  25.047  -37.401  55.340 0.0000000000
44299  6.490  -45.405  63.562 0.0000000000
44287  7.165  -45.342  64.336 0.0000000000
45548  7.419  -44.729  65.658 0.0000000000
91947  56.616  -7.050  31.138 0.0000000000
91932  56.681  -7.705  32.238 0.0000000000
91931  57.289  -7.768  32.481 0.0000000000
91920  57.791  -8.065  33.061 0.0000000000
90657  57.829  -8.613  33.281 0.0000000000
89353  57.851  -9.210  33.794 0.0000000000
86733  51.883  -11.364  30.658 0.0000000000
88017  52.236  -10.844  31.090 0.0000000000
87987  53.264  -10.166  32.477 0.0000000000
81666  46.628  -15.694  33.376 0.0000000000
82979  46.442  -14.614  33.485 0.0000000000
82978  47.400  -14.896  33.587 0.0000000000
82977  48.388  -14.903  33.832 0.0000000000
84255  48.741  -13.874  33.965 0.0000000000
82976  49.373  -14.727  34.498 0.0000000000
82954  50.072  -14.414  35.089 0.0000000000
78954  47.279  -18.235  38.982 0.0000000000
78975  47.250  -18.220  38.240 0.0000000000
78973  48.394  -17.455  39.018 0.0000000000
80262  48.831  -17.174  39.200 0.0000000000
82899  51.266  -14.605  39.342 0.0000000000
72224  33.702  -22.854  40.567 0.0000000000
72208  35.092  -22.777  41.710 0.0000000000
76357  36.053  -20.745  44.259 0.0000000000
73609  36.047  -21.670  43.670 0.0000000000
75003  36.986  -20.847  44.369 0.0000000000
75002  37.619  -21.408  44.714 0.0000000000
75001  38.568  -21.575  45.156 0.0000000000
76323  38.866  -20.632  46.269 0.0000000000
76305  39.247  -20.570  46.893 0.0000000000
63233  39.654  -30.096  49.284 0.0000000000
63232  39.226  -30.368  48.696 0.0000000000
64513  39.643  -29.010  48.728 0.0000000000
67260  39.101  -26.609  46.902 0.0000000000
61931  41.182  -30.623  54.242 0.0000000000
63154  41.475  -29.907  54.473 0.0000000000
64454  41.720  -28.822  53.860 0.0000000000
64453  41.750  -28.402  53.195 0.0000000000
68375  39.738  -24.108  50.627 0.0000000000
70735  38.925  -22.726  49.784 0.0000000000
72083  38.437  -22.291  49.224 0.0000000000
72061  38.635  -22.250  49.742 0.0000000000
74866  38.373  -21.146  49.980 0.0000000000
93226  47.247  -6.767  24.152 0.0000000000
93241  46.852  -6.372  23.930 0.0000000000
93225  47.632  -6.850  23.911 0.0000000000
93269  48.447  -6.481  22.085 0.0000000000
93250  48.866  -7.134  22.351 0.0000000000
93197  52.852  -6.577  25.822 0.0000000000
93196  54.369  -6.286  26.004 0.0000000000
94405  54.980  -5.604  26.038 0.0000000000
94410  55.225  -5.334  25.837 0.0000000000
93333  54.854  -7.073  17.567 0.0000000000
93347  55.129  -6.821  17.209 0.0000000000
92111  55.540  -6.897  17.481 0.0000000000
93346  56.052  -6.661  17.324 0.0000000000
95652  57.198  -4.926  23.147 0.0000000000
54598  28.189  -36.728  55.989 0.0000000000
54562  28.796  -37.258  57.786 0.0000000000
53279  28.586  -37.795  59.020 0.0000000000
46858  12.054  -42.733  61.390 0.0000000000
46844  11.564  -43.024  62.150 0.0000000000
46827  11.376  -42.921  63.426 0.0000000000
45576  10.532  -43.995  62.188 0.0000000000
46828  10.783  -43.488  63.002 0.0000000000
46815  10.884  -43.064  64.168 0.0000000000
46802  10.127  -43.407  66.349 0.0000000000
85479  44.299  -12.851  30.237 0.0000000000
84315  44.921  -13.156  30.503 0.0000000000
85453  44.773  -12.591  32.250 0.0000000000
86707  45.210  -11.937  32.775 0.0000000000
75066  44.217  -20.392  41.602 0.0000000000
75045  44.427  -20.844  42.374 0.0000000000
74997  45.807  -21.281  44.454 0.0000000000
41704  4.703  -46.657  58.798 0.0000000000
41712  4.435  -47.202  58.328 0.0000000000
40411  3.035  -47.786  60.060 0.0000000000
41697  2.892  -47.165  60.855 0.0000000000
40396  2.077  -47.238  61.031 0.0000000000
73685  37.731  -22.048  38.739 0.0000000000
73662  37.849  -22.260  39.384 0.0000000000
72220  38.148  -22.438  40.449 0.0000000000
57256  32.251  -35.376  48.603 0.0000000000
55962  32.928  -35.711  49.157 0.0000000000
54737  34.367  -36.541  50.591 0.0000000000
54710  34.881  -36.964  51.337 0.0000000000
49534  13.816  -40.708  53.428 0.0000000000
49515  13.401  -41.091  54.017 0.0000000000
49496  13.028  -41.313  54.487 0.0000000000
48271  12.659  -41.444  54.483 0.0000000000
48272  12.147  -41.621  54.384 0.0000000000
54689  24.015  -36.722  52.264 0.0000000000
54669  23.120  -37.239  53.094 0.0000000000
91962  55.125  -7.689  28.689 0.0000000000
91955  55.025  -7.950  29.305 0.0000000000
89396  54.349  -9.279  28.414 0.0000000000
90697  54.807  -8.337  29.844 0.0000000000
90696  55.276  -7.877  30.460 0.0000000000
90687  55.391  -7.964  31.188 0.0000000000
90679  55.565  -8.212  31.806 0.0000000000
90672  55.304  -8.681  32.122 0.0000000000
87973  52.365  -10.396  33.412 0.0000000000
86645  53.300  -11.182  35.871 0.0000000000
87920  53.652  -11.080  36.022 0.0000000000
82997  42.967  -15.037  32.990 0.0000000000
81684  43.638  -15.423  32.903 0.0000000000
79069  44.955  -17.406  33.302 0.0000000000
80340  45.660  -16.682  33.131 0.0000000000
81681  46.103  -16.192  33.153 0.0000000000
80330  47.069  -16.749  33.890 0.0000000000
80313  48.961  -16.439  35.725 0.0000000000
76375  49.297  -19.286  41.889 0.0000000000
77648  49.298  -18.269  40.991 0.0000000000
73630  33.004  -22.332  42.186 0.0000000000
73648  33.437  -22.419  41.823 0.0000000000
73629  33.762  -21.626  42.604 0.0000000000
75050  34.360  -21.379  43.102 0.0000000000
75029  34.769  -21.343  43.610 0.0000000000
73584  34.422  -21.609  44.373 0.0000000000
73583  34.730  -21.255  44.750 0.0000000000
75004  35.521  -20.837  44.561 0.0000000000
74978  35.754  -20.666  45.356 0.0000000000
76309  36.404  -20.526  45.848 0.0000000000
76288  36.703  -20.586  46.622 0.0000000000
59681  37.449  -32.660  49.237 0.0000000000
60828  37.776  -31.818  48.635 0.0000000000
60811  37.876  -32.066  49.180 0.0000000000
60810  38.413  -31.718  49.296 0.0000000000
62011  39.273  -31.025  49.418 0.0000000000
64496  40.476  -28.659  50.600 0.0000000000
91990  46.238  -7.348  25.122 0.0000000000
92004  46.731  -7.173  24.810 0.0000000000
93224  50.081  -7.278  24.828 0.0000000000
93210  50.397  -7.188  25.303 0.0000000000
93199  50.910  -7.058  25.811 0.0000000000
90725  51.550  -7.950  26.584 0.0000000000
91976  52.135  -7.193  26.295 0.0000000000
91975  53.296  -7.199  26.236 0.0000000000
94529  52.391  -5.045  16.868 0.0000000000
93349  52.759  -6.282  17.367 0.0000000000
92113  53.450  -6.705  17.613 0.0000000000
92103  54.914  -7.289  17.905 0.0000000000
93312  55.888  -6.380  19.000 0.0000000000
92056  55.546  -7.230  20.567 0.0000000000
90825  54.065  -8.019  20.078 0.0000000000
92031  55.446  -7.143  21.626 0.0000000000
92032  54.532  -7.755  22.261 0.0000000000
92010  54.201  -7.218  23.146 0.0000000000
55851  30.753  -36.111  53.614 0.0000000000
55852  29.900  -36.228  53.908 0.0000000000
54577  30.905  -37.403  56.958 0.0000000000
55921  19.407  -36.885  51.100 0.0000000000
50668  15.621  -39.983  60.180 0.0000000000
50646  15.744  -39.931  61.026 0.0000000000
50614  15.116  -40.118  62.618 0.0000000000
49348  14.430  -40.618  63.207 0.0000000000
50587  15.188  -40.218  64.570 0.0000000000
48128  12.605  -41.701  63.453 0.0000000000
49350  12.948  -41.264  64.349 0.0000000000
49333  12.854  -41.225  65.155 0.0000000000
88037  50.306  -10.884  28.248 0.0000000000
88036  51.257  -10.973  28.207 0.0000000000
85501  51.043  -11.947  28.792 0.0000000000
85488  51.198  -12.136  29.193 0.0000000000
86746  49.323  -12.375  28.956 0.0000000000
85489  50.537  -12.509  29.438 0.0000000000
85474  51.294  -12.284  29.991 0.0000000000
86734  51.049  -12.097  30.726 0.0000000000
86721  51.135  -11.603  31.459 0.0000000000
88006  50.831  -11.250  32.335 0.0000000000
85493  46.183  -12.438  29.215 0.0000000000
84312  47.823  -13.613  30.618 0.0000000000
84302  47.148  -13.428  31.285 0.0000000000
84301  48.081  -13.380  31.436 0.0000000000
85477  49.059  -12.847  31.247 0.0000000000
85461  49.386  -12.368  31.570 0.0000000000
87990  50.481  -10.858  32.961 0.0000000000
87954  51.016  -10.778  34.202 0.0000000000
87938  50.831  -11.229  34.516 0.0000000000
86647  51.604  -11.551  35.240 0.0000000000
85403  52.208  -11.942  35.849 0.0000000000
77754  43.452  -18.920  35.788 0.0000000000
77753  44.484  -18.825  35.909 0.0000000000
77698  45.775  -18.662  38.345 0.0000000000
77674  45.157  -19.024  38.833 0.0000000000
77673  45.859  -18.814  39.367 0.0000000000
77672  46.857  -18.495  39.616 0.0000000000
77650  47.733  -18.767  40.556 0.0000000000
77630  48.279  -19.084  41.088 0.0000000000
75065  45.033  -20.225  41.817 0.0000000000
75064  45.861  -20.266  41.859 0.0000000000
75063  46.631  -20.269  41.858 0.0000000000
75020  47.450  -21.047  43.332 0.0000000000
76377  47.485  -19.705  41.435 0.0000000000
76376  48.477  -19.508  41.664 0.0000000000
59564  39.810  -32.841  54.087 0.0000000000
59579  39.902  -32.695  53.522 0.0000000000
59563  40.288  -32.569  54.611 0.0000000000
90744  45.670  -8.053  25.671 0.0000000000
89418  46.373  -9.882  27.412 0.0000000000
89417  47.300  -9.623  27.301 0.0000000000
96812  50.405  -3.408  20.634 0.0000000000
96813  49.860  -3.735  20.771 0.0000000000
44343  7.886  -44.741  59.420 0.0000000000
44332  7.783  -44.887  60.445 0.0000000000
44321  6.846  -45.337  61.646 0.0000000000
44334  6.183  -45.321  60.932 0.0000000000
44309  6.689  -45.515  62.614 0.0000000000
44300  5.633  -45.223  63.717 0.0000000000
43055  4.702  -46.193  61.469 0.0000000000
43050  4.419  -45.820  62.366 0.0000000000
44301  4.800  -45.045  63.867 0.0000000000
79072  42.567  -17.445  32.754 0.0000000000
77808  43.052  -18.212  33.296 0.0000000000
77769  43.153  -18.887  34.867 0.0000000000
77786  41.668  -19.098  34.112 0.0000000000
77770  42.324  -19.069  34.937 0.0000000000
77755  42.783  -18.986  35.502 0.0000000000
76474  42.838  -18.972  35.942 0.0000000000
76452  42.982  -19.099  36.535 0.0000000000
76414  42.959  -19.617  39.050 0.0000000000
75083  42.661  -20.183  40.571 0.0000000000
75101  41.607  -20.152  39.472 0.0000000000
75025  43.075  -21.151  42.952 0.0000000000
73620  41.856  -21.329  42.731 0.0000000000
73602  42.327  -21.424  43.396 0.0000000000
73601  43.125  -21.391  43.687 0.0000000000
73550  42.724  -21.428  44.953 0.0000000000
60859  35.386  -32.062  47.313 0.0000000000
59741  35.776  -32.357  47.672 0.0000000000
59708  36.598  -32.631  48.276 0.0000000000
58525  33.009  -34.280  47.993 0.0000000000
57253  34.221  -34.882  49.016 0.0000000000
58502  34.395  -34.229  48.812 0.0000000000
58522  35.438  -33.270  48.560 0.0000000000
58521  36.008  -33.117  48.419 0.0000000000
59682  36.823  -32.948  48.998 0.0000000000
59658  37.662  -33.104  49.928 0.0000000000
58462  37.473  -33.794  50.893 0.0000000000
58461  38.208  -33.556  51.128 0.0000000000
58441  38.827  -33.571  51.984 0.0000000000
55889  30.953  -35.965  52.198 0.0000000000
54688  32.437  -36.461  52.154 0.0000000000
53389  34.710  -37.537  54.600 0.0000000000
53388  35.348  -37.658  54.115 0.0000000000
53427  35.385  -37.488  52.788 0.0000000000
53426  35.848  -37.468  52.678 0.0000000000
55887  36.960  -36.310  51.957 0.0000000000
54683  37.150  -36.517  52.268 0.0000000000
55868  38.131  -35.874  53.050 0.0000000000
57169  38.436  -35.015  53.305 0.0000000000
53267  25.951  -38.550  59.520 0.0000000000
53269  24.520  -38.793  59.724 0.0000000000
51998  23.572  -38.742  59.703 0.0000000000
53284  23.504  -38.523  59.385 0.0000000000
51999  22.909  -38.682  59.585 0.0000000000
52000  22.052  -38.638  59.659 0.0000000000
52001  21.267  -38.970  59.537 0.0000000000
53324  21.610  -38.582  57.704 0.0000000000
52037  21.626  -38.687  58.195 0.0000000000
52019  21.150  -39.002  58.693 0.0000000000
50705  20.104  -39.453  59.144 0.0000000000
50684  19.878  -39.553  59.763 0.0000000000
50688  16.096  -39.842  59.469 0.0000000000
54674  18.780  -37.832  53.062 0.0000000000
53428  18.130  -38.048  52.527 0.0000000000
53414  18.270  -37.918  53.216 0.0000000000
53372  18.051  -38.461  54.429 0.0000000000
52111  16.238  -39.463  52.628 0.0000000000
52100  16.338  -39.500  53.454 0.0000000000
52088  16.776  -39.269  54.159 0.0000000000
52079  17.029  -39.107  54.954 0.0000000000
50734  16.188  -40.185  56.890 0.0000000000
50669  15.061  -40.338  59.976 0.0000000000
49419  14.003  -41.193  59.949 0.0000000000
48190  14.196  -41.312  58.135 0.0000000000
49440  13.950  -41.040  59.066 0.0000000000
46927  11.785  -42.741  56.266 0.0000000000
46915  12.339  -42.569  57.162 0.0000000000
46902  12.336  -42.679  58.063 0.0000000000
46887  12.293  -42.802  59.071 0.0000000000
46875  10.884  -43.720  59.652 0.0000000000
45623  10.325  -43.983  57.910 0.0000000000
45612  9.622  -44.109  59.341 0.0000000000
45626  8.066  -44.581  58.731 0.0000000000
45638  8.096  -44.234  57.754 0.0000000000
44353  7.687  -44.679  58.805 0.0000000000
44354  7.264  -44.821  58.614 0.0000000000
43085  5.714  -45.870  57.277 0.0000000000
57313  29.537  -34.552  47.840 0.0000000000
57284  28.492  -34.218  48.380 0.0000000000
57283  29.187  -34.674  48.720 0.0000000000
57258  29.423  -35.433  49.802 0.0000000000
57235  28.996  -35.334  51.095 0.0000000000
59687  26.764  -32.909  49.217 0.0000000000
58486  26.573  -33.698  50.276 0.0000000000
58465  27.761  -34.657  50.641 0.0000000000
57215  28.810  -35.497  52.054 0.0000000000
57184  28.306  -36.168  53.090 0.0000000000
57185  27.680  -35.948  52.591 0.0000000000
57170  28.072  -36.443  53.572 0.0000000000
55857  26.338  -36.705  54.134 0.0000000000
54644  25.633  -36.803  53.994 0.0000000000
55838  26.920  -37.037  54.564 0.0000000000
54621  27.220  -37.269  55.178 0.0000000000
54599  27.558  -37.130  55.812 0.0000000000
53320  25.998  -37.375  56.958 0.0000000000
53281  26.462  -38.123  58.893 0.0000000000
44319  8.588  -45.107  61.126 0.0000000000
44286  8.096  -45.242  64.217 0.0000000000
44285  9.053  -44.945  64.173 0.0000000000
45533  9.867  -43.574  66.135 0.0000000000
88024  53.248  -10.611  29.574 0.0000000000
88015  53.315  -10.285  30.340 0.0000000000
88016  52.697  -10.771  30.637 0.0000000000
89382  53.673  -9.554  30.648 0.0000000000
89374  54.454  -9.125  31.581 0.0000000000
89355  55.824  -8.978  33.340 0.0000000000
87972  53.547  -10.200  33.068 0.0000000000
87971  54.290  -9.924  33.216 0.0000000000
89337  55.314  -9.572  33.773 0.0000000000
89354  56.600  -8.846  33.787 0.0000000000
86725  42.936  -12.172  31.932 0.0000000000
86685  44.663  -11.971  33.084 0.0000000000
84259  44.068  -13.548  33.491 0.0000000000
82958  45.168  -13.807  33.849 0.0000000000
85422  44.826  -12.887  33.650 0.0000000000
85421  45.413  -12.474  33.850 0.0000000000
86664  45.943  -12.017  33.971 0.0000000000
86652  47.095  -12.230  34.370 0.0000000000
86651  47.905  -12.102  34.475 0.0000000000
85406  49.239  -12.433  34.627 0.0000000000
84235  48.929  -13.111  34.459 0.0000000000
84234  49.873  -13.195  34.620 0.0000000000
85405  50.330  -12.541  34.757 0.0000000000
85386  51.789  -12.955  36.268 0.0000000000
84212  52.225  -13.243  37.442 0.0000000000
77752  45.472  -18.596  36.110 0.0000000000
79022  46.377  -18.303  36.322 0.0000000000
78997  47.176  -18.000  37.406 0.0000000000
79021  47.099  -17.909  36.565 0.0000000000
79036  47.696  -17.595  36.035 0.0000000000
80301  48.154  -17.355  36.303 0.0000000000
80299  49.339  -16.267  36.456 0.0000000000
78932  49.441  -17.609  40.433 0.0000000000
78951  49.285  -17.263  39.862 0.0000000000
80261  49.383  -16.909  39.382 0.0000000000
80243  50.128  -16.591  40.171 0.0000000000
80277  49.617  -16.474  38.276 0.0000000000
81615  49.716  -16.111  37.611 0.0000000000
81626  49.695  -15.859  37.034 0.0000000000
81625  50.116  -15.266  36.776 0.0000000000
82929  50.638  -14.593  37.347 0.0000000000
82917  51.087  -14.425  38.301 0.0000000000
82928  51.155  -14.225  37.665 0.0000000000
84200  51.604  -13.784  37.791 0.0000000000
84199  52.232  -13.349  38.287 0.0000000000
72242  36.386  -22.836  39.328 0.0000000000
72221  37.456  -22.677  40.133 0.0000000000
72205  38.031  -22.572  41.048 0.0000000000
73647  34.198  -22.302  42.139 0.0000000000
73646  34.988  -22.667  42.442 0.0000000000
73626  36.268  -22.376  43.233 0.0000000000
72191  36.221  -22.732  42.623 0.0000000000
72189  38.118  -22.723  42.179 0.0000000000
73624  38.640  -22.362  41.395 0.0000000000
73553  40.171  -21.745  45.367 0.0000000000
73552  41.114  -21.640  45.224 0.0000000000
74973  41.471  -21.263  45.877 0.0000000000
74950  41.874  -21.058  46.558 0.0000000000
62043  37.881  -30.680  47.427 0.0000000000
63261  38.758  -29.441  47.526 0.0000000000
68434  38.154  -25.468  45.235 0.0000000000
67261  38.777  -26.022  46.531 0.0000000000
69587  37.438  -23.487  46.212 0.0000000000
70807  36.813  -23.052  46.075 0.0000000000
59596  40.249  -32.145  52.991 0.0000000000
61962  40.913  -30.666  52.244 0.0000000000
61948  41.121  -30.469  53.506 0.0000000000
63183  40.967  -29.947  52.522 0.0000000000
63195  40.709  -29.942  51.412 0.0000000000
64495  40.683  -28.033  50.746 0.0000000000
65848  41.828  -28.018  52.959 0.0000000000
67189  40.977  -26.422  53.064 0.0000000000
65857  41.408  -26.971  52.561 0.0000000000
65869  41.474  -27.415  52.140 0.0000000000
65883  41.083  -27.266  51.283 0.0000000000
65889  40.777  -27.479  50.774 0.0000000000
67222  40.476  -27.351  49.863 0.0000000000
67236  40.343  -26.653  49.669 0.0000000000
68385  39.704  -24.614  50.058 0.0000000000
69577  39.321  -24.258  48.333 0.0000000000
70792  37.252  -22.939  46.677 0.0000000000
72123  36.952  -22.451  46.738 0.0000000000
73529  36.854  -22.065  46.879 0.0000000000
73517  36.804  -21.673  47.720 0.0000000000
72084  37.731  -22.110  48.764 0.0000000000
73502  37.167  -21.664  48.580 0.0000000000
73518  36.498  -21.345  47.334 0.0000000000
74929  36.914  -20.459  47.933 0.0000000000
76287  37.467  -20.001  47.493 0.0000000000
73467  39.410  -21.811  51.363 0.0000000000
74852  38.571  -21.183  50.664 0.0000000000
76214  38.489  -20.817  50.388 0.0000000000
77477  39.230  -19.970  51.237 0.0000000000
76232  38.837  -20.099  50.574 0.0000000000
76249  38.209  -20.015  49.452 0.0000000000
77509  37.853  -19.847  48.760 0.0000000000
77543  37.889  -19.361  48.134 0.0000000000
76286  38.220  -19.733  47.372 0.0000000000
76285  38.919  -19.917  47.632 0.0000000000
76284  39.891  -20.347  47.617 0.0000000000
76266  40.288  -19.990  48.363 0.0000000000
76283  40.793  -20.371  47.860 0.0000000000
95674  49.739  -4.260  20.555 0.0000000000
95665  49.060  -4.931  20.947 0.0000000000
94479  49.825  -5.513  20.412 0.0000000000
92082  50.486  -7.191  20.663 0.0000000000
90806  51.625  -8.171  21.285 0.0000000000
90792  51.245  -8.233  21.952 0.0000000000
90790  52.907  -8.169  22.533 0.0000000000
92033  53.658  -7.756  22.791 0.0000000000
93221  52.499  -6.371  24.626 0.0000000000
93208  52.417  -6.191  25.255 0.0000000000
93220  53.317  -6.173  24.377 0.0000000000
94437  54.043  -6.114  24.060 0.0000000000
94423  55.221  -5.460  24.493 0.0000000000
96758  57.112  -4.001  26.481 0.0000000000
44330  9.132  -44.545  60.402 0.0000000000
45523  8.491  -43.635  66.967 0.0000000000
45564  10.273  -43.911  62.810 0.0000000000
45602  9.021  -44.421  60.152 0.0000000000
45614  8.278  -44.585  59.332 0.0000000000
45627  7.634  -44.644  58.559 0.0000000000
46795  10.568  -42.958  66.845 0.0000000000
46797  8.815  -43.535  67.115 0.0000000000
46804  8.956  -43.594  66.822 0.0000000000
46814  11.349  -42.878  63.957 0.0000000000
46843  11.982  -42.662  61.903 0.0000000000
46874  11.318  -43.485  60.033 0.0000000000
46889  11.057  -43.556  59.322 0.0000000000
48114  11.173  -42.717  64.438 0.0000000000
53412  35.452  -37.537  53.283 0.0000000000
54643  29.957  -36.370  54.488 0.0000000000
54716  19.206  -37.041  51.502 0.0000000000
55839  26.508  -37.019  54.555 0.0000000000
55910  35.989  -36.068  51.100 0.0000000000
55935  36.194  -35.337  50.795 0.0000000000
55943  24.756  -35.179  50.118 0.0000000000
57183  28.752  -36.110  53.126 0.0000000000
57234  33.956  -35.360  49.282 0.0000000000
59664  26.697  -33.111  49.643 0.0000000000
59666  26.344  -33.539  49.919 0.0000000000
60729  41.089  -30.753  53.818 0.0000000000
60745  40.971  -30.802  53.507 0.0000000000
61949  40.885  -30.505  53.051 0.0000000000
62024  39.073  -30.604  48.707 0.0000000000
63168  40.962  -30.206  53.148 0.0000000000
63247  38.985  -30.473  48.516 0.0000000000
64483  41.280  -27.764  51.518 0.0000000000
65849  41.738  -27.497  53.331 0.0000000000
65856  41.643  -27.728  52.603 0.0000000000
65882  41.353  -27.473  51.734 0.0000000000
65890  40.602  -27.717  50.321 0.0000000000
68397  40.107  -26.317  49.659 0.0000000000
69595  36.152  -23.142  45.270 0.0000000000
70734  39.129  -23.076  50.491 0.0000000000
70776  37.151  -22.594  46.961 0.0000000000
70793  36.648  -22.719  46.314 0.0000000000
72141  34.554  -22.357  45.377 0.0000000000
72174  38.403  -22.705  43.021 0.0000000000
72176  37.235  -22.548  43.255 0.0000000000
73468  38.755  -21.789  50.967 0.0000000000
73538  34.319  -22.053  45.785 0.0000000000
73575  46.467  -21.280  44.687 0.0000000000
73608  36.659  -21.829  43.754 0.0000000000
73659  39.696  -21.595  40.435 0.0000000000
73661  38.374  -22.166  39.918 0.0000000000
73663  34.602  -22.707  41.719 0.0000000000
73684  38.331  -21.898  39.115 0.0000000000
74867  37.759  -21.131  49.547 0.0000000000
74905  36.524  -21.036  47.992 0.0000000000
74954  35.193  -20.994  45.874 0.0000000000
74976  38.750  -21.059  45.758 0.0000000000
75005  34.879  -21.089  44.255 0.0000000000
75027  36.432  -21.023  43.982 0.0000000000
75030  34.304  -21.371  43.384 0.0000000000
75051  34.027  -21.295  43.112 0.0000000000
75104  39.473  -21.396  39.415 0.0000000000
75161  40.021  -20.079  36.425 0.0000000000
76233  38.346  -20.426  49.896 0.0000000000
76326  36.794  -20.550  45.399 0.0000000000
76327  36.263  -20.454  45.170 0.0000000000
76344  35.988  -20.593  44.681 0.0000000000
76358  35.808  -20.776  44.308 0.0000000000
76455  40.706  -19.863  37.375 0.0000000000
77456  39.521  -20.097  51.793 0.0000000000
77494  38.441  -19.845  49.693 0.0000000000
77525  37.851  -19.550  48.418 0.0000000000
77541  38.440  -19.600  47.917 0.0000000000
77787  40.650  -18.947  33.814 0.0000000000
78953  47.829  -18.019  39.565 0.0000000000
79070  44.234  -17.369  33.012 0.0000000000
79085  44.531  -17.048  32.889 0.0000000000
80328  48.589  -16.481  35.068 0.0000000000
80339  46.330  -16.725  33.449 0.0000000000
80354  44.470  -16.772  32.812 0.0000000000
80355  44.304  -16.935  32.743 0.0000000000
81664  48.647  -15.730  34.481 0.0000000000
81667  46.111  -14.996  33.059 0.0000000000
81679  48.407  -15.382  34.031 0.0000000000
81683  44.651  -15.591  32.997 0.0000000000
82939  49.976  -15.153  35.958 0.0000000000
82957  45.467  -13.868  33.917 0.0000000000
82993  48.240  -15.280  33.876 0.0000000000
82994  48.007  -15.308  33.759 0.0000000000
82995  45.141  -15.171  33.240 0.0000000000
82996  44.837  -14.920  33.357 0.0000000000
84239  45.436  -13.479  34.076 0.0000000000
84253  50.126  -13.899  34.715 0.0000000000
84254  49.543  -13.841  34.415 0.0000000000
84258  44.928  -13.554  33.769 0.0000000000
84300  48.482  -13.152  31.377 0.0000000000
84310  49.116  -13.139  30.623 0.0000000000
84311  48.731  -13.253  30.905 0.0000000000
84314  45.742  -13.403  30.253 0.0000000000
84324  48.518  -13.393  29.944 0.0000000000
85410  45.654  -12.782  34.265 0.0000000000
85411  45.264  -13.207  33.947 0.0000000000
85503  50.076  -12.455  29.019 0.0000000000
86650  48.658  -11.850  34.568 0.0000000000
86661  48.249  -11.733  34.384 0.0000000000
86663  46.928  -11.840  34.085 0.0000000000
86683  46.923  -11.671  33.615 0.0000000000
86732  52.431  -11.110  30.394 0.0000000000
86743  52.922  -10.888  29.579 0.0000000000
86759  52.907  -10.960  29.308 0.0000000000
86762  50.749  -11.620  28.550 0.0000000000
86766  46.820  -10.957  28.490 0.0000000000
87958  47.460  -11.589  33.994 0.0000000000
87978  47.715  -11.471  33.682 0.0000000000
87991  49.586  -10.943  33.060 0.0000000000
87992  48.739  -11.249  33.061 0.0000000000
88050  53.205  -10.380  28.027 0.0000000000
88055  46.318  -10.257  27.782 0.0000000000
89352  58.083  -9.630  33.795 0.0000000000
89376  53.209  -10.051  31.823 0.0000000000
89428  48.168  -8.946  26.655 0.0000000000
90656  58.103  -9.121  33.435 0.0000000000
90681  54.378  -8.950  31.250 0.0000000000
90740  49.254  -8.171  25.962 0.0000000000
90770  52.624  -8.092  22.974 0.0000000000
90791  51.908  -8.325  22.270 0.0000000000
90803  54.228  -8.161  21.728 0.0000000000
90807  50.982  -7.960  21.542 0.0000000000
90816  54.149  -8.181  20.879 0.0000000000
91986  50.200  -7.419  25.577 0.0000000000
92011  53.366  -7.352  23.378 0.0000000000
92034  53.127  -7.771  23.032 0.0000000000
92038  48.818  -7.548  23.112 0.0000000000
92058  51.039  -7.691  20.879 0.0000000000
92083  50.101  -7.265  21.092 0.0000000000
92112  55.302  -7.048  17.601 0.0000000000
92114  53.202  -6.826  17.805 0.0000000000
93288  56.553  -5.908  20.130 0.0000000000
93315  50.733  -5.982  19.468 0.0000000000
93331  56.451  -6.079  18.595 0.0000000000
93334  54.539  -6.960  17.610 0.0000000000
94434  56.622  -5.044  23.795 0.0000000000
95603  56.807  -4.342  27.313 0.0000000000
95619  54.419  -5.406  25.285 0.0000000000
95628  54.820  -5.312  24.951 0.0000000000
95653  57.007  -4.910  23.111 0.0000000000
96802  50.078  -3.233  21.068 0.0000000000
