#!ascii label  , from subject 3061 vox2ras=TkReg
1028
96194  19.011  -4.628  -19.025 0.2500000000
95045  19.478  -5.337  -19.973 0.2500000000
93846  19.766  -5.979  -20.114 0.7500000000
98473  18.479  -2.658  -19.350 0.2500000000
97345  18.753  -3.733  -19.376 0.2500000000
96207  18.873  -4.336  -19.133 0.2500000000
96219  19.943  -4.564  -20.726 0.7500000000
96206  19.208  -4.398  -19.679 0.3750000000
93845  20.312  -6.090  -20.413 0.8750000000
95057  19.979  -5.479  -20.480 0.8750000000
93844  21.147  -6.164  -20.677 0.8750000000
98486  19.059  -2.879  -20.249 0.3750000000
97358  19.448  -3.522  -20.431 0.3750000000
97375  20.124  -3.466  -21.275 0.8750000000
96232  22.119  -4.311  -21.697 1.0000000000
96233  21.098  -4.599  -21.542 1.0000000000
96234  20.508  -4.164  -21.395 0.8750000000
95070  21.640  -5.428  -21.221 1.0000000000
96218  20.506  -4.685  -21.219 0.8750000000
95069  22.642  -5.270  -21.281 1.0000000000
98504  19.246  -2.740  -20.792 0.7500000000
98503  19.566  -2.731  -21.155 0.8750000000
98485  19.307  -2.979  -20.674 0.7500000000
96244  22.675  -3.815  -21.766 1.0000000000
97373  21.559  -3.901  -21.840 1.0000000000
97374  21.036  -3.379  -21.905 1.0000000000
96230  23.992  -4.613  -21.245 1.0000000000
96231  23.149  -4.367  -21.485 1.0000000000
95068  23.602  -5.305  -21.207 1.0000000000
99625  18.058  -1.734  -18.256 0.1250000000
99676  19.142  -2.357  -21.011 0.6250000000
98502  20.379  -2.353  -21.813 1.0000000000
97391  21.545  -2.816  -22.314 1.0000000000
97371  23.936  -3.780  -21.416 1.0000000000
97372  23.216  -3.461  -21.729 1.0000000000
96245  22.346  -3.683  -21.948 1.0000000000
96229  24.772  -4.356  -21.331 1.0000000000
96243  26.013  -4.530  -22.520 1.0000000000
101978  16.533  0.626  -17.951 0.2500000000
99642  18.221  -1.412  -19.317 0.2500000000
99657  18.913  -1.660  -20.575 0.5000000000
99656  19.316  -1.101  -21.168 1.0000000000
100847  19.108  -0.880  -20.967 0.6250000000
99675  19.780  -1.515  -21.638 1.0000000000
98519  21.993  -2.245  -22.529 1.0000000000
99674  20.254  -1.763  -21.987 1.0000000000
97370  24.815  -3.384  -21.444 1.0000000000
98501  23.136  -2.944  -21.941 1.0000000000
98517  23.456  -2.278  -22.184 1.0000000000
97369  25.816  -3.106  -21.766 1.0000000000
97388  26.007  -3.736  -22.241 1.0000000000
97368  26.566  -2.643  -21.834 1.0000000000
97387  26.806  -3.368  -22.795 1.0000000000
103136  16.655  1.014  -18.379 0.5000000000
101977  16.946  0.251  -18.380 0.3750000000
101998  17.569  0.443  -19.381 0.3750000000
101997  17.880  -0.004  -19.679 0.5000000000
100864  18.973  0.128  -21.383 0.8750000000
100863  19.420  -0.363  -21.520 1.0000000000
102042  19.886  0.531  -22.403 1.0000000000
99688  22.641  -1.278  -22.563 1.0000000000
100878  20.692  -0.448  -22.503 1.0000000000
99673  24.414  -1.551  -21.375 1.0000000000
99687  23.558  -1.622  -22.104 1.0000000000
98497  26.805  -1.891  -21.588 1.0000000000
97386  27.356  -2.769  -23.416 0.8750000000
101952  16.414  0.734  -17.601 0.5000000000
102013  17.791  1.019  -20.068 0.6250000000
102028  18.654  0.655  -21.318 1.0000000000
102012  18.119  0.549  -20.364 0.7500000000
102041  20.693  0.421  -22.782 1.0000000000
100860  25.867  -0.503  -20.930 1.0000000000
102025  24.749  0.365  -21.386 1.0000000000
100875  23.351  -0.443  -22.167 1.0000000000
100876  22.721  -0.217  -22.633 1.0000000000
99654  25.860  -0.861  -20.884 1.0000000000
99655  25.673  -1.028  -20.866 1.0000000000
100862  24.099  -0.562  -21.573 1.0000000000
99669  27.616  -0.909  -22.145 0.8750000000
99671  26.205  -1.173  -21.101 1.0000000000
99704  27.842  -1.658  -23.848 0.8750000000
103181  17.692  1.531  -19.825 0.8750000000
104414  21.508  1.835  -23.304 1.0000000000
103205  20.587  1.427  -22.928 1.0000000000
102024  25.644  0.358  -21.011 1.0000000000
103191  23.724  1.393  -21.844 1.0000000000
100889  22.266  -0.097  -23.037 1.0000000000
103178  25.906  1.310  -20.605 1.0000000000
100873  28.354  -0.260  -22.756 1.0000000000
100859  26.925  -0.365  -20.943 1.0000000000
102011  26.360  0.711  -20.692 1.0000000000
100844  27.450  0.202  -21.117 1.0000000000
103137  16.115  1.403  -18.135 0.5000000000
103168  16.737  1.696  -18.602 0.8750000000
104379  17.555  2.372  -19.640 1.0000000000
105637  19.907  3.615  -22.658 1.0000000000
104404  20.269  2.535  -22.808 1.0000000000
104392  18.573  2.436  -20.857 1.0000000000
105609  25.458  3.314  -20.439 1.0000000000
104377  24.100  2.746  -21.170 1.0000000000
104373  27.369  2.068  -20.535 1.0000000000
104375  25.664  2.262  -20.340 1.0000000000
104389  24.204  2.096  -21.534 1.0000000000
103188  28.039  1.323  -21.317 1.0000000000
104374  26.573  2.103  -20.306 1.0000000000
102021  28.495  0.560  -21.934 0.8750000000
109196  17.068  6.317  -18.189 1.0000000000
109160  16.187  7.448  -16.559 0.3750000000
109197  16.475  6.027  -17.639 0.8750000000
106838  18.029  4.085  -20.112 1.0000000000
105610  24.533  3.457  -20.764 1.0000000000
105625  22.290  3.863  -22.254 1.0000000000
110372  17.890  7.497  -18.716 0.8750000000
110392  17.669  6.779  -19.329 1.0000000000
109218  17.475  6.413  -19.073 1.0000000000
108008  17.450  5.457  -19.229 1.0000000000
109242  18.443  6.403  -20.264 1.0000000000
106868  19.067  4.748  -21.680 1.0000000000
106836  24.168  4.466  -20.778 1.0000000000
106854  22.585  4.585  -21.826 1.0000000000
106835  25.143  4.403  -20.455 1.0000000000
110435  19.154  7.410  -21.236 1.0000000000
109276  19.579  6.547  -22.255 1.0000000000
109238  24.203  6.499  -20.673 1.0000000000
108047  21.254  6.164  -22.997 1.0000000000
108028  22.992  5.520  -21.489 1.0000000000
110415  18.743  7.351  -20.527 1.0000000000
110448  19.895  7.344  -22.284 1.0000000000
109260  21.331  6.545  -22.489 1.0000000000
119074  20.556  15.426  -19.929 0.1250000000
120192  20.561  16.014  -19.860 0.1250000000
118081  21.609  14.779  -20.813 0.2500000000
119073  20.935  15.483  -20.389 0.1250000000
119087  21.370  15.833  -20.832 0.2500000000
118086  22.562  15.036  -21.569 0.5000000000
118095  23.281  15.135  -22.343 0.3750000000
120221  21.437  16.549  -20.918 0.2500000000
119102  22.655  16.252  -21.950 0.2500000000
119086  21.796  16.189  -21.391 0.2500000000
120232  22.447  17.048  -22.571 0.2500000000
118096  22.850  15.552  -22.114 0.2500000000
119113  22.733  16.439  -22.811 0.2500000000
119101  23.010  15.799  -22.599 0.3750000000
119100  23.562  15.436  -22.923 0.3750000000
119112  23.130  15.997  -23.490 0.2500000000
96195  18.779  -4.534  -18.463 0.1250000000
97344  19.145  -3.768  -19.829 0.2500000000
97330  18.388  -3.594  -18.350 0.1250000000
95066  25.467  -5.087  -21.654 1.0000000000
103180  18.137  1.584  -20.427 0.8750000000
104390  23.527  2.444  -21.835 1.0000000000
95024  19.349  -5.589  -17.916 0.1250000000
93843  21.870  -6.715  -20.755 0.7500000000
98458  18.236  -2.577  -18.331 0.1250000000
93858  23.178  -6.080  -20.955 1.0000000000
93857  24.175  -6.155  -21.006 1.0000000000
95080  25.861  -5.813  -22.406 1.0000000000
99643  17.872  -1.228  -18.696 0.3750000000
100815  17.535  -0.413  -18.454 0.2500000000
97397  27.484  -3.184  -23.952 0.8750000000
99703  28.398  -1.071  -23.790 0.8750000000
98532  27.569  -2.325  -23.908 0.8750000000
100888  28.915  -0.363  -23.669 0.8750000000
109149  16.452  7.618  -15.906 0.1250000000
109152  12.789  6.466  -14.701 0.1250000000
103107  14.839  1.621  -17.245 0.3750000000
104329  16.165  2.451  -18.278 0.6250000000
104388  28.108  2.041  -20.962 1.0000000000
102049  28.777  0.149  -23.189 0.8750000000
110373  17.475  7.005  -18.986 0.8750000000
107939  14.752  6.192  -16.631 0.3750000000
106786  15.431  4.533  -17.627 0.8750000000
106834  26.252  4.258  -20.330 1.0000000000
108024  27.065  5.320  -20.475 1.0000000000
110391  18.159  7.255  -19.561 1.0000000000
108026  24.685  5.472  -20.441 1.0000000000
112801  19.098  8.757  -20.469 0.8750000000
112832  21.516  9.259  -21.446 1.0000000000
111637  20.743  7.740  -22.191 1.0000000000
109239  23.379  6.489  -21.227 1.0000000000
119055  20.841  15.274  -18.843 0.1250000000
117083  20.712  13.558  -19.839 0.1250000000
116057  20.813  12.411  -20.304 0.6250000000
118080  22.231  14.370  -21.105 0.6250000000
117088  23.385  13.947  -21.440 0.5000000000
120203  20.974  16.201  -20.323 0.2500000000
118085  23.701  14.480  -21.967 0.5000000000
120202  21.492  16.763  -20.461 0.2500000000
120220  22.019  17.155  -21.582 0.2500000000
119111  23.875  15.257  -23.624 0.5000000000
121381  22.660  17.440  -22.429 0.1250000000
120240  22.517  16.862  -23.574 0.2500000000
120239  22.903  16.399  -24.311 0.2500000000
120251  23.020  16.441  -25.205 0.2500000000
121395  22.640  17.553  -23.117 0.1250000000
95035  19.233  -5.254  -18.895 0.1250000000
93832  19.547  -6.109  -19.476 0.5000000000
95055  21.135  -5.528  -21.025 0.8750000000
93859  22.284  -6.078  -21.007 1.0000000000
95071  21.098  -5.254  -21.273 1.0000000000
95067  24.578  -5.328  -21.245 1.0000000000
98520  21.188  -2.255  -22.404 1.0000000000
98518  22.947  -2.494  -22.347 1.0000000000
96228  25.497  -4.020  -21.800 1.0000000000
100833  17.832  -0.585  -19.074 0.3750000000
100832  18.153  -0.372  -19.814 0.5000000000
100848  18.682  -0.421  -20.673 0.8750000000
99690  20.649  -1.390  -22.385 1.0000000000
99689  21.719  -1.179  -22.886 1.0000000000
98500  23.847  -2.671  -21.836 1.0000000000
98499  24.983  -2.422  -21.178 1.0000000000
98516  27.100  -2.408  -22.187 1.0000000000
100879  20.106  -0.392  -22.215 1.0000000000
102027  19.298  0.684  -21.814 1.0000000000
99705  22.286  -0.691  -22.947 1.0000000000
100890  21.806  -0.240  -23.159 1.0000000000
99686  27.881  -1.121  -22.925 0.8750000000
103192  19.132  1.584  -21.755 1.0000000000
102052  20.955  0.753  -23.225 1.0000000000
102023  26.358  0.127  -20.805 1.0000000000
100861  24.990  -0.579  -21.021 1.0000000000
102038  23.290  0.549  -22.351 1.0000000000
102026  23.882  0.447  -21.698 1.0000000000
99685  28.350  -0.687  -23.293 0.8750000000
104402  22.070  2.340  -23.178 1.0000000000
103202  23.101  1.483  -22.440 1.0000000000
103214  21.811  1.319  -23.331 1.0000000000
103189  25.282  1.043  -21.220 1.0000000000
102039  22.641  0.627  -22.785 1.0000000000
103177  26.806  1.298  -20.483 1.0000000000
102009  27.597  0.748  -21.170 1.0000000000
104362  16.579  2.357  -18.609 0.6250000000
104361  17.027  2.372  -19.104 0.7500000000
104378  18.078  2.416  -20.249 1.0000000000
104405  19.530  2.567  -22.238 1.0000000000
105612  17.919  3.141  -20.050 1.0000000000
105634  22.375  3.123  -22.559 1.0000000000
106856  18.851  3.910  -21.313 1.0000000000
105635  21.687  3.530  -22.772 1.0000000000
105608  26.445  3.107  -20.226 1.0000000000
105611  23.703  3.487  -21.198 1.0000000000
107977  16.703  5.050  -18.498 1.0000000000
107978  16.084  5.438  -17.671 0.7500000000
105613  17.406  3.401  -19.505 1.0000000000
106866  20.382  4.666  -22.740 1.0000000000
106815  16.951  4.120  -18.798 1.0000000000
106839  17.565  4.605  -19.584 1.0000000000
111586  18.645  8.165  -20.112 0.8750000000
108030  17.648  5.151  -19.644 1.0000000000
108048  18.653  5.635  -20.862 1.0000000000
108061  20.884  5.692  -23.057 1.0000000000
108060  21.179  5.380  -22.789 1.0000000000
106869  18.902  5.176  -21.231 1.0000000000
111638  20.200  7.834  -22.208 1.0000000000
108064  18.887  5.676  -21.592 1.0000000000
110432  22.001  7.351  -21.702 1.0000000000
111622  20.382  8.390  -21.916 1.0000000000
111603  19.040  8.162  -20.867 1.0000000000
118067  20.730  14.670  -18.859 0.1250000000
118082  20.815  14.610  -20.248 0.1250000000
118077  20.580  14.640  -19.529 0.1250000000
120191  20.962  16.387  -19.711 0.2500000000
118087  21.760  15.494  -21.184 0.2500000000
117082  21.185  13.605  -20.529 0.5000000000
117089  22.648  14.021  -21.247 0.7500000000
119125  23.599  15.671  -24.655 0.2500000000
95009  19.374  -5.570  -16.925 0.1250000000
93818  19.553  -6.321  -18.565 0.1250000000
93831  19.957  -6.658  -19.884 0.6250000000
92636  20.555  -6.856  -20.220 0.7500000000
93842  22.729  -6.829  -20.770 1.0000000000
107942  11.721  4.962  -15.123 0.5000000000
104330  15.601  2.258  -17.750 0.6250000000
105559  16.008  3.180  -18.299 0.7500000000
105592  16.483  3.141  -18.626 0.8750000000
106742  13.566  5.020  -16.681 0.7500000000
105543  14.205  3.382  -17.422 0.8750000000
106816  16.409  3.676  -18.539 1.0000000000
106784  16.624  4.491  -18.545 1.0000000000
112816  19.208  8.683  -20.935 1.0000000000
112831  22.524  9.524  -21.151 1.0000000000
110431  22.837  7.429  -21.364 1.0000000000
116046  20.247  12.287  -19.260 0.3750000000
116056  21.699  12.511  -20.649 0.7500000000
117081  22.125  13.580  -20.893 0.7500000000
117080  23.077  13.266  -20.987 0.7500000000
118112  23.691  15.128  -25.473 0.3750000000
88741  22.474  -10.519  -19.291 0.7500000000
87438  24.617  -11.413  -20.805 0.7500000000
90071  21.483  -9.799  -19.359 0.7500000000
88760  24.424  -10.580  -21.030 0.7500000000
88740  23.326  -10.655  -20.075 0.7500000000
90069  23.279  -10.065  -20.140 0.7500000000
90070  22.837  -9.784  -19.819 0.7500000000
90103  24.897  -10.088  -21.492 0.7500000000
90089  23.683  -9.754  -20.527 0.7500000000
92618  20.926  -7.849  -19.812 0.7500000000
92635  21.237  -7.450  -20.233 0.6250000000
90090  23.003  -9.040  -20.164 0.7500000000
91394  22.680  -8.278  -20.260 0.8750000000
91395  21.905  -8.092  -20.061 0.8750000000
90088  24.510  -9.745  -21.124 0.7500000000
91392  24.485  -8.835  -21.075 0.7500000000
92633  23.161  -7.658  -20.661 0.8750000000
91406  25.281  -8.667  -21.717 0.7500000000
91391  25.073  -8.386  -21.071 0.7500000000
92646  25.165  -7.747  -21.153 0.8750000000
93841  23.703  -6.900  -20.665 0.8750000000
92657  25.642  -7.609  -22.392 0.7500000000
92647  24.599  -7.001  -20.886 0.8750000000
93856  25.217  -6.436  -21.582 0.8750000000
93870  26.223  -6.679  -23.166 0.8750000000
95079  26.386  -5.381  -23.282 0.8750000000
95117  28.077  -5.042  -25.283 0.3750000000
96278  27.226  -4.632  -24.997 0.6250000000
97414  26.815  -4.280  -24.770 0.7500000000
96242  26.426  -4.405  -23.455 0.7500000000
96276  28.582  -4.459  -25.640 0.5000000000
97426  28.053  -3.773  -25.718 0.5000000000
97413  27.298  -3.410  -25.013 0.7500000000
97436  29.785  -3.759  -27.048 0.1250000000
98572  29.361  -3.268  -27.122 0.3750000000
98573  28.664  -3.194  -26.589 0.6250000000
98541  28.118  -2.719  -25.290 0.6250000000
98542  27.742  -2.496  -24.605 0.6250000000
97444  31.628  -3.490  -27.808 0.1250000000
97445  30.915  -3.567  -28.017 0.1250000000
99763  30.558  -2.617  -27.943 0.1250000000
99731  29.676  -1.495  -26.086 0.6250000000
100918  29.937  -1.061  -25.456 0.6250000000
100905  28.892  -0.915  -24.235 0.7500000000
99776  31.450  -2.706  -28.769 0.1250000000
100937  32.213  -1.375  -28.527 0.1250000000
100928  31.102  -1.336  -26.707 0.1250000000
100917  30.729  -0.691  -26.016 0.5000000000
100904  29.748  -0.598  -24.697 0.6250000000
100887  29.547  -0.060  -23.957 0.7500000000
98591  32.888  -3.259  -29.199 0.1250000000
100916  31.670  -0.373  -26.588 0.5000000000
103232  30.642  0.659  -25.200 0.5000000000
102059  29.973  0.361  -24.234 0.6250000000
102048  29.312  0.511  -23.512 0.7500000000
111570  18.614  8.245  -19.273 0.6250000000
113927  19.529  10.186  -20.272 0.5000000000
112791  18.927  8.793  -19.775 0.7500000000
104425  30.422  1.789  -24.631 0.6250000000
104386  28.936  2.192  -21.879 0.6250000000
105621  28.809  2.377  -21.736 0.8750000000
104434  30.715  2.281  -25.272 0.5000000000
104426  29.652  2.052  -23.893 0.6250000000
105644  29.124  2.607  -23.044 0.6250000000
105622  28.553  2.754  -21.510 0.7500000000
105623  27.826  3.010  -20.881 0.8750000000
108025  25.790  5.424  -20.329 0.8750000000
109237  25.185  6.502  -20.318 0.8750000000
105633  28.948  3.335  -22.217 0.7500000000
108023  27.954  4.690  -20.861 0.8750000000
109236  26.249  6.487  -20.409 0.8750000000
104442  30.687  2.524  -26.047 0.3750000000
105653  30.189  2.469  -24.650 0.5000000000
105654  29.593  3.061  -24.317 0.5000000000
106852  28.229  3.871  -21.312 0.6250000000
105675  30.333  3.126  -26.611 0.2500000000
105664  30.230  2.874  -25.372 0.3750000000
105645  28.867  3.551  -23.395 0.5000000000
115012  20.629  10.641  -21.047 0.7500000000
112814  19.970  9.358  -21.308 0.8750000000
113926  20.238  9.874  -20.811 0.7500000000
112833  20.584  9.179  -21.538 0.8750000000
110412  23.705  7.463  -20.988 0.8750000000
110411  24.587  7.487  -20.532 0.7500000000
110409  26.490  7.483  -20.766 0.8750000000
106864  28.599  4.234  -22.493 0.6250000000
108043  28.181  4.920  -21.723 0.7500000000
105665  29.598  3.544  -25.551 0.3750000000
105655  28.918  3.829  -24.585 0.5000000000
108059  27.958  5.833  -22.067 0.7500000000
115004  20.134  11.178  -20.321 0.6250000000
113937  21.603  10.293  -21.310 0.8750000000
112830  23.459  9.132  -20.989 0.8750000000
113923  23.792  10.533  -20.669 0.7500000000
111600  24.898  8.445  -20.578 0.8750000000
110430  26.862  7.836  -21.200 0.7500000000
108058  28.162  5.036  -22.830 0.5000000000
105666  28.694  3.999  -25.775 0.2500000000
106883  28.370  4.538  -24.841 0.5000000000
106876  28.492  4.381  -23.670 0.5000000000
105676  29.262  3.622  -26.835 0.2500000000
116055  22.686  12.510  -20.718 0.6250000000
115001  23.267  11.541  -20.632 0.7500000000
115000  24.383  11.417  -20.521 0.7500000000
114999  25.180  10.947  -20.676 0.7500000000
113921  25.693  10.106  -20.909 0.7500000000
113922  24.769  10.307  -20.564 0.7500000000
115010  25.072  11.584  -20.829 0.7500000000
112829  26.332  9.377  -21.343 0.7500000000
111617  26.790  8.526  -21.500 0.7500000000
112828  26.922  9.354  -21.810 0.7500000000
109283  27.579  6.672  -23.506 0.5000000000
110445  27.386  7.562  -22.734 0.3750000000
106890  27.789  4.425  -25.900 0.2500000000
108080  27.631  5.752  -24.325 0.3750000000
116053  24.798  12.438  -20.810 0.7500000000
115009  25.812  11.244  -21.197 0.7500000000
115008  26.467  10.926  -21.868 0.7500000000
113933  26.867  9.542  -22.682 0.6250000000
110460  27.028  7.473  -24.401 0.3750000000
111635  27.132  8.371  -23.001 0.3750000000
106898  27.614  4.135  -26.630 0.1250000000
108097  26.823  5.036  -26.310 0.1250000000
109300  27.066  6.101  -25.387 0.2500000000
117079  24.004  13.180  -21.078 0.6250000000
117078  24.775  13.250  -21.079 0.7500000000
116060  25.650  12.421  -21.505 0.6250000000
115017  26.216  11.655  -21.896 0.7500000000
112842  26.815  9.124  -23.208 0.3750000000
113944  26.673  10.253  -23.271 0.3750000000
113935  26.445  10.217  -21.512 0.7500000000
110461  26.788  7.483  -24.901 0.2500000000
111653  26.851  7.924  -24.457 0.3750000000
112827  27.041  9.183  -22.466 0.6250000000
106909  25.919  5.017  -27.331 0.1250000000
108098  26.403  5.538  -26.376 0.1250000000
106899  27.022  4.392  -26.587 0.1250000000
117087  24.361  13.832  -21.578 0.6250000000
117093  26.569  12.914  -22.994 0.3750000000
116052  25.231  12.959  -21.076 0.3750000000
116065  26.712  12.183  -23.182 0.3750000000
112862  26.415  9.447  -24.933 0.2500000000
112843  26.698  9.618  -23.301 0.3750000000
115016  26.657  11.277  -22.632 0.3750000000
109309  25.501  6.504  -26.734 0.1250000000
110469  26.453  7.504  -25.611 0.3750000000
111646  26.717  8.744  -24.035 0.3750000000
106931  25.863  4.551  -28.760 0.1250000000
109308  26.141  6.569  -26.166 0.1250000000
118103  24.419  14.497  -23.821 0.3750000000
118084  24.363  14.314  -22.069 0.3750000000
117086  25.168  13.327  -21.621 0.3750000000
117102  26.025  13.135  -23.685 0.3750000000
117094  25.793  13.240  -22.480 0.3750000000
115033  26.205  11.347  -24.697 0.3750000000
116071  26.429  12.259  -23.984 0.3750000000
117101  26.498  12.667  -23.466 0.3750000000
112871  25.924  9.565  -25.590 0.3750000000
115022  26.643  11.306  -23.696 0.3750000000
109319  24.581  7.164  -27.886 0.1250000000
110478  25.954  7.421  -26.352 0.1250000000
111661  26.152  8.531  -25.908 0.2500000000
108119  25.282  5.264  -28.652 0.1250000000
117112  24.981  13.504  -24.416 0.2500000000
116085  25.044  12.294  -25.534 0.2500000000
117111  25.649  12.964  -24.308 0.3750000000
113978  25.305  10.475  -26.227 0.1250000000
115034  25.752  11.825  -24.882 0.3750000000
116072  25.949  12.613  -24.271 0.3750000000
112872  25.502  9.632  -26.154 0.1250000000
113977  25.723  10.397  -25.631 0.2500000000
110502  24.103  7.982  -28.404 0.1250000000
111662  25.738  9.085  -26.111 0.1250000000
118111  24.203  14.620  -24.852 0.3750000000
116080  24.794  12.871  -25.227 0.2500000000
115062  25.027  11.053  -26.367 0.1250000000
115063  24.393  11.681  -26.766 0.1250000000
113994  24.219  10.661  -27.433 0.1250000000
115076  23.851  11.288  -27.508 0.1250000000
110510  24.097  7.802  -29.480 0.1250000000
112889  23.726  9.777  -27.968 0.1250000000
116102  22.441  12.892  -27.864 0.1250000000
112890  23.387  10.340  -28.283 0.1250000000
115077  23.272  12.008  -28.022 0.1250000000
112905  23.913  9.232  -30.367 0.1250000000
111707  23.776  8.880  -29.663 0.1250000000
95095  26.724  -5.909  -24.017 0.6250000000
103223  30.694  1.344  -25.167 0.6250000000
106832  27.934  4.156  -20.883 0.8750000000
115003  21.173  11.314  -21.003 0.6250000000
113925  21.985  10.845  -21.129 0.8750000000
113936  22.219  10.322  -21.165 0.8750000000
113924  22.767  10.606  -20.955 0.7500000000
112813  23.328  9.838  -20.817 0.8750000000
112812  24.214  9.438  -20.695 0.7500000000
112810  25.812  9.200  -21.020 0.7500000000
111599  25.772  8.418  -20.839 0.7500000000
108071  27.873  5.849  -23.180 0.5000000000
109273  27.649  6.704  -22.429 0.7500000000
108070  27.936  5.037  -23.958 0.5000000000
111682  24.702  8.131  -27.386 0.1250000000
115050  24.871  12.020  -25.980 0.2500000000
114011  23.510  10.794  -27.900 0.1250000000
111708  23.503  9.356  -29.119 0.1250000000
99748  29.442  -2.521  -26.932 0.5000000000
99720  28.543  -1.588  -24.854 0.6250000000
103231  31.004  1.050  -25.639 0.3750000000
104433  30.820  1.684  -25.260 0.3750000000
105674  31.189  2.633  -26.784 0.2500000000
109235  27.189  6.540  -20.716 0.7500000000
111673  24.770  9.177  -27.044 0.1250000000
105685  31.097  2.887  -27.836 0.1250000000
86167  23.541  -12.458  -19.344 0.7500000000
87424  22.888  -11.627  -19.239 0.7500000000
88720  22.138  -11.028  -18.745 0.7500000000
88742  21.831  -10.498  -19.035 0.7500000000
87422  24.742  -11.873  -19.994 0.7500000000
87423  23.952  -11.689  -19.944 0.7500000000
87437  25.199  -11.517  -20.511 0.7500000000
91376  21.147  -8.422  -19.723 0.6250000000
91375  22.117  -8.948  -20.008 0.7500000000
88777  25.297  -10.468  -21.433 0.6250000000
90102  25.503  -9.521  -21.902 0.7500000000
91417  25.804  -8.864  -22.737 0.6250000000
92656  26.395  -7.847  -23.058 0.6250000000
93885  26.623  -6.652  -23.620 0.5000000000
95094  27.348  -6.075  -23.934 0.3750000000
95108  27.208  -5.576  -24.582 0.5000000000
95116  28.273  -5.109  -25.126 0.1250000000
97425  29.865  -3.793  -26.167 0.1250000000
97435  30.648  -3.536  -27.066 0.1250000000
98570  31.601  -3.001  -27.030 0.1250000000
98590  33.404  -3.266  -28.745 0.1250000000
99774  33.911  -2.445  -29.655 0.1250000000
100946  33.226  -1.884  -29.554 0.1250000000
112800  19.174  9.448  -20.028 0.3750000000
100926  32.751  -0.639  -28.622 0.1250000000
103239  32.171  1.055  -26.818 0.1250000000
104441  31.270  1.925  -26.154 0.2500000000
115005  19.541  10.881  -19.710 0.5000000000
105686  29.958  3.310  -28.010 0.1250000000
105687  28.824  3.632  -28.053 0.1250000000
105678  27.523  3.846  -27.119 0.1250000000
105689  27.182  3.789  -27.636 0.1250000000
105712  26.786  4.274  -28.456 0.1250000000
108129  25.825  4.846  -29.412 0.1250000000
106930  26.535  4.497  -28.998 0.1250000000
109336  24.623  6.678  -29.775 0.1250000000
110525  24.869  6.806  -31.531 0.1250000000
117123  23.667  14.148  -25.945 0.2500000000
117133  23.463  13.716  -26.530 0.1250000000
117142  22.663  13.670  -27.388 0.1250000000
115090  22.806  11.766  -29.148 0.1250000000
115078  22.480  12.629  -28.327 0.1250000000
112898  23.332  9.955  -28.790 0.1250000000
111721  24.243  8.355  -30.511 0.1250000000
112906  23.480  9.838  -29.822 0.1250000000
97398  26.630  -3.858  -24.174 0.7500000000
104400  28.771  1.541  -21.926 0.7500000000
103200  29.053  1.300  -22.780 0.7500000000
92634  22.246  -7.517  -20.493 0.8750000000
106853  27.880  3.606  -20.898 0.8750000000
111620  22.232  8.370  -21.510 0.8750000000
111619  23.165  8.405  -21.243 0.8750000000
118094  24.233  14.699  -22.733 0.3750000000
119124  24.035  15.013  -24.234 0.3750000000
118122  23.846  14.486  -25.612 0.2500000000
87439  23.949  -11.100  -20.662 0.7500000000
87456  24.857  -10.981  -21.325 0.7500000000
88761  23.821  -10.555  -20.631 0.7500000000
91393  23.550  -8.552  -20.556 0.7500000000
91407  24.928  -9.395  -21.512 0.7500000000
92632  24.213  -7.849  -20.817 0.8750000000
93871  25.749  -6.669  -22.408 0.7500000000
92669  26.583  -7.088  -23.469 0.6250000000
96255  26.432  -4.817  -24.236 0.7500000000
95107  27.776  -5.425  -24.805 0.2500000000
96270  27.398  -5.234  -24.866 0.5000000000
96271  27.016  -4.949  -24.721 0.6250000000
97427  27.296  -4.231  -25.116 0.7500000000
97437  28.882  -3.881  -26.556 0.5000000000
96284  29.106  -4.170  -26.459 0.2500000000
96283  29.270  -4.214  -26.254 0.1250000000
98584  30.064  -3.170  -27.558 0.2500000000
99732  28.708  -2.312  -25.988 0.6250000000
97453  31.869  -3.477  -28.574 0.1250000000
97451  32.917  -3.394  -28.139 0.1250000000
99777  30.867  -2.925  -28.450 0.1250000000
99747  30.820  -1.766  -27.247 0.5000000000
99762  31.778  -1.795  -28.557 0.1250000000
99730  30.551  -1.344  -26.467 0.5000000000
99775  32.852  -2.433  -29.409 0.1250000000
100927  31.834  -0.951  -27.691 0.1250000000
102058  30.443  0.218  -24.849 0.6250000000
102066  31.515  0.231  -26.141 0.1250000000
103225  29.857  1.194  -24.072 0.6250000000
104413  29.239  1.832  -23.072 0.6250000000
108044  27.937  5.741  -20.981 0.7500000000
110408  27.183  7.274  -21.072 0.7500000000
115002  22.255  11.586  -20.925 0.6250000000
110410  25.550  7.494  -20.465 0.7500000000
112811  25.203  9.330  -20.668 0.7500000000
110429  27.296  7.598  -21.746 0.6250000000
111598  26.425  8.211  -21.096 0.7500000000
105677  28.221  3.976  -26.931 0.1250000000
116054  23.709  12.461  -20.445 0.7500000000
111616  27.226  8.472  -22.144 0.6250000000
109290  27.250  6.568  -24.667 0.3750000000
110454  27.271  7.510  -23.699 0.3750000000
108079  27.831  5.072  -25.073 0.1250000000
108089  27.147  5.345  -25.570 0.3750000000
116066  26.371  12.332  -22.388 0.3750000000
109301  26.725  6.567  -25.442 0.3750000000
106891  27.358  4.743  -25.910 0.1250000000
108090  26.888  5.893  -25.731 0.1250000000
106900  26.624  4.887  -26.604 0.1250000000
112854  26.663  9.362  -23.918 0.3750000000
113951  26.552  10.369  -24.294 0.3750000000
108108  25.559  5.481  -27.220 0.1250000000
106907  26.682  4.124  -27.588 0.1250000000
108099  25.770  5.944  -26.494 0.1250000000
117095  24.864  13.903  -22.271 0.3750000000
111654  26.626  8.417  -24.696 0.2500000000
109318  24.841  6.464  -27.735 0.1250000000
117103  25.149  13.927  -23.225 0.3750000000
115049  25.428  11.456  -25.631 0.3750000000
113961  26.238  10.365  -25.109 0.3750000000
110491  24.839  7.557  -27.407 0.1250000000
110492  24.427  7.728  -27.849 0.1250000000
109329  24.360  7.048  -28.582 0.1250000000
111671  25.687  7.978  -26.476 0.1250000000
111672  25.209  8.579  -26.743 0.1250000000
109335  25.438  5.907  -29.865 0.1250000000
109328  24.789  6.143  -28.975 0.1250000000
117122  24.202  13.649  -25.594 0.2500000000
116086  24.525  12.663  -26.027 0.2500000000
112881  24.547  9.762  -27.299 0.1250000000
111694  23.697  8.858  -28.639 0.1250000000
111683  24.357  8.724  -27.614 0.1250000000
117132  23.921  13.126  -26.107 0.1250000000
116093  23.820  12.688  -26.595 0.1250000000
115064  23.599  12.248  -27.096 0.1250000000
117143  22.266  13.725  -28.150 0.1250000000
116094  23.143  12.834  -27.213 0.1250000000
86168  23.005  -12.406  -19.035 0.7500000000
86166  24.382  -12.548  -19.362 0.7500000000
87410  22.272  -11.675  -18.685 0.7500000000
91377  20.609  -8.415  -19.331 0.5000000000
90072  20.684  -9.049  -19.287 0.6250000000
92668  26.863  -7.327  -23.408 0.5000000000
102081  33.554  -0.212  -29.311 0.1250000000
102073  32.728  -0.098  -27.968 0.1250000000
105688  27.847  3.535  -27.890 0.1250000000
109344  24.886  6.467  -30.813 0.1250000000
110518  24.533  7.262  -30.669 0.1250000000
87411  21.620  -11.659  -18.211 0.7500000000
90051  21.084  -10.081  -18.902 0.5000000000
84919  24.168  -13.207  -18.826 0.6250000000
87421  25.297  -11.773  -19.596 0.3750000000
86165  24.910  -12.202  -19.542 0.6250000000
88739  25.642  -11.062  -19.902 0.2500000000
113912  19.315  10.243  -19.416 0.3750000000
114991  19.738  11.469  -19.457 0.2500000000
88758  25.926  -10.182  -21.233 0.5000000000
90114  25.857  -9.241  -22.469 0.5000000000
91416  26.270  -8.849  -22.844 0.3750000000
87409  25.752  -11.709  -18.671 0.5000000000
86152  25.127  -12.354  -18.964 0.6250000000
83687  23.990  -14.107  -18.243 0.6250000000
88722  20.830  -10.479  -18.300 0.3750000000
84910  23.681  -13.642  -18.596 0.6250000000
86154  23.253  -12.917  -18.744 0.6250000000
86156  21.882  -12.361  -18.138 0.6250000000
86139  25.576  -12.682  -17.848 0.3750000000
86140  24.839  -13.134  -17.950 0.5000000000
84909  24.330  -13.547  -18.149 0.6250000000
90052  20.627  -9.785  -18.555 0.2500000000
87397  26.112  -11.923  -17.978 0.3750000000
88738  26.161  -10.437  -20.294 0.2500000000
88718  26.302  -10.608  -18.870 0.2500000000
92619  20.426  -7.661  -19.451 0.3750000000
90087  26.527  -9.728  -20.864 0.2500000000
90101  26.092  -9.328  -21.961 0.3750000000
91405  26.703  -8.643  -22.139 0.2500000000
92655  27.094  -7.703  -23.037 0.2500000000
93869  27.374  -6.971  -23.327 0.2500000000
100794  17.566  -0.506  -17.803 0.1250000000
103138  15.599  1.432  -17.491 0.2500000000
95093  28.033  -5.677  -24.121 0.2500000000
105524  12.453  4.089  -16.234 0.3750000000
103092  14.212  2.184  -17.017 0.2500000000
109175  16.971  6.767  -17.233 0.2500000000
101951  17.039  0.291  -17.598 0.1250000000
99610  17.686  -0.901  -17.976 0.2500000000
92620  19.720  -6.929  -19.208 0.2500000000
105544  13.496  3.215  -17.150 0.3750000000
88776  25.699  -9.864  -21.607 0.5000000000
87412  21.009  -10.975  -18.098 0.5000000000
88721  21.328  -10.530  -18.629 0.5000000000
88759  25.568  -10.877  -20.823 0.5000000000
95078  27.566  -6.426  -23.413 0.2500000000
86155  22.475  -12.402  -18.525 0.6250000000
92645  26.720  -8.214  -22.728 0.2500000000
86153  24.681  -12.866  -18.483 0.6250000000
88719  25.679  -11.256  -19.239 0.2500000000
86138  26.228  -12.212  -17.594 0.3750000000
84896  25.535  -13.264  -17.135 0.3750000000
92644  27.226  -7.771  -22.096 0.2500000000
83671  22.444  -14.399  -17.874 0.5000000000
84897  24.920  -13.566  -17.435 0.2500000000
82350  23.824  -14.990  -17.433 0.3750000000
83669  24.200  -14.451  -17.634 0.5000000000
83689  22.871  -14.585  -18.287 0.5000000000
83672  21.997  -14.558  -17.458 0.3750000000
84899  21.804  -13.688  -17.497 0.5000000000
84911  22.672  -13.702  -18.269 0.5000000000
84898  22.324  -13.930  -17.876 0.5000000000
86141  21.462  -12.423  -17.695 0.3750000000
84912  22.027  -12.939  -18.070 0.5000000000
82333  20.915  -15.378  -16.458 0.1250000000
82353  21.833  -15.060  -17.268 0.3750000000
86142  20.953  -12.388  -17.373 0.2500000000
79687  21.066  -17.512  -16.086 0.1250000000
80991  21.012  -15.952  -16.426 0.2500000000
81012  22.558  -16.048  -17.315 0.3750000000
82329  25.027  -14.868  -16.280 0.2500000000
82331  23.423  -15.734  -16.961 0.3750000000
82351  23.260  -15.333  -17.661 0.5000000000
82311  20.297  -15.800  -15.404 0.1250000000
81013  21.929  -15.677  -17.314 0.3750000000
81011  23.111  -15.936  -17.268 0.3750000000
83635  20.562  -14.395  -15.839 0.1250000000
86116  20.583  -12.542  -15.902 0.1250000000
104450  32.029  2.036  -27.590 0.1250000000
87398  21.291  -11.904  -17.809 0.3750000000
83688  23.461  -14.514  -18.189 0.5000000000
87399  20.880  -11.616  -17.491 0.2500000000
84885  25.355  -13.741  -16.762 0.2500000000
82352  22.382  -15.203  -17.656 0.5000000000
82373  23.100  -14.954  -18.221 0.5000000000
83653  24.857  -14.349  -16.786 0.3750000000
83670  23.705  -14.857  -17.773 0.3750000000
82330  24.168  -15.307  -16.647 0.3750000000
83654  21.515  -14.417  -16.970 0.2500000000
84886  21.437  -13.908  -16.998 0.1250000000
84900  21.131  -12.933  -17.225 0.1250000000
82310  20.576  -15.403  -16.004 0.1250000000
82332  21.433  -15.360  -16.785 0.2500000000
83655  20.936  -14.765  -16.476 0.1250000000
86130  20.657  -12.494  -16.942 0.1250000000
80971  20.601  -16.493  -15.840 0.1250000000
79700  21.217  -16.663  -16.313 0.1250000000
80990  21.731  -16.257  -16.795 0.3750000000
84887  20.971  -13.628  -16.602 0.1250000000
80989  22.417  -16.679  -16.546 0.2500000000
80988  23.150  -16.271  -16.735 0.2500000000
91359  20.290  -8.457  -18.759 0.2500000000
79699  21.748  -17.028  -16.404 0.1250000000
80969  22.991  -16.825  -16.104 0.1250000000
91360  20.035  -8.294  -18.146 0.1250000000
112790  19.015  9.325  -19.082 0.1250000000
111569  18.933  8.402  -18.776 0.1250000000
114992  19.428  11.179  -18.911 0.1250000000
112789  19.594  9.537  -18.407 0.1250000000
113904  19.394  10.351  -18.549 0.1250000000
116047  19.607  11.774  -19.036 0.1250000000
110371  18.252  7.509  -18.646 0.1250000000
114982  20.158  10.962  -17.585 0.1250000000
109195  17.699  6.763  -18.162 0.1250000000
103091  14.473  1.893  -16.926 0.1250000000
88701  20.592  -10.530  -17.792 0.1250000000
90034  19.875  -8.984  -17.195 0.1250000000
106725  11.949  4.399  -14.783 0.1250000000
109174  17.595  6.594  -17.261 0.1250000000
111568  19.874  8.999  -18.254 0.1250000000
114972  19.946  11.892  -17.469 0.1250000000
116030  19.705  12.168  -17.804 0.1250000000
91342  20.207  -8.899  -17.900 0.1250000000
90033  20.190  -9.746  -17.371 0.1250000000
105523  13.120  3.534  -16.564 0.1250000000
92603  19.874  -7.548  -18.368 0.1250000000
92602  20.145  -7.902  -18.879 0.1250000000
92588  19.870  -7.453  -17.150 0.1250000000
91343  19.908  -8.257  -17.556 0.1250000000
111585  18.993  8.187  -18.694 0.1250000000
113903  19.925  10.411  -17.953 0.1250000000
116040  19.536  11.998  -18.486 0.1250000000
116029  20.410  12.506  -17.340 0.1250000000
86128  26.463  -12.566  -16.951 0.1250000000
87396  26.661  -11.572  -17.527 0.1250000000
87408  26.297  -11.369  -18.224 0.1250000000
88700  26.657  -11.014  -18.080 0.1250000000
90050  26.988  -9.833  -18.996 0.1250000000
90068  26.780  -9.886  -19.814 0.1250000000
90086  27.149  -9.241  -20.355 0.1250000000
90100  26.868  -9.058  -21.296 0.1250000000
92617  27.938  -7.767  -19.976 0.1250000000
92630  27.547  -7.911  -20.826 0.1250000000
91404  27.097  -8.404  -21.423 0.1250000000
93840  28.366  -6.712  -21.227 0.1250000000
93855  27.436  -7.379  -22.775 0.1250000000
95065  28.432  -5.984  -21.895 0.1250000000
93854  27.897  -6.899  -22.429 0.1250000000
95077  27.973  -5.977  -23.159 0.1250000000
82309  24.469  -15.807  -15.837 0.1250000000
80987  23.625  -15.893  -16.547 0.1250000000
83652  25.736  -14.369  -16.186 0.1250000000
83651  26.307  -13.837  -16.081 0.1250000000
87386  27.154  -11.892  -16.850 0.1250000000
87395  27.344  -11.314  -17.147 0.1250000000
88699  27.379  -10.543  -17.740 0.1250000000
91358  27.734  -8.891  -19.077 0.1250000000
91374  27.648  -8.497  -19.792 0.1250000000
91373  28.141  -8.023  -19.471 0.1250000000
96254  28.627  -5.228  -23.871 0.1250000000
96241  28.622  -5.080  -22.448 0.1250000000
96269  28.675  -4.898  -24.899 0.1250000000
84884  26.006  -13.432  -16.601 0.1250000000
93868  27.713  -6.594  -23.109 0.1250000000
88717  27.085  -10.114  -18.527 0.1250000000
84883  26.799  -13.319  -16.045 0.1250000000
90067  27.362  -9.324  -19.434 0.1250000000
91390  27.260  -8.629  -20.737 0.1250000000
92643  27.874  -7.318  -21.424 0.1250000000
92629  28.145  -7.272  -20.512 0.1250000000
95054  28.614  -5.917  -20.758 0.1250000000
80950  25.354  -16.386  -14.977 0.1250000000
83634  26.074  -14.806  -15.609 0.1250000000
88682  27.686  -11.050  -17.091 0.1250000000
96240  28.997  -4.289  -22.233 0.1250000000
80970  22.556  -17.049  -16.207 0.1250000000
82374  22.785  -14.996  -18.103 0.5000000000
84920  23.810  -13.060  -19.096 0.6250000000
86129  25.889  -12.979  -17.125 0.1250000000
87455  25.124  -11.212  -21.146 0.7500000000
88778  24.856  -10.594  -21.404 0.7500000000
90113  25.991  -9.198  -22.746 0.5000000000
92631  24.871  -8.220  -20.864 0.7500000000
93860  21.733  -6.089  -20.905 0.8750000000
93884  26.860  -6.761  -23.773 0.5000000000
95056  20.641  -5.301  -20.930 0.8750000000
95106  28.299  -5.353  -24.640 0.2500000000
96277  27.675  -4.778  -25.180 0.6250000000
97359  19.104  -3.466  -19.949 0.2500000000
97389  22.685  -3.267  -21.980 1.0000000000
97390  22.021  -3.321  -22.229 1.0000000000
97412  27.957  -3.236  -25.475 0.7500000000
97428  27.028  -4.507  -24.902 0.6250000000
97434  31.199  -3.350  -27.253 0.1250000000
97442  32.749  -3.200  -27.864 0.1250000000
97443  32.395  -3.450  -27.909 0.1250000000
97446  30.416  -3.370  -27.607 0.2500000000
97452  32.544  -3.522  -28.430 0.1250000000
97454  31.451  -3.371  -28.575 0.1250000000
98496  27.431  -1.651  -22.141 0.8750000000
98498  25.940  -2.106  -21.385 1.0000000000
98515  27.428  -2.186  -23.030 1.0000000000
98557  28.241  -2.960  -26.020 0.6250000000
98581  32.381  -2.967  -27.541 0.1250000000
98582  31.972  -3.238  -27.626 0.1250000000
98583  30.629  -3.161  -28.084 0.2500000000
98589  33.924  -2.589  -28.525 0.1250000000
98592  31.896  -3.170  -28.978 0.1250000000
98593  31.156  -3.202  -28.564 0.1250000000
98598  34.124  -3.116  -29.170 0.1250000000
98599  33.651  -3.291  -29.476 0.1250000000
98600  33.382  -3.236  -29.576 0.1250000000
99670  27.164  -1.050  -21.549 0.8750000000
99672  25.338  -1.416  -20.948 1.0000000000
99691  20.287  -0.946  -22.225 1.0000000000
99706  22.053  -0.586  -23.177 1.0000000000
99719  29.476  -1.223  -25.237 0.6250000000
99721  27.773  -1.932  -24.372 0.8750000000
99746  31.463  -1.501  -27.856 0.1250000000
99749  28.708  -2.766  -26.417 0.6250000000
99761  32.559  -1.863  -29.123 0.1250000000
99764  29.793  -2.875  -27.446 0.2500000000
99785  34.042  -2.953  -29.542 0.1250000000
99786  33.550  -3.000  -29.659 0.1250000000
99787  33.215  -3.077  -29.582 0.1250000000
100843  27.731  0.369  -21.384 1.0000000000
100845  25.656  -0.735  -20.869 1.0000000000
100846  25.441  -0.853  -20.853 1.0000000000
100857  28.456  0.134  -22.208 0.8750000000
100858  27.851  -0.153  -21.742 1.0000000000
100874  27.906  -0.609  -22.390 1.0000000000
100877  21.249  -0.456  -22.766 1.0000000000
100903  30.470  -0.230  -25.203 0.6250000000
100936  33.006  -1.347  -29.213 0.1250000000
100945  33.657  -1.842  -29.680 0.1250000000
102010  27.056  0.521  -20.677 1.0000000000
102022  28.043  0.672  -21.532 0.8750000000
102036  29.125  0.934  -23.086 0.7500000000
102037  28.744  0.585  -22.717 0.7500000000
102040  21.058  0.019  -22.711 1.0000000000
102050  22.105  0.574  -23.219 1.0000000000
102051  21.352  0.439  -23.143 1.0000000000
102067  30.812  0.224  -25.472 0.5000000000
102074  32.277  0.019  -26.925 0.1250000000
103108  14.395  2.011  -17.115 0.2500000000
103167  17.131  1.357  -19.061 0.5000000000
103176  27.497  1.325  -20.826 1.0000000000
103179  25.209  1.648  -20.828 1.0000000000
103187  28.486  1.192  -21.724 1.0000000000
103190  24.567  1.359  -21.414 1.0000000000
103193  18.552  1.551  -21.103 0.8750000000
103201  28.776  1.181  -22.207 0.7500000000
103203  22.466  1.464  -23.003 1.0000000000
103204  21.031  1.729  -23.194 1.0000000000
103206  19.749  1.554  -22.380 1.0000000000
103213  29.399  1.306  -23.377 0.6250000000
103215  21.130  1.278  -23.309 1.0000000000
103216  20.770  0.955  -23.206 1.0000000000
103224  30.460  1.034  -24.816 0.6250000000
103238  32.566  0.463  -27.408 0.1250000000
104289  13.888  2.562  -16.898 0.2500000000
104290  13.464  2.881  -16.961 0.3750000000
104306  14.834  2.708  -17.459 0.7500000000
104307  14.127  2.456  -17.154 0.2500000000
104308  13.669  2.692  -17.055 0.3750000000
104376  24.787  2.394  -20.877 1.0000000000
104387  28.608  1.921  -21.646 0.7500000000
104391  19.066  2.486  -21.490 1.0000000000
104399  29.063  1.886  -22.260 0.7500000000
104401  22.762  2.388  -22.512 1.0000000000
104403  21.149  2.380  -23.249 1.0000000000
104415  21.254  1.818  -23.252 1.0000000000
104424  30.616  1.492  -24.936 0.6250000000
105506  12.805  3.726  -15.761 0.1250000000
105507  12.374  3.950  -15.799 0.3750000000
105542  14.934  3.619  -17.506 0.8750000000
105560  15.505  3.393  -17.805 0.7500000000
105591  16.786  3.080  -19.059 0.8750000000
105607  27.160  2.828  -20.412 1.0000000000
105624  22.930  3.473  -21.905 1.0000000000
105626  18.893  3.175  -21.237 1.0000000000
105627  18.413  3.401  -20.706 1.0000000000
105632  29.075  2.556  -22.010 0.7500000000
105636  20.727  3.614  -23.086 1.0000000000
105638  19.302  3.601  -21.880 1.0000000000
105700  26.963  4.038  -28.160 0.1250000000
105701  26.730  4.219  -28.210 0.1250000000
106743  12.841  4.629  -16.576 0.7500000000
106744  12.226  4.531  -15.662 0.5000000000
106762  14.647  4.280  -17.421 0.8750000000
106763  13.739  4.385  -17.181 0.7500000000
106764  13.128  3.895  -17.028 0.3750000000
106785  16.161  4.258  -18.328 1.0000000000
106833  27.463  3.883  -20.607 0.8750000000
106837  23.332  4.499  -21.307 1.0000000000
106855  21.991  4.676  -22.442 1.0000000000
106857  18.666  4.611  -20.811 1.0000000000
106865  21.189  4.749  -22.719 1.0000000000
106867  19.614  4.652  -22.391 1.0000000000
106908  26.288  4.691  -27.153 0.1250000000
106918  26.689  4.164  -27.977 0.1250000000
106919  26.404  4.359  -28.151 0.1250000000
106920  25.832  4.817  -27.893 0.1250000000
107924  13.461  6.793  -15.670 0.3750000000
107925  12.873  6.457  -15.364 0.1250000000
107926  11.899  5.611  -14.408 0.1250000000
107940  13.926  6.077  -16.140 0.3750000000
107941  12.411  5.398  -15.569 0.5000000000
107955  15.795  5.752  -17.286 0.7500000000
107956  15.040  5.577  -17.155 0.7500000000
107957  14.086  5.184  -16.715 0.7500000000
107979  15.521  5.205  -17.530 0.7500000000
108007  17.753  5.688  -19.633 1.0000000000
108027  23.807  5.502  -20.998 1.0000000000
108029  18.002  5.332  -20.000 1.0000000000
108045  22.241  5.556  -21.978 1.0000000000
108046  21.507  5.661  -22.618 1.0000000000
108062  19.964  5.627  -22.747 1.0000000000
108063  19.313  5.598  -22.178 1.0000000000
108088  27.472  4.839  -25.569 0.1250000000
108107  26.007  5.136  -27.001 0.1250000000
109142  13.555  6.598  -14.423 0.1250000000
109143  12.651  6.137  -14.312 0.1250000000
109150  15.434  7.805  -15.491 0.1250000000
109151  14.029  7.334  -15.481 0.1250000000
109153  12.386  6.073  -14.487 0.1250000000
109161  15.244  6.896  -16.595 0.3750000000
109162  14.749  7.660  -16.196 0.1250000000
109176  16.133  6.264  -17.142 0.7500000000
109177  15.511  6.236  -16.887 0.3750000000
109217  17.848  6.219  -19.602 1.0000000000
109257  27.596  6.640  -21.444 0.7500000000
109258  22.530  6.460  -21.568 1.0000000000
109259  21.783  6.445  -21.979 1.0000000000
109261  19.269  6.851  -21.672 1.0000000000
109262  18.838  6.543  -21.198 1.0000000000
109274  20.887  6.568  -22.749 1.0000000000
109275  20.265  6.523  -22.685 1.0000000000
109277  19.112  6.265  -21.855 1.0000000000
109291  26.989  7.028  -24.861 0.3750000000
110331  16.133  8.023  -15.945 0.1250000000
110332  15.005  7.691  -16.423 0.3750000000
110333  14.752  8.117  -16.283 0.1250000000
110339  15.431  7.987  -16.524 0.3750000000
110340  15.037  8.114  -16.704 0.3750000000
110341  14.869  8.367  -16.612 0.3750000000
110433  21.409  7.210  -22.076 1.0000000000
110434  19.486  7.429  -21.792 1.0000000000
110446  20.991  7.135  -22.325 1.0000000000
110447  20.480  7.184  -22.384 1.0000000000
110479  25.345  7.404  -26.909 0.1250000000
111517  15.246  8.116  -16.644 0.3750000000
111518  14.958  8.281  -16.622 0.3750000000
111519  14.794  8.558  -16.689 0.3750000000
111527  15.084  8.283  -16.836 0.3750000000
111528  15.006  8.461  -16.788 0.3750000000
111529  14.805  8.357  -16.888 0.3750000000
111601  23.997  8.406  -20.795 0.8750000000
111602  19.312  8.495  -21.224 1.0000000000
111618  26.212  8.753  -21.185 0.7500000000
111621  21.277  8.179  -21.928 1.0000000000
111623  19.681  8.250  -21.738 1.0000000000
111624  19.326  7.985  -21.390 1.0000000000
111636  21.113  7.586  -22.158 1.0000000000
111645  26.933  8.321  -23.894 0.3750000000
111695  23.521  9.396  -28.748 0.1250000000
112815  19.431  9.200  -21.042 0.8750000000
112834  19.922  8.951  -21.601 1.0000000000
112853  26.735  8.881  -23.734 0.3750000000
112880  25.031  9.691  -26.692 0.1250000000
112897  23.557  9.478  -28.513 0.1250000000
113934  26.893  10.109  -22.313 0.3750000000
113938  20.886  10.003  -21.352 0.8750000000
113943  26.730  9.726  -22.914 0.6250000000
113993  24.788  10.557  -26.799 0.1250000000
114012  23.078  10.908  -28.565 0.1250000000
114983  19.609  11.341  -17.876 0.1250000000
115011  21.009  10.615  -21.311 0.8750000000
115048  25.989  10.916  -25.297 0.3750000000
116061  25.283  11.912  -21.118 0.7500000000
116078  25.952  12.090  -24.498 0.3750000000
116079  25.439  12.443  -24.819 0.3750000000
118138  22.374  14.358  -27.712 0.1250000000
119054  20.940  15.603  -18.793 0.1250000000
119067  20.693  15.616  -19.254 0.1250000000
120204  20.629  15.843  -20.152 0.2500000000
