#!ascii label  , from subject 3014 vox2ras=TkReg
1634
67038  51.326  -30.117  39.940 0.0000000000
42714  39.710  -50.299  53.256 0.0000000000
39176  23.544  -52.811  52.762 0.0000000000
32884  19.387  -58.202  54.480 0.0000000000
36468  33.078  -53.993  59.397 0.0000000000
40404  31.189  -52.464  49.876 0.0000000000
64810  44.239  -32.687  38.512 0.0000000000
71909  59.689  -26.334  40.189 0.0000000000
60990  42.926  -35.970  47.803 0.0000000000
52470  39.057  -42.943  46.016 0.0000000000
46324  34.383  -46.928  43.958 0.0000000000
39090  24.350  -52.581  58.491 0.0000000000
37860  20.450  -54.992  53.349 0.0000000000
37752  21.195  -54.199  59.382 0.0000000000
37813  28.598  -54.156  56.468 0.0000000000
64713  45.125  -30.989  46.669 0.0000000000
43781  39.965  -49.103  58.672 0.0000000000
46126  42.498  -46.688  55.236 0.0000000000
51221  42.431  -43.423  51.603 0.0000000000
46239  40.534  -47.508  49.221 0.0000000000
47568  37.724  -46.267  43.722 0.0000000000
44001  37.471  -48.674  48.607 0.0000000000
39296  27.155  -52.630  45.047 0.0000000000
42816  28.909  -50.257  45.213 0.0000000000
69477  55.099  -27.707  41.137 0.0000000000
71999  55.506  -26.325  35.262 0.0000000000
40427  23.751  -51.997  47.665 0.0000000000
37961  20.165  -54.451  47.752 0.0000000000
39116  37.490  -53.067  56.528 0.0000000000
41516  35.539  -51.407  52.474 0.0000000000
37851  32.774  -54.299  54.531 0.0000000000
37910  27.598  -54.242  51.177 0.0000000000
65921  47.735  -31.729  39.585 0.0000000000
31534  20.332  -59.115  60.242 0.0000000000
30274  15.577  -59.842  57.503 0.0000000000
68131  55.260  -28.399  45.578 0.0000000000
66961  50.538  -30.086  45.084 0.0000000000
65858  46.818  -31.524  43.472 0.0000000000
64748  42.985  -32.570  43.234 0.0000000000
61032  40.410  -35.223  43.315 0.0000000000
55695  45.305  -39.314  52.177 0.0000000000
55788  41.275  -39.605  47.683 0.0000000000
57157  37.473  -38.757  43.382 0.0000000000
52508  35.932  -42.602  41.085 0.0000000000
44018  33.374  -49.842  47.673 0.0000000000
40283  24.442  -52.174  61.140 0.0000000000
39077  22.177  -52.517  59.316 0.0000000000
40285  22.336  -52.251  61.342 0.0000000000
39047  26.749  -52.682  60.566 0.0000000000
41470  40.271  -50.227  56.657 0.0000000000
43872  41.070  -48.847  54.567 0.0000000000
45008  41.405  -47.349  52.143 0.0000000000
43957  40.725  -48.666  51.112 0.0000000000
45070  39.898  -48.550  48.559 0.0000000000
43937  39.226  -49.541  50.888 0.0000000000
38029  26.170  -54.146  42.755 0.0000000000
38027  27.741  -54.053  42.459 0.0000000000
68209  53.223  -29.018  40.767 0.0000000000
70738  53.287  -27.295  38.006 0.0000000000
69522  50.613  -28.490  37.651 0.0000000000
39203  24.472  -52.547  50.707 0.0000000000
40429  21.641  -52.710  47.125 0.0000000000
39205  22.241  -52.838  50.424 0.0000000000
34045  20.024  -57.059  53.676 0.0000000000
35332  19.625  -56.532  51.332 0.0000000000
32913  18.614  -57.800  51.831 0.0000000000
31604  17.028  -58.644  52.198 0.0000000000
40304  37.136  -52.097  59.052 0.0000000000
37760  35.842  -53.753  58.110 0.0000000000
37828  34.442  -53.747  55.410 0.0000000000
37785  32.990  -54.231  57.133 0.0000000000
37856  26.236  -53.463  54.332 0.0000000000
36555  28.438  -54.486  53.862 0.0000000000
37900  26.320  -53.643  51.743 0.0000000000
37944  26.000  -52.948  49.142 0.0000000000
64808  46.325  -32.254  38.741 0.0000000000
64819  46.378  -32.867  36.573 0.0000000000
63664  45.460  -33.832  36.501 0.0000000000
27576  13.932  -61.434  58.420 0.0000000000
66981  48.957  -30.554  44.364 0.0000000000
66922  48.259  -30.213  46.523 0.0000000000
63553  43.012  -34.405  47.877 0.0000000000
64736  43.991  -31.847  44.949 0.0000000000
62328  41.885  -34.241  45.520 0.0000000000
62350  40.882  -34.388  42.673 0.0000000000
61012  41.464  -35.429  45.199 0.0000000000
51268  40.761  -43.596  49.059 0.0000000000
53498  42.154  -41.317  49.883 0.0000000000
54628  40.303  -40.842  47.216 0.0000000000
57125  38.838  -39.256  45.424 0.0000000000
54663  38.016  -40.922  44.702 0.0000000000
54685  36.148  -40.944  41.882 0.0000000000
52485  37.276  -42.841  44.145 0.0000000000
47608  36.371  -45.703  42.169 0.0000000000
41530  33.416  -51.844  51.497 0.0000000000
42780  34.125  -50.320  49.561 0.0000000000
42794  32.045  -51.033  48.959 0.0000000000
44066  30.479  -49.281  43.781 0.0000000000
70761  62.606  -26.965  36.949 0.0000000000
70764  60.149  -26.629  36.921 0.0000000000
39134  24.728  -52.843  56.190 0.0000000000
39163  22.439  -53.046  53.427 0.0000000000
39120  22.572  -52.820  56.592 0.0000000000
36523  20.490  -54.972  56.597 0.0000000000
34036  20.521  -57.396  56.686 0.0000000000
36447  30.499  -53.694  60.074 0.0000000000
37765  30.662  -54.335  58.123 0.0000000000
36491  28.761  -53.752  59.158 0.0000000000
37770  26.993  -53.532  57.998 0.0000000000
138812  46.473  -29.990  48.564 0.0000000000
60967  44.751  -35.723  49.840 0.0000000000
48741  42.729  -45.088  53.081 0.0000000000
48779  41.603  -45.326  51.082 0.0000000000
50116  40.179  -45.161  47.180 0.0000000000
50139  38.994  -44.687  45.088 0.0000000000
46291  40.242  -47.373  46.296 0.0000000000
45107  38.091  -47.717  46.096 0.0000000000
46295  36.516  -47.598  45.744 0.0000000000
39249  29.053  -53.210  47.651 0.0000000000
42804  30.227  -51.177  47.543 0.0000000000
40454  28.015  -52.071  45.071 0.0000000000
70694  57.284  -26.723  40.778 0.0000000000
71966  57.564  -26.326  37.490 0.0000000000
71948  55.689  -26.353  38.179 0.0000000000
37904  20.612  -54.453  51.460 0.0000000000
40314  38.678  -51.779  57.819 0.0000000000
40348  38.676  -51.666  54.877 0.0000000000
41514  37.733  -51.033  52.955 0.0000000000
40351  36.700  -52.393  54.274 0.0000000000
39173  34.340  -52.788  53.236 0.0000000000
39188  31.629  -53.652  51.401 0.0000000000
37854  30.548  -54.511  54.903 0.0000000000
36575  29.722  -54.613  52.569 0.0000000000
37908  29.800  -54.350  50.634 0.0000000000
37959  27.390  -53.553  48.174 0.0000000000
40440  25.872  -52.209  46.242 0.0000000000
67048  49.866  -30.992  39.654 0.0000000000
68233  49.500  -29.725  37.715 0.0000000000
65934  47.977  -31.345  37.178 0.0000000000
35274  21.055  -56.721  60.034 0.0000000000
31550  19.883  -58.921  57.154 0.0000000000
30264  18.636  -59.756  59.108 0.0000000000
31553  17.524  -59.258  56.242 0.0000000000
69430  57.182  -27.454  42.935 0.0000000000
68174  55.036  -28.488  43.286 0.0000000000
68163  53.698  -29.376  43.417 0.0000000000
67005  51.261  -30.350  41.962 0.0000000000
65868  49.526  -30.971  41.993 0.0000000000
65892  47.637  -31.455  41.506 0.0000000000
65914  45.734  -31.564  40.881 0.0000000000
65835  45.907  -31.109  45.373 0.0000000000
64756  44.597  -31.723  43.237 0.0000000000
64794  43.660  -31.989  40.268 0.0000000000
63639  41.174  -33.438  40.116 0.0000000000
62381  39.974  -34.329  40.378 0.0000000000
58370  44.464  -37.475  49.973 0.0000000000
53475  43.961  -41.165  51.832 0.0000000000
55752  43.520  -39.166  50.013 0.0000000000
58408  42.473  -37.536  47.739 0.0000000000
58463  40.230  -37.131  45.414 0.0000000000
59714  38.403  -36.887  43.184 0.0000000000
50189  36.999  -44.575  42.588 0.0000000000
42765  36.128  -49.734  50.660 0.0000000000
44003  35.407  -49.016  48.393 0.0000000000
46309  33.685  -47.738  45.165 0.0000000000
44027  31.249  -49.818  46.918 0.0000000000
45134  31.799  -48.157  45.042 0.0000000000
40284  23.411  -52.060  61.254 0.0000000000
40271  23.155  -51.769  61.646 0.0000000000
41487  40.017  -50.694  55.403 0.0000000000
42682  40.735  -49.624  55.715 0.0000000000
43873  40.660  -49.393  54.255 0.0000000000
43911  40.963  -48.943  52.871 0.0000000000
43912  40.343  -49.483  52.528 0.0000000000
43936  39.829  -49.465  51.037 0.0000000000
42747  39.378  -49.793  51.592 0.0000000000
68210  52.566  -29.317  40.044 0.0000000000
69497  52.487  -28.784  39.117 0.0000000000
68227  51.084  -29.216  38.695 0.0000000000
37902  24.450  -52.791  52.219 0.0000000000
39204  23.306  -52.582  50.637 0.0000000000
39192  22.496  -53.019  51.359 0.0000000000
32893  19.625  -57.775  54.070 0.0000000000
32905  19.558  -57.613  53.274 0.0000000000
32895  18.602  -58.337  53.115 0.0000000000
32908  17.684  -58.492  51.927 0.0000000000
31592  18.496  -58.521  53.834 0.0000000000
37693  32.464  -53.230  60.454 0.0000000000
37710  34.629  -53.373  59.903 0.0000000000
37729  35.117  -53.647  59.523 0.0000000000
36485  34.289  -54.215  59.193 0.0000000000
37784  33.906  -54.131  57.094 0.0000000000
36506  33.152  -54.346  58.553 0.0000000000
37873  25.546  -53.238  53.634 0.0000000000
37872  26.413  -53.674  53.346 0.0000000000
37901  25.347  -53.135  52.101 0.0000000000
39190  24.907  -52.767  51.489 0.0000000000
64809  45.290  -32.528  38.455 0.0000000000
64816  45.391  -32.898  37.561 0.0000000000
63657  45.090  -33.429  37.174 0.0000000000
68075  49.693  -28.969  50.224 0.0000000000
66901  49.365  -29.798  47.757 0.0000000000
68095  48.438  -29.639  48.523 0.0000000000
62294  43.107  -35.371  48.038 0.0000000000
63572  42.223  -33.706  46.140 0.0000000000
62303  42.448  -35.072  46.847 0.0000000000
62315  41.870  -34.935  45.438 0.0000000000
61001  42.256  -35.659  46.549 0.0000000000
52449  39.897  -43.237  47.246 0.0000000000
52429  40.598  -42.725  48.497 0.0000000000
53533  39.245  -41.971  46.400 0.0000000000
54649  39.019  -40.975  45.967 0.0000000000
53549  38.730  -41.941  45.729 0.0000000000
53563  37.630  -41.894  44.468 0.0000000000
52471  38.498  -42.940  45.421 0.0000000000
41545  32.005  -52.065  50.410 0.0000000000
41555  32.505  -51.478  49.942 0.0000000000
41556  31.814  -51.765  49.778 0.0000000000
70750  61.534  -26.550  37.875 0.0000000000
70734  59.921  -26.499  38.349 0.0000000000
39118  24.945  -52.695  57.076 0.0000000000
39135  23.588  -52.853  55.791 0.0000000000
39105  22.813  -52.504  57.890 0.0000000000
39078  21.567  -53.125  59.572 0.0000000000
39092  21.621  -52.983  58.597 0.0000000000
37771  20.923  -54.138  58.049 0.0000000000
36529  20.464  -55.794  56.335 0.0000000000
35285  21.003  -56.494  58.030 0.0000000000
39030  29.083  -52.819  60.922 0.0000000000
36472  29.268  -53.683  59.845 0.0000000000
37698  28.443  -52.980  60.731 0.0000000000
40305  25.524  -52.526  59.852 0.0000000000
39074  26.595  -53.234  58.893 0.0000000000
39088  25.919  -53.058  58.438 0.0000000000
39117  25.761  -53.132  57.192 0.0000000000
44933  41.908  -47.240  56.558 0.0000000000
47325  42.768  -45.837  56.608 0.0000000000
47343  43.055  -45.199  56.366 0.0000000000
48715  43.569  -44.526  54.628 0.0000000000
47366  42.872  -45.800  54.603 0.0000000000
46223  41.199  -47.174  50.738 0.0000000000
47434  41.576  -46.029  51.555 0.0000000000
47459  40.939  -46.404  50.106 0.0000000000
48805  40.893  -45.590  49.449 0.0000000000
47507  40.490  -46.789  48.318 0.0000000000
47540  40.372  -46.758  46.665 0.0000000000
46278  40.453  -47.563  47.701 0.0000000000
44000  38.487  -48.595  48.305 0.0000000000
44014  39.395  -48.483  47.345 0.0000000000
45071  38.347  -48.357  47.507 0.0000000000
45108  37.040  -47.711  46.159 0.0000000000
45095  36.758  -48.128  47.124 0.0000000000
39250  28.240  -53.415  47.289 0.0000000000
40438  28.488  -52.236  46.434 0.0000000000
39269  27.766  -52.631  45.793 0.0000000000
70695  56.411  -26.909  40.608 0.0000000000
71929  56.580  -26.465  39.264 0.0000000000
70714  55.569  -26.813  39.592 0.0000000000
71971  53.224  -26.612  36.517 0.0000000000
40458  23.311  -52.272  45.256 0.0000000000
40459  22.488  -52.473  45.486 0.0000000000
39152  21.375  -53.416  54.120 0.0000000000
37891  21.138  -53.800  52.334 0.0000000000
37876  20.549  -54.760  52.885 0.0000000000
34076  18.836  -56.909  50.334 0.0000000000
35361  19.276  -56.340  49.616 0.0000000000
37758  37.540  -52.957  57.834 0.0000000000
40303  37.814  -51.783  58.632 0.0000000000
39099  37.974  -52.645  57.500 0.0000000000
40332  38.856  -51.718  56.559 0.0000000000
39129  38.034  -52.520  56.017 0.0000000000
40349  37.997  -52.152  54.819 0.0000000000
39131  36.864  -52.988  55.434 0.0000000000
37829  33.519  -54.155  55.362 0.0000000000
39149  34.433  -53.336  54.180 0.0000000000
37868  33.320  -53.685  53.417 0.0000000000
39175  32.736  -53.506  52.474 0.0000000000
37885  31.826  -54.386  52.863 0.0000000000
37789  29.122  -54.195  57.405 0.0000000000
37811  30.469  -54.486  56.402 0.0000000000
37812  29.486  -54.373  56.419 0.0000000000
36577  28.096  -54.391  52.283 0.0000000000
36568  29.041  -54.616  53.201 0.0000000000
36576  28.874  -54.499  52.362 0.0000000000
36582  29.572  -54.459  51.491 0.0000000000
36593  28.803  -54.431  50.735 0.0000000000
37941  28.441  -54.048  49.093 0.0000000000
37926  27.877  -54.405  50.182 0.0000000000
39254  24.839  -52.018  48.164 0.0000000000
39234  26.225  -52.903  48.403 0.0000000000
40441  24.803  -51.849  46.660 0.0000000000
65926  48.594  -31.467  38.877 0.0000000000
67054  48.706  -31.092  38.275 0.0000000000
65930  48.245  -31.476  37.984 0.0000000000
63674  47.041  -33.354  35.333 0.0000000000
32851  20.785  -58.515  59.871 0.0000000000
32869  20.698  -58.112  58.010 0.0000000000
31538  20.144  -59.235  59.105 0.0000000000
30266  16.273  -60.180  59.108 0.0000000000
28953  17.175  -59.837  58.731 0.0000000000
31546  17.725  -59.435  57.398 0.0000000000
31547  16.671  -59.532  56.982 0.0000000000
31564  16.253  -58.997  55.127 0.0000000000
31555  15.672  -59.346  55.864 0.0000000000
69429  58.203  -27.028  42.886 0.0000000000
69395  56.464  -27.673  44.421 0.0000000000
68146  55.116  -28.293  44.825 0.0000000000
68175  54.465  -28.832  42.882 0.0000000000
68147  54.415  -28.749  44.535 0.0000000000
66960  51.905  -29.676  44.944 0.0000000000
66978  52.000  -29.958  43.585 0.0000000000
66979  51.024  -30.230  44.009 0.0000000000
67006  50.533  -30.550  42.325 0.0000000000
66994  50.317  -30.466  43.228 0.0000000000
66982  48.058  -30.839  44.445 0.0000000000
65856  48.512  -31.064  43.025 0.0000000000
65871  47.202  -31.472  42.492 0.0000000000
65893  46.717  -31.454  41.632 0.0000000000
65872  46.287  -31.572  42.690 0.0000000000
138825  45.646  -30.628  47.242 0.0000000000
68097  46.712  -30.538  47.067 0.0000000000
64712  45.555  -31.027  46.347 0.0000000000
64737  42.998  -32.515  44.536 0.0000000000
64747  43.865  -32.110  43.812 0.0000000000
64757  43.736  -31.943  42.682 0.0000000000
64777  43.747  -31.828  41.468 0.0000000000
64758  42.921  -32.440  42.010 0.0000000000
64795  42.725  -32.539  40.091 0.0000000000
63625  41.934  -32.911  41.098 0.0000000000
61046  40.395  -34.827  42.549 0.0000000000
62363  40.711  -34.123  41.860 0.0000000000
61047  39.859  -35.156  42.096 0.0000000000
61048  38.863  -35.978  42.201 0.0000000000
57009  44.930  -38.299  51.000 0.0000000000
51201  43.460  -43.184  52.953 0.0000000000
52357  44.173  -42.307  53.726 0.0000000000
52382  43.351  -42.312  51.901 0.0000000000
54598  41.738  -40.457  48.606 0.0000000000
54585  42.862  -40.280  50.175 0.0000000000
55774  42.280  -39.517  48.617 0.0000000000
57055  42.986  -38.411  48.807 0.0000000000
57078  42.131  -38.607  48.010 0.0000000000
58430  41.505  -37.616  47.073 0.0000000000
57123  40.578  -38.324  46.546 0.0000000000
57142  38.176  -38.751  44.438 0.0000000000
58465  38.762  -37.802  44.602 0.0000000000
58479  37.860  -37.907  43.333 0.0000000000
59726  37.517  -37.168  41.854 0.0000000000
58500  37.093  -37.877  41.556 0.0000000000
57180  36.349  -39.368  41.230 0.0000000000
53582  36.002  -41.826  41.468 0.0000000000
54691  36.033  -40.944  40.802 0.0000000000
48892  38.552  -45.560  44.315 0.0000000000
50161  37.948  -44.711  44.023 0.0000000000
48916  37.693  -45.509  43.340 0.0000000000
50201  35.606  -44.876  40.674 0.0000000000
41515  36.727  -51.425  53.003 0.0000000000
42749  37.158  -50.122  51.586 0.0000000000
42750  35.906  -50.640  51.807 0.0000000000
44005  33.706  -50.055  48.403 0.0000000000
43985  35.201  -49.484  49.338 0.0000000000
44017  34.431  -49.186  47.451 0.0000000000
45110  34.620  -48.644  46.570 0.0000000000
45111  33.599  -48.825  46.294 0.0000000000
42811  29.046  -50.733  46.148 0.0000000000
42809  30.580  -50.311  47.115 0.0000000000
44036  29.492  -49.879  45.922 0.0000000000
45135  30.924  -48.596  45.077 0.0000000000
46347  31.810  -47.716  43.885 0.0000000000
71986  56.598  -26.034  36.337 0.0000000000
71997  57.475  -26.339  35.537 0.0000000000
68240  48.741  -29.238  35.446 0.0000000000
40294  24.588  -52.251  60.415 0.0000000000
40318  23.108  -52.310  58.972 0.0000000000
40308  22.828  -52.133  59.920 0.0000000000
39063  21.921  -52.667  60.175 0.0000000000
39064  21.487  -53.619  60.282 0.0000000000
40282  25.276  -52.305  60.962 0.0000000000
42636  40.164  -49.585  58.042 0.0000000000
44908  40.625  -48.619  58.269 0.0000000000
43819  40.751  -49.096  57.066 0.0000000000
44934  41.471  -48.150  56.300 0.0000000000
44959  42.036  -47.410  55.059 0.0000000000
46148  42.077  -46.772  54.282 0.0000000000
44974  41.530  -47.738  53.690 0.0000000000
45009  41.161  -47.957  51.413 0.0000000000
45026  40.803  -48.154  50.269 0.0000000000
45048  40.381  -48.261  49.219 0.0000000000
43980  40.099  -48.878  49.654 0.0000000000
43959  39.642  -49.263  50.219 0.0000000000
43982  38.197  -48.907  49.338 0.0000000000
39327  26.393  -52.767  44.310 0.0000000000
39326  27.142  -52.894  43.922 0.0000000000
38028  26.958  -54.088  42.673 0.0000000000
69478  54.477  -27.911  40.570 0.0000000000
70716  54.213  -27.330  39.032 0.0000000000
69496  53.443  -27.990  39.044 0.0000000000
69520  52.352  -27.529  37.657 0.0000000000
39237  23.709  -52.153  49.156 0.0000000000
40428  22.513  -52.258  47.289 0.0000000000
40407  22.691  -52.415  48.967 0.0000000000
39220  22.003  -52.668  49.493 0.0000000000
39207  20.727  -53.853  49.579 0.0000000000
35318  20.441  -55.857  54.190 0.0000000000
36571  20.449  -55.506  53.103 0.0000000000
34054  19.644  -57.054  52.452 0.0000000000
34066  19.088  -57.131  51.567 0.0000000000
32916  16.839  -58.699  51.364 0.0000000000
37742  36.327  -53.089  59.045 0.0000000000
37781  36.774  -53.507  57.192 0.0000000000
37805  36.074  -53.569  56.336 0.0000000000
37782  35.525  -53.728  57.170 0.0000000000
37807  34.144  -53.985  56.235 0.0000000000
37830  32.624  -54.416  55.442 0.0000000000
37814  27.771  -53.924  56.393 0.0000000000
37835  28.178  -54.177  55.431 0.0000000000
37855  26.951  -53.847  53.894 0.0000000000
37871  27.081  -54.071  53.127 0.0000000000
37899  27.234  -54.146  51.798 0.0000000000
37927  26.906  -53.848  49.934 0.0000000000
37912  26.310  -53.469  50.748 0.0000000000
39217  25.216  -52.651  49.728 0.0000000000
64807  47.122  -32.005  39.022 0.0000000000
64814  47.020  -32.281  38.089 0.0000000000
64815  46.164  -32.640  37.627 0.0000000000
63663  46.069  -33.500  36.203 0.0000000000
28928  15.592  -60.599  59.770 0.0000000000
30268  14.859  -60.349  58.073 0.0000000000
30281  14.022  -59.966  56.212 0.0000000000
28955  13.776  -61.111  57.416 0.0000000000
66920  50.180  -29.812  46.972 0.0000000000
66980  49.943  -30.393  44.209 0.0000000000
66941  49.864  -30.045  46.015 0.0000000000
66942  48.908  -30.312  45.925 0.0000000000
66964  47.782  -30.763  45.156 0.0000000000
138832  43.114  -33.295  47.644 0.0000000000
64724  44.518  -31.539  45.781 0.0000000000
64725  43.169  -32.268  46.389 0.0000000000
63584  42.161  -33.397  45.041 0.0000000000
63594  42.256  -33.214  43.772 0.0000000000
63595  41.555  -33.751  43.155 0.0000000000
63585  41.610  -33.771  44.118 0.0000000000
62338  41.155  -34.462  43.729 0.0000000000
61022  40.984  -35.213  44.378 0.0000000000
51237  41.374  -43.524  50.230 0.0000000000
52398  42.058  -42.393  50.686 0.0000000000
52428  40.938  -42.501  49.224 0.0000000000
54599  41.311  -41.069  48.608 0.0000000000
54610  41.064  -40.673  47.946 0.0000000000
57103  40.431  -39.024  46.690 0.0000000000
55828  39.318  -39.933  46.058 0.0000000000
55845  38.273  -39.976  45.040 0.0000000000
55858  37.252  -39.921  43.638 0.0000000000
55873  36.428  -40.008  42.341 0.0000000000
54675  36.926  -40.928  43.447 0.0000000000
53574  36.656  -41.826  43.127 0.0000000000
52495  36.539  -42.706  42.739 0.0000000000
46341  37.308  -46.616  43.765 0.0000000000
47588  36.881  -45.985  42.627 0.0000000000
47589  36.109  -46.208  42.423 0.0000000000
47610  35.026  -46.056  41.304 0.0000000000
48980  33.909  -45.467  39.685 0.0000000000
41529  34.531  -51.422  51.747 0.0000000000
42766  34.895  -50.620  50.862 0.0000000000
42767  33.891  -50.917  50.460 0.0000000000
42793  33.164  -50.417  48.609 0.0000000000
42801  32.787  -50.236  47.885 0.0000000000
44067  29.925  -49.604  44.184 0.0000000000
42844  30.123  -50.269  43.674 0.0000000000
69510  62.029  -26.751  37.944 0.0000000000
70762  61.854  -26.839  37.013 0.0000000000
72006  60.219  -26.596  35.334 0.0000000000
37858  24.201  -52.926  54.633 0.0000000000
39162  23.593  -52.838  53.887 0.0000000000
39150  23.321  -52.890  54.916 0.0000000000
39136  22.421  -52.919  55.524 0.0000000000
39137  21.465  -53.334  55.189 0.0000000000
39106  21.569  -53.146  57.327 0.0000000000
37817  20.999  -53.964  55.799 0.0000000000
36543  20.627  -54.677  55.631 0.0000000000
35317  20.453  -56.044  54.760 0.0000000000
34038  20.337  -57.384  55.775 0.0000000000
32876  20.006  -58.265  55.736 0.0000000000
36446  31.460  -53.646  59.922 0.0000000000
37745  32.005  -54.194  58.699 0.0000000000
37732  30.757  -53.948  59.139 0.0000000000
37748  29.419  -54.023  58.708 0.0000000000
37768  28.394  -53.805  58.212 0.0000000000
37734  27.715  -53.318  59.631 0.0000000000
37750  27.780  -53.588  58.798 0.0000000000
37791  27.538  -53.750  57.330 0.0000000000
37815  26.901  -53.668  56.440 0.0000000000
37837  25.871  -53.213  55.637 0.0000000000
63651  43.202  -33.325  37.909 0.0000000000
62418  44.079  -34.118  37.061 0.0000000000
62419  43.369  -34.359  37.034 0.0000000000
138801  47.498  -29.271  49.956 0.0000000000
138831  43.459  -33.323  48.771 0.0000000000
138808  43.545  -34.876  48.709 0.0000000000
60982  43.810  -36.134  48.664 0.0000000000
50014  43.470  -44.230  53.715 0.0000000000
50027  42.704  -44.376  52.553 0.0000000000
46187  42.058  -46.177  53.202 0.0000000000
48742  42.341  -45.186  52.420 0.0000000000
50057  41.909  -44.422  51.362 0.0000000000
50075  41.161  -44.397  49.700 0.0000000000
50092  40.725  -44.727  48.861 0.0000000000
51292  39.856  -44.056  46.870 0.0000000000
51311  39.000  -43.861  45.564 0.0000000000
50125  39.876  -44.928  46.334 0.0000000000
48876  39.381  -45.622  45.105 0.0000000000
47550  39.326  -46.786  44.901 0.0000000000
45091  40.167  -48.150  47.084 0.0000000000
45119  39.389  -47.739  45.854 0.0000000000
46320  38.401  -47.156  44.642 0.0000000000
46321  37.515  -46.998  44.358 0.0000000000
46322  36.430  -47.055  44.405 0.0000000000
46307  35.860  -47.472  45.173 0.0000000000
39231  29.902  -53.163  48.870 0.0000000000
41565  30.421  -52.009  48.631 0.0000000000
40424  29.496  -52.629  47.841 0.0000000000
41577  29.251  -51.574  46.806 0.0000000000
42817  28.455  -50.853  45.329 0.0000000000
39325  27.699  -52.847  43.560 0.0000000000
41616  28.584  -51.630  43.602 0.0000000000
71911  58.591  -26.562  40.033 0.0000000000
71944  59.039  -26.385  38.747 0.0000000000
71928  57.489  -26.458  39.456 0.0000000000
71967  56.644  -26.102  37.339 0.0000000000
71987  55.620  -26.049  36.184 0.0000000000
71950  54.151  -26.510  37.594 0.0000000000
71969  54.776  -26.168  36.980 0.0000000000
39178  21.704  -53.411  51.972 0.0000000000
37913  20.939  -53.779  50.989 0.0000000000
37929  20.402  -54.650  49.478 0.0000000000
35343  19.869  -55.998  50.854 0.0000000000
36610  19.992  -55.575  49.171 0.0000000000
41453  39.419  -50.552  58.074 0.0000000000
41471  39.813  -50.638  57.066 0.0000000000
40338  39.401  -51.307  56.022 0.0000000000
41494  39.320  -50.974  54.318 0.0000000000
42715  39.124  -50.685  53.224 0.0000000000
40359  38.392  -51.643  54.334 0.0000000000
41506  36.997  -51.674  53.509 0.0000000000
40371  35.896  -51.861  53.259 0.0000000000
39147  35.801  -53.013  54.690 0.0000000000
39159  35.487  -52.680  53.996 0.0000000000
40372  34.942  -52.160  52.934 0.0000000000
40374  33.478  -52.742  52.340 0.0000000000
40387  32.331  -52.830  51.400 0.0000000000
39200  31.220  -53.372  50.782 0.0000000000
37786  32.069  -54.354  57.213 0.0000000000
37810  31.454  -54.517  56.405 0.0000000000
36551  31.336  -54.527  54.466 0.0000000000
36539  29.337  -54.508  54.770 0.0000000000
36567  29.857  -54.646  53.430 0.0000000000
36573  31.304  -54.589  53.419 0.0000000000
37886  31.035  -54.591  52.215 0.0000000000
37907  30.506  -54.033  50.811 0.0000000000
39201  30.563  -53.622  50.248 0.0000000000
39216  29.507  -53.802  49.316 0.0000000000
39233  28.495  -53.714  48.321 0.0000000000
39270  27.277  -52.889  46.270 0.0000000000
37943  26.685  -53.470  48.932 0.0000000000
37960  26.766  -53.244  48.069 0.0000000000
39297  26.670  -52.524  45.534 0.0000000000
40485  25.742  -52.447  44.802 0.0000000000
67047  50.431  -30.289  39.299 0.0000000000
68228  50.475  -29.564  38.526 0.0000000000
67053  49.418  -30.646  38.581 0.0000000000
65935  47.445  -31.684  36.467 0.0000000000
65938  47.471  -31.791  35.451 0.0000000000
62435  45.209  -34.672  36.082 0.0000000000
39020  21.520  -52.364  61.832 0.0000000000
37717  21.352  -53.500  61.460 0.0000000000
37736  21.220  -54.677  60.514 0.0000000000
36473  20.960  -55.805  60.494 0.0000000000
36493  21.103  -55.584  59.759 0.0000000000
34028  20.834  -57.397  57.545 0.0000000000
32872  20.451  -57.963  57.135 0.0000000000
31560  19.793  -58.790  56.407 0.0000000000
30262  19.718  -59.633  59.877 0.0000000000
31539  19.442  -59.514  58.571 0.0000000000
31551  19.348  -59.221  56.769 0.0000000000
31562  18.273  -59.011  55.460 0.0000000000
31578  16.931  -58.748  54.255 0.0000000000
70674  59.758  -26.218  41.828 0.0000000000
70676  58.189  -26.660  42.037 0.0000000000
70677  57.209  -26.991  41.778 0.0000000000
69458  56.299  -27.654  42.169 0.0000000000
69394  57.335  -27.390  44.532 0.0000000000
69431  56.328  -27.906  42.844 0.0000000000
69459  55.462  -27.854  41.782 0.0000000000
68193  54.148  -28.782  42.200 0.0000000000
68194  53.525  -29.051  41.614 0.0000000000
68177  52.762  -29.609  42.093 0.0000000000
68148  53.739  -29.309  44.272 0.0000000000
66992  52.009  -29.993  42.542 0.0000000000
67021  51.246  -30.327  40.982 0.0000000000
67022  50.484  -30.694  41.407 0.0000000000
65909  49.760  -31.125  40.753 0.0000000000
65910  48.997  -31.359  40.702 0.0000000000
66995  49.316  -30.677  43.385 0.0000000000
65869  48.862  -31.181  42.137 0.0000000000
65911  48.133  -31.509  40.603 0.0000000000
64799  46.636  -31.838  39.698 0.0000000000
64800  45.622  -32.010  39.536 0.0000000000
64801  44.527  -32.193  39.425 0.0000000000
68096  47.042  -30.174  48.111 0.0000000000
66924  46.911  -30.545  46.251 0.0000000000
65834  46.411  -31.139  44.890 0.0000000000
64735  44.953  -31.428  45.059 0.0000000000
64745  45.442  -31.453  44.567 0.0000000000
65859  45.825  -31.589  43.816 0.0000000000
64776  44.671  -31.614  42.132 0.0000000000
64793  44.942  -31.679  40.690 0.0000000000
64802  43.431  -32.528  39.196 0.0000000000
64803  42.607  -32.858  39.280 0.0000000000
63644  42.107  -33.272  38.818 0.0000000000
63608  41.347  -33.658  42.074 0.0000000000
63640  40.484  -33.893  40.169 0.0000000000
59639  44.787  -36.750  49.952 0.0000000000
59649  44.124  -36.778  48.852 0.0000000000
54551  44.809  -40.541  52.146 0.0000000000
53488  42.882  -41.376  50.814 0.0000000000
54562  43.832  -40.676  51.383 0.0000000000
55711  44.429  -39.511  51.164 0.0000000000
55751  43.844  -38.703  50.168 0.0000000000
58372  43.658  -37.947  49.161 0.0000000000
59659  42.717  -36.605  47.667 0.0000000000
59671  41.680  -36.743  46.725 0.0000000000
59683  41.281  -36.314  45.946 0.0000000000
59699  40.116  -36.480  44.823 0.0000000000
57124  39.834  -38.570  45.919 0.0000000000
58477  39.016  -37.185  44.297 0.0000000000
61034  38.984  -36.160  42.941 0.0000000000
61049  38.284  -36.296  41.875 0.0000000000
55885  36.067  -40.109  41.446 0.0000000000
54718  36.878  -40.599  39.414 0.0000000000
51330  38.150  -44.008  44.468 0.0000000000
51346  37.214  -43.679  43.581 0.0000000000
51355  36.614  -43.658  42.397 0.0000000000
48940  36.763  -45.232  42.274 0.0000000000
50190  36.577  -44.460  41.858 0.0000000000
42748  38.397  -49.780  51.356 0.0000000000
42763  38.113  -49.489  50.615 0.0000000000
43983  37.196  -48.964  49.454 0.0000000000
42779  35.082  -49.860  49.997 0.0000000000
43984  36.146  -49.223  49.547 0.0000000000
45073  36.690  -48.567  47.963 0.0000000000
45096  35.662  -48.577  47.425 0.0000000000
45122  35.218  -47.679  45.494 0.0000000000
46308  34.658  -47.390  44.876 0.0000000000
42795  31.276  -51.334  48.713 0.0000000000
44020  31.699  -50.296  47.527 0.0000000000
44019  32.317  -50.051  47.383 0.0000000000
44035  30.438  -49.224  45.797 0.0000000000
44034  31.481  -49.110  46.094 0.0000000000
45112  33.046  -48.987  46.333 0.0000000000
46310  33.123  -48.032  45.392 0.0000000000
46325  33.546  -47.228  44.315 0.0000000000
71964  59.253  -26.417  37.938 0.0000000000
71995  59.389  -26.516  35.976 0.0000000000
72007  59.397  -26.589  34.989 0.0000000000
69523  49.954  -29.055  37.597 0.0000000000
42699  40.233  -50.123  54.417 0.0000000000
43892  40.475  -49.542  53.507 0.0000000000
42727  39.792  -49.874  52.146 0.0000000000
67037  51.936  -29.780  40.083 0.0000000000
68219  52.045  -29.328  39.430 0.0000000000
68220  51.345  -29.526  39.180 0.0000000000
39191  23.653  -52.737  51.659 0.0000000000
32894  19.151  -58.174  53.701 0.0000000000
36445  32.610  -53.704  59.784 0.0000000000
37711  33.290  -53.380  60.192 0.0000000000
36444  33.688  -53.695  59.719 0.0000000000
36443  34.371  -53.698  59.645 0.0000000000
36486  33.523  -54.293  59.094 0.0000000000
36505  33.999  -54.338  58.632 0.0000000000
37874  24.674  -52.924  53.946 0.0000000000
37890  24.743  -52.930  53.029 0.0000000000
63649  44.707  -32.961  37.773 0.0000000000
68085  48.745  -29.222  49.888 0.0000000000
62295  42.765  -35.202  47.480 0.0000000000
60991  42.578  -35.834  47.216 0.0000000000
52450  39.505  -43.042  46.689 0.0000000000
40403  31.652  -52.318  50.260 0.0000000000
41557  31.208  -52.115  49.577 0.0000000000
70709  60.445  -26.288  39.454 0.0000000000
70710  60.033  -26.338  39.031 0.0000000000
39104  24.228  -52.639  57.958 0.0000000000
40325  24.085  -52.567  58.451 0.0000000000
36522  20.614  -55.370  57.388 0.0000000000
36511  20.966  -55.405  58.650 0.0000000000
39016  29.235  -52.703  61.020 0.0000000000
37697  29.005  -53.020  60.805 0.0000000000
39076  25.084  -52.588  59.165 0.0000000000
39075  25.738  -52.767  59.315 0.0000000000
39089  24.963  -52.637  58.642 0.0000000000
39103  25.369  -52.845  57.821 0.0000000000
46108  42.389  -46.584  56.122 0.0000000000
46091  42.352  -46.586  56.963 0.0000000000
47344  42.831  -45.701  55.622 0.0000000000
46238  40.760  -47.314  49.883 0.0000000000
47484  40.588  -46.636  49.154 0.0000000000
47485  40.451  -47.170  48.810 0.0000000000
46258  40.458  -47.621  48.542 0.0000000000
45072  37.613  -48.396  47.752 0.0000000000
45094  37.794  -48.047  46.957 0.0000000000
70696  55.473  -27.267  40.459 0.0000000000
70697  54.892  -27.358  39.956 0.0000000000
40442  23.276  -51.995  46.296 0.0000000000
37859  20.613  -54.364  53.671 0.0000000000
37875  20.827  -54.100  52.811 0.0000000000
34090  18.793  -56.851  49.688 0.0000000000
37780  37.397  -53.166  57.616 0.0000000000
39100  37.599  -53.094  57.145 0.0000000000
39115  38.031  -52.675  56.788 0.0000000000
39130  37.355  -52.902  55.802 0.0000000000
37825  36.916  -53.157  55.806 0.0000000000
37850  33.758  -53.825  54.348 0.0000000000
37869  32.747  -54.117  53.639 0.0000000000
37884  32.769  -53.786  52.965 0.0000000000
36584  27.753  -54.305  51.676 0.0000000000
36583  28.543  -54.398  51.581 0.0000000000
36594  28.153  -54.370  50.957 0.0000000000
36608  28.461  -54.467  50.304 0.0000000000
39273  25.236  -52.020  47.487 0.0000000000
40426  24.671  -51.887  47.511 0.0000000000
40457  24.216  -52.026  45.443 0.0000000000
65920  48.724  -31.503  39.878 0.0000000000
65927  47.745  -31.876  38.520 0.0000000000
34003  20.744  -57.793  60.202 0.0000000000
31537  20.586  -59.013  59.650 0.0000000000
28940  16.950  -60.093  59.081 0.0000000000
30273  16.683  -59.820  58.249 0.0000000000
31548  15.917  -59.517  56.577 0.0000000000
69392  58.634  -26.874  44.071 0.0000000000
70611  58.739  -26.619  44.790 0.0000000000
68118  55.544  -28.277  46.040 0.0000000000
68145  55.806  -27.964  45.051 0.0000000000
68132  54.423  -28.662  45.427 0.0000000000
65845  47.335  -31.218  44.108 0.0000000000
65857  47.647  -31.310  43.210 0.0000000000
138828  45.696  -30.764  46.967 0.0000000000
63607  42.191  -33.129  42.553 0.0000000000
61033  39.480  -35.823  43.022 0.0000000000
56994  45.392  -38.527  51.696 0.0000000000
51202  42.970  -43.356  52.385 0.0000000000
52368  43.380  -42.713  52.500 0.0000000000
51220  42.864  -42.852  51.872 0.0000000000
54609  41.455  -40.062  48.073 0.0000000000
55787  41.730  -39.514  48.127 0.0000000000
57079  41.569  -38.936  47.709 0.0000000000
57101  41.652  -38.353  47.514 0.0000000000
57102  41.043  -38.674  47.186 0.0000000000
57156  37.979  -38.225  43.747 0.0000000000
58490  37.471  -37.761  42.583 0.0000000000
57167  36.710  -38.868  42.166 0.0000000000
53588  35.927  -41.802  40.678 0.0000000000
52515  35.891  -42.236  40.164 0.0000000000
47567  38.284  -46.149  44.106 0.0000000000
48915  38.021  -45.570  43.831 0.0000000000
42731  36.292  -51.030  52.461 0.0000000000
44004  34.333  -49.704  48.637 0.0000000000
44025  33.511  -49.264  46.801 0.0000000000
44024  34.066  -49.065  46.726 0.0000000000
44029  29.630  -50.300  46.456 0.0000000000
71998  56.487  -26.294  35.381 0.0000000000
40307  23.863  -52.265  59.742 0.0000000000
40295  23.620  -52.153  60.566 0.0000000000
40296  22.566  -52.242  60.746 0.0000000000
39049  21.705  -53.167  61.004 0.0000000000
42651  40.294  -49.864  57.310 0.0000000000
42667  40.673  -49.533  56.503 0.0000000000
43855  41.005  -49.131  55.260 0.0000000000
43854  41.158  -48.877  55.802 0.0000000000
43871  41.298  -48.595  55.145 0.0000000000
44947  41.554  -48.042  55.456 0.0000000000
44960  41.565  -47.881  54.532 0.0000000000
44961  41.287  -48.343  53.955 0.0000000000
43934  40.745  -48.726  51.970 0.0000000000
44990  41.248  -48.169  52.408 0.0000000000
45027  40.442  -48.603  49.897 0.0000000000
43958  40.368  -49.012  50.489 0.0000000000
43960  38.705  -49.328  50.236 0.0000000000
39351  26.659  -53.449  43.313 0.0000000000
69479  53.539  -28.490  40.092 0.0000000000
69480  53.031  -28.699  39.564 0.0000000000
69514  51.604  -28.763  38.526 0.0000000000
69513  52.664  -27.895  38.227 0.0000000000
69521  51.767  -27.910  37.768 0.0000000000
70756  51.326  -27.550  37.201 0.0000000000
39218  24.081  -52.208  49.885 0.0000000000
40406  23.177  -52.307  49.098 0.0000000000
39219  23.010  -52.407  49.679 0.0000000000
39221  21.221  -53.194  48.864 0.0000000000
39206  21.224  -53.312  50.154 0.0000000000
34044  20.253  -56.670  54.083 0.0000000000
35323  20.250  -56.293  52.792 0.0000000000
32906  19.047  -57.706  52.575 0.0000000000
34055  19.264  -57.281  52.228 0.0000000000
34077  18.467  -57.590  50.713 0.0000000000
34067  18.572  -57.692  51.357 0.0000000000
32914  18.039  -58.189  51.277 0.0000000000
31603  17.700  -58.542  52.416 0.0000000000
32915  17.245  -58.585  51.420 0.0000000000
31621  16.339  -58.824  51.384 0.0000000000
31605  15.974  -58.776  52.353 0.0000000000
40280  35.306  -52.794  59.789 0.0000000000
37744  35.230  -54.033  58.860 0.0000000000
37743  35.838  -53.508  58.944 0.0000000000
37808  33.279  -54.267  56.259 0.0000000000
37836  27.212  -53.848  55.042 0.0000000000
37889  25.854  -53.444  52.715 0.0000000000
37888  26.686  -53.896  52.529 0.0000000000
37887  27.220  -54.170  52.489 0.0000000000
39202  25.507  -52.938  50.660 0.0000000000
39236  24.615  -52.149  49.067 0.0000000000
63656  45.765  -33.198  36.941 0.0000000000
62434  45.921  -34.208  35.872 0.0000000000
28929  14.898  -60.771  59.486 0.0000000000
28941  15.282  -60.509  59.226 0.0000000000
28942  14.648  -60.724  58.814 0.0000000000
28954  14.218  -60.879  58.003 0.0000000000
66902  48.281  -29.981  47.442 0.0000000000
66921  49.151  -30.047  46.787 0.0000000000
66943  48.092  -30.475  45.778 0.0000000000
138830  42.488  -33.674  47.028 0.0000000000
61011  41.932  -35.585  45.863 0.0000000000
62329  41.503  -34.467  44.800 0.0000000000
51252  41.106  -43.302  49.634 0.0000000000
52399  41.572  -42.950  50.495 0.0000000000
53521  40.496  -41.817  47.875 0.0000000000
53510  40.932  -41.679  48.611 0.0000000000
55808  40.035  -39.832  46.607 0.0000000000
54629  39.621  -40.924  46.578 0.0000000000
54650  38.488  -40.976  45.368 0.0000000000
55829  38.741  -40.197  45.621 0.0000000000
55846  37.792  -39.942  44.331 0.0000000000
54664  37.467  -40.892  44.072 0.0000000000
53564  37.068  -41.833  43.856 0.0000000000
52494  36.828  -42.725  43.483 0.0000000000
46342  36.806  -46.708  43.740 0.0000000000
47570  36.462  -46.488  43.045 0.0000000000
47632  34.465  -45.828  40.700 0.0000000000
47633  33.596  -46.004  40.139 0.0000000000
41542  34.231  -51.012  51.064 0.0000000000
41543  33.662  -51.304  51.027 0.0000000000
42782  32.373  -51.331  49.605 0.0000000000
42781  33.037  -51.055  49.774 0.0000000000
42802  32.182  -50.471  48.025 0.0000000000
70751  60.865  -26.513  37.594 0.0000000000
70763  60.750  -26.624  36.658 0.0000000000
71994  60.165  -26.566  36.199 0.0000000000
37838  24.580  -52.938  55.314 0.0000000000
37839  23.896  -52.931  55.159 0.0000000000
39091  22.392  -52.510  58.682 0.0000000000
37794  20.797  -54.171  56.729 0.0000000000
37841  20.792  -54.352  55.623 0.0000000000
36542  20.481  -55.346  55.400 0.0000000000
36530  20.448  -54.960  56.066 0.0000000000
35302  20.486  -56.761  56.273 0.0000000000
34039  20.061  -57.639  55.123 0.0000000000
37695  30.428  -53.415  60.885 0.0000000000
37686  30.672  -53.228  61.119 0.0000000000
36425  30.862  -53.548  60.440 0.0000000000
37713  31.424  -53.487  60.347 0.0000000000
36470  30.875  -53.793  59.516 0.0000000000
36490  29.536  -53.870  59.215 0.0000000000
36508  28.982  -53.891  58.818 0.0000000000
36509  28.485  -53.767  58.571 0.0000000000
39046  27.426  -52.987  60.216 0.0000000000
39060  27.353  -53.117  59.885 0.0000000000
39087  26.618  -53.369  58.224 0.0000000000
37735  27.249  -53.367  59.108 0.0000000000
37751  27.162  -53.482  58.502 0.0000000000
37769  27.504  -53.642  58.064 0.0000000000
37792  26.805  -53.560  57.428 0.0000000000
39133  25.537  -53.015  56.557 0.0000000000
63660  42.943  -33.885  37.454 0.0000000000
62272  44.113  -34.860  49.365 0.0000000000
60968  44.323  -35.496  49.340 0.0000000000
62286  43.875  -35.582  48.791 0.0000000000
44907  41.091  -47.994  58.071 0.0000000000
48729  43.123  -44.886  53.952 0.0000000000
48728  43.508  -44.391  54.062 0.0000000000
50026  43.241  -44.176  53.121 0.0000000000
46168  41.725  -47.040  53.519 0.0000000000
46167  41.967  -46.455  53.487 0.0000000000
46188  41.785  -46.625  52.778 0.0000000000
47408  41.853  -45.923  52.250 0.0000000000
48759  41.966  -45.253  51.783 0.0000000000
50058  41.523  -44.461  50.595 0.0000000000
48780  41.285  -45.423  50.284 0.0000000000
48830  40.677  -45.889  48.584 0.0000000000
50093  40.479  -44.956  48.048 0.0000000000
51287  40.188  -44.039  47.589 0.0000000000
47541  40.129  -46.642  45.982 0.0000000000
47549  39.689  -46.591  45.285 0.0000000000
46303  39.830  -47.317  45.750 0.0000000000
45069  40.296  -48.187  48.102 0.0000000000
43998  39.848  -48.462  47.699 0.0000000000
45093  38.756  -48.277  46.878 0.0000000000
45092  39.540  -48.322  46.741 0.0000000000
45106  39.064  -47.895  46.050 0.0000000000
46292  38.969  -47.695  45.684 0.0000000000
46305  38.094  -47.530  45.256 0.0000000000
45120  37.685  -47.575  45.630 0.0000000000
46294  36.877  -47.584  45.755 0.0000000000
40414  29.815  -52.891  48.520 0.0000000000
40437  29.161  -52.291  47.125 0.0000000000
41578  28.673  -51.432  46.205 0.0000000000
41583  28.328  -51.505  45.565 0.0000000000
39350  27.416  -53.422  43.093 0.0000000000
40483  28.169  -52.244  43.780 0.0000000000
40509  28.885  -52.124  43.022 0.0000000000
70711  58.024  -26.597  40.264 0.0000000000
71927  58.352  -26.475  39.510 0.0000000000
70712  57.669  -26.588  40.059 0.0000000000
71930  55.955  -26.466  38.876 0.0000000000
71947  56.664  -26.307  38.278 0.0000000000
71968  55.684  -26.026  37.167 0.0000000000
69512  53.331  -27.579  38.403 0.0000000000
70737  53.891  -27.024  38.349 0.0000000000
71970  53.829  -26.394  36.913 0.0000000000
40443  22.121  -52.423  46.380 0.0000000000
40444  21.484  -52.890  46.434 0.0000000000
39177  22.522  -53.065  52.357 0.0000000000
37903  21.078  -53.799  51.695 0.0000000000
37914  20.490  -54.322  50.436 0.0000000000
35331  20.028  -56.250  51.765 0.0000000000
36579  20.446  -55.298  52.189 0.0000000000
35377  19.111  -56.392  48.731 0.0000000000
35360  19.853  -56.019  50.072 0.0000000000
36611  19.525  -56.033  48.927 0.0000000000
40278  36.530  -51.664  59.767 0.0000000000
40291  36.835  -51.968  59.410 0.0000000000
40302  38.475  -51.451  58.303 0.0000000000
41455  38.141  -51.082  58.875 0.0000000000
41463  39.077  -51.153  58.001 0.0000000000
41462  39.496  -50.783  57.614 0.0000000000
40313  39.091  -51.312  57.600 0.0000000000
40339  38.716  -51.873  55.790 0.0000000000
40347  39.266  -51.352  55.275 0.0000000000
41495  38.763  -51.396  54.263 0.0000000000
40350  37.307  -52.301  54.517 0.0000000000
40360  37.843  -51.803  54.121 0.0000000000
40361  37.039  -51.944  53.928 0.0000000000
40370  36.593  -51.841  53.512 0.0000000000
40362  36.232  -52.309  53.779 0.0000000000
37827  35.524  -53.397  55.415 0.0000000000
39161  34.015  -53.355  53.618 0.0000000000
39148  35.041  -53.058  54.402 0.0000000000
39160  34.670  -52.907  53.843 0.0000000000
39172  34.966  -52.536  53.514 0.0000000000
40373  34.083  -52.537  52.646 0.0000000000
39186  32.983  -53.099  52.279 0.0000000000
39187  32.328  -53.424  51.828 0.0000000000
39199  31.886  -53.185  51.256 0.0000000000
37746  31.231  -54.125  58.757 0.0000000000
37764  31.754  -54.379  58.121 0.0000000000
37832  30.888  -54.573  55.588 0.0000000000
37831  31.760  -54.534  55.556 0.0000000000
37853  31.220  -54.500  54.913 0.0000000000
36541  28.003  -54.278  54.542 0.0000000000
36540  28.643  -54.429  54.673 0.0000000000
36566  30.657  -54.632  53.710 0.0000000000
36574  30.677  -54.673  52.876 0.0000000000
36581  30.325  -54.569  52.131 0.0000000000
37897  30.126  -54.364  51.101 0.0000000000
37923  30.142  -54.006  50.168 0.0000000000
39215  30.129  -53.488  49.475 0.0000000000
37924  29.557  -54.151  49.867 0.0000000000
37958  28.020  -53.768  48.390 0.0000000000
37928  26.132  -53.244  49.850 0.0000000000
39272  25.794  -52.352  47.087 0.0000000000
39252  26.384  -52.845  47.564 0.0000000000
39271  26.532  -52.676  46.586 0.0000000000
40439  26.365  -52.388  45.988 0.0000000000
40484  26.295  -52.442  45.008 0.0000000000
40455  26.085  -52.320  45.509 0.0000000000
67058  48.610  -30.754  37.607 0.0000000000
64818  46.903  -32.296  37.026 0.0000000000
65931  47.567  -31.866  37.542 0.0000000000
64821  46.984  -32.514  35.891 0.0000000000
62436  44.150  -34.778  36.485 0.0000000000
63665  44.752  -34.086  36.812 0.0000000000
61130  44.803  -35.644  36.003 0.0000000000
40256  22.034  -51.777  62.225 0.0000000000
37700  21.143  -53.756  61.627 0.0000000000
37718  21.253  -54.173  61.250 0.0000000000
35279  21.123  -56.588  59.120 0.0000000000
34018  21.105  -57.508  58.521 0.0000000000
32870  20.259  -58.483  57.554 0.0000000000
32873  20.140  -58.400  56.709 0.0000000000
28951  17.930  -59.701  59.439 0.0000000000
28925  18.445  -60.130  60.448 0.0000000000
30258  18.812  -60.012  59.793 0.0000000000
30257  19.239  -60.005  60.238 0.0000000000
30263  19.371  -59.752  59.439 0.0000000000
31540  18.826  -59.599  58.192 0.0000000000
31545  18.717  -59.430  57.393 0.0000000000
31552  18.513  -59.256  56.480 0.0000000000
31577  17.965  -58.779  54.446 0.0000000000
31563  17.278  -58.988  55.257 0.0000000000
31579  15.728  -58.837  54.137 0.0000000000
30291  13.765  -59.877  55.590 0.0000000000
70675  59.156  -26.510  41.786 0.0000000000
69455  59.077  -26.700  42.503 0.0000000000
70653  57.760  -27.055  42.619 0.0000000000
70654  57.443  -27.123  42.403 0.0000000000
69457  56.884  -27.434  42.460 0.0000000000
69379  58.168  -27.457  45.648 0.0000000000
69380  57.434  -27.682  45.454 0.0000000000
68160  55.746  -27.976  44.365 0.0000000000
69412  56.252  -27.842  43.611 0.0000000000
69413  55.691  -28.246  43.257 0.0000000000
69432  55.465  -28.263  42.646 0.0000000000
69433  54.785  -28.397  42.251 0.0000000000
68176  53.581  -29.273  42.558 0.0000000000
68195  52.648  -29.478  41.133 0.0000000000
68133  53.653  -29.072  45.122 0.0000000000
68134  53.034  -29.469  44.806 0.0000000000
67004  51.964  -29.940  41.568 0.0000000000
67023  50.062  -30.787  41.922 0.0000000000
65889  49.925  -30.943  41.398 0.0000000000
65890  49.278  -31.181  41.409 0.0000000000
66962  49.466  -30.344  45.149 0.0000000000
65870  48.075  -31.363  42.320 0.0000000000
65891  48.514  -31.366  41.455 0.0000000000
65922  47.171  -31.748  39.804 0.0000000000
65912  47.113  -31.571  40.488 0.0000000000
65913  46.299  -31.518  40.873 0.0000000000
64792  45.963  -31.676  40.310 0.0000000000
138818  46.478  -29.591  49.223 0.0000000000
68086  47.616  -29.479  49.146 0.0000000000
66946  46.428  -30.779  45.880 0.0000000000
66966  46.733  -30.974  45.076 0.0000000000
64746  44.841  -31.705  44.157 0.0000000000
65860  45.174  -31.651  43.556 0.0000000000
65873  45.389  -31.628  42.883 0.0000000000
63638  41.974  -33.094  39.757 0.0000000000
63645  41.363  -33.695  39.116 0.0000000000
62364  40.188  -34.438  41.302 0.0000000000
63627  40.380  -34.092  40.730 0.0000000000
58362  44.951  -37.453  50.532 0.0000000000
59640  44.453  -36.846  49.404 0.0000000000
58371  43.994  -37.551  49.287 0.0000000000
52366  44.282  -41.354  52.757 0.0000000000
52356  44.406  -41.575  53.315 0.0000000000
53465  44.700  -40.979  52.764 0.0000000000
53466  44.390  -41.077  52.232 0.0000000000
52413  41.809  -41.959  50.055 0.0000000000
53477  43.154  -41.842  51.372 0.0000000000
54584  43.284  -39.802  50.240 0.0000000000
54572  43.594  -40.217  50.763 0.0000000000
54561  44.317  -40.134  51.437 0.0000000000
55731  43.824  -39.535  50.637 0.0000000000
55730  44.207  -39.162  50.729 0.0000000000
58389  42.888  -37.938  48.318 0.0000000000
57054  43.402  -38.333  49.265 0.0000000000
58388  43.350  -37.567  48.544 0.0000000000
58407  42.905  -37.098  48.044 0.0000000000
59670  42.195  -36.475  47.116 0.0000000000
58429  41.934  -37.054  47.222 0.0000000000
58447  40.688  -37.441  46.161 0.0000000000
58446  41.316  -37.024  46.460 0.0000000000
59684  40.616  -36.629  45.492 0.0000000000
58478  38.366  -37.541  43.818 0.0000000000
59700  39.467  -36.699  44.367 0.0000000000
59713  38.956  -36.512  43.612 0.0000000000
59724  38.646  -36.425  42.889 0.0000000000
59725  38.093  -36.753  42.427 0.0000000000
53595  36.205  -41.356  39.970 0.0000000000
54701  36.539  -40.595  39.878 0.0000000000
53608  36.701  -40.915  39.351 0.0000000000
51312  38.518  -43.872  44.980 0.0000000000
50140  38.521  -44.694  44.599 0.0000000000
50182  37.491  -44.650  43.304 0.0000000000
50162  37.600  -44.205  43.747 0.0000000000
51354  36.950  -44.037  43.034 0.0000000000
48960  36.279  -45.221  41.636 0.0000000000
50214  35.298  -44.491  40.202 0.0000000000
50200  35.987  -44.419  40.974 0.0000000000
50213  35.656  -43.934  40.498 0.0000000000
41513  38.354  -50.758  52.875 0.0000000000
42728  38.976  -50.436  52.509 0.0000000000
42729  37.965  -50.444  52.330 0.0000000000
42764  37.447  -49.586  50.761 0.0000000000
43961  37.798  -49.273  50.093 0.0000000000
43962  36.966  -49.343  50.121 0.0000000000
44002  36.495  -48.805  48.717 0.0000000000
45074  36.054  -48.694  48.150 0.0000000000
45123  34.607  -47.949  45.684 0.0000000000
41570  30.107  -51.698  47.983 0.0000000000
41569  30.751  -51.526  48.478 0.0000000000
44047  30.219  -49.049  44.682 0.0000000000
45126  31.644  -48.649  45.608 0.0000000000
44033  32.048  -48.895  45.984 0.0000000000
45125  32.614  -48.473  45.720 0.0000000000
45133  32.303  -48.090  45.202 0.0000000000
46370  31.889  -47.618  43.060 0.0000000000
46326  32.548  -47.748  44.803 0.0000000000
70760  63.366  -26.698  37.125 0.0000000000
71945  58.362  -26.377  38.627 0.0000000000
71965  58.465  -26.399  37.681 0.0000000000
71996  58.454  -26.455  35.736 0.0000000000
72008  58.374  -26.540  34.740 0.0000000000
68232  50.131  -29.218  37.891 0.0000000000
40270  24.243  -51.953  61.692 0.0000000000
41486  40.445  -50.166  55.610 0.0000000000
41478  40.411  -50.205  56.044 0.0000000000
42683  40.485  -50.072  55.230 0.0000000000
42698  40.726  -49.563  54.932 0.0000000000
43891  40.971  -48.914  53.735 0.0000000000
43935  40.278  -49.312  51.530 0.0000000000
42746  39.846  -49.633  51.573 0.0000000000
69498  51.877  -29.120  39.082 0.0000000000
34042  19.907  -57.488  54.489 0.0000000000
32907  18.267  -58.318  52.324 0.0000000000
31593  17.721  -58.605  53.226 0.0000000000
39044  34.270  -53.207  60.142 0.0000000000
37709  35.509  -53.500  60.365 0.0000000000
37730  34.729  -53.622  59.659 0.0000000000
36484  34.839  -54.046  59.297 0.0000000000
36504  34.644  -54.284  58.847 0.0000000000
37761  34.715  -54.193  57.968 0.0000000000
37762  33.586  -54.258  57.919 0.0000000000
39189  25.707  -53.188  51.366 0.0000000000
27572  14.230  -61.337  59.507 0.0000000000
68094  49.626  -29.458  48.764 0.0000000000
63554  42.574  -34.540  47.185 0.0000000000
63562  42.301  -34.349  46.670 0.0000000000
62314  42.164  -34.803  46.108 0.0000000000
51269  40.522  -43.841  48.297 0.0000000000
52442  40.230  -42.955  47.804 0.0000000000
53532  39.842  -42.093  47.165 0.0000000000
53550  38.187  -41.937  45.097 0.0000000000
52484  37.913  -43.050  44.746 0.0000000000
41531  32.885  -52.079  51.350 0.0000000000
41544  32.689  -51.717  50.669 0.0000000000
69494  61.830  -26.441  38.658 0.0000000000
70733  60.737  -26.361  38.461 0.0000000000
70752  60.097  -26.620  37.393 0.0000000000
39119  23.790  -52.773  56.915 0.0000000000
35292  20.631  -56.582  57.051 0.0000000000
36427  29.730  -53.473  60.602 0.0000000000
36448  29.775  -53.640  60.269 0.0000000000
37714  29.406  -53.361  60.578 0.0000000000
37715  28.887  -53.320  60.382 0.0000000000
37733  28.515  -53.502  59.756 0.0000000000
39062  26.044  -52.633  60.128 0.0000000000
39061  26.878  -53.007  59.732 0.0000000000
37793  26.254  -53.391  57.271 0.0000000000
44921  41.594  -47.735  57.177 0.0000000000
46092  42.016  -46.979  57.328 0.0000000000
46074  42.364  -46.481  57.563 0.0000000000
48686  43.506  -44.692  56.749 0.0000000000
48700  43.355  -44.698  55.701 0.0000000000
48701  43.287  -45.241  54.990 0.0000000000
47386  42.431  -45.850  53.652 0.0000000000
46209  41.384  -47.185  51.471 0.0000000000
46208  41.535  -46.644  51.910 0.0000000000
46222  41.434  -46.696  51.296 0.0000000000
47458  41.336  -46.212  50.855 0.0000000000
48831  40.571  -45.977  47.740 0.0000000000
48853  40.358  -46.148  47.090 0.0000000000
47528  40.462  -46.825  47.396 0.0000000000
46290  40.417  -47.464  46.917 0.0000000000
43999  39.339  -48.573  48.106 0.0000000000
44015  38.893  -48.505  47.610 0.0000000000
40425  28.960  -52.861  47.193 0.0000000000
71913  56.753  -26.606  39.949 0.0000000000
70713  56.136  -26.742  40.030 0.0000000000
70735  55.341  -26.683  38.947 0.0000000000
70754  52.900  -27.006  37.396 0.0000000000
70753  53.581  -26.806  37.689 0.0000000000
39238  21.152  -53.229  47.734 0.0000000000
39164  21.447  -53.505  52.956 0.0000000000
37892  20.772  -54.363  52.228 0.0000000000
35344  19.424  -56.447  50.655 0.0000000000
35362  18.826  -56.811  49.224 0.0000000000
39073  36.943  -52.716  58.711 0.0000000000
39085  37.852  -52.556  58.021 0.0000000000
39084  38.275  -52.289  57.824 0.0000000000
39098  38.474  -52.129  57.524 0.0000000000
40324  38.860  -51.612  57.246 0.0000000000
39114  38.461  -52.192  57.035 0.0000000000
39128  38.441  -52.229  56.443 0.0000000000
40340  38.265  -52.174  55.376 0.0000000000
39144  37.827  -52.492  55.427 0.0000000000
39145  37.374  -52.632  55.133 0.0000000000
39146  36.663  -52.732  54.805 0.0000000000
37849  34.736  -53.444  54.762 0.0000000000
39174  33.443  -53.259  52.886 0.0000000000
37883  33.172  -53.593  53.098 0.0000000000
37894  32.279  -53.933  52.368 0.0000000000
37766  29.683  -54.255  58.167 0.0000000000
37788  30.064  -54.419  57.329 0.0000000000
37833  29.885  -54.485  55.339 0.0000000000
36569  28.273  -54.476  53.046 0.0000000000
36592  29.351  -54.418  50.802 0.0000000000
37909  29.260  -54.401  50.387 0.0000000000
37925  28.794  -54.409  49.957 0.0000000000
37942  27.536  -53.921  49.101 0.0000000000
39235  25.502  -52.474  48.756 0.0000000000
39253  25.720  -52.422  47.922 0.0000000000
40456  25.297  -52.082  45.518 0.0000000000
65925  49.262  -31.282  39.403 0.0000000000
64822  46.528  -33.170  35.856 0.0000000000
34009  21.110  -57.654  59.511 0.0000000000
32861  20.867  -58.472  58.998 0.0000000000
31543  19.958  -59.017  58.050 0.0000000000
28927  16.619  -60.449  59.742 0.0000000000
28952  17.490  -59.772  59.101 0.0000000000
30272  17.650  -59.566  58.464 0.0000000000
31541  18.263  -59.459  58.005 0.0000000000
31554  16.568  -59.274  55.995 0.0000000000
69428  58.929  -27.027  42.865 0.0000000000
69409  58.721  -26.858  43.728 0.0000000000
69410  58.140  -27.032  43.710 0.0000000000
69381  56.551  -27.797  45.245 0.0000000000
68161  55.198  -28.288  43.924 0.0000000000
68162  54.438  -28.889  43.718 0.0000000000
66959  52.859  -29.438  45.688 0.0000000000
66993  51.217  -30.307  42.942 0.0000000000
67007  49.817  -30.704  42.554 0.0000000000
66996  48.537  -30.797  43.786 0.0000000000
65844  47.981  -31.017  43.718 0.0000000000
65894  45.721  -31.526  41.694 0.0000000000
138799  46.048  -30.246  48.092 0.0000000000
138802  46.245  -30.331  47.871 0.0000000000
138819  45.969  -30.558  47.344 0.0000000000
65824  46.042  -30.797  46.539 0.0000000000
65836  45.867  -31.042  45.896 0.0000000000
64778  42.924  -32.214  40.990 0.0000000000
62351  40.393  -34.560  42.109 0.0000000000
61059  39.767  -34.952  41.298 0.0000000000
62365  39.727  -34.795  40.795 0.0000000000
61060  39.190  -35.377  41.011 0.0000000000
58351  45.544  -37.471  51.357 0.0000000000
57028  44.551  -37.991  50.500 0.0000000000
51190  43.802  -43.013  53.529 0.0000000000
52367  43.798  -41.995  52.708 0.0000000000
52381  43.714  -41.724  51.924 0.0000000000
53508  41.985  -40.920  49.201 0.0000000000
54597  42.344  -40.309  49.276 0.0000000000
55773  42.833  -39.328  49.365 0.0000000000
55772  43.167  -38.771  49.377 0.0000000000
57056  42.594  -38.816  48.592 0.0000000000
58409  41.961  -38.016  47.581 0.0000000000
58431  40.961  -37.998  46.740 0.0000000000
57141  38.960  -38.313  45.165 0.0000000000
58489  38.031  -37.349  43.081 0.0000000000
57200  36.635  -39.332  40.465 0.0000000000
48877  38.928  -45.295  44.729 0.0000000000
50181  37.780  -45.128  43.625 0.0000000000
48961  35.636  -45.354  41.057 0.0000000000
48978  35.279  -45.134  40.519 0.0000000000
42730  36.978  -50.724  52.422 0.0000000000
43986  34.669  -49.810  49.404 0.0000000000
44016  35.117  -48.923  47.630 0.0000000000
45097  34.981  -48.905  47.240 0.0000000000
45124  33.711  -48.307  45.780 0.0000000000
42810  29.945  -50.766  47.013 0.0000000000
44028  30.161  -49.951  46.623 0.0000000000
45156  30.622  -48.727  44.406 0.0000000000
46327  31.768  -47.889  44.484 0.0000000000
71985  57.551  -26.254  36.516 0.0000000000
68241  48.426  -29.943  35.910 0.0000000000
68237  48.942  -29.337  36.536 0.0000000000
40306  24.902  -52.419  59.602 0.0000000000
40317  24.192  -52.500  58.932 0.0000000000
39033  26.440  -52.369  61.277 0.0000000000
39034  25.791  -52.329  61.215 0.0000000000
39048  25.949  -52.480  60.807 0.0000000000
40293  25.388  -52.405  60.320 0.0000000000
42619  40.033  -49.396  58.376 0.0000000000
43801  40.607  -48.964  57.782 0.0000000000
43800  41.053  -48.506  57.378 0.0000000000
42666  40.809  -49.287  56.421 0.0000000000
43836  40.988  -49.001  56.401 0.0000000000
44946  41.949  -47.343  55.787 0.0000000000
46149  41.673  -47.305  54.014 0.0000000000
44989  41.568  -47.563  52.938 0.0000000000
44975  41.347  -48.325  53.248 0.0000000000
45047  40.679  -47.852  49.638 0.0000000000
45049  39.984  -48.718  49.129 0.0000000000
43981  39.330  -48.877  49.187 0.0000000000
38045  27.257  -54.746  42.136 0.0000000000
69495  54.223  -27.718  39.685 0.0000000000
70755  52.059  -27.250  37.221 0.0000000000
39255  24.050  -51.983  48.544 0.0000000000
40415  23.331  -52.203  48.603 0.0000000000
40416  22.669  -52.310  48.210 0.0000000000
40417  21.833  -52.644  47.999 0.0000000000
40408  22.034  -52.561  48.718 0.0000000000
39239  20.683  -53.899  48.200 0.0000000000
39222  20.681  -54.062  48.938 0.0000000000
36558  20.432  -55.362  53.747 0.0000000000
34065  19.605  -56.745  51.787 0.0000000000
37708  35.678  -53.363  60.067 0.0000000000
37727  36.130  -53.032  59.342 0.0000000000
37759  36.809  -53.254  58.283 0.0000000000
37804  36.887  -53.314  56.229 0.0000000000
37806  35.056  -53.676  56.279 0.0000000000
37783  34.658  -53.866  56.979 0.0000000000
36556  27.641  -54.247  53.756 0.0000000000
36570  27.624  -54.313  52.815 0.0000000000
36578  27.547  -54.282  52.167 0.0000000000
37898  27.511  -54.243  51.545 0.0000000000
37911  27.059  -53.973  50.927 0.0000000000
63675  46.496  -33.833  35.579 0.0000000000
28915  16.070  -60.577  60.327 0.0000000000
30259  16.069  -60.367  59.500 0.0000000000
30267  15.561  -60.191  58.644 0.0000000000
30280  15.063  -59.667  56.568 0.0000000000
30275  14.433  -60.307  57.260 0.0000000000
27585  13.848  -61.415  57.861 0.0000000000
66940  50.960  -29.757  46.102 0.0000000000
66963  48.542  -30.557  45.156 0.0000000000
66983  47.431  -30.977  44.706 0.0000000000
59711  40.445  -35.762  44.289 0.0000000000
55684  45.646  -39.194  53.055 0.0000000000
51236  41.731  -43.525  50.906 0.0000000000
52414  41.422  -42.440  49.954 0.0000000000
53499  41.752  -41.807  49.734 0.0000000000
53509  41.563  -41.527  49.206 0.0000000000
55807  40.674  -39.761  47.231 0.0000000000
57143  37.686  -39.327  43.950 0.0000000000
55872  36.890  -39.532  42.954 0.0000000000
55859  36.760  -40.247  43.060 0.0000000000
54676  36.497  -40.954  42.729 0.0000000000
53575  36.298  -41.839  42.336 0.0000000000
52501  36.268  -42.721  41.925 0.0000000000
47587  37.444  -45.966  43.067 0.0000000000
47569  37.142  -46.404  43.283 0.0000000000
47609  35.805  -45.863  41.787 0.0000000000
48962  35.032  -45.559  40.713 0.0000000000
41517  34.838  -51.744  52.416 0.0000000000
41528  35.284  -51.110  51.909 0.0000000000
42768  33.334  -51.240  50.477 0.0000000000
42792  33.845  -50.132  48.791 0.0000000000
42829  28.933  -50.276  44.324 0.0000000000
44048  29.496  -49.606  44.860 0.0000000000
42845  29.451  -50.040  44.006 0.0000000000
42843  31.177  -50.556  43.209 0.0000000000
69526  62.263  -26.950  37.172 0.0000000000
69511  61.853  -26.619  38.141 0.0000000000
69519  62.020  -26.848  37.608 0.0000000000
70772  61.659  -26.541  35.844 0.0000000000
70773  60.851  -26.627  35.662 0.0000000000
70783  60.838  -26.718  34.971 0.0000000000
72010  56.323  -26.516  34.413 0.0000000000
39151  22.389  -53.007  54.507 0.0000000000
37840  20.754  -54.284  54.998 0.0000000000
40326  23.664  -52.466  58.430 0.0000000000
39121  21.546  -53.279  56.188 0.0000000000
36557  20.472  -55.209  54.469 0.0000000000
35320  20.364  -56.368  54.281 0.0000000000
35311  20.416  -56.409  55.536 0.0000000000
34041  20.248  -56.923  54.707 0.0000000000
32883  19.730  -57.976  54.846 0.0000000000
32877  19.455  -58.374  55.121 0.0000000000
37712  32.096  -53.460  60.245 0.0000000000
36469  31.986  -53.844  59.346 0.0000000000
36487  32.594  -54.196  58.978 0.0000000000
37731  31.343  -53.923  59.156 0.0000000000
36471  30.014  -53.826  59.730 0.0000000000
36489  30.242  -53.897  59.311 0.0000000000
37747  30.194  -54.080  58.820 0.0000000000
37767  28.869  -53.966  58.260 0.0000000000
37790  28.265  -53.905  57.569 0.0000000000
39032  27.634  -52.705  60.920 0.0000000000
37716  28.121  -53.137  60.321 0.0000000000
37749  28.238  -53.611  59.194 0.0000000000
36510  28.049  -53.703  58.412 0.0000000000
36520  28.154  -53.750  58.178 0.0000000000
37816  26.190  -53.392  56.754 0.0000000000
37857  25.205  -53.072  54.571 0.0000000000
63650  43.943  -33.137  37.863 0.0000000000
63659  43.649  -33.703  37.426 0.0000000000
138797  45.816  -30.202  47.955 0.0000000000
63547  43.263  -35.041  48.278 0.0000000000
62287  43.480  -35.519  48.473 0.0000000000
60983  43.327  -36.085  48.298 0.0000000000
50013  43.758  -43.836  54.017 0.0000000000
50025  43.566  -43.733  53.454 0.0000000000
51203  42.604  -43.906  52.160 0.0000000000
47407  42.196  -45.818  52.899 0.0000000000
50042  42.355  -44.453  51.981 0.0000000000
51293  39.453  -43.940  46.199 0.0000000000
50126  39.458  -44.795  45.661 0.0000000000
48865  40.145  -45.912  46.493 0.0000000000
48866  39.832  -45.755  45.780 0.0000000000
48891  39.061  -45.883  44.644 0.0000000000
47558  38.829  -46.540  44.559 0.0000000000
45104  40.233  -47.781  46.582 0.0000000000
44013  39.777  -48.451  47.185 0.0000000000
45105  39.814  -47.875  46.212 0.0000000000
46304  39.124  -47.419  45.332 0.0000000000
47559  38.173  -46.664  44.246 0.0000000000
46306  37.058  -47.483  45.356 0.0000000000
46323  35.354  -46.950  44.205 0.0000000000
40405  30.687  -52.837  49.557 0.0000000000
40412  30.872  -52.385  49.443 0.0000000000
40413  30.371  -52.652  48.993 0.0000000000
40423  30.001  -52.366  48.424 0.0000000000
41571  29.555  -51.938  47.424 0.0000000000
41576  29.829  -51.444  47.342 0.0000000000
42830  28.575  -50.640  44.645 0.0000000000
39295  27.586  -52.494  44.493 0.0000000000
39349  28.314  -53.166  42.733 0.0000000000
41598  28.347  -51.299  44.394 0.0000000000
41597  28.654  -50.749  44.132 0.0000000000
71910  59.105  -26.517  40.172 0.0000000000
71926  59.254  -26.413  39.347 0.0000000000
71946  57.528  -26.353  38.466 0.0000000000
70715  54.824  -27.123  39.326 0.0000000000
70736  54.770  -26.794  38.647 0.0000000000
71949  54.816  -26.455  37.839 0.0000000000
71988  54.677  -26.190  36.068 0.0000000000
39193  21.590  -53.319  51.111 0.0000000000
37945  20.310  -54.722  48.581 0.0000000000
36586  20.226  -55.284  51.149 0.0000000000
36595  20.137  -55.325  50.186 0.0000000000
36629  19.991  -55.274  48.501 0.0000000000
37946  19.936  -55.024  48.093 0.0000000000
40290  37.474  -51.498  59.200 0.0000000000
42621  39.026  -49.917  58.932 0.0000000000
42620  39.628  -49.852  58.418 0.0000000000
42637  39.845  -50.202  57.832 0.0000000000
42652  39.885  -50.399  57.463 0.0000000000
40331  39.353  -51.182  56.758 0.0000000000
41479  39.909  -50.735  56.332 0.0000000000
41503  39.187  -50.786  53.578 0.0000000000
41504  38.566  -51.148  53.559 0.0000000000
41505  37.527  -51.536  53.505 0.0000000000
37826  36.462  -53.306  55.738 0.0000000000
39132  36.288  -53.116  55.219 0.0000000000
39158  36.194  -52.654  54.296 0.0000000000
37848  35.281  -53.246  54.812 0.0000000000
40363  35.501  -52.320  53.493 0.0000000000
40384  34.424  -52.006  52.396 0.0000000000
40385  33.826  -52.190  52.089 0.0000000000
40386  32.971  -52.567  51.784 0.0000000000
40396  32.535  -52.329  51.250 0.0000000000
40397  31.928  -52.550  50.836 0.0000000000
40398  31.358  -52.763  50.365 0.0000000000
36507  32.456  -54.317  58.504 0.0000000000
37763  32.682  -54.343  57.941 0.0000000000
37787  31.084  -54.384  57.279 0.0000000000
37809  32.382  -54.430  56.335 0.0000000000
37852  31.883  -54.477  54.663 0.0000000000
37834  28.971  -54.398  55.513 0.0000000000
36538  29.681  -54.515  54.809 0.0000000000
36554  29.179  -54.551  54.025 0.0000000000
36553  29.966  -54.546  54.385 0.0000000000
36552  30.842  -54.562  54.369 0.0000000000
36565  31.344  -54.575  54.034 0.0000000000
37870  31.991  -54.449  53.826 0.0000000000
37895  31.611  -54.192  51.854 0.0000000000
37896  30.616  -54.364  51.541 0.0000000000
37906  31.118  -53.960  51.270 0.0000000000
39214  30.841  -53.096  50.054 0.0000000000
39232  29.255  -53.515  48.535 0.0000000000
37940  29.118  -54.031  49.344 0.0000000000
39251  27.091  -53.234  47.296 0.0000000000
39352  25.784  -53.515  43.326 0.0000000000
39328  25.343  -52.889  43.983 0.0000000000
67046  50.975  -29.959  39.411 0.0000000000
67052  50.047  -30.150  38.718 0.0000000000
68229  49.863  -30.034  38.400 0.0000000000
67057  49.082  -30.318  37.906 0.0000000000
68238  48.675  -30.097  36.964 0.0000000000
67062  47.526  -31.287  35.876 0.0000000000
63658  44.369  -33.544  37.337 0.0000000000
39035  21.493  -52.931  61.536 0.0000000000
39050  21.401  -53.918  60.822 0.0000000000
36450  20.933  -55.277  61.067 0.0000000000
32875  20.375  -57.938  56.385 0.0000000000
31535  20.118  -59.408  60.005 0.0000000000
31544  19.422  -59.349  57.657 0.0000000000
31561  19.259  -58.883  55.772 0.0000000000
31576  18.873  -58.558  54.695 0.0000000000
31594  16.520  -58.693  53.227 0.0000000000
31556  14.861  -59.509  55.819 0.0000000000
31566  14.284  -59.543  55.294 0.0000000000
70691  60.055  -26.282  40.659 0.0000000000
70692  59.089  -26.545  40.970 0.0000000000
70693  58.205  -26.606  40.877 0.0000000000
69456  58.688  -26.729  42.369 0.0000000000
70678  56.412  -27.284  41.385 0.0000000000
70679  55.786  -27.445  41.086 0.0000000000
70612  58.499  -26.891  45.013 0.0000000000
69393  58.248  -27.020  44.544 0.0000000000
69411  57.255  -27.387  43.669 0.0000000000
69460  54.459  -28.325  41.527 0.0000000000
69461  53.831  -28.574  40.929 0.0000000000
67020  51.934  -29.838  40.629 0.0000000000
68149  52.893  -29.642  44.013 0.0000000000
68164  52.815  -29.638  43.048 0.0000000000
67039  50.427  -30.759  40.404 0.0000000000
65908  50.168  -30.902  41.039 0.0000000000
67040  49.907  -31.106  40.224 0.0000000000
65919  49.458  -31.312  40.098 0.0000000000
65855  49.202  -30.935  42.606 0.0000000000
64798  47.174  -31.825  39.508 0.0000000000
64791  46.513  -31.640  40.322 0.0000000000
66903  47.475  -30.322  46.959 0.0000000000
66923  47.627  -30.392  46.228 0.0000000000
66944  47.397  -30.603  45.649 0.0000000000
66965  47.174  -30.886  45.114 0.0000000000
65846  46.555  -31.384  44.302 0.0000000000
64723  45.481  -31.206  45.823 0.0000000000
64722  45.650  -31.178  45.455 0.0000000000
65847  45.963  -31.320  44.677 0.0000000000
64811  43.534  -32.913  38.400 0.0000000000
63643  42.856  -33.025  38.568 0.0000000000
63626  40.879  -33.771  41.058 0.0000000000
63646  40.808  -33.925  39.541 0.0000000000
60975  44.594  -36.342  49.568 0.0000000000
59650  43.647  -36.757  48.492 0.0000000000
54550  45.141  -40.175  52.772 0.0000000000
54560  44.968  -39.944  51.895 0.0000000000
52383  42.795  -42.367  51.395 0.0000000000
53476  43.492  -41.276  51.368 0.0000000000
54573  43.195  -40.693  50.642 0.0000000000
53487  43.331  -40.902  50.879 0.0000000000
55710  44.807  -39.247  51.327 0.0000000000
55729  44.608  -38.820  50.916 0.0000000000
57010  44.467  -38.508  50.676 0.0000000000
57029  44.103  -38.207  50.205 0.0000000000
57030  43.705  -38.278  49.712 0.0000000000
58387  43.858  -37.195  48.714 0.0000000000
59658  43.131  -36.684  48.163 0.0000000000
59682  41.900  -36.146  46.418 0.0000000000
59698  40.823  -35.937  45.026 0.0000000000
59712  39.783  -36.019  43.940 0.0000000000
58448  40.066  -37.632  45.644 0.0000000000
58464  39.546  -37.454  45.047 0.0000000000
57168  36.313  -39.551  41.833 0.0000000000
55906  36.264  -40.011  40.504 0.0000000000
51331  37.694  -43.752  44.112 0.0000000000
51347  36.769  -43.389  43.082 0.0000000000
48939  37.314  -45.344  42.781 0.0000000000
51361  36.282  -43.545  41.465 0.0000000000
42778  35.649  -49.571  49.894 0.0000000000
45109  35.764  -47.889  46.219 0.0000000000
41564  30.995  -51.871  49.139 0.0000000000
42803  30.986  -50.790  47.866 0.0000000000
44026  32.464  -49.341  46.574 0.0000000000
45127  31.104  -48.861  45.654 0.0000000000
46345  33.587  -46.982  43.204 0.0000000000
71983  59.530  -26.565  36.930 0.0000000000
71984  58.497  -26.452  36.712 0.0000000000
71982  60.163  -26.603  36.674 0.0000000000
72023  59.315  -26.552  33.940 0.0000000000
69515  50.926  -28.994  38.405 0.0000000000
69529  49.627  -28.805  37.031 0.0000000000
28938  18.142  -59.910  59.835 0.0000000000
30260  15.762  -60.358  59.271 0.0000000000
30265  18.305  -59.511  58.578 0.0000000000
30271  18.003  -59.484  59.025 0.0000000000
32862  20.421  -58.646  58.350 0.0000000000
32925  16.832  -58.733  51.000 0.0000000000
35321  20.370  -56.199  53.688 0.0000000000
36426  30.135  -53.574  60.565 0.0000000000
36449  29.355  -53.516  60.296 0.0000000000
36465  34.893  -53.854  59.470 0.0000000000
36466  34.635  -53.875  59.496 0.0000000000
36467  33.961  -53.994  59.448 0.0000000000
36488  31.859  -54.004  58.980 0.0000000000
36492  28.291  -53.701  58.794 0.0000000000
36521  27.912  -53.753  57.950 0.0000000000
36585  27.490  -54.263  51.892 0.0000000000
36609  28.324  -54.451  50.516 0.0000000000
37687  30.005  -53.154  61.108 0.0000000000
37696  29.604  -53.223  60.875 0.0000000000
37699  21.270  -53.377  61.633 0.0000000000
37728  35.653  -53.230  59.534 0.0000000000
37795  20.623  -54.645  56.364 0.0000000000
37818  20.721  -54.463  56.041 0.0000000000
39043  35.171  -53.514  60.302 0.0000000000
39059  35.993  -53.020  59.546 0.0000000000
39072  37.559  -52.372  58.460 0.0000000000
39086  37.375  -52.801  58.292 0.0000000000
39101  26.684  -53.462  57.833 0.0000000000
39102  26.219  -53.285  57.733 0.0000000000
40315  38.164  -52.106  58.178 0.0000000000
40316  24.773  -52.552  59.092 0.0000000000
40323  39.309  -51.107  57.270 0.0000000000
41563  31.538  -51.482  49.152 0.0000000000
42681  40.878  -49.292  56.180 0.0000000000
42751  35.153  -50.945  51.592 0.0000000000
42812  28.523  -51.103  45.864 0.0000000000
43757  39.737  -49.009  58.978 0.0000000000
43818  41.147  -48.634  56.839 0.0000000000
43837  40.852  -49.067  56.698 0.0000000000
44920  41.922  -47.113  57.004 0.0000000000
45118  39.553  -47.618  45.788 0.0000000000
45121  37.473  -47.602  45.813 0.0000000000
46293  38.681  -47.658  45.692 0.0000000000
47506  40.564  -46.438  48.676 0.0000000000
47557  39.315  -46.313  44.839 0.0000000000
48716  43.208  -45.120  54.569 0.0000000000
52345  44.384  -42.427  54.089 0.0000000000
54571  43.976  -39.726  50.935 0.0000000000
55753  43.111  -39.608  49.971 0.0000000000
57077  42.645  -38.260  48.265 0.0000000000
60976  44.286  -36.032  49.162 0.0000000000
62279  44.091  -35.360  49.026 0.0000000000
64734  45.571  -31.247  45.153 0.0000000000
65822  46.374  -30.928  45.382 0.0000000000
65823  46.099  -30.949  45.808 0.0000000000
65833  46.938  -31.155  44.705 0.0000000000
65888  50.184  -30.833  41.279 0.0000000000
66945  46.820  -30.754  45.517 0.0000000000
68117  55.868  -28.019  45.985 0.0000000000
68211  51.860  -29.656  39.737 0.0000000000
68221  50.806  -29.845  39.134 0.0000000000
68234  48.931  -30.203  37.576 0.0000000000
69518  62.252  -26.859  37.395 0.0000000000
69527  62.053  -26.930  37.270 0.0000000000
70594  58.682  -26.628  45.306 0.0000000000
70626  59.002  -26.642  44.095 0.0000000000
71912  57.129  -26.619  40.205 0.0000000000
71925  59.714  -26.329  39.634 0.0000000000
138798  45.892  -30.173  48.261 0.0000000000
138800  46.241  -30.178  48.235 0.0000000000
138804  46.221  -30.022  48.549 0.0000000000
138806  46.396  -30.509  47.342 0.0000000000
138807  46.379  -30.627  47.008 0.0000000000
