#!ascii label  , from subject 3014 vox2ras=TkReg
1094
109033  41.056  6.499  36.378 0.0000000000
101078  43.597  -1.550  27.912 0.0000000000
107129  50.206  5.153  24.398 0.0000000000
97688  52.482  -4.018  20.286 0.0000000000
103180  39.827  0.116  34.495 0.0000000000
106015  56.366  4.086  31.660 0.0000000000
98868  49.773  -3.158  23.927 0.0000000000
109248  39.299  6.084  21.086 0.0000000000
107079  50.099  4.533  32.527 0.0000000000
106004  44.641  3.478  33.201 0.0000000000
98700  43.808  -3.801  33.185 0.0000000000
108145  47.589  5.362  26.149 0.0000000000
106180  44.503  3.551  18.233 0.0000000000
105134  47.579  2.786  25.715 0.0000000000
104213  46.729  0.832  20.425 0.0000000000
108189  41.531  5.565  24.338 0.0000000000
108027  46.666  5.908  34.826 0.0000000000
108053  43.703  5.686  34.479 0.0000000000
99891  41.539  -2.512  35.060 0.0000000000
108101  53.802  5.542  28.136 0.0000000000
109121  51.970  6.502  29.380 0.0000000000
108165  49.126  5.422  24.999 0.0000000000
108226  44.990  5.444  20.859 0.0000000000
108236  47.159  5.424  19.455 0.0000000000
104140  46.589  1.894  30.091 0.0000000000
105093  49.594  2.679  29.028 0.0000000000
103219  45.029  0.818  26.380 0.0000000000
100033  53.101  -1.885  20.716 0.0000000000
101129  48.510  -1.117  21.724 0.0000000000
101150  50.650  -1.631  19.495 0.0000000000
101154  46.911  -1.009  19.284 0.0000000000
97691  49.444  -4.025  20.243 0.0000000000
96472  47.336  -5.763  23.018 0.0000000000
108012  38.742  5.439  35.986 0.0000000000
107067  40.383  4.250  33.902 0.0000000000
106081  53.596  4.089  27.276 0.0000000000
98775  46.498  -4.063  28.466 0.0000000000
98833  46.773  -3.293  25.825 0.0000000000
98785  50.857  -4.312  27.637 0.0000000000
98845  54.926  -3.295  24.632 0.0000000000
108008  52.530  6.044  36.230 0.0000000000
109040  49.737  6.274  35.795 0.0000000000
107082  47.465  4.154  32.791 0.0000000000
103193  44.141  0.809  30.858 0.0000000000
104126  41.551  1.277  32.441 0.0000000000
101059  41.981  -1.219  31.561 0.0000000000
98747  44.010  -3.752  30.061 0.0000000000
98726  47.954  -3.238  31.868 0.0000000000
105963  36.146  3.833  38.492 0.0000000000
109108  50.309  6.707  30.473 0.0000000000
108123  46.105  5.428  27.254 0.0000000000
108216  43.198  5.606  22.055 0.0000000000
140555  41.081  6.046  17.748 0.0000000000
105167  42.988  2.090  21.490 0.0000000000
107076  53.024  4.612  32.315 0.0000000000
105090  52.255  3.195  28.533 0.0000000000
106107  49.646  3.474  25.305 0.0000000000
102182  46.204  -0.592  23.809 0.0000000000
105157  46.242  2.140  22.321 0.0000000000
107165  47.934  4.549  21.183 0.0000000000
105186  47.137  1.212  18.984 0.0000000000
103263  44.025  0.426  19.960 0.0000000000
108172  41.355  5.377  25.300 0.0000000000
108149  43.237  5.463  26.286 0.0000000000
109046  43.908  6.881  35.644 0.0000000000
109061  42.344  6.272  35.141 0.0000000000
108163  51.734  5.243  25.531 0.0000000000
108142  51.333  5.563  26.161 0.0000000000
108164  50.330  5.308  24.956 0.0000000000
109225  47.909  6.448  21.951 0.0000000000
109235  48.699  6.097  21.173 0.0000000000
103200  44.909  1.018  28.921 0.0000000000
104146  45.659  1.367  28.609 0.0000000000
102152  43.995  -0.261  27.492 0.0000000000
100057  53.527  -2.336  19.721 0.0000000000
101125  52.101  -1.459  20.307 0.0000000000
100059  52.003  -2.095  19.215 0.0000000000
100061  49.858  -2.301  19.513 0.0000000000
97689  51.393  -4.112  20.205 0.0000000000
96503  49.993  -5.004  21.454 0.0000000000
96502  51.024  -5.079  21.563 0.0000000000
105994  37.429  3.636  34.776 0.0000000000
106061  56.317  4.255  29.437 0.0000000000
106049  55.517  3.507  29.992 0.0000000000
98759  49.170  -3.946  29.901 0.0000000000
97610  49.309  -4.328  28.394 0.0000000000
98757  51.279  -3.861  29.719 0.0000000000
139929  55.547  -3.644  26.987 0.0000000000
98860  56.737  -3.884  24.860 0.0000000000
99996  56.215  -3.056  22.970 0.0000000000
107062  45.297  4.192  33.464 0.0000000000
108072  47.037  4.811  33.663 0.0000000000
106021  45.646  2.976  32.588 0.0000000000
105062  45.757  2.596  32.127 0.0000000000
104123  44.335  1.801  32.092 0.0000000000
105057  39.480  2.423  33.183 0.0000000000
106026  41.225  2.938  32.722 0.0000000000
103183  40.153  0.309  33.480 0.0000000000
98673  42.494  -3.183  34.795 0.0000000000
99905  41.336  -2.449  33.658 0.0000000000
98701  42.643  -3.654  32.983 0.0000000000
98731  42.395  -2.951  30.640 0.0000000000
98712  43.386  -4.016  32.042 0.0000000000
98728  45.497  -3.843  31.444 0.0000000000
98710  45.859  -3.483  32.616 0.0000000000
101041  49.401  -1.622  34.979 0.0000000000
108103  50.331  5.808  27.989 0.0000000000
109122  50.834  6.334  29.502 0.0000000000
108104  49.274  5.698  28.271 0.0000000000
108093  48.540  5.819  28.978 0.0000000000
108146  46.430  5.465  26.219 0.0000000000
108169  44.546  5.526  25.271 0.0000000000
108186  44.811  5.689  24.272 0.0000000000
108261  44.177  5.260  18.695 0.0000000000
140541  43.267  5.688  19.790 0.0000000000
107201  42.813  5.220  19.022 0.0000000000
140537  42.286  5.096  19.846 0.0000000000
106174  43.837  3.423  19.738 0.0000000000
108067  51.174  5.270  33.895 0.0000000000
108044  52.675  5.471  34.489 0.0000000000
107077  52.007  4.620  32.423 0.0000000000
105113  49.038  2.312  27.638 0.0000000000
105092  50.511  2.839  28.832 0.0000000000
105112  50.053  2.518  27.436 0.0000000000
105122  51.251  3.121  26.750 0.0000000000
106108  48.291  3.309  25.052 0.0000000000
98853  48.028  -3.244  24.942 0.0000000000
101102  46.018  -1.772  24.935 0.0000000000
100004  48.027  -2.329  23.727 0.0000000000
103252  47.426  0.001  20.745 0.0000000000
103246  46.418  0.205  22.486 0.0000000000
104205  46.288  1.127  21.519 0.0000000000
106139  46.798  3.097  21.998 0.0000000000
106148  46.838  3.024  20.905 0.0000000000
106163  47.192  2.850  18.867 0.0000000000
104214  46.590  1.168  19.556 0.0000000000
100052  46.361  -2.149  20.066 0.0000000000
102218  45.431  -0.415  19.504 0.0000000000
100038  45.792  -2.476  20.756 0.0000000000
101131  43.584  -1.202  21.146 0.0000000000
107027  56.005  5.229  34.290 0.0000000000
109203  39.854  6.210  23.705 0.0000000000
109228  40.374  6.429  22.124 0.0000000000
110015  46.901  7.235  36.711 0.0000000000
109029  45.516  6.956  36.011 0.0000000000
109058  45.162  6.158  34.848 0.0000000000
107063  44.380  4.238  33.549 0.0000000000
101028  40.545  -0.820  34.953 0.0000000000
109143  53.303  5.981  28.518 0.0000000000
108119  50.992  5.782  27.249 0.0000000000
108166  47.928  5.538  25.101 0.0000000000
108200  46.369  6.066  23.032 0.0000000000
109214  47.177  6.235  22.890 0.0000000000
108237  46.243  5.600  19.481 0.0000000000
106195  45.976  4.324  18.098 0.0000000000
106041  48.475  3.638  31.480 0.0000000000
106055  49.697  3.374  30.353 0.0000000000
105095  47.848  2.458  29.724 0.0000000000
104162  47.347  1.864  27.725 0.0000000000
104172  46.259  1.931  26.308 0.0000000000
100000  51.667  -2.489  22.700 0.0000000000
100020  49.384  -2.239  22.818 0.0000000000
100018  50.879  -1.880  21.879 0.0000000000
101127  49.748  -1.009  20.457 0.0000000000
102206  48.596  -0.589  19.682 0.0000000000
103268  47.183  0.173  19.616 0.0000000000
101152  48.649  -1.603  19.395 0.0000000000
100050  47.870  -2.627  20.240 0.0000000000
98891  48.034  -3.745  20.695 0.0000000000
95293  48.848  -6.328  23.843 0.0000000000
109035  39.856  6.082  36.394 0.0000000000
108029  41.103  5.871  35.411 0.0000000000
108058  39.278  5.049  34.973 0.0000000000
106010  38.861  3.289  33.905 0.0000000000
104115  38.865  1.098  34.425 0.0000000000
108091  55.617  5.254  29.310 0.0000000000
108115  54.480  4.862  28.111 0.0000000000
107126  52.737  4.653  25.913 0.0000000000
98776  45.411  -3.940  28.365 0.0000000000
99968  44.525  -2.412  26.619 0.0000000000
98789  46.985  -3.917  27.470 0.0000000000
98807  49.066  -4.061  26.522 0.0000000000
98828  51.317  -3.995  25.472 0.0000000000
98768  53.638  -3.931  28.194 0.0000000000
98803  52.995  -4.054  26.186 0.0000000000
98848  52.405  -3.481  24.333 0.0000000000
98863  54.615  -2.867  23.360 0.0000000000
100031  55.428  -2.691  21.047 0.0000000000
97686  54.396  -3.967  20.773 0.0000000000
96500  53.137  -5.259  21.684 0.0000000000
109039  50.497  6.238  35.919 0.0000000000
108047  49.838  5.548  34.507 0.0000000000
109042  47.960  6.376  35.510 0.0000000000
108070  48.418  5.165  33.698 0.0000000000
107081  48.151  4.242  32.682 0.0000000000
105074  46.687  2.771  31.465 0.0000000000
104136  45.658  1.752  30.879 0.0000000000
102142  43.641  -0.371  29.475 0.0000000000
107036  42.059  5.026  34.208 0.0000000000
106006  42.763  3.650  33.078 0.0000000000
106024  43.056  2.850  32.807 0.0000000000
101054  40.903  -1.014  33.681 0.0000000000
103188  41.711  0.451  32.400 0.0000000000
104124  43.577  1.351  32.071 0.0000000000
102136  42.696  -0.443  31.267 0.0000000000
101068  42.755  -1.330  30.198 0.0000000000
98765  43.318  -2.642  28.961 0.0000000000
98762  45.841  -4.048  29.434 0.0000000000
98744  47.441  -3.637  30.732 0.0000000000
98725  49.209  -2.775  31.990 0.0000000000
99932  47.775  -2.561  33.634 0.0000000000
99930  49.143  -2.437  33.009 0.0000000000
107989  38.803  5.587  37.601 0.0000000000
106999  37.349  4.710  37.101 0.0000000000
105021  34.897  2.588  37.968 0.0000000000
109074  52.929  6.738  33.122 0.0000000000
109096  49.877  7.240  31.257 0.0000000000
108170  43.476  5.420  25.281 0.0000000000
108203  42.831  5.694  23.200 0.0000000000
109246  40.610  6.477  20.481 0.0000000000
108227  43.981  5.471  21.379 0.0000000000
140559  41.594  6.217  20.104 0.0000000000
109252  40.151  6.176  18.857 0.0000000000
107088  54.233  3.908  31.409 0.0000000000
106038  51.619  3.811  30.908 0.0000000000
106052  52.817  3.433  30.017 0.0000000000
106051  53.681  3.486  29.986 0.0000000000
106074  52.976  3.290  28.361 0.0000000000
106094  51.794  3.592  26.359 0.0000000000
106117  50.319  4.625  24.519 0.0000000000
102169  44.691  -0.732  25.824 0.0000000000
103226  45.126  0.374  25.461 0.0000000000
105136  45.800  1.950  24.887 0.0000000000
102180  47.210  -0.865  22.802 0.0000000000
104198  45.879  0.616  23.318 0.0000000000
105143  46.405  2.499  24.412 0.0000000000
106120  47.399  3.248  24.170 0.0000000000
107146  48.533  4.295  22.757 0.0000000000
107154  49.025  5.002  21.641 0.0000000000
108243  47.408  4.519  19.416 0.0000000000
106186  47.319  3.117  17.534 0.0000000000
104243  45.758  2.495  17.006 0.0000000000
103261  45.874  0.721  19.386 0.0000000000
105174  45.189  1.788  19.643 0.0000000000
106172  44.794  2.608  19.043 0.0000000000
104207  43.769  1.239  20.425 0.0000000000
96473  46.375  -5.828  22.978 0.0000000000
108126  42.978  5.742  27.305 0.0000000000
108109  43.728  6.067  27.888 0.0000000000
109032  42.124  6.991  36.532 0.0000000000
109031  42.627  7.027  36.274 0.0000000000
109048  41.678  6.365  35.565 0.0000000000
108181  49.732  5.488  23.812 0.0000000000
108197  49.311  6.151  23.134 0.0000000000
108196  49.687  5.815  22.732 0.0000000000
102144  43.953  -0.092  28.273 0.0000000000
103213  44.417  0.439  27.794 0.0000000000
101077  43.823  -1.119  27.324 0.0000000000
98901  53.289  -3.107  19.829 0.0000000000
100058  52.926  -2.005  19.462 0.0000000000
98902  52.050  -3.387  19.726 0.0000000000
98903  51.007  -3.480  19.751 0.0000000000
97672  51.738  -4.588  20.924 0.0000000000
107050  56.759  4.733  33.047 0.0000000000
106014  56.953  4.422  32.165 0.0000000000
106048  56.909  3.637  30.670 0.0000000000
105072  56.347  3.323  30.792 0.0000000000
98742  49.760  -3.442  30.818 0.0000000000
98758  50.222  -3.997  29.855 0.0000000000
98741  50.862  -3.467  30.679 0.0000000000
98842  56.459  -4.104  26.395 0.0000000000
96455  56.682  -4.686  25.203 0.0000000000
97644  56.935  -4.218  24.243 0.0000000000
108240  39.314  5.752  20.878 0.0000000000
107061  46.126  4.219  33.289 0.0000000000
106022  44.856  2.809  32.774 0.0000000000
105063  44.978  2.224  32.256 0.0000000000
105064  44.196  2.159  32.447 0.0000000000
104119  39.650  1.162  33.536 0.0000000000
98687  43.041  -3.651  34.070 0.0000000000
98711  44.646  -3.861  32.310 0.0000000000
98699  44.987  -3.656  33.434 0.0000000000
108121  48.436  5.458  27.171 0.0000000000
108122  47.233  5.381  27.201 0.0000000000
108168  45.625  5.672  25.255 0.0000000000
108167  46.756  5.660  25.195 0.0000000000
107199  44.654  4.682  18.316 0.0000000000
107200  43.747  4.704  18.755 0.0000000000
107189  43.157  4.442  19.495 0.0000000000
106181  44.070  3.830  18.705 0.0000000000
107056  50.669  4.875  33.200 0.0000000000
107055  51.597  4.960  33.194 0.0000000000
107078  51.028  4.572  32.482 0.0000000000
105125  47.997  2.218  26.880 0.0000000000
105124  49.318  2.525  26.751 0.0000000000
105132  49.653  2.860  26.081 0.0000000000
105133  48.763  2.837  25.959 0.0000000000
98851  49.627  -3.552  24.681 0.0000000000
98852  48.607  -3.251  24.502 0.0000000000
98869  49.177  -3.188  24.080 0.0000000000
103260  47.185  0.347  20.298 0.0000000000
103253  46.978  0.108  21.292 0.0000000000
105164  46.271  2.184  21.043 0.0000000000
104206  46.368  1.410  20.485 0.0000000000
105172  46.485  2.234  20.129 0.0000000000
105165  46.299  1.707  20.105 0.0000000000
100037  46.677  -2.614  20.656 0.0000000000
100053  45.552  -1.983  20.095 0.0000000000
98894  45.401  -2.784  21.553 0.0000000000
108190  40.440  5.799  24.300 0.0000000000
108205  40.932  5.826  23.731 0.0000000000
109216  40.350  6.247  23.152 0.0000000000
110004  45.437  7.754  37.346 0.0000000000
110017  44.994  7.414  36.658 0.0000000000
109060  43.302  6.349  35.047 0.0000000000
109059  44.299  6.263  34.944 0.0000000000
107034  44.068  4.993  33.963 0.0000000000
109142  54.301  5.672  28.843 0.0000000000
109119  54.061  6.076  29.402 0.0000000000
108143  50.088  5.555  26.061 0.0000000000
108144  48.820  5.415  26.086 0.0000000000
108183  48.236  5.735  24.106 0.0000000000
108199  47.520  6.131  23.397 0.0000000000
108224  47.166  5.970  20.283 0.0000000000
108212  47.115  6.120  21.294 0.0000000000
140563  45.475  5.074  18.324 0.0000000000
108245  46.219  4.966  18.415 0.0000000000
105083  47.768  2.876  30.485 0.0000000000
106056  48.653  3.400  30.753 0.0000000000
104139  47.255  2.144  29.844 0.0000000000
104154  45.765  1.354  27.675 0.0000000000
104153  46.567  1.569  28.120 0.0000000000
104164  45.687  1.446  26.751 0.0000000000
104163  46.649  1.848  27.132 0.0000000000
100016  52.864  -2.460  22.080 0.0000000000
100017  51.866  -2.166  21.957 0.0000000000
100034  52.099  -1.781  21.201 0.0000000000
101138  51.351  -1.361  19.764 0.0000000000
101126  51.047  -1.480  20.674 0.0000000000
101139  50.324  -1.163  19.708 0.0000000000
102195  49.151  -0.640  19.910 0.0000000000
102205  49.350  -0.802  19.430 0.0000000000
102214  48.523  -0.932  19.278 0.0000000000
102213  49.051  -1.107  19.124 0.0000000000
98905  49.341  -3.098  19.906 0.0000000000
100049  48.872  -2.430  19.733 0.0000000000
98906  48.455  -3.173  20.272 0.0000000000
98907  47.913  -3.223  20.567 0.0000000000
97675  48.569  -4.573  21.039 0.0000000000
96488  50.291  -5.414  22.285 0.0000000000
96470  49.567  -5.783  23.112 0.0000000000
108030  40.195  5.730  35.701 0.0000000000
107014  38.838  5.087  35.179 0.0000000000
105993  38.311  3.634  34.292 0.0000000000
105051  38.452  2.430  34.063 0.0000000000
105050  38.905  2.028  33.669 0.0000000000
104106  38.594  0.492  35.152 0.0000000000
106072  54.503  4.193  28.398 0.0000000000
107104  54.769  4.654  28.563 0.0000000000
106080  54.067  4.351  27.674 0.0000000000
108139  53.632  4.801  27.030 0.0000000000
106092  53.245  4.317  26.657 0.0000000000
98790  45.991  -3.780  27.460 0.0000000000
98774  47.757  -4.154  28.507 0.0000000000
98786  49.642  -4.398  27.767 0.0000000000
98787  48.676  -4.196  27.336 0.0000000000
98806  50.077  -4.205  26.575 0.0000000000
98805  51.121  -4.196  26.522 0.0000000000
98755  53.293  -3.639  29.414 0.0000000000
98754  54.237  -3.621  29.126 0.0000000000
98823  55.003  -3.655  25.987 0.0000000000
98781  54.352  -3.747  26.473 0.0000000000
98801  54.296  -3.668  25.736 0.0000000000
98826  53.110  -3.742  25.191 0.0000000000
98825  53.854  -3.525  25.115 0.0000000000
98847  53.321  -3.435  24.238 0.0000000000
98846  54.164  -3.325  24.306 0.0000000000
98877  56.519  -3.501  22.368 0.0000000000
100013  56.048  -2.903  22.200 0.0000000000
98889  55.922  -3.539  21.486 0.0000000000
98890  55.067  -3.468  20.821 0.0000000000
97669  55.076  -4.460  21.343 0.0000000000
96499  54.224  -5.354  21.682 0.0000000000
109024  50.072  6.533  36.534 0.0000000000
109007  50.407  6.754  37.305 0.0000000000
108023  50.250  5.851  35.277 0.0000000000
109028  46.480  6.830  36.041 0.0000000000
109027  47.441  6.807  36.099 0.0000000000
109043  47.018  6.331  35.459 0.0000000000
107060  46.992  4.389  33.177 0.0000000000
108071  47.545  4.980  33.669 0.0000000000
107059  47.906  4.602  33.198 0.0000000000
107058  48.785  4.758  33.158 0.0000000000
106018  48.281  3.852  32.122 0.0000000000
106019  47.371  3.662  32.354 0.0000000000
104131  45.359  1.892  31.487 0.0000000000
104137  44.724  1.212  30.538 0.0000000000
104142  44.632  0.975  30.006 0.0000000000
103202  43.829  0.131  30.023 0.0000000000
107037  41.062  4.909  34.402 0.0000000000
108055  41.670  5.771  34.952 0.0000000000
105067  41.363  2.138  32.563 0.0000000000
106007  41.748  3.638  33.111 0.0000000000
106025  42.102  2.928  32.699 0.0000000000
105066  42.341  2.103  32.507 0.0000000000
101027  40.903  -1.397  35.347 0.0000000000
101043  40.671  -0.931  34.374 0.0000000000
101042  40.945  -1.678  34.231 0.0000000000
101060  41.712  -1.267  32.284 0.0000000000
102130  41.634  -0.468  32.447 0.0000000000
103187  42.599  0.394  32.111 0.0000000000
102129  42.286  -0.494  31.926 0.0000000000
103186  43.296  0.643  31.804 0.0000000000
99946  42.392  -2.040  30.493 0.0000000000
98748  43.037  -3.129  29.799 0.0000000000
99952  42.944  -1.961  29.560 0.0000000000
98764  43.815  -3.420  29.064 0.0000000000
98727  46.715  -3.494  31.719 0.0000000000
98745  46.272  -3.818  30.543 0.0000000000
98743  48.608  -3.512  30.864 0.0000000000
99902  47.867  -2.349  34.770 0.0000000000
99916  48.925  -2.227  33.937 0.0000000000
99915  49.835  -1.972  33.878 0.0000000000
107988  39.451  5.919  38.164 0.0000000000
105969  36.792  4.155  37.779 0.0000000000
106990  37.593  4.683  38.077 0.0000000000
105974  36.625  3.962  36.754 0.0000000000
105970  36.053  3.538  37.515 0.0000000000
109107  51.523  6.550  30.414 0.0000000000
109094  52.283  6.557  31.353 0.0000000000
109095  51.011  6.906  31.627 0.0000000000
109084  51.961  6.854  32.600 0.0000000000
110074  50.820  7.290  32.391 0.0000000000
108106  46.877  5.523  28.188 0.0000000000
108124  45.028  5.604  27.233 0.0000000000
108148  44.276  5.518  26.258 0.0000000000
108202  43.985  5.602  23.266 0.0000000000
108187  43.713  5.571  24.271 0.0000000000
109227  41.114  6.267  22.092 0.0000000000
108217  42.042  5.942  22.091 0.0000000000
108214  45.143  5.644  22.131 0.0000000000
140552  41.818  6.183  18.342 0.0000000000
140560  41.621  6.286  18.725 0.0000000000
110155  40.720  6.751  19.304 0.0000000000
140567  40.550  5.943  17.887 0.0000000000
108247  40.238  5.512  19.448 0.0000000000
140558  40.531  4.950  18.536 0.0000000000
140536  43.127  3.351  21.043 0.0000000000
109021  52.731  6.372  36.951 0.0000000000
107030  53.397  5.304  33.879 0.0000000000
108043  53.644  5.443  34.711 0.0000000000
107053  53.670  4.839  33.130 0.0000000000
107052  54.640  4.688  33.066 0.0000000000
107075  54.025  4.385  32.215 0.0000000000
105081  49.394  2.887  29.670 0.0000000000
106039  50.570  3.862  31.035 0.0000000000
106068  50.215  3.072  29.575 0.0000000000
105091  51.433  3.041  28.667 0.0000000000
106066  52.121  3.260  29.300 0.0000000000
106036  53.533  3.687  30.735 0.0000000000
106065  52.945  3.306  29.211 0.0000000000
106064  53.727  3.530  29.177 0.0000000000
106095  50.698  3.302  25.977 0.0000000000
106106  50.812  4.127  25.117 0.0000000000
106118  49.837  4.383  24.453 0.0000000000
98834  46.125  -3.107  25.993 0.0000000000
101093  44.832  -1.807  25.981 0.0000000000
99979  45.586  -2.399  25.742 0.0000000000
102175  45.820  -0.834  24.328 0.0000000000
102168  45.221  -0.471  25.023 0.0000000000
103233  45.458  0.197  24.444 0.0000000000
104181  45.430  1.153  24.697 0.0000000000
101116  48.997  -1.649  22.294 0.0000000000
101107  48.364  -1.777  22.768 0.0000000000
101117  48.138  -1.274  22.226 0.0000000000
104197  45.982  1.117  22.881 0.0000000000
105150  45.756  1.561  23.637 0.0000000000
106121  46.660  2.721  23.779 0.0000000000
106131  46.807  2.907  23.102 0.0000000000
106138  47.389  3.922  21.663 0.0000000000
106130  47.831  3.836  22.878 0.0000000000
107155  48.380  4.360  22.156 0.0000000000
107145  49.148  4.581  22.935 0.0000000000
107164  48.292  5.020  20.732 0.0000000000
107174  47.513  4.512  20.114 0.0000000000
106171  47.380  2.103  18.433 0.0000000000
107188  47.286  2.794  18.321 0.0000000000
105193  47.903  1.833  17.294 0.0000000000
104242  46.773  2.265  16.790 0.0000000000
105195  46.599  0.794  17.798 0.0000000000
102216  46.741  -0.309  19.357 0.0000000000
103269  46.440  0.377  19.376 0.0000000000
102217  46.019  -0.244  19.351 0.0000000000
102208  44.657  -0.247  19.754 0.0000000000
103262  45.036  0.576  19.532 0.0000000000
104216  44.559  1.190  19.684 0.0000000000
105175  44.258  1.766  20.170 0.0000000000
106157  44.158  2.449  20.168 0.0000000000
100021  43.893  -2.370  21.684 0.0000000000
108151  41.138  5.272  26.233 0.0000000000
108150  42.197  5.241  26.304 0.0000000000
108171  42.412  5.335  25.298 0.0000000000
110018  43.934  7.350  36.488 0.0000000000
110026  43.334  7.087  36.102 0.0000000000
108054  42.698  5.727  34.603 0.0000000000
108117  53.059  5.506  27.454 0.0000000000
109165  53.054  5.790  27.994 0.0000000000
108141  52.406  5.413  26.389 0.0000000000
108182  49.252  5.743  24.002 0.0000000000
108198  48.491  6.205  23.337 0.0000000000
109212  48.639  6.415  22.556 0.0000000000
109224  48.714  6.347  21.802 0.0000000000
108223  48.080  5.985  20.249 0.0000000000
104141  45.329  1.389  29.698 0.0000000000
104145  46.426  1.748  29.057 0.0000000000
103204  44.999  0.983  28.154 0.0000000000
103220  44.438  0.320  26.946 0.0000000000
101136  52.894  -1.558  19.797 0.0000000000
101148  52.344  -1.694  19.467 0.0000000000
101151  49.597  -1.424  19.350 0.0000000000
98917  50.595  -2.820  19.579 0.0000000000
98904  50.115  -3.436  19.856 0.0000000000
97690  50.383  -4.106  20.214 0.0000000000
97674  49.716  -4.576  20.814 0.0000000000
97673  50.697  -4.595  20.850 0.0000000000
96469  50.795  -5.900  23.132 0.0000000000
107006  37.284  4.591  36.056 0.0000000000
107015  38.311  5.049  35.437 0.0000000000
107016  37.459  4.298  35.208 0.0000000000
106059  57.422  4.722  30.089 0.0000000000
106047  57.154  4.036  30.458 0.0000000000
105088  56.506  3.737  29.762 0.0000000000
106062  55.614  3.938  29.424 0.0000000000
98760  48.115  -3.973  29.796 0.0000000000
98772  49.519  -4.186  28.867 0.0000000000
98771  50.560  -4.241  28.773 0.0000000000
98770  51.628  -4.141  28.647 0.0000000000
139923  55.463  -3.642  27.998 0.0000000000
139934  56.042  -3.697  27.475 0.0000000000
98822  55.720  -3.708  26.179 0.0000000000
98844  55.666  -3.527  25.099 0.0000000000
98862  55.506  -3.032  23.876 0.0000000000
98861  56.406  -3.457  23.854 0.0000000000
97653  56.854  -4.275  23.106 0.0000000000
109025  49.207  6.668  36.351 0.0000000000
108051  45.800  5.596  34.449 0.0000000000
108050  46.914  5.227  34.189 0.0000000000
107032  45.990  4.803  33.822 0.0000000000
106002  46.266  3.688  32.824 0.0000000000
106020  46.423  3.245  32.359 0.0000000000
105076  45.309  2.095  31.829 0.0000000000
104132  44.514  1.498  31.497 0.0000000000
106008  40.560  3.428  33.149 0.0000000000
105056  40.385  2.255  32.752 0.0000000000
104127  40.527  1.243  32.690 0.0000000000
98688  41.970  -3.300  33.945 0.0000000000
98702  41.799  -3.030  32.849 0.0000000000
98714  41.759  -2.593  32.102 0.0000000000
99933  41.898  -2.239  31.269 0.0000000000
98713  42.270  -3.351  31.785 0.0000000000
98730  43.086  -3.833  30.827 0.0000000000
98729  44.287  -4.092  31.145 0.0000000000
98709  47.268  -2.990  33.097 0.0000000000
101026  49.035  -1.603  35.563 0.0000000000
101024  50.647  -1.730  35.422 0.0000000000
109145  51.267  6.148  28.464 0.0000000000
109146  50.270  6.019  28.760 0.0000000000
109123  49.517  6.213  29.502 0.0000000000
108105  47.993  5.557  28.157 0.0000000000
108147  45.334  5.499  26.253 0.0000000000
108253  44.587  5.538  18.952 0.0000000000
108262  43.011  5.529  19.036 0.0000000000
140546  41.737  5.964  18.485 0.0000000000
140548  41.487  4.937  17.998 0.0000000000
107194  42.155  5.135  19.117 0.0000000000
140542  43.022  4.216  20.236 0.0000000000
140535  43.561  3.067  20.631 0.0000000000
108021  52.179  5.744  35.458 0.0000000000
108020  53.057  5.639  35.517 0.0000000000
108066  51.971  5.311  33.894 0.0000000000
107054  52.640  5.078  33.306 0.0000000000
105102  48.879  2.385  28.521 0.0000000000
105101  49.808  2.529  28.255 0.0000000000
105100  50.751  2.723  28.083 0.0000000000
105099  51.611  3.009  27.962 0.0000000000
105110  51.770  3.164  27.338 0.0000000000
105123  50.330  2.773  26.580 0.0000000000
106096  50.113  3.031  25.946 0.0000000000
98832  47.571  -3.404  25.482 0.0000000000
99990  46.161  -2.278  25.272 0.0000000000
99988  47.517  -2.533  24.344 0.0000000000
101100  47.182  -1.760  23.809 0.0000000000
102197  47.961  -0.486  21.215 0.0000000000
102198  47.325  -0.446  21.739 0.0000000000
106147  47.172  3.792  20.589 0.0000000000
106156  46.872  2.792  19.964 0.0000000000
105179  46.742  1.886  19.474 0.0000000000
101142  47.009  -1.688  19.634 0.0000000000
101155  46.122  -0.801  19.346 0.0000000000
101143  46.177  -1.489  19.607 0.0000000000
101144  45.226  -1.141  19.735 0.0000000000
101130  44.226  -0.930  20.338 0.0000000000
102199  44.059  -0.416  20.121 0.0000000000
100039  44.603  -2.072  21.054 0.0000000000
107051  55.643  4.647  33.124 0.0000000000
108173  40.423  5.560  25.324 0.0000000000
109229  39.628  6.491  22.251 0.0000000000
109240  39.293  6.331  21.483 0.0000000000
110016  45.957  7.314  36.675 0.0000000000
109044  45.969  6.414  35.241 0.0000000000
109030  44.671  7.098  36.019 0.0000000000
109045  44.936  6.647  35.438 0.0000000000
107033  45.056  4.917  33.931 0.0000000000
102121  40.329  -0.386  34.409 0.0000000000
102112  40.990  -1.087  36.069 0.0000000000
99870  41.445  -1.859  35.789 0.0000000000
99890  42.781  -2.625  35.571 0.0000000000
98672  43.468  -3.255  34.992 0.0000000000
98686  44.186  -3.681  34.263 0.0000000000
98685  45.271  -3.433  34.461 0.0000000000
109120  53.061  6.525  29.307 0.0000000000
109144  52.369  6.294  28.548 0.0000000000
109166  52.628  5.912  27.926 0.0000000000
109167  51.894  6.045  27.851 0.0000000000
108120  49.680  5.597  27.136 0.0000000000
108184  47.109  5.886  24.186 0.0000000000
108213  46.169  5.817  21.708 0.0000000000
109213  47.802  6.377  22.758 0.0000000000
108225  46.176  5.686  20.534 0.0000000000
108238  45.125  5.564  19.703 0.0000000000
108246  45.457  5.501  18.924 0.0000000000
140556  45.016  5.088  18.350 0.0000000000
106188  45.466  4.180  17.889 0.0000000000
107093  49.620  4.217  32.006 0.0000000000
107092  50.364  4.266  31.821 0.0000000000
106040  49.492  3.824  31.334 0.0000000000
105082  48.689  2.902  30.056 0.0000000000
105094  48.732  2.589  29.309 0.0000000000
104144  47.234  2.074  29.348 0.0000000000
105103  47.985  2.339  28.878 0.0000000000
105114  48.097  2.139  28.019 0.0000000000
105126  46.954  2.348  26.368 0.0000000000
98866  51.606  -3.010  23.596 0.0000000000
100002  49.890  -2.587  23.239 0.0000000000
100001  50.776  -2.514  22.958 0.0000000000
100019  49.948  -2.071  22.451 0.0000000000
101115  49.828  -1.475  21.574 0.0000000000
101114  50.374  -1.446  21.118 0.0000000000
101128  49.013  -0.942  21.302 0.0000000000
102196  48.776  -0.600  20.408 0.0000000000
102207  48.020  -0.414  20.104 0.0000000000
103267  47.564  -0.246  19.825 0.0000000000
104220  47.010  0.732  19.770 0.0000000000
102215  47.657  -0.568  19.521 0.0000000000
101153  47.758  -1.258  19.390 0.0000000000
100062  49.245  -1.898  19.420 0.0000000000
101140  48.295  -2.116  19.770 0.0000000000
101141  47.785  -1.886  19.768 0.0000000000
100051  47.141  -2.267  20.144 0.0000000000
98892  47.254  -3.269  20.896 0.0000000000
97676  47.404  -4.227  21.252 0.0000000000
96490  47.896  -5.293  22.334 0.0000000000
96489  49.010  -5.278  22.007 0.0000000000
96471  48.388  -5.701  23.060 0.0000000000
109049  40.775  6.120  35.846 0.0000000000
109050  40.388  6.017  35.903 0.0000000000
108056  40.679  5.337  35.046 0.0000000000
107038  40.104  4.805  34.546 0.0000000000
107039  39.034  4.764  34.733 0.0000000000
105992  39.071  3.943  34.111 0.0000000000
106009  39.537  3.550  33.625 0.0000000000
105058  38.995  2.769  33.608 0.0000000000
104120  39.184  1.632  33.634 0.0000000000
103181  39.356  0.278  34.787 0.0000000000
109117  56.148  5.506  29.972 0.0000000000
108092  55.068  5.333  29.117 0.0000000000
108098  56.360  4.808  29.342 0.0000000000
108100  54.818  5.132  28.651 0.0000000000
108116  53.991  5.062  27.520 0.0000000000
108140  53.242  5.025  26.591 0.0000000000
108162  52.641  5.067  25.876 0.0000000000
107128  51.028  4.891  24.899 0.0000000000
98792  44.289  -3.048  27.383 0.0000000000
99961  43.842  -2.115  27.460 0.0000000000
98791  45.056  -3.554  27.429 0.0000000000
98811  45.559  -3.265  26.562 0.0000000000
98810  46.453  -3.559  26.612 0.0000000000
97612  48.358  -4.244  27.933 0.0000000000
98788  47.876  -4.027  27.358 0.0000000000
98808  48.161  -3.863  26.446 0.0000000000
98831  48.461  -3.646  25.551 0.0000000000
98830  49.360  -3.828  25.544 0.0000000000
98850  50.537  -3.602  24.638 0.0000000000
98756  52.300  -3.679  29.602 0.0000000000
98769  52.628  -4.030  28.477 0.0000000000
98767  54.907  -3.683  27.694 0.0000000000
98783  52.852  -4.089  27.302 0.0000000000
98784  51.889  -4.181  27.506 0.0000000000
98804  52.093  -4.154  26.390 0.0000000000
98827  52.249  -3.908  25.335 0.0000000000
98849  51.470  -3.568  24.511 0.0000000000
98865  52.632  -2.902  23.226 0.0000000000
98881  53.243  -2.832  22.837 0.0000000000
100015  53.942  -2.456  21.814 0.0000000000
99998  55.285  -2.737  23.141 0.0000000000
100014  55.022  -2.634  22.234 0.0000000000
100032  54.347  -2.192  20.947 0.0000000000
100046  54.262  -2.570  20.283 0.0000000000
98900  54.285  -3.320  20.367 0.0000000000
97687  53.541  -3.963  20.501 0.0000000000
97671  52.805  -4.625  20.992 0.0000000000
97670  53.866  -4.597  21.153 0.0000000000
96485  53.424  -6.241  22.257 0.0000000000
108009  51.824  6.173  36.106 0.0000000000
108022  51.201  5.905  35.533 0.0000000000
108046  50.755  5.523  34.640 0.0000000000
107057  49.730  4.818  33.178 0.0000000000
110014  47.854  7.213  36.749 0.0000000000
109026  48.353  6.779  36.169 0.0000000000
109041  48.871  6.353  35.629 0.0000000000
108026  47.514  5.860  34.886 0.0000000000
108025  48.451  5.920  34.970 0.0000000000
108048  48.917  5.591  34.365 0.0000000000
108069  49.347  5.237  33.765 0.0000000000
107080  49.093  4.401  32.479 0.0000000000
105073  47.303  3.013  31.070 0.0000000000
105084  46.879  2.447  30.741 0.0000000000
105061  46.297  2.815  31.935 0.0000000000
105085  46.270  2.274  31.088 0.0000000000
104135  46.341  2.078  30.712 0.0000000000
102141  43.957  0.018  28.929 0.0000000000
102145  43.673  -0.640  28.740 0.0000000000
109062  41.899  6.174  35.185 0.0000000000
107066  41.378  4.294  33.706 0.0000000000
107065  42.415  4.355  33.585 0.0000000000
107035  43.072  5.027  34.055 0.0000000000
107064  43.416  4.328  33.529 0.0000000000
106005  43.717  3.538  33.208 0.0000000000
106023  43.984  2.780  32.884 0.0000000000
102125  40.613  -0.395  33.449 0.0000000000
103189  40.817  0.415  32.673 0.0000000000
101053  41.245  -1.409  33.146 0.0000000000
102131  41.090  -0.180  32.699 0.0000000000
104125  42.536  1.277  32.327 0.0000000000
105065  43.302  2.084  32.508 0.0000000000
104133  43.706  1.007  31.660 0.0000000000
102135  43.222  -0.183  30.822 0.0000000000
101065  42.278  -1.270  30.834 0.0000000000
102139  42.791  -0.683  30.638 0.0000000000
102138  43.293  -0.453  30.213 0.0000000000
101067  43.164  -1.050  29.706 0.0000000000
101071  43.390  -1.224  29.149 0.0000000000
99959  43.465  -1.896  28.279 0.0000000000
98777  44.437  -3.586  28.249 0.0000000000
98746  45.113  -3.986  30.313 0.0000000000
98761  46.990  -3.946  29.587 0.0000000000
98724  50.442  -2.964  31.576 0.0000000000
98698  46.081  -3.287  33.761 0.0000000000
99917  48.163  -2.341  34.070 0.0000000000
99931  48.267  -2.496  33.378 0.0000000000
98708  48.438  -2.715  32.633 0.0000000000
98707  48.906  -2.608  32.533 0.0000000000
99944  50.214  -2.561  32.414 0.0000000000
109011  41.171  6.724  37.242 0.0000000000
109012  40.388  6.462  36.950 0.0000000000
107998  39.272  6.034  37.159 0.0000000000
107999  38.729  5.590  36.814 0.0000000000
106989  38.508  5.187  38.368 0.0000000000
106998  38.175  5.150  37.414 0.0000000000
107005  38.046  5.185  36.461 0.0000000000
105964  35.452  3.224  38.252 0.0000000000
105971  35.545  2.842  37.416 0.0000000000
105976  35.559  2.535  36.944 0.0000000000
110087  48.860  7.358  31.302 0.0000000000
109124  48.273  6.237  29.744 0.0000000000
109109  49.015  6.907  30.625 0.0000000000
109110  47.765  6.771  30.427 0.0000000000
108125  43.995  5.728  27.175 0.0000000000
108188  42.583  5.551  24.265 0.0000000000
108204  41.503  5.881  23.184 0.0000000000
109238  40.644  6.442  21.387 0.0000000000
109239  39.976  6.459  21.259 0.0000000000
108185  45.935  5.909  24.224 0.0000000000
108215  44.270  5.583  22.434 0.0000000000
140545  43.163  5.651  21.029 0.0000000000
140544  42.390  6.134  20.976 0.0000000000
140549  41.796  6.370  20.708 0.0000000000
109253  39.841  6.000  20.151 0.0000000000
108248  39.805  5.680  20.344 0.0000000000
107175  41.430  5.269  20.125 0.0000000000
107028  55.049  5.036  34.029 0.0000000000
107074  55.143  4.264  31.930 0.0000000000
107091  51.332  4.267  31.686 0.0000000000
107090  52.336  4.274  31.553 0.0000000000
106067  51.194  3.217  29.418 0.0000000000
106053  51.896  3.445  30.104 0.0000000000
107089  53.329  4.187  31.439 0.0000000000
107087  54.874  3.805  31.256 0.0000000000
106034  55.623  3.522  31.008 0.0000000000
106050  54.599  3.524  30.030 0.0000000000
106063  54.584  3.822  29.243 0.0000000000
106073  53.703  3.674  28.263 0.0000000000
105109  52.245  3.294  27.401 0.0000000000
106082  52.745  3.449  27.312 0.0000000000
106093  52.765  4.115  26.321 0.0000000000
106105  51.913  4.313  25.570 0.0000000000
107135  50.547  4.726  24.607 0.0000000000
107136  49.886  5.045  23.905 0.0000000000
101083  44.235  -1.464  26.597 0.0000000000
102160  44.208  -0.508  26.690 0.0000000000
103227  44.640  0.080  26.233 0.0000000000
101092  45.289  -1.365  25.240 0.0000000000
104173  45.615  1.489  25.714 0.0000000000
105135  46.453  2.386  25.520 0.0000000000
100003  48.785  -2.487  23.419 0.0000000000
101108  47.652  -1.566  23.248 0.0000000000
102181  46.663  -0.700  23.310 0.0000000000
102189  46.962  -0.462  22.295 0.0000000000
103239  46.252  -0.042  23.112 0.0000000000
103240  45.938  -0.015  23.612 0.0000000000
104189  45.573  0.974  23.702 0.0000000000
105142  47.059  2.879  24.988 0.0000000000
106109  47.577  3.114  25.004 0.0000000000
106119  48.744  4.098  24.009 0.0000000000
107137  49.417  4.613  23.826 0.0000000000
107144  49.601  5.307  22.485 0.0000000000
108211  49.279  5.661  21.607 0.0000000000
108222  48.582  5.557  20.908 0.0000000000
108235  47.768  5.154  19.959 0.0000000000
107180  47.160  3.655  18.959 0.0000000000
107181  47.112  3.459  18.096 0.0000000000
140568  46.795  4.063  18.201 0.0000000000
105214  46.655  3.742  17.772 0.0000000000
105206  46.204  3.484  17.197 0.0000000000
105196  44.784  3.034  17.683 0.0000000000
105173  46.337  1.516  19.571 0.0000000000
103270  45.584  0.152  19.441 0.0000000000
104215  45.619  1.173  19.425 0.0000000000
105180  46.208  1.538  19.126 0.0000000000
104226  45.879  0.953  17.789 0.0000000000
105188  45.063  2.166  18.486 0.0000000000
105189  44.623  2.843  18.399 0.0000000000
106173  43.975  3.518  19.185 0.0000000000
140538  43.841  3.205  20.073 0.0000000000
105166  43.620  2.143  20.924 0.0000000000
102200  43.589  -0.241  20.579 0.0000000000
103255  42.854  0.325  21.130 0.0000000000
96501  52.081  -5.137  21.628 0.0000000000
96487  51.413  -5.523  22.330 0.0000000000
96456  56.484  -5.178  25.086 0.0000000000
96464  56.850  -4.494  24.728 0.0000000000
96465  56.779  -4.885  24.359 0.0000000000
96504  49.305  -4.892  21.302 0.0000000000
97600  49.312  -4.255  28.628 0.0000000000
97601  49.069  -4.243  28.570 0.0000000000
97602  48.570  -4.237  28.420 0.0000000000
97611  48.935  -4.368  28.074 0.0000000000
97635  56.450  -4.413  26.248 0.0000000000
97643  56.713  -4.247  25.212 0.0000000000
97667  56.473  -4.145  22.282 0.0000000000
97692  48.724  -3.794  20.337 0.0000000000
98749  42.690  -2.427  30.123 0.0000000000
98752  55.678  -3.581  28.591 0.0000000000
98763  44.727  -3.949  29.239 0.0000000000
98773  48.711  -4.096  29.006 0.0000000000
98778  43.709  -2.857  28.192 0.0000000000
98779  43.444  -2.325  28.459 0.0000000000
98782  53.751  -3.874  26.977 0.0000000000
98802  53.742  -3.825  25.947 0.0000000000
98809  47.306  -3.702  26.516 0.0000000000
98812  44.845  -3.092  26.800 0.0000000000
98824  54.463  -3.472  25.162 0.0000000000
98829  50.346  -3.964  25.553 0.0000000000
98841  56.438  -3.950  26.656 0.0000000000
98843  56.275  -3.932  26.126 0.0000000000
98864  53.652  -3.126  23.398 0.0000000000
98867  50.675  -3.110  23.793 0.0000000000
98878  56.254  -3.177  21.822 0.0000000000
98879  54.371  -2.649  22.512 0.0000000000
98880  53.800  -2.770  22.648 0.0000000000
98888  56.311  -3.865  21.920 0.0000000000
98895  44.797  -2.734  21.710 0.0000000000
98914  53.093  -2.473  19.567 0.0000000000
98915  52.497  -2.608  19.490 0.0000000000
98916  51.533  -2.734  19.473 0.0000000000
98918  49.976  -2.916  19.694 0.0000000000
99869  42.121  -2.010  36.160 0.0000000000
99900  49.385  -1.837  34.441 0.0000000000
99901  48.722  -1.975  34.739 0.0000000000
99919  41.525  -2.140  32.666 0.0000000000
99934  41.739  -1.902  31.984 0.0000000000
99953  42.699  -1.948  30.099 0.0000000000
99956  43.295  -1.902  28.807 0.0000000000
99958  43.585  -2.251  28.060 0.0000000000
99962  43.578  -1.967  27.914 0.0000000000
99967  45.089  -2.728  26.353 0.0000000000
99977  46.918  -2.932  25.121 0.0000000000
99978  46.360  -2.726  25.459 0.0000000000
99980  44.998  -2.346  26.159 0.0000000000
99987  48.223  -2.666  23.983 0.0000000000
99989  46.588  -2.308  24.859 0.0000000000
99997  55.804  -2.897  23.042 0.0000000000
99999  52.258  -2.487  22.508 0.0000000000
100012  56.397  -3.164  22.826 0.0000000000
100030  56.062  -2.986  21.513 0.0000000000
100035  51.480  -1.770  21.439 0.0000000000
100036  47.246  -2.663  20.547 0.0000000000
100045  54.833  -2.966  20.531 0.0000000000
100047  53.747  -1.804  19.945 0.0000000000
100048  49.354  -2.606  19.694 0.0000000000
100060  51.050  -2.158  19.340 0.0000000000
101074  43.509  -1.346  28.499 0.0000000000
101101  46.627  -1.526  24.123 0.0000000000
101109  47.023  -1.381  23.616 0.0000000000
101124  52.631  -1.456  20.092 0.0000000000
101137  52.195  -1.422  19.711 0.0000000000
101149  51.620  -1.680  19.437 0.0000000000
101156  45.697  -0.641  19.438 0.0000000000
102124  41.072  -0.707  33.076 0.0000000000
102153  43.686  -0.823  28.040 0.0000000000
102174  46.336  -0.895  23.907 0.0000000000
102188  47.522  -0.856  22.252 0.0000000000
102209  44.009  -0.133  20.034 0.0000000000
103194  43.536  0.455  31.305 0.0000000000
103195  42.949  0.070  31.751 0.0000000000
103197  44.240  0.637  30.274 0.0000000000
103198  43.705  0.239  30.594 0.0000000000
103201  44.351  0.554  29.502 0.0000000000
103205  44.421  0.494  28.609 0.0000000000
103212  44.984  0.974  27.276 0.0000000000
103247  46.100  0.379  23.085 0.0000000000
103254  43.414  0.606  20.666 0.0000000000
103259  47.544  -0.101  20.259 0.0000000000
104114  39.436  0.646  34.309 0.0000000000
104152  47.292  1.917  28.522 0.0000000000
104188  45.818  1.433  23.388 0.0000000000
104221  46.867  0.676  19.447 0.0000000000
104227  45.369  1.336  17.836 0.0000000000
104228  44.820  2.045  17.975 0.0000000000
104231  47.937  1.654  16.886 0.0000000000
104232  47.422  1.569  17.089 0.0000000000
104233  46.293  1.387  17.507 0.0000000000
104234  45.156  2.102  17.426 0.0000000000
104235  44.696  2.560  17.883 0.0000000000
104241  47.679  2.137  16.748 0.0000000000
104244  45.393  2.697  17.560 0.0000000000
105071  56.643  3.344  30.622 0.0000000000
105075  45.900  2.304  31.580 0.0000000000
105078  56.953  3.767  29.928 0.0000000000
105079  56.794  3.356  30.192 0.0000000000
105080  56.244  3.272  30.413 0.0000000000
105087  56.760  3.958  29.747 0.0000000000
105089  56.200  3.449  29.923 0.0000000000
105096  47.284  2.319  30.193 0.0000000000
105098  52.291  3.222  27.818 0.0000000000
105111  50.981  2.837  27.356 0.0000000000
105121  51.763  3.265  26.888 0.0000000000
105144  45.729  1.751  24.101 0.0000000000
105149  46.109  2.063  23.434 0.0000000000
105181  45.356  1.966  19.007 0.0000000000
105187  46.080  0.984  18.312 0.0000000000
105194  47.421  0.960  17.875 0.0000000000
105197  44.612  3.132  18.203 0.0000000000
105204  47.685  2.706  17.162 0.0000000000
105205  47.147  3.005  16.975 0.0000000000
105207  45.323  3.340  17.410 0.0000000000
105213  47.222  3.258  17.361 0.0000000000
105215  46.245  3.792  17.809 0.0000000000
106001  46.897  3.836  32.666 0.0000000000
106003  45.501  3.510  33.059 0.0000000000
106016  55.835  4.054  31.675 0.0000000000
106017  49.008  3.967  31.902 0.0000000000
106033  56.658  3.695  31.113 0.0000000000
106035  54.434  3.580  30.752 0.0000000000
106037  52.613  3.809  30.771 0.0000000000
106042  47.529  3.359  31.670 0.0000000000
106043  46.848  3.143  32.003 0.0000000000
106045  57.753  4.975  30.795 0.0000000000
106046  57.547  4.718  30.497 0.0000000000
106054  50.876  3.458  30.223 0.0000000000
106057  47.891  3.377  31.046 0.0000000000
106060  57.087  4.315  29.873 0.0000000000
106070  55.878  4.528  29.183 0.0000000000
106071  55.420  4.423  29.058 0.0000000000
106083  52.096  3.315  27.069 0.0000000000
106104  52.445  4.473  25.768 0.0000000000
106129  48.596  4.252  23.127 0.0000000000
106149  43.187  2.454  21.277 0.0000000000
106150  42.897  2.796  21.529 0.0000000000
106155  47.120  3.364  19.597 0.0000000000
106158  43.294  2.780  21.112 0.0000000000
106164  47.086  2.349  19.194 0.0000000000
106165  44.440  2.686  19.532 0.0000000000
106170  47.284  2.675  18.569 0.0000000000
106178  47.533  2.553  17.703 0.0000000000
106179  47.729  1.882  17.862 0.0000000000
106187  45.603  4.545  18.194 0.0000000000
106189  44.685  3.925  18.089 0.0000000000
106190  44.304  3.952  18.508 0.0000000000
106196  45.995  3.936  17.787 0.0000000000
107031  46.631  4.691  33.616 0.0000000000
107040  37.973  4.348  34.795 0.0000000000
107041  37.581  4.143  34.886 0.0000000000
107068  39.634  4.285  34.171 0.0000000000
107072  56.629  4.406  32.216 0.0000000000
107073  56.096  4.363  32.251 0.0000000000
107098  57.555  4.938  30.250 0.0000000000
107099  57.215  4.822  29.900 0.0000000000
107100  56.669  4.656  29.508 0.0000000000
107102  56.137  4.655  29.246 0.0000000000
107103  55.498  4.720  28.982 0.0000000000
107108  54.283  4.611  27.883 0.0000000000
107109  53.861  4.567  27.311 0.0000000000
107118  53.449  4.559  26.835 0.0000000000
107119  53.119  4.577  26.336 0.0000000000
107127  52.168  4.807  25.488 0.0000000000
107153  49.526  5.456  21.898 0.0000000000
107173  48.020  5.040  20.273 0.0000000000
107187  47.206  2.958  18.665 0.0000000000
107193  47.565  2.301  18.056 0.0000000000
107198  45.130  4.816  18.221 0.0000000000
108010  40.030  6.016  36.118 0.0000000000
108011  39.537  5.867  36.254 0.0000000000
108024  49.365  5.907  35.100 0.0000000000
108028  41.491  6.014  35.294 0.0000000000
108031  39.176  5.299  35.436 0.0000000000
108032  38.749  5.288  35.610 0.0000000000
108041  55.202  5.409  34.838 0.0000000000
108045  51.678  5.515  34.667 0.0000000000
108049  47.973  5.471  34.291 0.0000000000
108052  44.698  5.616  34.422 0.0000000000
108057  39.766  5.170  35.090 0.0000000000
108068  50.273  5.245  33.849 0.0000000000
108090  56.615  5.107  29.616 0.0000000000
108099  55.881  4.931  29.138 0.0000000000
108102  53.290  5.707  28.032 0.0000000000
108118  52.089  5.751  27.135 0.0000000000
108161  53.002  4.852  26.087 0.0000000000
108201  45.079  5.762  23.247 0.0000000000
108210  49.688  5.762  22.059 0.0000000000
108234  48.212  5.259  20.447 0.0000000000
108239  39.646  5.499  20.623 0.0000000000
108244  47.140  4.465  18.749 0.0000000000
108252  45.048  5.292  18.547 0.0000000000
108260  44.690  5.039  18.380 0.0000000000
108997  39.832  6.273  37.375 0.0000000000
109013  39.829  6.189  36.721 0.0000000000
109034  40.217  6.131  36.227 0.0000000000
109047  42.814  6.840  35.853 0.0000000000
109097  49.271  7.307  31.227 0.0000000000
109118  55.038  5.545  29.563 0.0000000000
109141  54.803  5.442  29.018 0.0000000000
109210  49.606  6.113  22.247 0.0000000000
109211  49.314  6.262  22.359 0.0000000000
109215  40.809  6.220  22.638 0.0000000000
109222  49.730  6.019  22.167 0.0000000000
109223  49.366  6.088  21.805 0.0000000000
109226  47.085  6.225  22.289 0.0000000000
109234  49.047  5.894  21.358 0.0000000000
109236  48.005  6.365  21.049 0.0000000000
109237  41.439  6.400  21.110 0.0000000000
109247  40.038  6.342  20.125 0.0000000000
109257  44.567  5.382  18.641 0.0000000000
109263  42.667  5.664  18.805 0.0000000000
110019  42.926  7.159  36.478 0.0000000000
110020  42.546  7.144  36.685 0.0000000000
110027  43.036  7.040  36.139 0.0000000000
110076  49.298  7.537  31.818 0.0000000000
110156  40.239  6.760  18.957 0.0000000000
110160  40.855  6.671  18.160 0.0000000000
139926  55.407  -3.627  27.457 0.0000000000
139930  56.206  -3.849  27.894 0.0000000000
139931  56.467  -4.197  26.628 0.0000000000
139932  55.920  -3.665  27.194 0.0000000000
139933  55.966  -3.712  26.715 0.0000000000
139935  55.687  -3.651  27.672 0.0000000000
139936  56.131  -3.760  27.089 0.0000000000
140539  41.417  5.229  19.340 0.0000000000
140540  41.783  6.166  18.575 0.0000000000
140543  41.020  4.677  18.454 0.0000000000
140547  40.605  4.799  18.113 0.0000000000
140550  41.832  6.046  18.942 0.0000000000
140551  41.687  6.351  18.245 0.0000000000
140553  41.075  4.852  18.006 0.0000000000
140554  40.975  5.025  19.113 0.0000000000
140557  41.913  5.884  18.653 0.0000000000
140561  41.509  6.489  18.144 0.0000000000
140562  41.190  5.384  17.862 0.0000000000
140564  45.601  4.786  18.230 0.0000000000
140565  44.831  5.188  18.495 0.0000000000
140566  40.440  5.310  18.179 0.0000000000
140569  46.987  3.923  18.127 0.0000000000
140570  45.837  4.577  18.263 0.0000000000
140571  47.049  3.641  17.759 0.0000000000
