#!ascii label  , from subject 3014 vox2ras=TkReg
689
84555  21.933  -17.172  -15.808 0.0000000000
86917  32.160  -15.058  -20.381 0.0000000000
99444  30.739  -3.313  -17.921 0.0000000000
98232  24.984  -4.816  -18.917 0.0000000000
77336  24.612  -22.398  -14.923 0.0000000000
80898  28.014  -19.885  -16.151 0.0000000000
85767  25.767  -15.175  -18.761 0.0000000000
92481  24.671  -9.493  -21.442 0.0000000000
93547  32.524  -8.665  -18.280 0.0000000000
99479  35.828  -3.509  -20.096 0.0000000000
139875  29.857  1.270  -20.085 0.0000000000
80879  23.708  -19.926  -14.914 0.0000000000
78500  25.929  -21.463  -15.541 0.0000000000
82117  24.856  -18.882  -16.014 0.0000000000
92444  20.948  -9.795  -18.379 0.0000000000
97018  19.763  -5.816  -17.655 0.0000000000
98229  28.534  -4.962  -18.178 0.0000000000
95839  28.399  -6.670  -19.689 0.0000000000
97011  31.366  -5.504  -17.996 0.0000000000
95819  35.244  -6.816  -18.301 0.0000000000
99458  33.828  -3.415  -18.134 0.0000000000
139905  30.223  2.239  -16.994 0.0000000000
105503  29.092  1.319  -17.446 0.0000000000
139896  28.363  4.423  -20.315 0.0000000000
86895  28.654  -14.651  -18.527 0.0000000000
84596  28.653  -16.428  -17.541 0.0000000000
83444  31.042  -17.852  -20.269 0.0000000000
100534  28.545  -3.334  -16.795 0.0000000000
90193  32.035  -11.107  -23.711 0.0000000000
86874  20.559  -14.483  -16.197 0.0000000000
84601  23.712  -15.919  -17.248 0.0000000000
89002  22.234  -12.658  -17.897 0.0000000000
89043  25.088  -12.084  -20.229 0.0000000000
90138  29.422  -12.135  -20.265 0.0000000000
95855  23.652  -6.124  -20.866 0.0000000000
93596  28.939  -9.002  -21.698 0.0000000000
89008  33.638  -12.609  -18.831 0.0000000000
91323  35.649  -10.187  -21.036 0.0000000000
102658  28.977  -0.652  -17.358 0.0000000000
102665  30.865  -0.232  -18.517 0.0000000000
105546  30.282  1.265  -23.257 0.0000000000
104594  30.753  0.399  -21.969 0.0000000000
102671  32.134  -1.043  -20.121 0.0000000000
101636  33.430  -2.115  -21.692 0.0000000000
83377  26.803  -17.519  -17.281 0.0000000000
84557  20.340  -16.668  -15.329 0.0000000000
83338  20.863  -17.938  -14.762 0.0000000000
82119  22.911  -18.212  -15.495 0.0000000000
82118  23.982  -18.645  -15.571 0.0000000000
83381  23.279  -17.597  -16.154 0.0000000000
98212  29.842  -4.293  -17.900 0.0000000000
97029  29.458  -5.488  -18.525 0.0000000000
98210  31.083  -4.429  -17.848 0.0000000000
98209  32.091  -4.588  -17.693 0.0000000000
99443  31.922  -3.452  -17.946 0.0000000000
139870  30.657  2.750  -18.089 0.0000000000
139899  30.096  3.067  -18.927 0.0000000000
139872  30.140  4.057  -19.522 0.0000000000
86892  31.310  -15.061  -18.753 0.0000000000
85762  31.075  -16.335  -18.915 0.0000000000
85777  31.498  -15.783  -20.176 0.0000000000
99447  28.411  -4.579  -16.781 0.0000000000
99401  27.838  -3.588  -16.299 0.0000000000
77338  22.842  -21.854  -14.103 0.0000000000
77320  23.228  -22.785  -14.074 0.0000000000
74964  25.051  -24.393  -14.485 0.0000000000
76135  25.884  -23.634  -14.955 0.0000000000
79722  27.546  -20.667  -15.738 0.0000000000
78486  27.811  -22.103  -15.004 0.0000000000
87952  20.932  -13.916  -16.889 0.0000000000
88999  20.672  -12.501  -16.825 0.0000000000
92454  21.969  -9.058  -19.227 0.0000000000
90141  23.074  -10.992  -19.530 0.0000000000
91328  23.855  -10.366  -20.680 0.0000000000
90154  27.006  -11.745  -21.084 0.0000000000
90172  26.664  -10.946  -21.451 0.0000000000
98246  22.514  -5.142  -19.276 0.0000000000
97044  24.899  -5.548  -19.929 0.0000000000
94660  29.502  -7.478  -19.477 0.0000000000
94692  28.563  -7.733  -21.221 0.0000000000
93550  29.711  -8.439  -19.177 0.0000000000
91293  30.477  -10.578  -18.650 0.0000000000
91290  33.512  -10.512  -18.573 0.0000000000
89021  35.151  -11.568  -20.329 0.0000000000
92436  34.516  -9.538  -18.943 0.0000000000
98224  36.164  -5.151  -18.714 0.0000000000
95837  35.824  -6.886  -19.190 0.0000000000
139871  30.528  1.590  -18.772 0.0000000000
103652  28.522  0.076  -17.113 0.0000000000
104570  30.417  0.898  -18.547 0.0000000000
102657  29.649  -0.522  -17.700 0.0000000000
104576  30.700  0.587  -19.631 0.0000000000
103673  31.406  -0.618  -21.166 0.0000000000
103691  31.331  -1.209  -23.027 0.0000000000
101628  32.826  -1.644  -21.393 0.0000000000
85745  24.197  -15.281  -17.701 0.0000000000
84600  24.680  -16.476  -17.425 0.0000000000
84599  25.916  -16.396  -18.143 0.0000000000
83400  31.245  -17.641  -17.554 0.0000000000
82146  29.624  -17.857  -17.275 0.0000000000
79710  22.395  -20.538  -14.219 0.0000000000
78488  24.175  -21.326  -14.853 0.0000000000
77349  25.367  -22.018  -15.278 0.0000000000
79725  24.665  -20.829  -15.269 0.0000000000
80900  25.755  -19.660  -15.960 0.0000000000
80899  26.962  -19.829  -16.102 0.0000000000
93522  19.917  -8.671  -17.124 0.0000000000
94644  19.930  -7.435  -18.189 0.0000000000
94679  21.560  -7.629  -19.377 0.0000000000
97032  26.935  -5.199  -19.065 0.0000000000
95828  26.315  -5.629  -19.550 0.0000000000
95826  28.065  -5.875  -19.260 0.0000000000
95824  29.696  -6.484  -18.841 0.0000000000
94657  31.756  -6.943  -18.450 0.0000000000
94656  33.837  -7.771  -18.145 0.0000000000
95805  32.705  -6.485  -17.972 0.0000000000
98206  34.585  -4.851  -17.770 0.0000000000
100559  34.674  -3.123  -18.660 0.0000000000
104548  27.715  1.635  -16.645 0.0000000000
139864  29.130  1.693  -17.241 0.0000000000
139900  29.978  2.197  -19.297 0.0000000000
105547  29.860  1.747  -21.267 0.0000000000
85780  27.077  -15.095  -19.525 0.0000000000
84620  27.320  -15.926  -18.660 0.0000000000
85743  28.384  -15.478  -17.877 0.0000000000
84618  30.751  -16.679  -18.365 0.0000000000
98231  26.804  -5.313  -18.296 0.0000000000
99463  28.052  -5.920  -17.614 0.0000000000
100563  28.715  -4.498  -17.324 0.0000000000
99421  29.864  -3.324  -17.572 0.0000000000
77334  26.410  -22.947  -15.064 0.0000000000
87999  32.719  -13.533  -21.942 0.0000000000
85800  32.367  -15.515  -22.131 0.0000000000
84575  21.197  -16.283  -16.147 0.0000000000
84574  22.301  -16.840  -16.168 0.0000000000
85748  21.640  -15.207  -16.984 0.0000000000
86884  22.655  -14.338  -17.466 0.0000000000
86899  23.789  -13.543  -17.986 0.0000000000
90129  21.024  -11.038  -18.246 0.0000000000
89015  23.653  -12.289  -18.977 0.0000000000
86910  25.724  -13.743  -19.413 0.0000000000
87982  27.140  -13.410  -20.079 0.0000000000
89013  29.040  -12.883  -19.440 0.0000000000
89011  30.501  -12.843  -18.387 0.0000000000
97048  21.730  -5.912  -19.340 0.0000000000
94697  23.448  -7.234  -21.039 0.0000000000
94674  25.998  -6.774  -20.465 0.0000000000
94716  25.950  -7.798  -21.541 0.0000000000
92479  26.847  -9.420  -21.764 0.0000000000
91324  29.293  -10.465  -21.192 0.0000000000
90124  29.852  -11.660  -18.762 0.0000000000
87965  32.938  -13.563  -18.943 0.0000000000
89052  33.521  -12.583  -21.904 0.0000000000
90182  33.385  -10.891  -22.849 0.0000000000
93563  35.494  -8.607  -19.500 0.0000000000
101587  28.952  -1.799  -17.261 0.0000000000
101586  29.849  -2.148  -17.482 0.0000000000
101598  31.284  -1.632  -18.291 0.0000000000
105561  29.066  3.009  -22.490 0.0000000000
105531  30.350  1.441  -21.863 0.0000000000
104609  30.286  0.520  -22.820 0.0000000000
104582  30.337  0.680  -21.362 0.0000000000
103662  31.053  0.058  -20.121 0.0000000000
102663  31.955  -0.761  -19.328 0.0000000000
100562  32.038  -1.968  -18.672 0.0000000000
100573  32.978  -1.967  -19.780 0.0000000000
100572  33.671  -2.349  -19.770 0.0000000000
100589  34.300  -2.546  -21.169 0.0000000000
83380  24.434  -17.373  -16.829 0.0000000000
82136  26.006  -18.111  -16.569 0.0000000000
80910  27.501  -19.053  -16.460 0.0000000000
83403  28.395  -17.218  -17.371 0.0000000000
82133  28.837  -18.539  -16.938 0.0000000000
84556  21.475  -17.028  -15.644 0.0000000000
83358  20.606  -17.389  -15.031 0.0000000000
83357  21.038  -17.715  -15.087 0.0000000000
82120  21.876  -18.115  -14.998 0.0000000000
83356  22.077  -17.532  -15.624 0.0000000000
83382  22.562  -17.459  -15.950 0.0000000000
99445  30.084  -3.699  -17.807 0.0000000000
98211  30.342  -4.228  -17.911 0.0000000000
100547  31.499  -2.560  -18.201 0.0000000000
139873  30.764  3.220  -18.640 0.0000000000
86905  31.764  -15.005  -19.394 0.0000000000
86906  31.289  -15.766  -19.461 0.0000000000
77337  23.712  -22.094  -14.431 0.0000000000
76137  24.036  -22.959  -14.479 0.0000000000
76122  24.367  -24.022  -14.315 0.0000000000
76136  24.788  -23.698  -14.691 0.0000000000
74963  25.627  -24.258  -14.653 0.0000000000
77335  25.526  -22.865  -15.162 0.0000000000
78498  28.191  -21.384  -15.400 0.0000000000
79721  28.590  -20.587  -15.746 0.0000000000
90106  20.343  -11.615  -16.419 0.0000000000
93566  23.206  -8.896  -20.186 0.0000000000
92452  23.331  -9.650  -20.126 0.0000000000
92463  24.235  -9.847  -21.173 0.0000000000
91326  25.226  -10.744  -21.100 0.0000000000
91350  25.481  -10.129  -21.435 0.0000000000
98244  24.133  -4.541  -19.485 0.0000000000
97034  24.653  -4.839  -19.526 0.0000000000
93548  31.608  -8.492  -18.362 0.0000000000
93549  30.575  -8.458  -18.591 0.0000000000
92440  31.010  -9.524  -18.518 0.0000000000
92438  33.007  -9.537  -18.433 0.0000000000
91289  34.463  -10.397  -18.963 0.0000000000
92437  33.964  -9.522  -18.652 0.0000000000
99471  35.847  -3.818  -19.319 0.0000000000
98223  36.323  -5.363  -19.009 0.0000000000
104571  29.742  0.883  -18.111 0.0000000000
105501  30.721  1.217  -18.884 0.0000000000
104569  30.857  0.850  -18.957 0.0000000000
105508  30.474  1.069  -19.419 0.0000000000
139758  30.884  -1.076  -23.513 0.0000000000
102696  30.944  -1.501  -24.073 0.0000000000
102695  31.463  -1.604  -23.529 0.0000000000
85744  25.335  -15.282  -18.163 0.0000000000
84622  25.973  -15.589  -18.589 0.0000000000
82101  22.497  -18.793  -14.731 0.0000000000
80881  22.071  -19.418  -14.344 0.0000000000
80880  22.926  -19.717  -14.624 0.0000000000
79709  23.421  -20.549  -14.673 0.0000000000
79708  24.106  -20.489  -15.022 0.0000000000
80901  24.481  -19.794  -15.456 0.0000000000
80912  25.641  -18.762  -16.298 0.0000000000
95795  19.623  -6.090  -16.753 0.0000000000
94645  19.737  -7.222  -17.564 0.0000000000
94662  20.582  -7.592  -18.897 0.0000000000
95830  20.587  -6.551  -18.841 0.0000000000
98230  27.898  -5.465  -18.342 0.0000000000
97031  27.863  -5.241  -18.868 0.0000000000
97030  28.685  -5.278  -18.749 0.0000000000
97028  30.395  -5.615  -18.272 0.0000000000
97027  30.977  -5.994  -18.415 0.0000000000
95823  30.661  -6.544  -18.584 0.0000000000
95822  31.442  -6.434  -18.404 0.0000000000
95806  31.964  -6.139  -18.055 0.0000000000
99442  32.927  -3.854  -17.761 0.0000000000
98208  33.073  -4.803  -17.628 0.0000000000
99441  33.798  -4.235  -17.741 0.0000000000
99457  34.749  -4.072  -18.069 0.0000000000
106491  29.927  2.820  -16.583 0.0000000000
139907  29.120  2.451  -16.473 0.0000000000
139862  28.999  2.101  -16.759 0.0000000000
105495  28.179  1.638  -16.747 0.0000000000
139903  29.241  1.925  -16.940 0.0000000000
139869  29.407  3.620  -19.574 0.0000000000
139901  30.564  2.377  -18.990 0.0000000000
106550  29.369  2.628  -21.359 0.0000000000
86907  28.160  -14.621  -19.465 0.0000000000
85764  28.155  -15.323  -18.917 0.0000000000
86880  29.116  -15.203  -17.706 0.0000000000
84633  30.864  -17.236  -19.847 0.0000000000
84617  31.083  -17.347  -19.075 0.0000000000
98213  27.547  -5.788  -17.726 0.0000000000
99464  27.824  -6.091  -17.651 0.0000000000
99449  28.073  -6.268  -17.100 0.0000000000
100564  28.609  -4.660  -17.250 0.0000000000
100549  28.946  -3.932  -17.291 0.0000000000
100533  29.418  -3.037  -17.289 0.0000000000
77348  26.186  -22.265  -15.372 0.0000000000
77347  26.836  -22.411  -15.223 0.0000000000
77332  28.319  -22.698  -14.437 0.0000000000
89058  32.880  -12.426  -22.845 0.0000000000
85717  20.114  -15.272  -15.574 0.0000000000
85729  20.569  -15.235  -16.104 0.0000000000
85728  21.053  -15.266  -16.594 0.0000000000
86873  20.965  -14.556  -16.794 0.0000000000
87960  21.361  -13.337  -17.312 0.0000000000
86885  21.593  -14.421  -17.151 0.0000000000
87959  22.152  -13.394  -17.631 0.0000000000
87958  23.077  -13.558  -17.771 0.0000000000
87974  22.722  -12.945  -17.903 0.0000000000
91283  20.510  -10.563  -18.071 0.0000000000
91297  20.950  -10.515  -18.291 0.0000000000
90140  23.783  -11.664  -19.813 0.0000000000
90127  22.947  -11.666  -19.077 0.0000000000
89029  24.065  -12.232  -19.503 0.0000000000
89014  24.291  -12.586  -19.237 0.0000000000
87984  25.299  -13.009  -19.585 0.0000000000
87983  26.196  -13.053  -19.876 0.0000000000
89026  25.973  -12.415  -20.150 0.0000000000
89039  28.193  -12.201  -20.748 0.0000000000
89040  27.494  -12.554  -20.583 0.0000000000
89012  29.661  -12.873  -18.774 0.0000000000
90125  29.436  -12.109  -19.414 0.0000000000
97046  22.986  -5.058  -20.081 0.0000000000
98247  21.888  -5.558  -19.182 0.0000000000
97061  22.870  -5.603  -20.234 0.0000000000
94698  22.950  -7.119  -20.418 0.0000000000
95856  22.861  -6.325  -20.401 0.0000000000
95840  27.508  -6.481  -19.813 0.0000000000
95841  26.562  -6.273  -19.909 0.0000000000
94673  27.023  -6.914  -20.517 0.0000000000
93582  28.689  -8.211  -21.507 0.0000000000
94693  27.533  -7.404  -21.199 0.0000000000
94714  27.916  -8.013  -21.588 0.0000000000
93599  26.399  -8.592  -21.731 0.0000000000
93598  27.408  -8.648  -21.716 0.0000000000
92478  27.834  -9.466  -21.730 0.0000000000
92476  29.213  -9.473  -21.489 0.0000000000
90122  32.001  -11.694  -18.473 0.0000000000
90123  30.949  -11.712  -18.456 0.0000000000
89009  32.531  -12.754  -18.627 0.0000000000
87979  33.432  -13.443  -19.819 0.0000000000
87989  33.348  -13.129  -21.065 0.0000000000
87978  34.109  -12.847  -20.381 0.0000000000
90149  35.294  -10.960  -20.694 0.0000000000
90169  34.803  -11.364  -21.823 0.0000000000
90180  34.970  -10.687  -22.120 0.0000000000
92495  33.611  -9.603  -23.177 0.0000000000
91363  34.650  -10.033  -22.381 0.0000000000
94634  34.131  -7.309  -17.986 0.0000000000
93545  34.750  -8.768  -18.795 0.0000000000
94654  35.231  -7.835  -18.743 0.0000000000
104560  27.954  1.083  -17.043 0.0000000000
104573  28.294  0.635  -17.173 0.0000000000
103639  27.886  -0.228  -16.882 0.0000000000
102644  28.212  -0.900  -17.063 0.0000000000
101588  27.782  -1.997  -16.681 0.0000000000
102656  30.450  -0.636  -18.137 0.0000000000
101600  29.770  -1.290  -17.648 0.0000000000
101599  30.463  -1.647  -17.916 0.0000000000
102655  30.890  -1.113  -18.199 0.0000000000
139893  28.914  3.854  -23.300 0.0000000000
106538  30.102  2.071  -21.839 0.0000000000
139771  30.541  -0.288  -23.352 0.0000000000
139772  30.485  -0.082  -24.280 0.0000000000
104595  30.578  0.798  -21.905 0.0000000000
104581  30.361  0.429  -20.845 0.0000000000
103674  30.782  -0.020  -21.126 0.0000000000
103672  31.786  -0.876  -20.575 0.0000000000
103661  31.663  -0.548  -20.087 0.0000000000
101609  31.882  -1.250  -18.774 0.0000000000
101608  32.416  -1.509  -19.408 0.0000000000
101637  32.911  -1.917  -22.279 0.0000000000
101627  33.264  -2.044  -20.940 0.0000000000
100581  33.747  -2.376  -20.636 0.0000000000
100590  33.723  -2.330  -21.235 0.0000000000
85726  22.809  -15.957  -16.947 0.0000000000
84573  23.664  -16.693  -16.768 0.0000000000
83406  25.608  -17.124  -17.501 0.0000000000
83379  25.406  -17.581  -16.954 0.0000000000
83378  26.243  -17.543  -17.101 0.0000000000
82135  27.046  -18.042  -16.792 0.0000000000
84597  27.729  -16.536  -17.920 0.0000000000
82132  29.865  -18.445  -16.983 0.0000000000
82147  29.052  -17.905  -17.242 0.0000000000
80909  28.456  -19.190  -16.559 0.0000000000
82100  23.500  -19.095  -14.961 0.0000000000
82138  24.189  -18.170  -16.202 0.0000000000
98228  29.294  -4.767  -18.081 0.0000000000
98227  29.950  -4.862  -18.123 0.0000000000
98226  30.480  -4.853  -17.974 0.0000000000
97012  30.793  -5.118  -17.925 0.0000000000
97010  32.402  -5.546  -17.759 0.0000000000
99459  32.927  -3.020  -18.324 0.0000000000
139866  30.411  2.316  -18.180 0.0000000000
139894  28.532  5.085  -20.415 0.0000000000
86894  29.557  -14.627  -17.893 0.0000000000
86893  30.497  -15.274  -18.009 0.0000000000
85778  31.012  -16.442  -20.015 0.0000000000
84649  31.393  -17.117  -20.585 0.0000000000
99423  28.047  -4.820  -16.417 0.0000000000
78470  22.155  -21.280  -13.857 0.0000000000
78471  21.401  -21.512  -13.426 0.0000000000
77321  22.156  -22.433  -13.627 0.0000000000
74951  25.401  -24.873  -14.251 0.0000000000
74950  26.486  -24.562  -14.304 0.0000000000
79723  26.445  -20.671  -15.748 0.0000000000
78499  27.041  -21.700  -15.507 0.0000000000
87949  20.018  -13.634  -15.643 0.0000000000
87953  20.589  -13.374  -16.416 0.0000000000
89004  21.089  -12.622  -17.315 0.0000000000
89003  21.583  -12.451  -17.782 0.0000000000
92443  21.919  -9.796  -18.832 0.0000000000
91295  22.392  -10.618  -19.026 0.0000000000
92442  22.352  -10.034  -19.077 0.0000000000
91311  23.442  -10.430  -20.072 0.0000000000
90156  24.750  -11.508  -20.470 0.0000000000
89042  25.613  -12.032  -20.397 0.0000000000
90155  25.947  -11.450  -20.938 0.0000000000
90171  27.581  -11.067  -21.392 0.0000000000
98245  23.269  -4.550  -19.568 0.0000000000
95854  24.204  -5.857  -20.692 0.0000000000
95838  29.092  -6.799  -19.496 0.0000000000
94672  28.015  -7.094  -20.494 0.0000000000
94671  28.941  -7.417  -20.271 0.0000000000
93565  29.576  -8.314  -20.351 0.0000000000
92451  29.807  -9.433  -19.834 0.0000000000
92462  29.773  -9.414  -20.919 0.0000000000
92441  30.108  -9.485  -18.885 0.0000000000
91292  31.472  -10.605  -18.458 0.0000000000
90120  34.018  -11.413  -18.682 0.0000000000
89022  34.793  -12.215  -19.925 0.0000000000
90119  34.586  -11.246  -18.949 0.0000000000
90135  35.369  -10.995  -20.088 0.0000000000
91308  35.373  -10.210  -20.014 0.0000000000
97025  35.725  -5.988  -18.478 0.0000000000
97043  36.078  -6.169  -19.095 0.0000000000
97042  36.365  -6.069  -19.739 0.0000000000
105502  29.692  1.466  -17.878 0.0000000000
104572  28.869  0.891  -17.478 0.0000000000
103651  29.334  0.183  -17.564 0.0000000000
103650  30.101  0.203  -18.156 0.0000000000
103658  30.632  0.031  -18.439 0.0000000000
103657  31.121  0.244  -18.940 0.0000000000
103683  31.036  -0.318  -22.292 0.0000000000
103682  31.403  -0.849  -22.440 0.0000000000
102681  31.793  -1.029  -21.854 0.0000000000
102680  32.108  -1.186  -21.054 0.0000000000
102687  32.298  -1.396  -22.024 0.0000000000
102694  32.229  -1.725  -22.870 0.0000000000
83405  26.461  -17.250  -17.763 0.0000000000
84595  29.783  -16.795  -17.522 0.0000000000
83402  29.304  -17.313  -17.339 0.0000000000
83401  30.263  -17.710  -17.375 0.0000000000
83376  30.542  -18.248  -17.023 0.0000000000
79691  22.042  -20.811  -13.940 0.0000000000
78490  22.646  -21.235  -14.144 0.0000000000
78489  23.201  -21.269  -14.406 0.0000000000
77350  24.798  -21.691  -15.147 0.0000000000
78501  25.148  -21.337  -15.350 0.0000000000
79724  25.402  -20.642  -15.586 0.0000000000
92433  20.083  -9.614  -18.017 0.0000000000
93538  19.746  -8.632  -17.868 0.0000000000
93552  20.447  -8.605  -18.513 0.0000000000
93551  21.275  -8.990  -18.923 0.0000000000
93567  22.385  -8.370  -19.634 0.0000000000
93583  23.427  -8.421  -21.009 0.0000000000
97033  25.510  -5.232  -19.452 0.0000000000
95827  27.185  -5.704  -19.420 0.0000000000
95825  28.934  -5.983  -19.222 0.0000000000
94659  30.161  -7.458  -18.753 0.0000000000
94658  31.278  -7.419  -18.512 0.0000000000
94637  31.814  -7.811  -18.329 0.0000000000
93546  33.537  -8.396  -18.301 0.0000000000
93528  33.212  -7.940  -18.160 0.0000000000
94635  33.275  -7.464  -18.088 0.0000000000
95804  33.774  -6.567  -17.812 0.0000000000
97009  33.387  -5.685  -17.690 0.0000000000
97008  34.529  -5.732  -17.740 0.0000000000
98225  35.361  -5.084  -18.014 0.0000000000
99456  35.702  -4.322  -18.629 0.0000000000
100570  35.335  -3.150  -19.368 0.0000000000
104559  28.735  1.254  -17.290 0.0000000000
86896  26.056  -14.769  -19.265 0.0000000000
85765  26.864  -15.494  -19.165 0.0000000000
84635  27.363  -15.483  -19.186 0.0000000000
84619  27.892  -15.818  -18.313 0.0000000000
86879  29.881  -15.472  -17.594 0.0000000000
85742  29.373  -15.962  -17.535 0.0000000000
84594  30.732  -17.078  -17.936 0.0000000000
99448  28.712  -5.749  -16.732 0.0000000000
99462  28.491  -4.983  -17.389 0.0000000000
99461  28.966  -4.530  -17.608 0.0000000000
99446  29.538  -3.957  -17.573 0.0000000000
99420  30.219  -3.173  -17.764 0.0000000000
77333  27.264  -22.757  -14.808 0.0000000000
87990  32.636  -14.025  -20.705 0.0000000000
86924  32.249  -14.769  -21.491 0.0000000000
86933  32.598  -14.520  -22.577 0.0000000000
85727  21.832  -15.823  -16.733 0.0000000000
85747  22.257  -15.180  -17.173 0.0000000000
85746  23.213  -15.169  -17.387 0.0000000000
86883  23.678  -14.322  -17.787 0.0000000000
86882  24.695  -14.397  -17.952 0.0000000000
87956  24.970  -14.017  -18.527 0.0000000000
90114  20.845  -11.691  -17.658 0.0000000000
90113  21.362  -11.947  -17.942 0.0000000000
91296  21.477  -10.576  -18.477 0.0000000000
90128  21.787  -11.637  -18.297 0.0000000000
89016  22.723  -12.285  -18.260 0.0000000000
87973  23.435  -12.909  -18.151 0.0000000000
87972  24.354  -13.252  -18.582 0.0000000000
86897  25.569  -14.596  -19.026 0.0000000000
86909  26.458  -14.406  -19.508 0.0000000000
86908  27.442  -14.462  -19.717 0.0000000000
87981  27.965  -13.767  -19.956 0.0000000000
87991  26.966  -12.818  -20.352 0.0000000000
89025  27.773  -13.166  -20.270 0.0000000000
87970  28.641  -13.818  -19.479 0.0000000000
87968  30.057  -13.891  -18.201 0.0000000000
87967  31.008  -14.027  -18.263 0.0000000000
87966  31.959  -14.093  -18.717 0.0000000000
96999  19.870  -5.247  -17.312 0.0000000000
97036  20.650  -5.919  -18.633 0.0000000000
95845  21.559  -6.522  -19.388 0.0000000000
94677  22.954  -7.856  -20.394 0.0000000000
95842  25.521  -6.014  -19.955 0.0000000000
95843  24.696  -5.840  -20.352 0.0000000000
94675  25.058  -6.499  -20.553 0.0000000000
94694  26.506  -7.272  -21.141 0.0000000000
94696  24.440  -6.719  -21.096 0.0000000000
94717  24.964  -7.678  -21.405 0.0000000000
93600  25.366  -8.538  -21.634 0.0000000000
92480  25.839  -9.393  -21.675 0.0000000000
91349  26.330  -10.164  -21.629 0.0000000000
91348  27.269  -10.268  -21.703 0.0000000000
90151  29.780  -11.331  -20.792 0.0000000000
91310  29.986  -10.455  -20.444 0.0000000000
90137  29.916  -11.427  -19.947 0.0000000000
89010  31.500  -12.867  -18.438 0.0000000000
87980  32.540  -14.289  -19.592 0.0000000000
89053  32.942  -12.895  -22.093 0.0000000000
89037  34.503  -12.152  -21.086 0.0000000000
89057  33.436  -11.778  -22.627 0.0000000000
90183  32.891  -11.410  -23.187 0.0000000000
92450  34.965  -9.506  -19.348 0.0000000000
94670  35.704  -7.758  -19.316 0.0000000000
92475  35.911  -9.533  -21.584 0.0000000000
103653  27.972  0.359  -16.986 0.0000000000
100519  27.886  -3.139  -16.242 0.0000000000
101601  29.311  -1.053  -17.503 0.0000000000
101585  30.296  -2.368  -17.718 0.0000000000
100548  30.780  -2.389  -17.962 0.0000000000
139895  29.498  4.892  -19.810 0.0000000000
139892  27.636  5.664  -21.177 0.0000000000
139889  28.297  4.453  -23.252 0.0000000000
139887  28.093  4.323  -21.706 0.0000000000
105518  29.993  1.187  -21.245 0.0000000000
105530  30.542  1.084  -22.044 0.0000000000
139877  29.985  0.792  -20.840 0.0000000000
105516  30.157  0.680  -20.120 0.0000000000
104580  30.497  0.373  -20.220 0.0000000000
103656  31.547  -0.207  -19.368 0.0000000000
102664  31.317  -0.637  -18.597 0.0000000000
99460  32.252  -2.637  -18.412 0.0000000000
100561  32.873  -2.275  -19.013 0.0000000000
101618  32.758  -1.572  -20.408 0.0000000000
100560  33.795  -2.659  -18.808 0.0000000000
100571  34.574  -2.663  -19.493 0.0000000000
100579  35.224  -2.901  -20.159 0.0000000000
101647  33.970  -2.232  -22.609 0.0000000000
100601  34.027  -2.324  -21.715 0.0000000000
100588  35.295  -2.815  -21.094 0.0000000000
99487  35.657  -3.132  -20.567 0.0000000000
84572  24.252  -16.865  -17.033 0.0000000000
82137  25.085  -18.169  -16.507 0.0000000000
80911  26.489  -18.924  -16.385 0.0000000000
84621  26.558  -15.890  -18.667 0.0000000000
84598  26.914  -16.682  -18.256 0.0000000000
83404  27.416  -17.350  -17.447 0.0000000000
82148  28.244  -17.896  -17.146 0.0000000000
82149  27.695  -17.904  -17.023 0.0000000000
82134  27.973  -18.447  -16.835 0.0000000000
80897  28.986  -19.888  -16.180 0.0000000000
85793  31.963  -16.021  -21.051 0.0000000000
74962  26.198  -24.077  -14.737 0.0000000000
78487  27.246  -22.262  -15.164 0.0000000000
78502  24.697  -21.307  -15.177 0.0000000000
82139  23.572  -18.188  -15.900 0.0000000000
83355  22.674  -17.723  -15.845 0.0000000000
83407  25.017  -17.178  -17.237 0.0000000000
83426  30.923  -17.770  -19.793 0.0000000000
83443  31.553  -18.107  -20.398 0.0000000000
83458  31.805  -17.698  -20.794 0.0000000000
83459  31.403  -17.775  -20.539 0.0000000000
84634  27.734  -15.599  -18.992 0.0000000000
85741  30.283  -16.170  -17.733 0.0000000000
85763  30.658  -16.155  -18.197 0.0000000000
85766  26.198  -15.185  -19.131 0.0000000000
85779  27.696  -15.160  -19.398 0.0000000000
85781  26.632  -15.100  -19.407 0.0000000000
85794  31.413  -16.379  -20.492 0.0000000000
86878  30.232  -15.649  -17.694 0.0000000000
86881  25.226  -14.551  -18.377 0.0000000000
86891  31.665  -14.738  -18.907 0.0000000000
86898  24.250  -13.856  -18.069 0.0000000000
87957  24.568  -13.872  -18.310 0.0000000000
87961  20.921  -13.162  -16.981 0.0000000000
87969  29.239  -13.792  -18.690 0.0000000000
87971  25.036  -13.655  -19.162 0.0000000000
87985  24.699  -12.977  -19.313 0.0000000000
87988  33.954  -12.757  -20.933 0.0000000000
87992  26.720  -12.899  -20.195 0.0000000000
87998  33.000  -12.995  -21.713 0.0000000000
89007  34.554  -11.992  -19.052 0.0000000000
89017  22.066  -12.256  -18.036 0.0000000000
89023  34.197  -12.729  -19.530 0.0000000000
89024  28.458  -12.801  -20.271 0.0000000000
89027  25.476  -12.428  -19.978 0.0000000000
89028  24.620  -12.284  -19.848 0.0000000000
89036  35.015  -11.530  -20.811 0.0000000000
89038  33.830  -12.708  -21.247 0.0000000000
89041  26.494  -12.369  -20.475 0.0000000000
89051  34.161  -11.800  -22.200 0.0000000000
89056  33.808  -11.351  -22.541 0.0000000000
90121  33.057  -11.611  -18.523 0.0000000000
90126  23.484  -11.854  -19.278 0.0000000000
90136  35.069  -11.143  -19.477 0.0000000000
90139  24.313  -11.909  -20.168 0.0000000000
90150  35.001  -11.381  -21.172 0.0000000000
90152  28.814  -11.610  -20.880 0.0000000000
90153  27.902  -11.730  -20.999 0.0000000000
90157  23.933  -10.956  -20.560 0.0000000000
90168  35.247  -10.811  -21.482 0.0000000000
90170  28.277  -11.143  -21.191 0.0000000000
90173  25.928  -10.703  -21.339 0.0000000000
90181  34.252  -10.893  -22.421 0.0000000000
90192  32.696  -10.688  -23.447 0.0000000000
91291  32.509  -10.587  -18.440 0.0000000000
91294  29.866  -10.520  -19.359 0.0000000000
91309  34.936  -10.306  -19.456 0.0000000000
91312  22.912  -10.445  -19.515 0.0000000000
91325  28.713  -10.896  -21.176 0.0000000000
91327  24.382  -10.375  -21.016 0.0000000000
91345  35.496  -10.178  -22.011 0.0000000000
91346  28.911  -9.940  -21.476 0.0000000000
91347  28.345  -10.360  -21.508 0.0000000000
91351  24.927  -10.198  -21.272 0.0000000000
91364  33.827  -10.089  -22.749 0.0000000000
91365  33.157  -10.138  -23.368 0.0000000000
92439  32.011  -9.566  -18.352 0.0000000000
92453  22.686  -9.695  -19.487 0.0000000000
92464  23.752  -9.617  -20.891 0.0000000000
92477  28.643  -9.479  -21.659 0.0000000000
92482  23.941  -8.809  -21.425 0.0000000000
92504  33.159  -9.567  -23.773 0.0000000000
93529  32.820  -7.971  -18.164 0.0000000000
93530  32.186  -8.047  -18.234 0.0000000000
93544  35.193  -8.419  -18.963 0.0000000000
93564  35.084  -8.963  -19.180 0.0000000000
93568  21.627  -8.438  -19.256 0.0000000000
93581  29.196  -8.514  -21.375 0.0000000000
93597  28.409  -8.652  -21.662 0.0000000000
93601  24.454  -8.350  -21.581 0.0000000000
93602  23.787  -8.062  -21.503 0.0000000000
94624  19.768  -7.885  -17.373 0.0000000000
94625  19.711  -7.135  -16.945 0.0000000000
94636  32.233  -7.336  -18.291 0.0000000000
94655  34.398  -7.918  -18.300 0.0000000000
94661  21.029  -8.155  -19.075 0.0000000000
94669  36.146  -7.683  -19.957 0.0000000000
94676  24.560  -6.212  -20.689 0.0000000000
94678  22.411  -7.159  -19.874 0.0000000000
94680  20.997  -7.637  -19.182 0.0000000000
94691  29.224  -7.879  -20.932 0.0000000000
94695  25.483  -7.105  -21.077 0.0000000000
94713  28.422  -8.114  -21.531 0.0000000000
94715  26.970  -7.883  -21.628 0.0000000000
94718  24.183  -7.566  -21.470 0.0000000000
95802  35.087  -6.628  -17.951 0.0000000000
95803  34.699  -6.696  -17.857 0.0000000000
95812  20.003  -6.544  -18.252 0.0000000000
95813  19.717  -6.466  -17.649 0.0000000000
95820  34.783  -7.345  -18.153 0.0000000000
95821  32.016  -6.656  -18.266 0.0000000000
95829  21.071  -6.300  -19.113 0.0000000000
95836  36.230  -6.855  -19.829 0.0000000000
95844  22.332  -6.434  -19.809 0.0000000000
95846  20.984  -7.176  -19.232 0.0000000000
97000  19.656  -5.874  -17.374 0.0000000000
97007  35.152  -6.280  -17.943 0.0000000000
97017  20.131  -5.808  -18.199 0.0000000000
97024  36.233  -5.680  -19.038 0.0000000000
97026  35.258  -5.768  -17.935 0.0000000000
97035  21.195  -5.887  -19.002 0.0000000000
97045  24.174  -5.029  -20.198 0.0000000000
97047  22.374  -5.800  -19.690 0.0000000000
97059  23.824  -5.557  -20.629 0.0000000000
97060  23.351  -5.505  -20.527 0.0000000000
98207  33.932  -4.962  -17.658 0.0000000000
98242  36.416  -5.282  -19.335 0.0000000000
99402  27.700  -3.823  -16.287 0.0000000000
99419  30.440  -3.108  -17.829 0.0000000000
99422  28.018  -3.882  -16.484 0.0000000000
99440  34.267  -4.511  -17.758 0.0000000000
100531  30.401  -2.854  -17.789 0.0000000000
100532  30.012  -2.812  -17.572 0.0000000000
100550  28.641  -4.357  -17.104 0.0000000000
100558  35.336  -3.611  -18.739 0.0000000000
100580  34.455  -2.615  -20.390 0.0000000000
101617  33.269  -2.070  -20.302 0.0000000000
102688  31.761  -1.262  -22.642 0.0000000000
103649  30.626  0.468  -18.588 0.0000000000
103663  30.611  0.203  -20.538 0.0000000000
105517  30.232  0.916  -21.443 0.0000000000
105562  28.594  3.646  -22.768 0.0000000000
105575  28.648  3.805  -23.134 0.0000000000
139886  27.831  6.338  -21.448 0.0000000000
139888  28.215  4.014  -22.819 0.0000000000
139890  28.396  5.825  -21.362 0.0000000000
139891  28.369  6.113  -21.032 0.0000000000
139897  28.601  4.458  -20.008 0.0000000000
139898  30.222  2.802  -19.088 0.0000000000
139902  29.632  2.111  -16.938 0.0000000000
139904  29.916  2.376  -16.736 0.0000000000
139906  29.675  2.429  -16.629 0.0000000000
