#!ascii label  , from subject 3054 vox2ras=TkReg
487
97472  -28.202  -1.316  -21.203 0.0000000000
92820  -24.703  -5.542  -17.121 0.0000000000
92842  -31.110  -5.633  -18.775 0.0000000000
86650  -26.981  -10.409  -16.651 0.0000000000
112315  -28.160  12.032  -21.198 0.0000000000
108502  -29.484  8.094  -24.276 0.0000000000
101754  -23.515  2.632  -19.011 0.0000000000
81785  -25.691  -14.157  -13.424 0.0000000000
90288  -25.731  -7.650  -17.145 0.0000000000
87842  -24.474  -9.453  -15.224 0.0000000000
110439  -29.253  10.399  -23.358 0.0000000000
107367  -25.323  7.533  -20.705 0.0000000000
97438  -23.260  -1.268  -17.470 0.0000000000
99543  -20.987  0.450  -16.207 0.0000000000
100616  -25.599  1.459  -20.086 0.0000000000
102962  -28.674  3.270  -22.895 0.0000000000
100640  -30.259  1.386  -23.252 0.0000000000
98542  -31.417  -0.709  -22.022 0.0000000000
96355  -22.789  -3.110  -16.526 0.0000000000
95278  -26.042  -3.052  -19.298 0.0000000000
95291  -29.978  -3.843  -20.673 0.0000000000
92840  -27.176  -5.872  -19.112 0.0000000000
90292  -29.254  -7.804  -17.921 0.0000000000
87844  -29.959  -9.829  -15.755 0.0000000000
103945  -21.065  4.829  -16.755 0.0000000000
105127  -26.722  5.535  -21.560 0.0000000000
106286  -31.508  6.518  -24.742 0.0000000000
85330  -24.196  -11.610  -13.655 0.0000000000
84219  -26.420  -11.986  -15.274 0.0000000000
89055  -23.947  -8.483  -15.200 0.0000000000
87816  -23.529  -9.557  -14.224 0.0000000000
108477  -25.261  8.395  -20.478 0.0000000000
106210  -22.466  6.584  -18.032 0.0000000000
98526  -26.129  -0.766  -19.641 0.0000000000
99567  -24.434  0.306  -19.186 0.0000000000
99580  -27.223  0.337  -20.971 0.0000000000
100628  -28.167  1.422  -22.027 0.0000000000
99587  -28.935  0.095  -22.806 0.0000000000
98548  -30.756  0.143  -22.395 0.0000000000
97474  -29.845  -1.330  -21.579 0.0000000000
94082  -23.699  -4.518  -16.547 0.0000000000
95254  -24.276  -3.499  -17.521 0.0000000000
94118  -25.784  -4.572  -18.326 0.0000000000
94134  -27.352  -4.507  -19.483 0.0000000000
92838  -25.738  -5.578  -18.118 0.0000000000
87889  -26.699  -9.281  -17.253 0.0000000000
90290  -27.373  -7.963  -17.967 0.0000000000
87891  -28.438  -9.359  -17.068 0.0000000000
89081  -29.956  -8.785  -16.809 0.0000000000
86652  -28.665  -9.997  -16.443 0.0000000000
111328  -25.679  11.184  -20.065 0.0000000000
113231  -26.106  12.200  -19.762 0.0000000000
112308  -27.580  12.443  -20.622 0.0000000000
114203  -28.508  14.231  -21.241 0.0000000000
113260  -28.682  12.590  -23.773 0.0000000000
109522  -29.015  9.257  -23.784 0.0000000000
100589  -21.651  1.549  -17.168 0.0000000000
101719  -20.546  2.867  -16.223 0.0000000000
102887  -21.264  3.711  -17.205 0.0000000000
103971  -23.915  4.609  -19.323 0.0000000000
103991  -25.636  4.697  -20.789 0.0000000000
104039  -31.404  3.963  -23.999 0.0000000000
105155  -29.955  5.307  -23.968 0.0000000000
106275  -31.734  5.807  -24.070 0.0000000000
94138  -30.450  -4.451  -20.020 0.0000000000
96396  -31.435  -3.016  -20.364 0.0000000000
82989  -24.175  -13.096  -13.376 0.0000000000
84179  -24.678  -12.450  -14.021 0.0000000000
85350  -25.277  -11.655  -14.869 0.0000000000
83012  -26.187  -12.967  -14.765 0.0000000000
91516  -24.749  -6.520  -16.589 0.0000000000
91539  -25.758  -6.589  -17.623 0.0000000000
90269  -24.661  -7.563  -16.241 0.0000000000
89057  -25.203  -9.069  -16.287 0.0000000000
86627  -25.601  -10.353  -15.993 0.0000000000
110424  -26.349  10.178  -20.790 0.0000000000
111344  -28.507  11.017  -22.425 0.0000000000
109504  -26.167  9.297  -21.117 0.0000000000
108487  -27.923  8.849  -21.779 0.0000000000
108494  -27.549  7.716  -21.802 0.0000000000
98494  -22.193  -1.501  -16.740 0.0000000000
98507  -22.103  -0.167  -17.360 0.0000000000
99565  -23.314  1.043  -18.491 0.0000000000
100614  -24.395  2.143  -19.565 0.0000000000
101787  -25.321  3.183  -20.666 0.0000000000
101796  -27.545  2.354  -21.899 0.0000000000
101804  -29.442  2.212  -22.875 0.0000000000
102972  -31.419  2.905  -23.373 0.0000000000
101805  -32.296  2.047  -22.923 0.0000000000
81769  -27.143  -14.486  -12.792 0.0000000000
81787  -27.537  -13.947  -13.316 0.0000000000
96383  -23.129  -2.276  -17.166 0.0000000000
96386  -25.044  -2.577  -18.603 0.0000000000
96401  -26.976  -2.172  -19.943 0.0000000000
96411  -28.938  -2.327  -21.183 0.0000000000
95281  -28.188  -3.233  -20.137 0.0000000000
94136  -29.035  -4.654  -19.768 0.0000000000
91583  -29.638  -5.971  -19.134 0.0000000000
91540  -26.455  -7.069  -18.032 0.0000000000
90311  -28.654  -7.066  -18.322 0.0000000000
90313  -30.189  -6.780  -18.294 0.0000000000
90293  -30.342  -7.610  -17.575 0.0000000000
89083  -31.069  -8.230  -16.334 0.0000000000
111358  -28.885  11.936  -24.595 0.0000000000
105083  -22.523  5.600  -18.156 0.0000000000
106251  -25.940  6.619  -21.116 0.0000000000
107387  -28.400  7.019  -22.834 0.0000000000
104024  -27.521  4.405  -22.505 0.0000000000
106273  -29.460  6.040  -23.613 0.0000000000
107402  -30.459  7.148  -24.966 0.0000000000
96413  -30.504  -2.101  -21.354 0.0000000000
97468  -32.529  -1.713  -21.094 0.0000000000
86583  -23.492  -10.353  -13.745 0.0000000000
86603  -24.044  -10.378  -14.265 0.0000000000
85374  -25.518  -11.195  -15.573 0.0000000000
85399  -26.751  -11.086  -16.290 0.0000000000
83014  -27.722  -13.055  -14.352 0.0000000000
85353  -28.122  -11.841  -14.919 0.0000000000
86628  -28.191  -10.846  -16.166 0.0000000000
107334  -21.148  7.181  -16.606 0.0000000000
98527  -26.636  -1.098  -20.242 0.0000000000
99574  -26.612  -0.403  -20.376 0.0000000000
98533  -27.752  -0.739  -21.044 0.0000000000
99581  -27.984  -0.149  -21.158 0.0000000000
98538  -28.413  -0.620  -21.351 0.0000000000
98540  -29.882  -0.465  -22.224 0.0000000000
97473  -28.981  -1.437  -21.309 0.0000000000
92801  -24.255  -5.488  -16.547 0.0000000000
94083  -24.340  -5.013  -16.955 0.0000000000
94102  -24.758  -4.518  -17.545 0.0000000000
94103  -25.444  -5.032  -17.814 0.0000000000
92821  -25.227  -5.563  -17.600 0.0000000000
87868  -27.089  -9.927  -17.115 0.0000000000
87890  -27.601  -9.462  -17.318 0.0000000000
86669  -28.069  -9.820  -17.163 0.0000000000
86651  -27.829  -10.264  -16.905 0.0000000000
111330  -27.031  11.510  -20.736 0.0000000000
112307  -26.916  12.070  -20.414 0.0000000000
113244  -28.722  13.086  -21.751 0.0000000000
113251  -29.029  12.990  -23.109 0.0000000000
112321  -28.973  11.888  -22.207 0.0000000000
109530  -29.798  9.278  -24.787 0.0000000000
109539  -30.148  8.946  -25.357 0.0000000000
108517  -30.495  8.375  -25.459 0.0000000000
101753  -22.824  2.590  -18.439 0.0000000000
101708  -20.301  2.300  -15.744 0.0000000000
101737  -21.526  2.616  -17.219 0.0000000000
102868  -20.812  3.260  -16.760 0.0000000000
102903  -22.731  3.590  -18.303 0.0000000000
102904  -23.381  3.604  -18.879 0.0000000000
102919  -24.049  3.653  -19.403 0.0000000000
105157  -31.849  4.924  -23.525 0.0000000000
92862  -30.889  -4.930  -19.469 0.0000000000
94139  -30.984  -4.367  -19.707 0.0000000000
94120  -31.459  -4.431  -19.243 0.0000000000
81784  -24.952  -14.222  -13.277 0.0000000000
82990  -25.015  -13.496  -13.721 0.0000000000
84180  -25.286  -13.050  -14.238 0.0000000000
82991  -26.023  -13.439  -14.196 0.0000000000
91492  -24.323  -7.038  -16.022 0.0000000000
90252  -24.195  -7.597  -15.620 0.0000000000
89056  -24.746  -8.541  -15.943 0.0000000000
87843  -25.144  -9.545  -15.869 0.0000000000
87866  -25.710  -9.563  -16.442 0.0000000000
109498  -25.865  9.631  -20.615 0.0000000000
110430  -26.708  10.192  -21.336 0.0000000000
109503  -25.586  9.029  -20.784 0.0000000000
107366  -24.915  7.482  -20.011 0.0000000000
108484  -25.610  8.412  -21.145 0.0000000000
108485  -26.186  8.456  -21.551 0.0000000000
108495  -28.212  8.166  -22.136 0.0000000000
107377  -26.372  7.499  -21.509 0.0000000000
98509  -23.391  -0.664  -18.007 0.0000000000
99572  -25.328  0.518  -19.547 0.0000000000
99566  -23.611  0.369  -18.556 0.0000000000
100604  -24.102  0.932  -19.146 0.0000000000
100603  -23.808  1.612  -19.100 0.0000000000
101789  -26.411  2.033  -20.888 0.0000000000
99593  -29.320  0.702  -22.947 0.0000000000
100634  -28.564  1.871  -22.380 0.0000000000
100636  -29.657  1.346  -23.052 0.0000000000
101808  -30.074  2.239  -23.276 0.0000000000
101809  -30.803  2.162  -23.466 0.0000000000
102973  -32.030  2.531  -23.308 0.0000000000
100641  -30.929  1.426  -23.280 0.0000000000
98549  -31.598  -0.028  -22.165 0.0000000000
99596  -31.832  0.466  -22.363 0.0000000000
98543  -32.147  -0.478  -21.646 0.0000000000
80473  -26.836  -15.237  -12.409 0.0000000000
80474  -27.619  -14.893  -12.359 0.0000000000
96354  -22.244  -2.817  -15.997 0.0000000000
97424  -22.330  -2.131  -16.549 0.0000000000
96370  -23.312  -2.900  -16.963 0.0000000000
95267  -24.863  -3.436  -18.111 0.0000000000
96385  -24.205  -2.613  -18.026 0.0000000000
96392  -25.719  -2.524  -19.127 0.0000000000
96393  -26.448  -2.499  -19.519 0.0000000000
96395  -27.972  -2.868  -19.947 0.0000000000
95279  -26.662  -3.575  -19.318 0.0000000000
92857  -27.028  -5.207  -19.229 0.0000000000
94135  -28.176  -4.559  -20.015 0.0000000000
92859  -28.585  -5.155  -19.371 0.0000000000
92860  -29.399  -5.263  -19.327 0.0000000000
91582  -28.843  -5.714  -19.004 0.0000000000
90289  -26.499  -7.668  -17.643 0.0000000000
90291  -28.297  -7.910  -17.994 0.0000000000
90310  -27.662  -7.269  -18.448 0.0000000000
91562  -29.099  -6.318  -18.629 0.0000000000
90312  -29.570  -6.973  -18.215 0.0000000000
87871  -30.352  -9.046  -16.284 0.0000000000
89082  -30.634  -8.317  -16.791 0.0000000000
89058  -30.908  -8.755  -16.009 0.0000000000
110438  -28.804  10.338  -22.573 0.0000000000
111345  -29.131  11.204  -22.872 0.0000000000
99532  -20.475  -0.034  -15.430 0.0000000000
105045  -19.838  5.099  -15.822 0.0000000000
105064  -20.755  5.577  -16.686 0.0000000000
105066  -21.977  5.661  -17.558 0.0000000000
105126  -26.102  5.628  -21.113 0.0000000000
105114  -24.886  5.639  -20.392 0.0000000000
106253  -27.134  6.385  -21.911 0.0000000000
106261  -27.786  6.229  -22.350 0.0000000000
102961  -27.620  3.330  -22.426 0.0000000000
104023  -26.984  4.045  -22.359 0.0000000000
104025  -28.178  4.138  -23.007 0.0000000000
105166  -30.590  5.962  -24.179 0.0000000000
106274  -30.252  6.309  -24.128 0.0000000000
107395  -30.404  6.771  -24.471 0.0000000000
106297  -30.939  6.858  -25.215 0.0000000000
107410  -31.736  7.477  -25.433 0.0000000000
96404  -29.362  -3.054  -21.083 0.0000000000
96412  -29.657  -2.223  -21.313 0.0000000000
96405  -30.232  -2.946  -21.085 0.0000000000
96407  -32.010  -2.410  -21.507 0.0000000000
85329  -23.430  -11.273  -13.432 0.0000000000
85348  -24.110  -10.899  -13.691 0.0000000000
85351  -25.954  -11.886  -15.144 0.0000000000
85398  -26.010  -11.051  -16.191 0.0000000000
85375  -26.407  -11.606  -15.689 0.0000000000
82993  -28.013  -13.520  -13.783 0.0000000000
85377  -28.615  -11.345  -15.441 0.0000000000
87841  -23.785  -9.180  -14.806 0.0000000000
87817  -24.032  -9.804  -14.702 0.0000000000
108476  -24.784  8.407  -19.784 0.0000000000
108468  -23.284  7.987  -18.991 0.0000000000
107357  -23.295  7.432  -19.290 0.0000000000
98521  -25.672  -1.198  -19.233 0.0000000000
98519  -24.063  -0.682  -18.685 0.0000000000
98520  -25.184  -0.637  -19.101 0.0000000000
98525  -25.712  -0.097  -19.574 0.0000000000
99573  -26.181  0.449  -20.151 0.0000000000
100623  -26.693  1.442  -21.054 0.0000000000
99585  -27.755  0.884  -21.537 0.0000000000
100629  -28.751  0.813  -22.150 0.0000000000
99594  -29.715  0.461  -23.090 0.0000000000
99600  -30.395  0.838  -23.104 0.0000000000
98547  -30.022  -0.125  -22.770 0.0000000000
98541  -30.659  -0.681  -22.165 0.0000000000
94081  -22.951  -4.102  -16.274 0.0000000000
95234  -23.176  -3.639  -16.582 0.0000000000
95253  -23.794  -3.549  -16.961 0.0000000000
94117  -25.288  -3.975  -18.156 0.0000000000
95269  -26.232  -4.010  -18.756 0.0000000000
94119  -26.573  -4.570  -18.985 0.0000000000
92839  -26.450  -5.497  -18.667 0.0000000000
89099  -26.187  -8.509  -17.285 0.0000000000
89100  -27.060  -8.594  -17.512 0.0000000000
89101  -27.951  -8.669  -17.592 0.0000000000
89102  -28.824  -8.586  -17.568 0.0000000000
89103  -29.653  -8.395  -17.383 0.0000000000
89080  -29.217  -8.991  -16.898 0.0000000000
87869  -28.958  -9.449  -16.613 0.0000000000
87870  -29.633  -9.583  -16.225 0.0000000000
113234  -28.080  13.184  -20.798 0.0000000000
113259  -28.541  13.218  -24.369 0.0000000000
109514  -28.893  9.644  -22.902 0.0000000000
110445  -29.553  10.440  -24.352 0.0000000000
101692  -19.396  3.113  -14.569 0.0000000000
101718  -20.412  3.378  -16.088 0.0000000000
102866  -20.260  3.894  -15.992 0.0000000000
102886  -21.132  4.298  -16.964 0.0000000000
103947  -21.999  4.662  -17.674 0.0000000000
103960  -23.264  4.587  -18.789 0.0000000000
103972  -24.532  4.651  -19.842 0.0000000000
102969  -29.102  3.751  -23.269 0.0000000000
104037  -29.445  4.300  -23.509 0.0000000000
104038  -30.379  4.261  -23.601 0.0000000000
105156  -31.057  5.441  -23.889 0.0000000000
95292  -30.601  -3.374  -20.599 0.0000000000
95282  -30.554  -3.838  -20.384 0.0000000000
95283  -31.153  -3.574  -20.017 0.0000000000
84178  -23.716  -12.251  -13.335 0.0000000000
85349  -24.594  -11.313  -14.374 0.0000000000
84199  -24.993  -12.026  -14.535 0.0000000000
84200  -25.563  -12.559  -14.705 0.0000000000
84201  -26.446  -12.419  -14.994 0.0000000000
91515  -24.142  -5.981  -16.171 0.0000000000
91538  -25.071  -6.070  -17.272 0.0000000000
91517  -25.415  -7.049  -16.932 0.0000000000
90270  -25.176  -7.559  -16.653 0.0000000000
89078  -25.017  -8.048  -16.368 0.0000000000
89079  -25.420  -8.540  -16.701 0.0000000000
87888  -25.997  -9.216  -17.038 0.0000000000
87867  -26.466  -9.786  -16.769 0.0000000000
86649  -26.264  -10.361  -16.370 0.0000000000
110402  -23.795  10.502  -19.179 0.0000000000
110416  -25.018  10.475  -20.011 0.0000000000
111329  -26.548  11.084  -20.527 0.0000000000
111338  -27.201  11.110  -21.232 0.0000000000
111339  -28.033  11.142  -21.858 0.0000000000
110431  -27.351  10.322  -21.705 0.0000000000
110432  -28.217  10.308  -21.942 0.0000000000
109505  -26.815  9.379  -21.536 0.0000000000
109513  -28.431  9.385  -22.157 0.0000000000
109521  -28.704  8.906  -22.788 0.0000000000
108501  -29.073  8.090  -23.056 0.0000000000
99553  -21.822  0.488  -17.254 0.0000000000
99555  -23.063  -0.134  -17.991 0.0000000000
99554  -22.768  0.519  -17.889 0.0000000000
100590  -22.403  1.556  -17.821 0.0000000000
100602  -23.011  1.636  -18.555 0.0000000000
101771  -24.196  2.733  -19.538 0.0000000000
101772  -24.817  2.682  -20.215 0.0000000000
101794  -26.188  2.939  -21.674 0.0000000000
102950  -27.150  2.892  -21.955 0.0000000000
100627  -27.348  1.488  -21.463 0.0000000000
101802  -28.209  2.417  -22.395 0.0000000000
102963  -29.148  2.762  -22.882 0.0000000000
102971  -30.636  3.146  -23.390 0.0000000000
104040  -32.085  3.538  -23.536 0.0000000000
102964  -32.397  2.979  -22.918 0.0000000000
99602  -31.711  0.867  -22.827 0.0000000000
81768  -26.232  -14.714  -12.852 0.0000000000
81786  -26.616  -14.050  -13.427 0.0000000000
97437  -22.795  -1.744  -17.074 0.0000000000
97450  -23.724  -1.597  -17.997 0.0000000000
96384  -23.578  -2.372  -17.509 0.0000000000
97451  -24.604  -1.628  -18.528 0.0000000000
97452  -25.427  -1.691  -18.874 0.0000000000
97459  -26.535  -1.649  -19.840 0.0000000000
97466  -27.644  -1.743  -20.963 0.0000000000
97467  -28.389  -1.946  -21.126 0.0000000000
96402  -27.505  -2.349  -20.340 0.0000000000
96403  -28.377  -2.777  -20.648 0.0000000000
95290  -29.067  -3.629  -20.488 0.0000000000
95280  -27.758  -3.685  -19.938 0.0000000000
94147  -28.347  -4.177  -20.235 0.0000000000
94149  -29.452  -4.304  -20.273 0.0000000000
94137  -29.783  -4.757  -19.815 0.0000000000
92861  -30.318  -5.532  -19.356 0.0000000000
91559  -26.120  -6.087  -18.300 0.0000000000
91560  -26.798  -6.541  -18.477 0.0000000000
90309  -26.886  -7.383  -18.245 0.0000000000
91561  -28.037  -6.363  -19.048 0.0000000000
91563  -29.865  -6.403  -18.733 0.0000000000
91564  -30.500  -6.193  -18.782 0.0000000000
91541  -30.629  -6.632  -18.043 0.0000000000
90294  -30.943  -6.896  -17.431 0.0000000000
89104  -30.180  -8.323  -17.193 0.0000000000
90271  -30.818  -7.924  -17.128 0.0000000000
112322  -28.865  12.008  -23.167 0.0000000000
111350  -28.833  11.894  -24.301 0.0000000000
111359  -29.288  11.538  -25.098 0.0000000000
106199  -21.789  6.625  -17.445 0.0000000000
106211  -22.848  6.529  -18.820 0.0000000000
106228  -24.311  6.543  -19.708 0.0000000000
105103  -23.834  5.577  -19.198 0.0000000000
106241  -25.415  6.629  -20.719 0.0000000000
107378  -27.039  7.279  -21.728 0.0000000000
107386  -27.610  7.152  -22.208 0.0000000000
107393  -29.284  7.120  -23.479 0.0000000000
102938  -25.676  3.750  -20.955 0.0000000000
104008  -26.779  4.538  -22.049 0.0000000000
104009  -27.386  4.940  -22.196 0.0000000000
105153  -28.513  4.599  -23.371 0.0000000000
105141  -28.312  5.075  -23.184 0.0000000000
106263  -28.907  5.707  -23.141 0.0000000000
106272  -28.951  6.344  -23.114 0.0000000000
107394  -30.089  7.102  -24.117 0.0000000000
107401  -29.947  7.647  -24.893 0.0000000000
108518  -31.143  8.421  -25.584 0.0000000000
97475  -30.619  -1.324  -21.744 0.0000000000
97476  -31.308  -1.408  -21.852 0.0000000000
96406  -31.183  -2.799  -20.880 0.0000000000
97477  -31.964  -1.546  -21.793 0.0000000000
86604  -24.569  -10.366  -14.794 0.0000000000
85373  -24.869  -11.049  -15.130 0.0000000000
86626  -25.088  -10.310  -15.366 0.0000000000
85400  -27.461  -10.895  -16.384 0.0000000000
82992  -27.117  -13.499  -13.939 0.0000000000
83013  -26.809  -12.952  -14.526 0.0000000000
84202  -27.422  -12.269  -14.883 0.0000000000
85376  -27.502  -11.578  -15.617 0.0000000000
86629  -28.920  -10.563  -15.772 0.0000000000
84220  -26.844  -12.041  -15.357 0.0000000000
85352  -27.665  -11.886  -15.119 0.0000000000
86670  -28.249  -9.886  -16.919 0.0000000000
91565  -30.882  -6.218  -18.417 0.0000000000
91581  -28.300  -5.686  -19.223 0.0000000000
91584  -30.101  -6.098  -19.102 0.0000000000
92841  -30.685  -5.842  -19.041 0.0000000000
92858  -27.815  -5.367  -19.382 0.0000000000
94101  -24.194  -3.981  -17.077 0.0000000000
94148  -28.737  -4.186  -20.191 0.0000000000
94150  -29.943  -4.428  -20.315 0.0000000000
95268  -25.640  -3.488  -18.797 0.0000000000
95284  -31.716  -3.429  -19.695 0.0000000000
95288  -28.115  -4.084  -20.268 0.0000000000
95289  -28.369  -3.707  -20.290 0.0000000000
96369  -22.736  -2.506  -16.754 0.0000000000
96371  -23.789  -3.003  -17.449 0.0000000000
96394  -27.277  -2.816  -19.734 0.0000000000
96414  -31.306  -2.018  -21.535 0.0000000000
96415  -31.736  -1.959  -21.810 0.0000000000
97449  -23.316  -1.841  -17.420 0.0000000000
97458  -26.001  -1.714  -19.339 0.0000000000
97465  -26.960  -1.706  -20.475 0.0000000000
98532  -27.100  -0.911  -20.709 0.0000000000
98539  -29.187  -0.475  -21.670 0.0000000000
98553  -30.186  0.356  -22.877 0.0000000000
98554  -30.529  0.572  -22.825 0.0000000000
99579  -26.505  0.910  -20.761 0.0000000000
99586  -28.363  0.325  -21.632 0.0000000000
99588  -29.554  -0.121  -22.962 0.0000000000
99595  -31.379  0.481  -22.498 0.0000000000
99601  -31.001  0.848  -22.921 0.0000000000
99603  -32.008  0.915  -22.562 0.0000000000
100615  -24.737  1.492  -19.557 0.0000000000
100622  -26.214  1.500  -20.587 0.0000000000
100635  -29.045  1.345  -22.532 0.0000000000
100642  -31.599  1.343  -23.224 0.0000000000
100643  -32.118  1.324  -23.006 0.0000000000
101707  -19.982  2.889  -15.568 0.0000000000
101720  -20.903  2.634  -16.745 0.0000000000
101738  -22.244  2.582  -17.734 0.0000000000
101773  -25.233  2.081  -20.142 0.0000000000
101788  -25.768  2.551  -20.876 0.0000000000
101795  -26.724  2.411  -21.464 0.0000000000
101803  -28.872  2.321  -22.599 0.0000000000
101810  -31.502  2.003  -23.433 0.0000000000
101811  -32.014  1.810  -23.298 0.0000000000
102867  -20.743  3.868  -16.573 0.0000000000
102888  -22.101  3.620  -17.693 0.0000000000
102920  -24.695  3.702  -19.909 0.0000000000
102937  -25.223  3.781  -20.449 0.0000000000
102948  -26.115  3.639  -21.581 0.0000000000
102949  -26.740  3.430  -22.114 0.0000000000
102960  -27.186  3.793  -22.405 0.0000000000
102970  -29.606  3.247  -23.224 0.0000000000
103931  -20.510  4.728  -16.367 0.0000000000
103946  -21.440  4.805  -17.250 0.0000000000
103959  -22.591  4.596  -18.268 0.0000000000
103990  -25.051  4.695  -20.377 0.0000000000
104007  -26.242  4.623  -21.244 0.0000000000
104036  -28.764  4.170  -23.358 0.0000000000
105046  -20.200  5.539  -16.192 0.0000000000
105065  -21.317  5.683  -17.133 0.0000000000
105084  -23.102  5.566  -18.758 0.0000000000
105104  -24.401  5.599  -19.803 0.0000000000
105115  -25.505  5.669  -20.733 0.0000000000
105128  -27.301  5.493  -22.026 0.0000000000
105140  -27.796  5.348  -22.476 0.0000000000
105142  -28.839  5.415  -23.574 0.0000000000
105154  -28.868  4.956  -23.876 0.0000000000
105167  -30.971  6.132  -24.371 0.0000000000
106184  -20.888  6.971  -16.481 0.0000000000
106198  -21.038  6.554  -16.828 0.0000000000
106227  -23.542  6.521  -19.310 0.0000000000
106240  -24.889  6.576  -20.252 0.0000000000
106252  -26.543  6.516  -21.464 0.0000000000
106262  -28.454  5.924  -22.733 0.0000000000
106285  -30.733  6.516  -24.626 0.0000000000
106298  -31.256  7.050  -25.351 0.0000000000
107358  -24.091  7.488  -19.656 0.0000000000
107376  -25.734  7.573  -21.245 0.0000000000
107408  -30.310  7.789  -25.310 0.0000000000
108486  -27.224  8.354  -21.582 0.0000000000
108509  -29.931  8.336  -25.179 0.0000000000
109506  -27.665  9.471  -21.675 0.0000000000
110415  -24.120  10.581  -19.886 0.0000000000
111337  -26.708  10.652  -20.990 0.0000000000
111351  -29.073  11.531  -23.966 0.0000000000
112305  -25.689  11.896  -19.666 0.0000000000
112314  -27.421  11.805  -20.796 0.0000000000
112330  -28.704  12.242  -24.282 0.0000000000
112331  -28.741  12.147  -23.711 0.0000000000
113252  -28.809  12.421  -23.427 0.0000000000
