#!ascii label  , from subject 3054 vox2ras=TkReg
606
11233  -43.157  -76.106  1.681 0.0000000000
13128  -37.389  -74.720  -3.393 0.0000000000
17957  -44.070  -69.336  2.029 0.0000000000
14091  -43.036  -73.833  -0.788 0.0000000000
17015  -44.552  -70.137  -3.592 0.0000000000
11197  -39.127  -77.001  2.743 0.0000000000
17952  -37.881  -69.077  0.548 0.0000000000
20070  -32.770  -67.444  1.723 0.0000000000
20111  -42.588  -67.161  -0.718 0.0000000000
19078  -46.781  -69.030  -0.673 0.0000000000
19158  -44.220  -68.453  -4.445 0.0000000000
14056  -38.802  -73.304  1.458 0.0000000000
14053  -35.477  -73.647  1.744 0.0000000000
25791  -33.228  -62.586  1.904 0.0000000000
23489  -35.355  -64.269  0.636 0.0000000000
11294  -40.023  -76.831  -2.383 0.0000000000
13079  -39.999  -74.081  -1.499 0.0000000000
12241  -40.662  -75.916  -6.283 0.0000000000
11345  -38.579  -76.397  -7.134 0.0000000000
15001  -45.095  -72.882  3.408 0.0000000000
13068  -44.286  -74.428  -0.461 0.0000000000
17990  -43.032  -69.902  -0.197 0.0000000000
18005  -40.312  -69.745  -1.696 0.0000000000
15012  -41.789  -72.465  2.400 0.0000000000
17955  -41.172  -69.429  1.409 0.0000000000
22366  -40.402  -66.010  0.343 0.0000000000
15970  -34.478  -71.669  3.646 0.0000000000
19035  -35.176  -68.499  0.966 0.0000000000
22363  -37.604  -65.337  0.501 0.0000000000
23519  -38.846  -64.364  -1.653 0.0000000000
10462  -40.937  -77.263  -4.449 0.0000000000
16114  -34.373  -71.163  -2.960 0.0000000000
12195  -34.391  -75.194  -4.863 0.0000000000
11369  -33.856  -76.096  -9.727 0.0000000000
20153  -41.661  -67.312  -2.251 0.0000000000
20175  -43.543  -67.937  -2.786 0.0000000000
11253  -41.705  -76.491  -0.488 0.0000000000
13100  -38.681  -74.175  -2.321 0.0000000000
12200  -39.319  -75.402  -4.851 0.0000000000
12220  -38.037  -75.987  -5.792 0.0000000000
11362  -37.642  -77.017  -8.976 0.0000000000
12219  -36.812  -76.262  -6.105 0.0000000000
16903  -44.666  -71.027  2.802 0.0000000000
17932  -46.787  -70.109  2.013 0.0000000000
16998  -46.214  -70.225  -2.509 0.0000000000
18010  -45.749  -70.094  -1.351 0.0000000000
18027  -44.305  -69.793  -2.175 0.0000000000
18006  -41.285  -69.752  -1.247 0.0000000000
18054  -42.989  -69.750  -3.190 0.0000000000
12088  -41.778  -75.458  2.819 0.0000000000
12087  -40.571  -75.696  2.429 0.0000000000
16012  -38.566  -71.311  1.104 0.0000000000
16013  -39.764  -71.288  1.273 0.0000000000
17954  -39.846  -69.115  0.971 0.0000000000
20098  -40.942  -67.277  0.694 0.0000000000
19058  -38.962  -67.901  0.549 0.0000000000
16900  -33.405  -70.392  2.673 0.0000000000
16008  -34.133  -71.555  1.872 0.0000000000
19034  -34.071  -68.510  1.086 0.0000000000
24588  -36.588  -63.629  0.681 0.0000000000
22361  -36.175  -65.728  0.519 0.0000000000
24589  -37.541  -63.673  0.520 0.0000000000
24591  -39.062  -64.132  0.012 0.0000000000
14092  -44.140  -73.922  -0.756 0.0000000000
12168  -42.835  -75.593  -2.517 0.0000000000
13133  -42.421  -75.014  -3.054 0.0000000000
10503  -40.189  -77.997  -7.910 0.0000000000
17010  -33.142  -70.482  -3.496 0.0000000000
14121  -33.804  -73.306  -2.740 0.0000000000
13204  -32.844  -74.722  -8.199 0.0000000000
20079  -44.220  -67.981  0.653 0.0000000000
19063  -46.605  -68.655  0.276 0.0000000000
19088  -44.717  -67.790  -1.367 0.0000000000
19111  -45.622  -68.467  -2.679 0.0000000000
18088  -45.699  -69.528  -4.598 0.0000000000
12108  -39.447  -75.143  1.921 0.0000000000
14054  -36.524  -73.637  1.333 0.0000000000
16011  -37.316  -71.400  1.123 0.0000000000
22341  -32.956  -65.460  1.613 0.0000000000
22342  -33.869  -65.568  1.010 0.0000000000
24562  -34.391  -63.490  1.041 0.0000000000
25794  -35.852  -62.405  0.900 0.0000000000
27025  -37.194  -61.344  0.804 0.0000000000
14108  -41.352  -73.883  -0.932 0.0000000000
13132  -41.653  -74.785  -3.168 0.0000000000
13151  -40.332  -74.892  -3.790 0.0000000000
11346  -39.691  -76.034  -6.891 0.0000000000
11375  -39.872  -76.836  -9.910 0.0000000000
10544  -38.883  -76.923  -10.981 0.0000000000
10543  -37.314  -76.913  -10.575 0.0000000000
10542  -35.928  -77.305  -10.549 0.0000000000
12074  -44.201  -75.039  3.006 0.0000000000
12126  -43.547  -75.475  1.096 0.0000000000
15056  -45.340  -72.911  1.437 0.0000000000
16016  -44.343  -72.196  1.050 0.0000000000
17977  -46.750  -69.855  0.496 0.0000000000
16948  -44.719  -70.614  0.756 0.0000000000
16034  -42.424  -71.806  0.431 0.0000000000
16032  -40.934  -71.859  0.047 0.0000000000
16055  -39.653  -71.363  -0.803 0.0000000000
15089  -37.941  -72.313  -1.444 0.0000000000
13016  -43.410  -74.439  3.229 0.0000000000
15014  -43.749  -72.777  3.165 0.0000000000
17928  -43.136  -70.549  2.466 0.0000000000
14058  -40.641  -73.095  1.775 0.0000000000
16927  -41.429  -70.461  1.835 0.0000000000
19041  -43.201  -68.655  1.301 0.0000000000
20077  -42.517  -67.763  0.896 0.0000000000
21260  -41.990  -66.634  -0.318 0.0000000000
21294  -40.463  -66.318  -1.772 0.0000000000
14032  -34.661  -73.027  2.601 0.0000000000
16009  -34.961  -71.645  1.273 0.0000000000
17951  -36.933  -69.321  0.831 0.0000000000
21224  -35.157  -66.612  0.812 0.0000000000
21225  -36.125  -66.538  0.611 0.0000000000
20075  -37.622  -67.803  0.605 0.0000000000
21246  -38.906  -66.277  0.430 0.0000000000
22376  -39.935  -65.198  -0.311 0.0000000000
11276  -42.315  -76.443  -1.676 0.0000000000
10429  -40.983  -77.178  -3.056 0.0000000000
11336  -41.104  -76.402  -5.044 0.0000000000
10476  -39.780  -77.733  -6.190 0.0000000000
18052  -40.906  -69.487  -3.538 0.0000000000
16980  -38.531  -70.271  -1.881 0.0000000000
15088  -37.104  -72.532  -1.671 0.0000000000
14122  -34.789  -73.520  -2.688 0.0000000000
13147  -35.824  -75.158  -4.253 0.0000000000
12236  -34.750  -75.618  -6.519 0.0000000000
11359  -35.132  -76.114  -8.919 0.0000000000
20172  -40.902  -67.255  -2.986 0.0000000000
20173  -41.918  -67.746  -3.289 0.0000000000
11230  -41.066  -76.625  0.413 0.0000000000
11231  -41.823  -76.528  0.841 0.0000000000
13099  -37.619  -74.227  -2.546 0.0000000000
13149  -38.331  -75.116  -4.130 0.0000000000
13148  -37.075  -75.263  -4.349 0.0000000000
12198  -37.274  -75.794  -5.228 0.0000000000
17930  -44.985  -70.136  2.443 0.0000000000
17931  -46.098  -70.035  2.394 0.0000000000
17958  -45.382  -69.347  1.800 0.0000000000
17016  -45.186  -70.136  -3.208 0.0000000000
18028  -45.245  -70.008  -2.203 0.0000000000
18056  -44.737  -69.916  -2.720 0.0000000000
18026  -43.284  -69.649  -2.249 0.0000000000
18087  -43.562  -70.002  -3.725 0.0000000000
9487  -39.320  -78.630  3.541 0.0000000000
11198  -40.442  -77.094  3.104 0.0000000000
12086  -39.436  -76.170  2.402 0.0000000000
16924  -37.863  -70.170  0.921 0.0000000000
16925  -39.187  -70.269  1.007 0.0000000000
17953  -38.695  -69.363  0.729 0.0000000000
17972  -39.515  -68.359  0.690 0.0000000000
17970  -38.426  -68.837  0.558 0.0000000000
20053  -32.330  -67.524  2.713 0.0000000000
18998  -32.566  -68.201  3.255 0.0000000000
19016  -32.567  -68.362  2.693 0.0000000000
17911  -33.253  -69.586  3.298 0.0000000000
17926  -32.810  -68.807  2.404 0.0000000000
17947  -33.034  -68.914  1.919 0.0000000000
19033  -33.227  -68.371  1.521 0.0000000000
25818  -37.160  -62.842  0.665 0.0000000000
24590  -38.427  -63.717  0.163 0.0000000000
25839  -38.331  -62.858  -0.571 0.0000000000
13104  -43.133  -74.729  -2.370 0.0000000000
13082  -42.945  -74.226  -1.668 0.0000000000
13143  -32.565  -74.245  -4.831 0.0000000000
13177  -32.740  -74.413  -6.256 0.0000000000
13190  -32.698  -74.461  -7.099 0.0000000000
20112  -43.523  -67.436  -0.629 0.0000000000
20102  -44.743  -67.889  -0.226 0.0000000000
20131  -44.017  -67.533  -1.550 0.0000000000
19137  -43.729  -68.168  -3.348 0.0000000000
19110  -44.462  -67.903  -2.336 0.0000000000
19138  -44.869  -68.385  -3.506 0.0000000000
19139  -45.791  -68.775  -3.711 0.0000000000
19159  -45.150  -68.644  -4.492 0.0000000000
15029  -36.877  -72.538  1.186 0.0000000000
15028  -35.738  -72.637  1.335 0.0000000000
22327  -32.200  -65.370  2.376 0.0000000000
23467  -32.754  -64.470  1.859 0.0000000000
23468  -33.611  -64.505  1.215 0.0000000000
24561  -33.290  -63.458  1.617 0.0000000000
27024  -36.636  -61.696  0.921 0.0000000000
10444  -39.084  -77.823  -3.570 0.0000000000
13080  -40.519  -74.135  -1.520 0.0000000000
13131  -40.670  -74.634  -3.117 0.0000000000
13101  -39.886  -74.328  -2.033 0.0000000000
11334  -38.830  -76.077  -6.375 0.0000000000
12239  -39.796  -75.745  -6.208 0.0000000000
11354  -39.310  -76.555  -7.957 0.0000000000
11374  -39.260  -76.870  -10.294 0.0000000000
11352  -37.041  -76.902  -8.024 0.0000000000
10525  -37.696  -76.783  -9.923 0.0000000000
11392  -36.761  -76.688  -9.937 0.0000000000
10560  -36.516  -77.704  -11.461 0.0000000000
11391  -36.223  -76.761  -9.994 0.0000000000
14024  -45.084  -73.604  3.107 0.0000000000
13028  -44.610  -74.496  2.405 0.0000000000
15034  -44.735  -72.417  1.112 0.0000000000
16017  -44.857  -71.838  1.307 0.0000000000
19064  -47.031  -69.369  0.412 0.0000000000
17994  -46.649  -69.581  -0.575 0.0000000000
17975  -45.009  -70.035  0.303 0.0000000000
17974  -43.994  -70.146  0.334 0.0000000000
16947  -43.790  -70.780  0.679 0.0000000000
16946  -42.727  -70.820  0.362 0.0000000000
16945  -42.014  -71.234  0.240 0.0000000000
16982  -40.463  -70.069  -1.098 0.0000000000
16967  -40.761  -70.628  -0.680 0.0000000000
16981  -39.723  -70.514  -1.148 0.0000000000
15090  -38.889  -72.303  -0.980 0.0000000000
16078  -39.076  -71.188  -1.105 0.0000000000
13026  -41.965  -74.323  2.645 0.0000000000
13027  -42.688  -74.104  2.967 0.0000000000
15013  -42.800  -72.640  2.741 0.0000000000
15989  -43.263  -71.868  2.812 0.0000000000
15988  -42.423  -71.844  2.553 0.0000000000
13041  -38.525  -74.394  1.557 0.0000000000
13042  -39.550  -74.099  1.701 0.0000000000
14057  -39.853  -73.163  1.548 0.0000000000
16926  -40.361  -70.304  1.359 0.0000000000
16014  -40.809  -71.270  1.668 0.0000000000
17956  -42.572  -69.836  2.046 0.0000000000
19040  -41.967  -68.558  1.380 0.0000000000
21248  -40.563  -66.572  0.470 0.0000000000
21249  -41.179  -66.480  0.400 0.0000000000
21259  -41.203  -66.094  -0.171 0.0000000000
21276  -41.440  -66.410  -0.874 0.0000000000
21258  -40.731  -65.762  -0.393 0.0000000000
15010  -34.268  -72.512  3.018 0.0000000000
17949  -34.649  -69.544  1.102 0.0000000000
16921  -34.268  -70.600  1.369 0.0000000000
16922  -35.333  -70.568  1.082 0.0000000000
17950  -35.809  -69.463  1.009 0.0000000000
23469  -34.748  -64.677  0.758 0.0000000000
21223  -34.168  -66.572  0.894 0.0000000000
23470  -35.225  -65.251  0.659 0.0000000000
22362  -36.761  -65.423  0.529 0.0000000000
21226  -36.842  -66.571  0.549 0.0000000000
20074  -36.925  -67.394  0.681 0.0000000000
20094  -37.406  -66.693  0.533 0.0000000000
20095  -38.147  -67.205  0.532 0.0000000000
22364  -38.531  -65.361  0.401 0.0000000000
24607  -39.219  -64.285  -0.376 0.0000000000
23494  -39.438  -64.677  -0.044 0.0000000000
23520  -39.255  -64.807  -1.463 0.0000000000
22397  -39.880  -65.436  -1.213 0.0000000000
13055  -44.251  -74.640  0.657 0.0000000000
12141  -43.312  -75.638  -0.059 0.0000000000
12153  -43.082  -75.717  -1.318 0.0000000000
11311  -41.755  -76.517  -3.276 0.0000000000
11297  -42.163  -76.300  -2.714 0.0000000000
10447  -41.283  -76.990  -3.454 0.0000000000
9584  -40.177  -78.337  -4.123 0.0000000000
9608  -40.197  -77.944  -4.686 0.0000000000
12223  -40.942  -75.692  -5.574 0.0000000000
12202  -41.551  -75.577  -4.509 0.0000000000
11348  -40.626  -76.355  -6.231 0.0000000000
9667  -39.851  -78.539  -8.029 0.0000000000
10489  -39.894  -78.051  -7.169 0.0000000000
18085  -41.756  -69.729  -4.399 0.0000000000
16996  -38.193  -69.831  -2.538 0.0000000000
16076  -37.340  -71.666  -1.669 0.0000000000
16099  -36.621  -71.423  -2.111 0.0000000000
13124  -33.630  -74.376  -3.723 0.0000000000
13096  -34.816  -74.272  -3.099 0.0000000000
13097  -35.568  -74.249  -2.872 0.0000000000
13146  -34.858  -75.021  -4.221 0.0000000000
12196  -35.227  -75.473  -4.939 0.0000000000
12217  -34.614  -75.457  -5.604 0.0000000000
12264  -33.805  -75.246  -8.157 0.0000000000
12265  -34.841  -75.724  -8.313 0.0000000000
12275  -34.340  -75.741  -8.999 0.0000000000
20129  -42.231  -67.235  -1.512 0.0000000000
20130  -43.080  -67.479  -1.471 0.0000000000
20154  -42.588  -67.526  -2.299 0.0000000000
20174  -43.008  -67.877  -2.946 0.0000000000
19157  -43.165  -68.308  -4.518 0.0000000000
25792  -33.932  -62.489  1.463 0.0000000000
28205  -34.600  -60.698  2.227 0.0000000000
11274  -40.432  -76.580  -1.521 0.0000000000
14127  -39.030  -73.770  -1.723 0.0000000000
13130  -39.609  -74.693  -3.073 0.0000000000
13129  -38.516  -74.745  -3.200 0.0000000000
12199  -38.201  -75.578  -4.992 0.0000000000
11353  -38.158  -76.750  -8.057 0.0000000000
11333  -37.935  -76.327  -6.466 0.0000000000
11344  -37.371  -76.591  -7.116 0.0000000000
11343  -36.542  -76.571  -7.381 0.0000000000
15991  -45.362  -71.695  3.173 0.0000000000
16904  -45.766  -70.860  2.840 0.0000000000
16905  -46.504  -70.724  2.444 0.0000000000
16906  -46.855  -70.617  2.006 0.0000000000
18012  -46.703  -69.622  -1.649 0.0000000000
18011  -46.419  -70.070  -1.529 0.0000000000
18029  -45.933  -70.243  -2.020 0.0000000000
18009  -44.788  -69.797  -1.323 0.0000000000
18008  -43.681  -69.745  -1.277 0.0000000000
17989  -41.984  -70.043  -0.561 0.0000000000
18007  -42.538  -69.688  -1.286 0.0000000000
18025  -42.173  -69.594  -2.295 0.0000000000
18024  -41.110  -69.530  -2.452 0.0000000000
13025  -41.083  -74.603  2.296 0.0000000000
14034  -41.327  -73.485  2.242 0.0000000000
15030  -38.066  -72.393  1.237 0.0000000000
15031  -39.238  -72.295  1.301 0.0000000000
19039  -40.843  -68.292  1.038 0.0000000000
19038  -40.061  -68.283  0.788 0.0000000000
19059  -39.722  -67.792  0.576 0.0000000000
20097  -40.124  -67.166  0.536 0.0000000000
16888  -34.063  -70.636  3.795 0.0000000000
15969  -33.800  -71.163  3.322 0.0000000000
15987  -33.889  -71.722  2.746 0.0000000000
16920  -33.574  -70.503  1.922 0.0000000000
17948  -33.605  -69.469  1.508 0.0000000000
24587  -35.721  -63.792  0.687 0.0000000000
23490  -35.896  -64.781  0.518 0.0000000000
23491  -37.086  -64.554  0.589 0.0000000000
23492  -38.038  -64.518  0.440 0.0000000000
24606  -38.817  -63.777  -0.488 0.0000000000
24627  -38.716  -63.642  -1.472 0.0000000000
13069  -44.684  -73.979  -0.293 0.0000000000
12154  -43.870  -75.176  -1.188 0.0000000000
13083  -43.792  -74.416  -1.478 0.0000000000
11321  -41.548  -76.472  -4.168 0.0000000000
11356  -40.437  -76.657  -7.358 0.0000000000
15131  -31.961  -72.287  -3.383 0.0000000000
15108  -32.740  -72.434  -2.987 0.0000000000
15109  -33.485  -72.540  -2.707 0.0000000000
14120  -33.078  -73.108  -2.872 0.0000000000
13123  -32.743  -74.159  -3.883 0.0000000000
12194  -33.776  -74.920  -4.899 0.0000000000
12235  -33.936  -75.245  -6.114 0.0000000000
13191  -33.341  -74.871  -7.524 0.0000000000
12263  -33.216  -75.178  -8.649 0.0000000000
19042  -44.568  -68.413  1.125 0.0000000000
19043  -46.002  -68.727  1.090 0.0000000000
19062  -45.288  -68.184  0.228 0.0000000000
19076  -45.089  -68.089  -0.702 0.0000000000
19077  -46.065  -68.435  -0.693 0.0000000000
20156  -44.054  -67.621  -2.055 0.0000000000
19089  -45.439  -68.220  -1.594 0.0000000000
19090  -46.412  -68.791  -1.854 0.0000000000
19112  -46.337  -68.925  -3.015 0.0000000000
17018  -46.174  -69.960  -3.505 0.0000000000
17035  -45.812  -69.946  -4.035 0.0000000000
13040  -37.388  -74.595  1.409 0.0000000000
14055  -37.685  -73.500  1.236 0.0000000000
21207  -32.284  -66.389  2.138 0.0000000000
21222  -33.240  -66.487  1.380 0.0000000000
24586  -35.087  -63.855  0.704 0.0000000000
25793  -34.939  -62.404  1.148 0.0000000000
24563  -35.331  -63.160  0.832 0.0000000000
25817  -36.553  -62.656  0.757 0.0000000000
27054  -36.938  -62.294  0.736 0.0000000000
27055  -37.302  -61.969  0.550 0.0000000000
13066  -41.804  -74.034  -0.901 0.0000000000
13103  -42.215  -74.651  -2.367 0.0000000000
13102  -41.108  -74.544  -2.273 0.0000000000
12185  -41.178  -74.960  -3.919 0.0000000000
12201  -40.488  -75.265  -4.655 0.0000000000
11347  -40.411  -76.106  -6.839 0.0000000000
10528  -40.303  -77.068  -9.932 0.0000000000
10513  -38.045  -76.953  -9.582 0.0000000000
10561  -38.061  -77.496  -12.221 0.0000000000
9743  -36.776  -78.327  -12.442 0.0000000000
11220  -43.369  -76.019  2.313 0.0000000000
11232  -42.864  -76.175  0.998 0.0000000000
12110  -43.908  -75.253  2.130 0.0000000000
13045  -44.691  -74.272  1.609 0.0000000000
13046  -45.035  -73.780  1.268 0.0000000000
14060  -45.277  -73.302  1.612 0.0000000000
13057  -45.070  -73.617  0.878 0.0000000000
14077  -44.633  -73.534  0.225 0.0000000000
15054  -44.186  -72.658  0.608 0.0000000000
15053  -43.027  -72.641  0.462 0.0000000000
19044  -46.930  -69.144  1.024 0.0000000000
17961  -47.117  -69.841  1.079 0.0000000000
17993  -46.267  -69.915  -0.534 0.0000000000
17976  -45.990  -69.991  0.320 0.0000000000
16036  -44.481  -71.193  1.003 0.0000000000
16035  -43.695  -71.733  0.842 0.0000000000
14075  -42.510  -73.323  -0.003 0.0000000000
15052  -41.857  -72.713  0.189 0.0000000000
15074  -41.270  -72.866  -0.058 0.0000000000
14089  -40.391  -73.245  -0.640 0.0000000000
17988  -41.378  -70.262  -0.633 0.0000000000
16056  -40.574  -71.672  -0.328 0.0000000000
15072  -39.790  -72.514  -0.639 0.0000000000
14105  -38.589  -73.151  -1.360 0.0000000000
14126  -38.374  -73.600  -1.774 0.0000000000
14125  -37.777  -73.664  -1.963 0.0000000000
11201  -43.402  -76.362  3.035 0.0000000000
13017  -44.309  -74.504  3.262 0.0000000000
14023  -44.248  -73.518  3.401 0.0000000000
12089  -42.570  -74.846  2.906 0.0000000000
14022  -43.669  -73.710  3.358 0.0000000000
15000  -44.534  -72.666  3.394 0.0000000000
15990  -44.340  -71.906  3.165 0.0000000000
16902  -43.626  -71.108  2.720 0.0000000000
17929  -43.813  -70.291  2.510 0.0000000000
13043  -40.491  -73.879  1.801 0.0000000000
15011  -41.094  -72.669  1.921 0.0000000000
15032  -40.391  -72.260  1.542 0.0000000000
15033  -41.197  -72.002  1.877 0.0000000000
16015  -41.723  -71.353  2.221 0.0000000000
16928  -42.034  -70.620  2.261 0.0000000000
20078  -43.592  -67.877  0.739 0.0000000000
20100  -42.828  -67.083  0.229 0.0000000000
20076  -41.630  -67.760  0.929 0.0000000000
20099  -41.869  -67.011  0.668 0.0000000000
21277  -42.004  -66.776  -0.974 0.0000000000
20152  -40.877  -66.952  -2.017 0.0000000000
15026  -34.412  -72.448  2.298 0.0000000000
15027  -34.830  -72.576  1.688 0.0000000000
16010  -36.085  -71.563  1.083 0.0000000000
16923  -36.539  -70.417  1.019 0.0000000000
20071  -33.631  -67.494  1.198 0.0000000000
20072  -34.632  -67.532  0.938 0.0000000000
22344  -35.544  -65.784  0.639 0.0000000000
20073  -35.707  -67.505  0.768 0.0000000000
19036  -36.300  -68.424  0.831 0.0000000000
19037  -37.295  -68.374  0.680 0.0000000000
19057  -38.174  -68.257  0.530 0.0000000000
20096  -39.283  -67.133  0.456 0.0000000000
21247  -39.841  -66.407  0.453 0.0000000000
23493  -38.901  -64.595  0.238 0.0000000000
22365  -39.609  -65.467  0.253 0.0000000000
22377  -40.517  -65.632  -0.002 0.0000000000
21293  -39.831  -66.013  -2.076 0.0000000000
11254  -42.555  -76.184  -0.313 0.0000000000
11295  -40.836  -76.891  -2.391 0.0000000000
11296  -41.548  -76.762  -2.590 0.0000000000
10428  -40.407  -77.347  -3.072 0.0000000000
10445  -39.983  -77.982  -3.574 0.0000000000
12186  -41.970  -75.119  -3.812 0.0000000000
12203  -42.042  -75.484  -4.025 0.0000000000
11320  -41.217  -76.716  -4.544 0.0000000000
10490  -40.397  -77.220  -6.781 0.0000000000
10477  -40.381  -77.215  -5.522 0.0000000000
9628  -39.707  -78.031  -5.432 0.0000000000
19156  -42.238  -68.238  -4.531 0.0000000000
19180  -45.324  -68.906  -5.278 0.0000000000
17054  -45.512  -70.097  -5.076 0.0000000000
17034  -45.351  -70.257  -4.250 0.0000000000
17033  -44.240  -70.303  -4.267 0.0000000000
18086  -42.916  -69.968  -4.158 0.0000000000
18053  -41.963  -69.707  -3.337 0.0000000000
18023  -40.089  -69.520  -2.673 0.0000000000
18051  -39.823  -69.404  -3.731 0.0000000000
18004  -39.485  -69.835  -1.963 0.0000000000
16077  -37.973  -71.126  -1.595 0.0000000000
14124  -36.866  -73.476  -2.019 0.0000000000
15110  -34.297  -72.591  -2.564 0.0000000000
15111  -35.179  -72.527  -2.389 0.0000000000
14123  -35.827  -73.445  -2.391 0.0000000000
13098  -36.567  -74.242  -2.681 0.0000000000
13127  -36.274  -74.737  -3.490 0.0000000000
12197  -36.284  -75.628  -5.108 0.0000000000
12218  -35.550  -75.811  -5.860 0.0000000000
11351  -36.070  -76.457  -8.020 0.0000000000
12253  -35.373  -76.005  -7.834 0.0000000000
11360  -35.885  -76.371  -8.837 0.0000000000
11390  -35.271  -76.789  -10.049 0.0000000000
9585  -40.612  -77.964  -4.192 0.0000000000
9668  -40.298  -78.012  -8.372 0.0000000000
10363  -39.615  -78.003  3.229 0.0000000000
10446  -40.798  -77.699  -3.703 0.0000000000
10463  -41.244  -77.221  -3.947 0.0000000000
10512  -37.621  -76.870  -9.541 0.0000000000
10526  -38.371  -76.849  -10.142 0.0000000000
10527  -40.053  -76.970  -10.227 0.0000000000
10545  -39.885  -77.000  -10.727 0.0000000000
10546  -40.205  -77.363  -10.361 0.0000000000
11275  -41.337  -76.674  -1.548 0.0000000000
11312  -42.215  -76.060  -3.430 0.0000000000
11322  -42.115  -75.831  -4.045 0.0000000000
11335  -39.414  -75.880  -6.312 0.0000000000
11337  -41.489  -76.050  -4.747 0.0000000000
11361  -36.677  -76.695  -8.817 0.0000000000
11370  -34.739  -76.305  -9.562 0.0000000000
11371  -35.601  -76.471  -9.470 0.0000000000
11373  -37.145  -76.756  -9.624 0.0000000000
11376  -40.288  -76.825  -9.246 0.0000000000
11393  -39.466  -76.926  -10.661 0.0000000000
11394  -39.641  -76.928  -10.463 0.0000000000
12085  -38.746  -76.414  2.284 0.0000000000
12090  -43.773  -75.512  2.773 0.0000000000
12091  -44.309  -74.958  2.632 0.0000000000
12109  -40.264  -74.716  1.920 0.0000000000
12111  -44.361  -74.771  2.112 0.0000000000
12125  -43.265  -75.799  0.657 0.0000000000
12142  -43.900  -75.038  -0.072 0.0000000000
12169  -43.471  -75.388  -1.864 0.0000000000
12187  -42.276  -75.508  -3.511 0.0000000000
12216  -33.963  -75.162  -5.387 0.0000000000
12221  -39.129  -75.742  -5.739 0.0000000000
12224  -41.311  -75.846  -4.990 0.0000000000
12237  -35.735  -76.265  -6.968 0.0000000000
12238  -36.592  -76.478  -6.867 0.0000000000
12240  -40.362  -75.823  -6.280 0.0000000000
12266  -35.445  -76.133  -8.374 0.0000000000
12274  -33.525  -75.481  -9.112 0.0000000000
13018  -44.675  -74.497  2.911 0.0000000000
13044  -44.120  -74.834  1.542 0.0000000000
13056  -44.860  -74.084  0.467 0.0000000000
13067  -42.233  -74.117  -0.982 0.0000000000
13081  -41.627  -74.206  -1.332 0.0000000000
13105  -43.602  -75.057  -2.036 0.0000000000
13125  -34.444  -74.562  -3.630 0.0000000000
13126  -35.284  -74.703  -3.552 0.0000000000
13144  -33.322  -74.567  -4.507 0.0000000000
13145  -34.064  -74.787  -4.289 0.0000000000
13205  -33.324  -74.945  -7.964 0.0000000000
14035  -42.285  -73.413  2.696 0.0000000000
14036  -43.210  -73.497  3.083 0.0000000000
14037  -43.733  -73.378  3.321 0.0000000000
14038  -44.912  -73.940  2.462 0.0000000000
14074  -41.958  -73.252  -0.025 0.0000000000
14076  -43.645  -73.340  -0.062 0.0000000000
14078  -45.131  -73.256  0.981 0.0000000000
14088  -39.910  -73.118  -0.726 0.0000000000
14090  -41.610  -73.569  -0.496 0.0000000000
14093  -44.526  -73.804  -0.346 0.0000000000
14103  -37.369  -73.223  -1.740 0.0000000000
14104  -37.838  -73.109  -1.588 0.0000000000
14106  -39.675  -73.507  -1.056 0.0000000000
14107  -40.848  -73.781  -0.991 0.0000000000
14109  -43.707  -74.086  -1.301 0.0000000000
14110  -43.992  -74.086  -1.303 0.0000000000
14143  -33.265  -73.751  -3.232 0.0000000000
14144  -34.099  -74.025  -3.105 0.0000000000
14156  -31.957  -73.692  -4.249 0.0000000000
14998  -34.628  -72.453  3.421 0.0000000000
15035  -45.295  -72.424  1.502 0.0000000000
15051  -41.044  -72.274  0.082 0.0000000000
15055  -44.939  -72.869  0.943 0.0000000000
15071  -39.308  -71.739  -0.827 0.0000000000
15073  -40.719  -72.736  -0.260 0.0000000000
15091  -39.402  -72.815  -0.825 0.0000000000
15112  -36.110  -72.470  -2.006 0.0000000000
15972  -45.052  -72.275  3.454 0.0000000000
15986  -33.523  -71.029  2.888 0.0000000000
15993  -46.654  -71.036  2.305 0.0000000000
16007  -33.598  -71.094  2.349 0.0000000000
16033  -41.382  -71.660  0.154 0.0000000000
16054  -39.330  -71.418  -0.909 0.0000000000
16057  -41.064  -71.156  -0.252 0.0000000000
16079  -39.465  -71.003  -1.004 0.0000000000
16095  -33.225  -71.874  -2.852 0.0000000000
16096  -33.920  -71.841  -2.737 0.0000000000
16097  -34.674  -71.769  -2.569 0.0000000000
16100  -37.266  -71.062  -1.936 0.0000000000
16112  -32.584  -71.449  -3.217 0.0000000000
16887  -33.592  -70.478  3.297 0.0000000000
16901  -42.642  -70.996  2.507 0.0000000000
16931  -46.802  -70.361  1.451 0.0000000000
16966  -40.164  -71.031  -0.743 0.0000000000
16979  -37.896  -70.495  -1.977 0.0000000000
16983  -46.578  -70.051  -2.011 0.0000000000
16984  -46.606  -69.976  -2.342 0.0000000000
16997  -45.703  -70.222  -2.493 0.0000000000
16999  -46.452  -70.018  -2.990 0.0000000000
17017  -45.965  -70.182  -3.429 0.0000000000
17036  -46.082  -69.821  -3.695 0.0000000000
17910  -32.710  -68.916  3.004 0.0000000000
17927  -33.147  -69.543  2.361 0.0000000000
17933  -46.931  -70.140  1.604 0.0000000000
17959  -46.422  -69.532  1.619 0.0000000000
17960  -46.978  -69.726  1.389 0.0000000000
17971  -38.943  -68.638  0.659 0.0000000000
17973  -43.344  -70.383  0.335 0.0000000000
17992  -45.386  -69.846  -0.490 0.0000000000
18030  -46.570  -69.506  -2.554 0.0000000000
18055  -44.125  -69.854  -3.193 0.0000000000
18057  -46.016  -69.241  -3.975 0.0000000000
18058  -46.279  -69.547  -3.409 0.0000000000
18089  -45.975  -69.629  -3.917 0.0000000000
18119  -45.233  -69.047  -5.819 0.0000000000
19032  -32.679  -68.267  2.085 0.0000000000
19045  -47.121  -69.516  1.003 0.0000000000
19060  -40.346  -67.781  0.700 0.0000000000
19061  -44.554  -68.071  0.530 0.0000000000
19109  -43.842  -67.934  -2.663 0.0000000000
19136  -42.696  -68.073  -3.763 0.0000000000
19140  -46.222  -69.080  -3.563 0.0000000000
19160  -45.703  -68.976  -4.557 0.0000000000
19181  -45.596  -69.200  -5.044 0.0000000000
20101  -44.169  -67.697  0.137 0.0000000000
20113  -44.409  -67.649  -0.701 0.0000000000
20127  -41.044  -66.439  -1.443 0.0000000000
20128  -41.547  -66.857  -1.496 0.0000000000
20155  -43.595  -67.674  -2.267 0.0000000000
21243  -36.611  -66.077  0.521 0.0000000000
21244  -37.193  -66.054  0.502 0.0000000000
21245  -37.965  -66.157  0.472 0.0000000000
21250  -41.834  -66.588  0.213 0.0000000000
21274  -40.247  -65.884  -1.532 0.0000000000
21275  -40.727  -65.911  -0.991 0.0000000000
22343  -34.785  -65.744  0.841 0.0000000000
22367  -40.771  -66.247  0.351 0.0000000000
22378  -40.848  -66.036  0.224 0.0000000000
22398  -40.387  -65.550  -0.548 0.0000000000
23502  -39.509  -64.742  -0.696 0.0000000000
24564  -36.018  -63.117  0.733 0.0000000000
24628  -39.101  -64.227  -1.005 0.0000000000
