#!ascii label  , from subject 3054 vox2ras=TkReg
1010
76475  -27.428  -18.740  -9.786 0.4285714328
77805  -28.219  -17.489  -10.433 0.2857142985
77806  -29.185  -17.637  -10.097 0.4285714328
79157  -30.073  -16.645  -10.535 0.4285714328
79178  -28.978  -16.239  -11.001 0.2857142985
79179  -29.607  -16.397  -10.873 0.4285714328
80455  -30.093  -15.783  -11.204 0.4285714328
81752  -29.531  -14.556  -11.861 0.4285714328
82976  -29.459  -13.692  -12.439 0.4285714328
82977  -30.244  -13.213  -12.570 0.4285714328
84182  -29.481  -12.495  -13.635 0.5714285970
82995  -29.773  -13.084  -13.081 0.5714285970
82996  -30.198  -12.874  -12.909 0.4285714328
85312  -30.770  -12.077  -12.869 0.2857142985
85331  -29.660  -12.020  -13.751 0.7142857313
85332  -30.304  -11.922  -13.389 0.7142857313
86584  -31.468  -10.361  -13.791 0.7142857313
87796  -31.908  -9.889  -13.293 0.4285714328
85333  -31.186  -11.151  -13.569 0.7142857313
87797  -32.546  -9.167  -13.586 0.5714285970
86607  -31.187  -10.218  -14.285 0.5714285970
87819  -31.373  -9.521  -14.400 0.5714285970
89038  -31.751  -8.636  -14.985 0.5714285970
87820  -32.105  -8.717  -14.320 0.5714285970
89020  -32.554  -8.072  -13.846 0.4285714328
90254  -32.100  -7.463  -15.362 0.5714285970
91478  -32.698  -6.555  -14.539 0.5714285970
89059  -31.498  -8.193  -15.766 0.7142857313
92781  -32.592  -5.604  -15.401 0.7142857313
92761  -32.863  -5.561  -14.585 0.5714285970
89082  -30.634  -8.317  -16.791 0.5714285970
91496  -31.708  -6.950  -16.158 0.8571428657
94044  -32.867  -4.821  -14.903 0.5714285970
90272  -31.198  -7.615  -16.740 0.5714285970
95217  -32.642  -3.808  -16.411 0.7142857313
94065  -32.968  -4.074  -15.172 0.5714285970
92803  -32.160  -5.596  -16.670 0.7142857313
94064  -32.634  -4.540  -15.914 0.7142857313
95236  -32.721  -3.388  -16.340 0.5714285970
96341  -32.805  -2.509  -15.521 0.5714285970
92823  -32.042  -4.950  -17.584 0.7142857313
96356  -32.409  -2.158  -16.543 0.7142857313
96357  -32.823  -2.969  -16.267 0.7142857313
95255  -32.248  -3.451  -18.016 0.7142857313
95235  -32.465  -3.222  -16.911 0.7142857313
96372  -32.181  -2.379  -17.741 0.7142857313
97439  -32.207  -1.236  -17.401 0.7142857313
97427  -32.328  -0.992  -16.341 0.5714285970
94104  -31.636  -4.851  -18.318 0.5714285970
98510  -32.214  -0.108  -17.004 0.5714285970
99569  -32.272  0.923  -17.630 0.5714285970
96387  -32.301  -2.628  -18.981 0.8571428657
98522  -32.248  -0.251  -18.171 0.7142857313
97453  -32.254  -1.458  -18.625 0.8571428657
100617  -31.818  1.840  -19.027 0.8571428657
100605  -32.077  1.945  -18.296 0.5714285970
99576  -32.095  0.863  -18.885 0.8571428657
98528  -32.393  -0.456  -19.402 0.8571428657
101777  -32.045  2.784  -20.030 0.8571428657
102924  -31.420  4.188  -20.173 0.8571428657
103992  -31.701  4.759  -21.103 0.8571428657
99582  -32.349  0.512  -20.108 0.8571428657
101790  -32.084  2.925  -21.358 0.8571428657
101797  -32.415  3.047  -21.872 1.0000000000
102939  -31.823  3.727  -21.128 1.0000000000
101778  -32.463  1.986  -20.383 0.8571428657
104010  -32.245  4.381  -22.017 1.0000000000
105143  -32.100  4.933  -22.414 1.0000000000
106275  -31.734  5.807  -24.070 0.7142857313
104026  -32.288  4.660  -22.592 1.0000000000
104027  -32.474  4.116  -22.843 1.0000000000
105144  -32.322  5.334  -22.889 1.0000000000
108519  -31.911  8.503  -25.385 1.0000000000
108518  -31.143  8.421  -25.584 0.8571428657
110454  -30.619  9.995  -24.986 0.8571428657
109540  -30.631  9.249  -25.283 1.0000000000
112347  -29.260  12.622  -26.348 0.8571428657
111364  -29.645  11.630  -26.051 0.8571428657
110460  -30.164  11.120  -25.782 1.0000000000
114244  -28.402  14.494  -25.829 0.8571428657
113272  -28.565  13.708  -26.531 0.8571428657
114243  -28.259  14.934  -25.337 0.7142857313
114227  -28.430  14.252  -23.701 0.5714285970
116228  -28.152  16.228  -24.745 0.7142857313
115220  -28.652  15.359  -21.874 0.5714285970
115235  -28.510  15.342  -23.094 0.5714285970
116187  -28.478  16.404  -21.283 0.4285714328
118095  -27.821  17.922  -22.392 0.4285714328
118109  -27.055  18.677  -23.056 0.4285714328
117107  -27.669  17.450  -20.042 0.2857142985
118069  -27.460  18.153  -19.608 0.2857142985
118059  -27.373  18.066  -18.714 0.2857142985
79155  -28.186  -16.781  -10.812 0.2857142985
89039  -32.147  -8.096  -14.704 0.5714285970
99575  -32.033  1.509  -18.596 0.8571428657
101758  -31.722  2.728  -18.478 0.8571428657
106276  -32.277  6.259  -24.025 0.8571428657
118049  -28.159  18.754  -17.575 0.1428571492
79154  -27.606  -16.748  -11.108 0.2857142985
80453  -27.610  -15.632  -11.890 0.2857142985
80454  -28.777  -15.515  -11.484 0.2857142985
82957  -30.239  -13.797  -11.889 0.4285714328
81751  -28.389  -14.806  -12.029 0.2857142985
84145  -30.894  -13.052  -12.077 0.4285714328
82994  -28.888  -13.334  -13.413 0.5714285970
85354  -29.289  -11.690  -14.334 0.2857142985
85355  -30.471  -11.131  -14.223 0.7142857313
85356  -31.102  -10.688  -14.187 0.7142857313
87845  -30.476  -9.607  -15.399 0.5714285970
90223  -33.131  -7.414  -13.494 0.4285714328
89058  -30.908  -8.755  -16.009 0.7142857313
90239  -32.440  -7.504  -14.486 0.7142857313
90222  -32.695  -7.281  -13.995 0.5714285970
91457  -32.948  -6.906  -13.844 0.4285714328
91497  -32.267  -6.454  -15.779 0.7142857313
90271  -30.818  -7.924  -17.128 0.5714285970
91518  -31.496  -6.373  -16.954 0.5714285970
95200  -33.096  -3.294  -14.849 0.5714285970
94084  -32.410  -4.290  -17.115 0.7142857313
96340  -32.551  -1.618  -15.754 0.5714285970
105129  -31.971  5.474  -21.947 1.0000000000
101798  -32.188  2.407  -22.079 1.0000000000
105157  -31.849  4.924  -23.525 0.8571428657
106286  -31.508  6.518  -24.742 0.7142857313
106287  -32.093  6.762  -24.711 1.0000000000
107396  -32.560  7.353  -23.712 1.0000000000
107409  -30.874  7.514  -25.582 0.7142857313
107404  -32.351  7.363  -24.826 1.0000000000
106297  -30.939  6.858  -25.215 0.7142857313
109541  -31.118  9.372  -25.193 0.8571428657
112339  -29.138  12.269  -25.813 0.8571428657
110461  -30.596  10.526  -25.409 1.0000000000
114236  -28.150  14.475  -24.880 0.7142857313
117114  -28.049  17.413  -21.853 0.7142857313
116213  -28.390  16.425  -23.642 0.7142857313
115208  -28.641  15.387  -20.529 0.4285714328
118081  -27.622  18.563  -20.656 0.2857142985
118094  -27.598  18.502  -21.987 0.4285714328
117132  -28.117  17.505  -24.068 0.4285714328
118082  -27.748  18.778  -19.980 0.2857142985
86605  -29.920  -10.727  -14.828 0.4285714328
86630  -29.708  -10.208  -15.551 0.4285714328
116199  -28.416  16.444  -22.480 0.7142857313
117113  -27.672  17.773  -21.065 0.2857142985
76503  -27.379  -18.178  -10.347 0.4285714328
77804  -27.205  -17.340  -10.813 0.2857142985
77807  -30.005  -17.194  -9.735 0.4285714328
79156  -29.061  -16.838  -10.585 0.4285714328
79177  -28.054  -16.296  -11.353 0.2857142985
81771  -28.824  -14.219  -12.348 0.2857142985
82956  -29.725  -13.986  -12.025 0.4285714328
82975  -28.671  -13.810  -12.782 0.4285714328
84204  -28.931  -12.316  -13.965 0.2857142985
86606  -30.655  -10.204  -14.614 0.5714285970
87846  -31.295  -9.021  -15.379 0.5714285970
91479  -33.131  -5.800  -14.057 0.5714285970
89083  -31.069  -8.230  -16.334 0.7142857313
90253  -31.563  -7.541  -15.963 0.7142857313
87871  -30.352  -9.046  -16.284 0.7142857313
95218  -32.817  -3.520  -15.777 0.5714285970
92802  -31.701  -5.844  -17.041 0.7142857313
94105  -32.051  -4.264  -18.143 0.8571428657
99568  -32.207  1.426  -18.219 0.8571428657
100618  -32.332  1.572  -19.843 0.8571428657
101791  -32.324  2.148  -21.032 1.0000000000
112346  -28.685  12.912  -26.194 0.8571428657
113265  -28.414  13.528  -25.550 0.8571428657
115261  -28.204  15.308  -24.903 0.7142857313
115249  -28.351  15.329  -24.211 0.5714285970
115209  -28.854  15.472  -19.943 0.4285714328
117123  -28.037  17.568  -22.962 0.4285714328
117103  -27.410  17.267  -19.020 0.2857142985
117108  -27.947  17.031  -20.751 0.2857142985
85378  -29.369  -11.017  -15.300 0.2857142985
107410  -31.736  7.477  -25.433 1.0000000000
121114  -25.214  22.542  -23.193 0.2857142985
122008  -25.604  23.282  -22.373 0.1428571492
120176  -26.172  20.479  -22.642 0.2857142985
121122  -24.814  22.405  -24.004 0.2857142985
121095  -26.301  22.068  -21.601 0.1428571492
122818  -25.541  24.301  -21.837 0.1428571492
119158  -27.373  19.664  -21.491 0.1428571492
120148  -26.953  20.842  -21.165 0.1428571492
120220  -25.271  21.796  -25.502 0.2857142985
120174  -25.068  21.672  -23.783 0.2857142985
118174  -29.273  18.663  -27.035 0.2857142985
118160  -28.134  19.410  -25.911 0.2857142985
121990  -26.492  23.131  -20.671 0.1428571492
118108  -26.802  19.466  -23.806 0.2857142985
117149  -27.964  17.417  -25.822 0.2857142985
119209  -25.824  20.320  -25.212 0.2857142985
119172  -26.345  19.911  -23.218 0.2857142985
116229  -29.522  16.286  -25.628 0.1428571492
118172  -28.321  18.548  -26.267 0.2857142985
118143  -26.830  19.709  -25.642 0.2857142985
118144  -27.661  18.870  -25.051 0.2857142985
119189  -25.696  20.209  -24.126 0.2857142985
116215  -30.725  17.021  -23.177 0.1428571492
116230  -29.691  16.501  -24.671 0.1428571492
116261  -28.761  16.764  -26.230 0.4285714328
117139  -27.974  17.493  -25.035 0.2857142985
113266  -30.467  13.509  -24.894 0.2857142985
114245  -29.397  14.652  -26.266 0.4285714328
116260  -28.253  16.506  -26.009 0.2857142985
117131  -27.615  18.073  -23.398 0.2857142985
113254  -31.415  13.367  -22.592 0.1428571492
115263  -30.108  15.416  -24.481 0.2857142985
115279  -28.557  15.504  -26.310 0.4285714328
113273  -29.742  13.953  -26.504 0.5714285970
114251  -28.703  14.496  -26.506 0.7142857313
112324  -31.832  12.247  -22.856 0.1428571492
113262  -31.212  13.132  -23.520 0.1428571492
114252  -29.012  14.601  -26.671 0.7142857313
116244  -28.119  15.812  -25.365 0.4285714328
112340  -30.338  12.968  -25.460 0.4285714328
111346  -32.289  11.342  -22.487 0.2857142985
111353  -31.835  11.364  -23.356 0.7142857313
112356  -29.449  13.111  -26.736 0.7142857313
111360  -31.309  11.360  -24.819 0.8571428657
112348  -30.276  12.545  -26.002 0.5714285970
110433  -32.594  10.386  -21.084 0.2857142985
110440  -32.435  10.398  -22.088 0.2857142985
112349  -30.620  12.158  -25.634 0.7142857313
111358  -28.885  11.936  -24.595 0.5714285970
111365  -30.197  11.671  -26.207 0.8571428657
109499  -32.421  9.453  -20.621 0.1428571492
110447  -32.292  10.409  -23.090 0.7142857313
99600  -30.395  0.838  -23.104 0.5714285970
102964  -32.397  2.979  -22.918 0.8571428657
104040  -32.085  3.538  -23.536 0.8571428657
102972  -31.419  2.905  -23.373 0.4285714328
104039  -31.404  3.963  -23.999 0.5714285970
107411  -32.258  7.868  -25.382 0.8571428657
107388  -32.607  7.462  -22.610 0.8571428657
109532  -31.761  9.443  -24.778 0.8571428657
108479  -31.833  8.493  -20.065 0.2857142985
108503  -32.545  8.407  -23.261 0.8571428657
109524  -32.231  9.414  -23.881 0.8571428657
111366  -30.742  11.568  -25.590 0.8571428657
108470  -31.637  8.094  -19.161 0.4285714328
108496  -32.599  8.479  -22.178 0.7142857313
109515  -32.526  9.431  -22.709 0.7142857313
98547  -30.022  -0.125  -22.770 0.2857142985
101805  -32.296  2.047  -22.923 0.5714285970
100641  -30.929  1.426  -23.280 0.5714285970
104011  -32.495  3.844  -22.257 0.8571428657
106264  -32.641  6.439  -22.952 0.8571428657
108511  -32.436  8.335  -24.376 0.8571428657
107369  -31.902  7.666  -20.908 0.4285714328
107379  -32.407  7.626  -21.667 0.8571428657
107361  -31.504  7.402  -19.350 0.4285714328
94139  -30.984  -4.367  -19.707 0.7142857313
95292  -30.601  -3.374  -20.599 0.4285714328
95270  -31.646  -3.804  -19.547 0.7142857313
97460  -32.696  -1.693  -19.875 0.8571428657
96407  -32.010  -2.410  -21.507 0.5714285970
98541  -30.659  -0.681  -22.165 0.5714285970
97474  -29.845  -1.330  -21.579 0.4285714328
98534  -32.585  -0.599  -20.592 0.8571428657
98542  -31.417  -0.709  -22.022 0.5714285970
98548  -30.756  0.143  -22.395 0.5714285970
100624  -32.447  1.339  -20.682 0.8571428657
99597  -32.167  0.583  -21.986 0.7142857313
99596  -31.832  0.466  -22.363 0.5714285970
103976  -31.430  5.135  -20.329 0.7142857313
106254  -31.927  6.106  -21.407 0.7142857313
106255  -32.357  6.581  -21.886 0.8571428657
105055  -31.272  6.088  -17.345 0.2857142985
105090  -31.326  6.103  -19.296 0.4285714328
106231  -31.414  6.725  -19.757 0.5714285970
91542  -31.150  -6.269  -17.904 0.4285714328
92842  -31.110  -5.633  -18.775 0.4285714328
94138  -30.450  -4.451  -20.020 0.4285714328
96397  -32.018  -2.814  -20.225 0.7142857313
99589  -32.486  0.440  -21.137 0.8571428657
102907  -31.503  3.887  -18.959 0.7142857313
103950  -31.486  4.946  -18.125 0.2857142985
90294  -30.943  -6.896  -17.431 0.4285714328
90313  -30.189  -6.780  -18.294 0.5714285970
94120  -31.459  -4.431  -19.243 0.5714285970
100606  -32.250  1.825  -17.671 0.4285714328
102891  -31.549  3.741  -17.689 0.4285714328
94045  -33.312  -4.152  -14.403 0.4285714328
99556  -32.373  0.874  -16.504 0.4285714328
100580  -32.479  1.715  -15.922 0.4285714328
100593  -32.297  1.734  -16.845 0.4285714328
84146  -31.641  -12.523  -11.735 0.1428571492
97412  -32.546  -0.775  -15.440 0.4285714328
99546  -32.541  0.939  -15.579 0.4285714328
85313  -31.392  -11.814  -12.525 0.1428571492
85314  -32.154  -11.067  -12.265 0.1428571492
87798  -33.075  -8.518  -13.361 0.2857142985
93996  -33.658  -4.421  -12.537 0.2857142985
96268  -33.586  -2.114  -12.666 0.2857142985
95177  -33.403  -3.122  -13.694 0.2857142985
92740  -33.387  -5.408  -13.541 0.4285714328
97370  -33.328  -1.081  -13.111 0.2857142985
96320  -33.147  -2.322  -14.485 0.2857142985
97392  -32.951  -1.406  -14.063 0.2857142985
85292  -31.805  -12.025  -11.938 0.1428571492
85293  -32.360  -11.743  -11.553 0.1428571492
84164  -31.172  -12.497  -12.297 0.1428571492
87765  -32.815  -10.063  -11.980 0.2857142985
87781  -32.470  -9.909  -12.522 0.2857142985
91415  -33.777  -6.663  -11.919 0.2857142985
92718  -34.118  -5.212  -12.046 0.2857142985
92717  -33.608  -5.307  -12.596 0.2857142985
90205  -33.512  -7.097  -12.878 0.2857142985
85294  -32.840  -10.851  -11.149 0.1428571492
87767  -33.688  -8.909  -10.999 0.2857142985
86550  -33.130  -10.406  -11.397 0.2857142985
88999  -33.451  -8.350  -11.755 0.2857142985
87766  -33.318  -9.792  -11.626 0.2857142985
86568  -32.292  -10.529  -12.369 0.2857142985
90185  -33.561  -7.178  -12.026 0.2857142985
80433  -30.430  -16.122  -10.713 0.2857142985
82958  -31.403  -13.768  -11.270 0.1428571492
81753  -30.606  -14.622  -11.457 0.2857142985
82959  -32.041  -12.971  -11.094 0.1428571492
76476  -28.270  -18.695  -9.568 0.2857142985
75147  -27.531  -19.378  -9.391 0.2857142985
75146  -26.630  -19.380  -9.563 0.2857142985
80456  -30.952  -15.108  -11.003 0.2857142985
73834  -26.766  -20.010  -9.118 0.2857142985
73833  -25.831  -19.968  -9.203 0.1428571492
86549  -32.696  -10.552  -11.869 0.1428571492
87745  -33.597  -10.036  -11.061 0.2857142985
90186  -33.960  -7.502  -11.364 0.2857142985
93997  -34.062  -4.426  -11.863 0.2857142985
91434  -33.682  -6.396  -12.324 0.2857142985
95155  -33.690  -3.467  -12.369 0.2857142985
98464  -32.574  0.168  -14.120 0.2857142985
96396  -31.435  -3.016  -20.364 0.7142857313
98485  -32.461  0.238  -14.983 0.4285714328
98550  -31.997  0.084  -22.029 0.5714285970
101759  -31.977  2.328  -17.811 0.4285714328
102892  -31.837  3.235  -17.083 0.2857142985
103939  -31.432  4.874  -17.015 0.2857142985
105071  -31.206  5.981  -18.483 0.5714285970
110453  -30.058  10.524  -25.168 0.7142857313
106242  -31.795  6.657  -20.803 0.7142857313
113259  -28.541  13.218  -24.369 0.4285714328
112338  -28.784  12.520  -25.177 0.5714285970
111372  -29.693  12.312  -26.397 0.7142857313
106217  -31.411  6.758  -18.895 0.2857142985
109523  -31.754  9.889  -24.233 0.8571428657
118145  -27.851  18.197  -24.749 0.2857142985
113267  -30.997  12.991  -24.286 0.4285714328
121991  -26.726  22.893  -20.139 0.1428571492
116246  -29.284  16.519  -26.139 0.2857142985
119229  -26.412  20.684  -26.059 0.2857142985
76477  -29.244  -18.465  -9.514 0.1428571492
76502  -26.447  -18.178  -10.474 0.2857142985
79158  -30.730  -16.890  -9.995 0.1428571492
81754  -31.173  -14.534  -11.131 0.1428571492
84147  -32.196  -12.433  -11.319 0.1428571492
85269  -33.084  -11.533  -10.546 0.1428571492
86528  -33.511  -10.469  -10.898 0.1428571492
87782  -33.237  -9.041  -12.730 0.2857142985
92698  -34.343  -5.295  -11.482 0.2857142985
89021  -33.054  -8.017  -13.403 0.2857142985
91541  -30.629  -6.632  -18.043 0.5714285970
91458  -33.338  -6.382  -13.443 0.2857142985
94137  -29.783  -4.757  -19.815 0.2857142985
97369  -32.754  -0.516  -13.685 0.2857142985
99491  -32.724  0.829  -13.639 0.2857142985
95283  -31.153  -3.574  -20.017 0.7142857313
95284  -31.716  -3.429  -19.695 0.5714285970
96412  -29.657  -2.223  -21.313 0.4285714328
96406  -31.183  -2.799  -20.880 0.5714285970
99594  -29.715  0.461  -23.090 0.2857142985
99534  -32.597  1.075  -14.890 0.2857142985
97477  -31.964  -1.546  -21.793 0.7142857313
100640  -30.259  1.386  -23.252 0.2857142985
100568  -32.637  1.694  -15.082 0.1428571492
102878  -32.001  3.244  -16.402 0.4285714328
101743  -32.077  2.512  -17.080 0.4285714328
102859  -31.661  3.941  -15.906 0.1428571492
105130  -32.453  5.937  -22.436 0.8571428657
102877  -31.692  3.949  -16.700 0.1428571492
103964  -31.394  5.154  -19.332 0.5714285970
108488  -32.226  8.540  -21.207 0.7142857313
110455  -31.516  10.430  -24.495 0.8571428657
108471  -31.907  8.947  -18.978 0.2857142985
109492  -32.440  9.532  -19.617 0.1428571492
109507  -32.505  9.450  -21.651 0.4285714328
112332  -31.397  12.128  -23.844 0.5714285970
111340  -32.563  11.339  -21.487 0.1428571492
121096  -26.884  21.808  -20.756 0.1428571492
112341  -30.798  12.397  -25.112 0.5714285970
113255  -32.006  12.929  -22.086 0.1428571492
113253  -30.904  13.778  -23.160 0.1428571492
115273  -29.480  15.632  -26.070 0.2857142985
114228  -30.473  14.496  -24.303 0.2857142985
114217  -30.701  14.480  -23.406 0.1428571492
116200  -30.746  15.757  -23.265 0.1428571492
116214  -30.561  16.227  -23.757 0.1428571492
117163  -28.795  17.938  -26.540 0.2857142985
118162  -29.604  18.161  -26.164 0.2857142985
118146  -29.764  17.992  -25.379 0.1428571492
117141  -29.770  17.494  -24.795 0.1428571492
77777  -31.094  -17.412  -9.556 0.1428571492
118128  -30.609  18.380  -23.849 0.1428571492
119250  -29.774  19.750  -26.952 0.2857142985
76474  -26.571  -18.760  -10.029 0.2857142985
76504  -28.202  -18.116  -9.941 0.2857142985
77808  -30.536  -17.321  -9.675 0.1428571492
80434  -31.101  -15.894  -10.289 0.1428571492
86567  -31.745  -10.540  -12.808 0.2857142985
92762  -33.271  -5.049  -14.175 0.4285714328
94121  -31.824  -4.321  -18.714 0.5714285970
92822  -31.644  -5.664  -17.621 0.4285714328
95271  -32.115  -3.732  -19.152 0.7142857313
105116  -31.667  5.679  -20.944 0.7142857313
100630  -32.316  1.382  -21.566 0.8571428657
113279  -28.920  13.867  -27.203 0.7142857313
115271  -28.232  15.356  -25.804 0.5714285970
116245  -28.131  16.539  -25.462 0.2857142985
87844  -29.959  -9.829  -15.755 0.5714285970
97413  -32.813  -1.564  -14.983 0.4285714328
100637  -32.123  1.438  -22.385 0.5714285970
109533  -32.186  8.964  -24.531 0.8571428657
110462  -31.136  10.438  -25.088 0.8571428657
119173  -26.930  19.648  -22.446 0.2857142985
118126  -27.591  18.575  -24.117 0.2857142985
97468  -32.529  -1.713  -21.094 0.8571428657
121113  -24.947  22.009  -23.492 0.2857142985
121105  -25.797  22.152  -22.320 0.2857142985
122001  -26.389  22.939  -21.108 0.1428571492
120159  -25.803  21.370  -22.483 0.2857142985
121137  -24.689  22.268  -24.762 0.2857142985
120147  -26.196  21.373  -21.852 0.1428571492
120160  -26.568  20.546  -21.990 0.1428571492
119208  -25.410  20.843  -24.622 0.2857142985
118173  -28.608  18.880  -26.944 0.2857142985
118159  -27.053  20.067  -26.141 0.2857142985
117161  -27.918  18.202  -26.108 0.2857142985
122002  -26.761  22.347  -20.470 0.1428571492
117162  -28.316  17.720  -26.325 0.2857142985
118125  -26.757  19.548  -24.659 0.2857142985
115280  -29.118  15.616  -26.419 0.2857142985
117140  -29.397  17.224  -25.538 0.1428571492
117138  -27.831  18.172  -25.117 0.2857142985
117133  -30.317  17.388  -23.996 0.1428571492
117150  -29.125  17.555  -26.288 0.1428571492
113261  -30.842  13.741  -23.944 0.1428571492
113280  -29.547  13.997  -27.023 0.5714285970
114218  -31.050  14.422  -22.627 0.1428571492
112323  -31.425  12.700  -23.184 0.1428571492
115262  -29.589  15.552  -25.294 0.2857142985
115250  -30.565  15.275  -23.679 0.2857142985
114238  -29.810  14.508  -25.317 0.4285714328
113274  -29.963  13.537  -25.826 0.5714285970
112357  -29.828  12.880  -26.433 0.7142857313
110446  -31.818  10.419  -23.840 0.7142857313
111352  -31.618  11.145  -24.108 0.7142857313
99602  -31.711  0.867  -22.827 0.5714285970
102973  -32.030  2.531  -23.308 0.5714285970
102971  -30.636  3.146  -23.390 0.4285714328
101809  -30.803  2.162  -23.466 0.4285714328
108478  -31.568  7.876  -19.673 0.5714285970
106243  -32.152  7.121  -21.324 0.7142857313
92862  -30.889  -4.930  -19.469 0.5714285970
95282  -30.554  -3.838  -20.384 0.4285714328
96413  -30.504  -2.101  -21.354 0.4285714328
97476  -31.308  -1.408  -21.852 0.5714285970
98549  -31.598  -0.028  -22.165 0.5714285970
97475  -30.619  -1.324  -21.744 0.4285714328
98543  -32.147  -0.478  -21.646 0.7142857313
105105  -31.288  5.922  -20.103 0.7142857313
91564  -30.500  -6.193  -18.782 0.5714285970
101742  -31.763  2.855  -17.597 0.4285714328
98497  -32.288  0.030  -15.960 0.4285714328
89010  -33.307  -7.969  -12.827 0.2857142985
94020  -33.507  -4.433  -13.356 0.2857142985
96293  -33.453  -1.995  -13.666 0.2857142985
97391  -32.645  -0.669  -14.558 0.4285714328
84122  -32.595  -12.433  -10.781 0.1428571492
85268  -32.671  -11.902  -10.965 0.1428571492
91435  -34.076  -5.738  -12.023 0.2857142985
89000  -33.973  -8.134  -10.993 0.2857142985
75148  -28.443  -19.366  -9.247 0.1428571492
73835  -27.626  -19.955  -8.956 0.1428571492
76448  -29.610  -18.818  -9.126 0.1428571492
121083  -27.203  21.856  -20.067 0.1428571492
76478  -29.837  -18.414  -9.245 0.1428571492
79130  -31.353  -16.747  -9.871 0.1428571492
120137  -27.628  20.855  -20.242 0.1428571492
110445  -29.553  10.440  -24.352 0.5714285970
109530  -29.798  9.278  -24.787 0.4285714328
109522  -29.015  9.257  -23.784 0.4285714328
108502  -29.484  8.094  -24.276 0.4285714328
106274  -30.252  6.309  -24.128 0.4285714328
107402  -30.459  7.148  -24.966 0.4285714328
107394  -30.089  7.102  -24.117 0.4285714328
107401  -29.947  7.647  -24.893 0.5714285970
108517  -30.495  8.375  -25.459 0.5714285970
109539  -30.148  8.946  -25.357 0.5714285970
97346  -34.003  -1.016  -11.643 0.1428571492
98442  -32.867  -0.126  -12.885 0.1428571492
84181  -28.832  -12.792  -13.920 0.2857142985
98405  -34.927  -0.527  -10.588 0.1428571492
97332  -34.425  -1.416  -11.235 0.1428571492
98404  -34.334  -0.518  -11.186 0.1428571492
99457  -35.467  0.355  -10.593 0.1428571492
83015  -28.419  -13.134  -14.075 0.2857142985
95136  -34.515  -3.509  -11.170 0.1428571492
96235  -34.932  -2.867  -10.542 0.1428571492
95156  -34.097  -3.624  -11.758 0.1428571492
96250  -34.661  -2.414  -11.071 0.1428571492
98406  -35.967  -0.377  -10.460 0.1428571492
97333  -35.316  -1.437  -10.502 0.1428571492
99493  -37.446  0.838  -13.044 0.1428571492
99458  -36.404  0.532  -10.894 0.1428571492
100528  -37.453  1.592  -12.307 0.1428571492
81788  -28.244  -13.796  -13.221 0.2857142985
81787  -27.537  -13.947  -13.316 0.2857142985
91400  -34.673  -6.420  -10.528 0.1428571492
92681  -34.824  -5.407  -10.465 0.1428571492
91416  -34.213  -6.452  -11.442 0.1428571492
93979  -34.576  -4.469  -10.928 0.1428571492
96236  -35.729  -2.628  -10.201 0.1428571492
95120  -35.098  -3.680  -10.366 0.1428571492
97323  -36.566  -1.977  -10.479 0.1428571492
97335  -37.434  -1.358  -10.963 0.1428571492
98418  -37.378  -0.165  -11.995 0.1428571492
81769  -27.143  -14.486  -12.792 0.2857142985
80473  -26.836  -15.237  -12.409 0.2857142985
88979  -34.366  -8.571  -10.367 0.1428571492
90165  -35.022  -7.284  -9.761 0.1428571492
92682  -35.757  -5.290  -9.685 0.1428571492
95122  -36.996  -3.417  -9.897 0.1428571492
93965  -35.442  -4.428  -9.978 0.1428571492
97324  -37.072  -2.145  -10.566 0.1428571492
97347  -37.723  -1.127  -12.518 0.1428571492
99494  -38.290  1.162  -13.660 0.1428571492
99519  -37.894  0.486  -13.905 0.1428571492
90137  -34.879  -7.953  -9.786 0.1428571492
88961  -34.765  -8.577  -9.800 0.1428571492
92661  -36.260  -6.040  -9.518 0.1428571492
90138  -35.747  -7.429  -9.298 0.1428571492
93968  -38.207  -4.417  -10.253 0.1428571492
91401  -35.286  -6.475  -9.837 0.1428571492
95123  -37.832  -3.530  -10.308 0.1428571492
93966  -36.374  -4.323  -9.660 0.1428571492
96238  -37.551  -2.589  -10.645 0.1428571492
98443  -37.561  -0.084  -13.193 0.1428571492
96269  -37.921  -1.780  -12.400 0.1428571492
99518  -37.658  0.338  -13.585 0.1428571492
87727  -34.686  -9.205  -9.775 0.1428571492
90139  -36.951  -7.412  -8.819 0.1428571492
88962  -35.297  -8.527  -9.401 0.1428571492
92662  -37.158  -5.949  -9.289 0.1428571492
91378  -36.591  -6.697  -9.299 0.1428571492
95124  -38.324  -3.603  -10.921 0.1428571492
95137  -38.247  -3.554  -11.995 0.1428571492
96270  -38.212  -2.310  -12.569 0.1428571492
96253  -38.044  -2.852  -11.434 0.1428571492
88965  -38.363  -8.243  -9.164 0.1428571492
88963  -36.348  -8.562  -8.720 0.1428571492
91417  -38.572  -6.584  -10.886 0.1428571492
90141  -38.266  -7.291  -9.613 0.1428571492
93980  -38.495  -4.530  -11.235 0.1428571492
92685  -38.477  -5.622  -10.285 0.1428571492
97348  -38.019  -1.642  -12.706 0.1428571492
91379  -37.420  -6.703  -9.301 0.1428571492
91377  -35.959  -6.655  -9.484 0.1428571492
92684  -37.763  -5.203  -9.602 0.1428571492
99520  -38.382  0.520  -14.151 0.1428571492
97334  -36.480  -1.184  -10.428 0.1428571492
98417  -33.836  -0.446  -11.699 0.1428571492
80474  -27.619  -14.893  -12.359 0.2857142985
97372  -38.022  -1.424  -13.358 0.1428571492
97393  -37.743  -0.298  -14.377 0.1428571492
99495  -39.096  1.048  -13.951 0.1428571492
105166  -30.590  5.962  -24.179 0.4285714328
100529  -38.023  1.930  -12.974 0.1428571492
100489  -36.598  1.281  -11.217 0.1428571492
99466  -33.298  0.483  -12.332 0.1428571492
98441  -32.680  0.221  -13.452 0.1428571492
110439  -29.253  10.399  -23.358 0.4285714328
111350  -28.833  11.894  -24.301 0.4285714328
119233  -30.692  19.926  -26.290 0.1428571492
111359  -29.288  11.538  -25.098 0.4285714328
81770  -28.072  -14.294  -12.704 0.2857142985
119249  -29.161  19.996  -27.581 0.1428571492
97345  -33.623  -1.107  -12.204 0.1428571492
87746  -33.908  -9.741  -10.547 0.1428571492
90164  -34.583  -7.364  -10.544 0.1428571492
99517  -32.630  0.888  -14.322 0.1428571492
96249  -33.976  -2.373  -11.761 0.1428571492
97331  -33.784  -1.618  -11.831 0.1428571492
98416  -33.395  -0.346  -12.298 0.1428571492
99455  -34.178  0.051  -11.335 0.1428571492
100487  -35.008  1.074  -10.647 0.1428571492
93964  -34.976  -4.496  -10.442 0.1428571492
95135  -34.247  -3.084  -11.674 0.1428571492
96251  -35.280  -2.234  -10.538 0.1428571492
98407  -36.993  -0.214  -10.886 0.1428571492
97322  -35.885  -1.889  -10.413 0.1428571492
99468  -37.097  0.853  -11.675 0.1428571492
95121  -35.985  -3.442  -9.757 0.1428571492
96237  -36.662  -2.645  -10.136 0.1428571492
96252  -37.699  -2.048  -11.787 0.1428571492
93967  -37.376  -4.307  -9.769 0.1428571492
92683  -36.784  -5.158  -9.441 0.1428571492
90140  -37.818  -7.375  -9.080 0.1428571492
92663  -37.962  -6.046  -9.538 0.1428571492
96294  -38.390  -2.116  -13.832 0.1428571492
92664  -38.337  -6.241  -9.804 0.1428571492
73805  -24.143  -20.600  -8.994 0.1428571492
75145  -25.652  -19.269  -9.712 0.1428571492
73831  -23.955  -19.884  -9.446 0.1428571492
75144  -24.655  -19.379  -9.846 0.1428571492
75170  -25.225  -18.900  -10.088 0.1428571492
77827  -26.603  -17.162  -11.120 0.1428571492
77826  -26.008  -17.092  -11.311 0.1428571492
79175  -25.902  -16.485  -12.014 0.1428571492
79176  -26.963  -16.631  -11.513 0.1428571492
77825  -25.150  -17.105  -11.531 0.1428571492
79191  -25.436  -16.194  -12.192 0.1428571492
80452  -26.546  -15.983  -12.107 0.1428571492
81767  -25.332  -14.781  -12.851 0.1428571492
81786  -26.616  -14.050  -13.427 0.1428571492
82992  -27.117  -13.499  -13.939 0.2857142985
82993  -28.013  -13.520  -13.783 0.1428571492
83014  -27.722  -13.055  -14.352 0.1428571492
84203  -28.398  -12.491  -14.388 0.1428571492
83013  -26.809  -12.952  -14.526 0.2857142985
85377  -28.615  -11.345  -15.441 0.2857142985
89103  -29.653  -8.395  -17.383 0.4285714328
90293  -30.342  -7.610  -17.575 0.4285714328
105155  -29.955  5.307  -23.968 0.2857142985
105156  -31.057  5.441  -23.889 0.2857142985
108495  -28.212  8.166  -22.136 0.2857142985
109521  -28.704  8.906  -22.788 0.2857142985
109514  -28.893  9.644  -22.902 0.2857142985
83012  -26.187  -12.967  -14.765 0.1428571492
84202  -27.422  -12.269  -14.883 0.2857142985
85353  -28.122  -11.841  -14.919 0.1428571492
76501  -25.436  -18.326  -10.497 0.1428571492
80471  -24.848  -15.367  -12.488 0.1428571492
81785  -25.691  -14.157  -13.424 0.1428571492
82991  -26.023  -13.439  -14.196 0.1428571492
84219  -26.420  -11.986  -15.274 0.2857142985
85376  -27.502  -11.578  -15.617 0.2857142985
87870  -29.633  -9.583  -16.225 0.4285714328
87869  -28.958  -9.449  -16.613 0.4285714328
89102  -28.824  -8.586  -17.568 0.2857142985
101808  -30.074  2.239  -23.276 0.2857142985
102969  -29.102  3.751  -23.269 0.2857142985
104038  -30.379  4.261  -23.601 0.2857142985
105153  -28.513  4.599  -23.371 0.2857142985
107395  -30.404  6.771  -24.471 0.2857142985
107386  -27.610  7.152  -22.208 0.2857142985
107378  -27.039  7.279  -21.728 0.2857142985
86628  -28.191  -10.846  -16.166 0.2857142985
104037  -29.445  4.300  -23.509 0.2857142985
102963  -29.148  2.762  -22.882 0.2857142985
105141  -28.312  5.075  -23.184 0.2857142985
106261  -27.786  6.229  -22.350 0.2857142985
106273  -29.460  6.040  -23.613 0.2857142985
106272  -28.951  6.344  -23.114 0.2857142985
106253  -27.134  6.385  -21.911 0.2857142985
107393  -29.284  7.120  -23.479 0.2857142985
104024  -27.521  4.405  -22.505 0.2857142985
104009  -27.386  4.940  -22.196 0.2857142985
106263  -28.907  5.707  -23.141 0.2857142985
89081  -29.956  -8.785  -16.809 0.4285714328
89104  -30.180  -8.323  -17.193 0.4285714328
86653  -29.211  -10.065  -15.974 0.4285714328
77803  -26.144  -17.555  -10.764 0.1428571492
76473  -25.867  -18.709  -10.181 0.1428571492
108501  -29.073  8.090  -23.056 0.2857142985
107387  -28.400  7.019  -22.834 0.2857142985
81768  -26.232  -14.714  -12.852 0.1428571492
73832  -24.856  -19.872  -9.230 0.1428571492
76500  -24.541  -18.331  -10.688 0.1428571492
77802  -25.278  -17.725  -11.040 0.1428571492
79190  -24.966  -15.990  -12.261 0.1428571492
80472  -25.808  -15.685  -12.432 0.1428571492
84201  -26.446  -12.419  -14.994 0.2857142985
89080  -29.217  -8.991  -16.898 0.4285714328
108494  -27.549  7.716  -21.802 0.2857142985
86652  -28.665  -9.997  -16.443 0.4285714328
105127  -26.722  5.535  -21.560 0.2857142985
91562  -29.099  -6.318  -18.629 0.2857142985
90312  -29.570  -6.973  -18.215 0.2857142985
92861  -30.318  -5.532  -19.356 0.2857142985
120195  -28.638  20.336  -24.080 0.1428571492
121140  -29.636  21.367  -25.093 0.1428571492
120209  -28.173  21.200  -25.484 0.1428571492
119231  -28.499  20.341  -26.750 0.1428571492
120196  -29.931  20.648  -23.817 0.1428571492
120223  -27.849  20.959  -26.075 0.1428571492
121138  -25.386  22.578  -24.926 0.1428571492
121106  -26.344  23.333  -23.206 0.1428571492
91563  -29.865  -6.403  -18.733 0.2857142985
91583  -29.638  -5.971  -19.134 0.2857142985
121155  -29.717  21.635  -25.850 0.1428571492
119248  -28.671  19.653  -27.241 0.1428571492
120224  -28.904  21.337  -26.503 0.1428571492
119232  -29.058  20.794  -27.343 0.1428571492
121154  -26.398  21.327  -25.922 0.1428571492
118161  -28.473  19.574  -26.787 0.1428571492
121125  -26.978  21.771  -23.935 0.1428571492
121107  -27.125  22.502  -22.640 0.1428571492
121124  -26.377  22.257  -24.501 0.1428571492
121123  -25.105  23.212  -24.212 0.1428571492
122015  -25.500  23.536  -23.341 0.1428571492
119230  -27.208  20.644  -26.382 0.1428571492
120235  -26.614  21.143  -26.491 0.1428571492
119211  -28.203  21.064  -24.805 0.1428571492
120210  -28.902  21.205  -25.080 0.1428571492
120222  -26.903  21.288  -26.093 0.1428571492
119190  -27.588  21.371  -24.840 0.1428571492
120178  -29.077  20.445  -22.949 0.1428571492
121139  -26.264  21.859  -25.417 0.1428571492
102961  -27.620  3.330  -22.426 0.1428571492
102962  -28.674  3.270  -22.895 0.1428571492
104025  -28.178  4.138  -23.007 0.1428571492
105083  -22.523  5.600  -18.156 0.1428571492
106228  -24.311  6.543  -19.708 0.1428571492
101804  -29.442  2.212  -22.875 0.1428571492
106251  -25.940  6.619  -21.116 0.1428571492
107357  -23.295  7.432  -19.290 0.1428571492
108477  -25.261  8.395  -20.478 0.1428571492
108476  -24.784  8.407  -19.784 0.2857142985
96405  -30.232  -2.946  -21.085 0.2857142985
96404  -29.362  -3.054  -21.083 0.1428571492
100629  -28.751  0.813  -22.150 0.1428571492
99593  -29.320  0.702  -22.947 0.1428571492
101802  -28.209  2.417  -22.395 0.1428571492
107351  -31.540  7.518  -18.568 0.1428571492
104023  -26.984  4.045  -22.359 0.1428571492
107377  -26.372  7.499  -21.509 0.1428571492
109505  -26.815  9.379  -21.536 0.1428571492
109503  -25.586  9.029  -20.784 0.1428571492
111339  -28.033  11.142  -21.858 0.2857142985
113233  -27.279  13.183  -20.018 0.2857142985
113219  -26.422  13.472  -19.388 0.2857142985
114176  -27.775  14.606  -19.554 0.2857142985
119142  -27.755  19.683  -20.387 0.1428571492
116170  -27.030  16.497  -17.316 0.1428571492
110438  -28.804  10.338  -22.573 0.2857142985
110430  -26.708  10.192  -21.336 0.2857142985
113251  -29.029  12.990  -23.109 0.2857142985
112315  -28.160  12.032  -21.198 0.2857142985
112307  -26.916  12.070  -20.414 0.2857142985
114216  -28.587  14.214  -22.462 0.2857142985
113234  -28.080  13.184  -20.798 0.2857142985
113232  -26.497  12.537  -19.840 0.2857142985
116182  -27.958  16.869  -20.018 0.1428571492
114174  -26.205  14.235  -19.197 0.2857142985
118070  -27.639  18.774  -19.337 0.1428571492
119118  -28.223  19.654  -18.213 0.1428571492
113218  -25.884  12.623  -19.511 0.1428571492
112296  -25.230  12.254  -19.164 0.1428571492
109496  -24.625  9.197  -19.590 0.2857142985
115197  -27.745  15.273  -19.199 0.1428571492
114164  -26.375  14.647  -18.992 0.2857142985
116173  -27.351  16.375  -18.363 0.1428571492
115194  -26.718  15.335  -18.621 0.1428571492
107344  -22.350  7.588  -17.925 0.2857142985
114154  -25.056  14.184  -17.508 0.1428571492
116164  -26.753  16.723  -16.113 0.1428571492
115188  -25.984  15.399  -17.381 0.1428571492
108404  -20.346  7.926  -13.937 0.1428571492
105038  -31.514  5.871  -16.258 0.1428571492
99587  -28.935  0.095  -22.806 0.1428571492
100627  -27.348  1.488  -21.463 0.1428571492
108461  -31.636  8.330  -18.353 0.1428571492
101796  -27.545  2.354  -21.899 0.1428571492
102938  -25.676  3.750  -20.955 0.1428571492
103991  -25.636  4.697  -20.789 0.1428571492
105103  -23.834  5.577  -19.198 0.1428571492
106241  -25.415  6.629  -20.719 0.1428571492
108485  -26.186  8.456  -21.551 0.1428571492
108469  -23.953  8.467  -19.260 0.2857142985
110424  -26.349  10.178  -20.790 0.1428571492
111329  -26.548  11.084  -20.527 0.1428571492
111330  -27.031  11.510  -20.736 0.2857142985
112306  -26.288  11.796  -19.999 0.1428571492
114155  -25.692  14.774  -17.941 0.1428571492
114162  -25.303  13.796  -18.302 0.2857142985
115193  -26.080  14.952  -18.126 0.1428571492
115189  -26.729  15.950  -17.960 0.1428571492
116176  -27.746  16.363  -19.286 0.1428571492
116169  -26.467  16.090  -16.738 0.1428571492
106204  -31.571  6.838  -18.034 0.1428571492
107340  -31.598  7.762  -17.686 0.1428571492
114203  -28.508  14.231  -21.241 0.2857142985
117099  -27.696  17.205  -18.082 0.1428571492
114191  -28.136  14.195  -20.130 0.2857142985
115198  -28.496  15.198  -19.665 0.2857142985
116183  -28.589  16.454  -20.095 0.2857142985
118060  -27.851  18.806  -18.522 0.1428571492
111345  -29.131  11.204  -22.872 0.2857142985
98540  -29.882  -0.465  -22.224 0.1428571492
97473  -28.981  -1.437  -21.309 0.1428571492
113260  -28.682  12.590  -23.773 0.2857142985
100636  -29.657  1.346  -23.052 0.1428571492
103923  -31.607  4.816  -16.063 0.1428571492
112322  -28.865  12.008  -23.167 0.2857142985
108487  -27.923  8.849  -21.779 0.1428571492
109513  -28.431  9.385  -22.157 0.1428571492
110432  -28.217  10.308  -21.942 0.1428571492
102950  -27.150  2.892  -21.955 0.1428571492
104008  -26.779  4.538  -22.049 0.1428571492
105126  -26.102  5.628  -21.113 0.1428571492
101787  -25.321  3.183  -20.666 0.1428571492
101794  -26.188  2.939  -21.674 0.1428571492
105114  -24.886  5.639  -20.392 0.1428571492
107366  -24.915  7.482  -20.011 0.1428571492
107367  -25.323  7.533  -20.705 0.1428571492
100634  -28.564  1.871  -22.380 0.1428571492
108468  -23.284  7.987  -18.991 0.1428571492
108484  -25.610  8.412  -21.145 0.1428571492
100628  -28.167  1.422  -22.027 0.1428571492
109504  -26.167  9.297  -21.117 0.2857142985
109498  -25.865  9.631  -20.615 0.2857142985
111338  -27.201  11.110  -21.232 0.2857142985
111344  -28.507  11.017  -22.425 0.2857142985
110431  -27.351  10.322  -21.705 0.2857142985
114190  -27.442  14.022  -19.686 0.2857142985
113210  -25.471  13.308  -18.915 0.1428571492
114175  -26.939  14.444  -19.320 0.2857142985
116165  -27.372  16.955  -16.697 0.1428571492
112321  -28.973  11.888  -22.207 0.2857142985
112308  -27.580  12.443  -20.622 0.2857142985
113244  -28.722  13.086  -21.751 0.2857142985
113231  -26.106  12.200  -19.762 0.1428571492
120138  -28.148  20.443  -19.633 0.1428571492
110423  -25.815  10.325  -20.335 0.1428571492
111328  -25.679  11.184  -20.065 0.2857142985
85350  -25.277  -11.655  -14.869 0.1428571492
85375  -26.407  -11.606  -15.689 0.1428571492
85399  -26.751  -11.086  -16.290 0.1428571492
85373  -24.869  -11.049  -15.130 0.1428571492
87843  -25.144  -9.545  -15.869 0.1428571492
87866  -25.710  -9.563  -16.442 0.1428571492
85398  -26.010  -11.051  -16.191 0.1428571492
87888  -25.997  -9.216  -17.038 0.1428571492
86649  -26.264  -10.361  -16.370 0.1428571492
89099  -26.187  -8.509  -17.285 0.1428571492
87890  -27.601  -9.462  -17.318 0.1428571492
87891  -28.438  -9.359  -17.068 0.1428571492
89101  -27.951  -8.669  -17.592 0.1428571492
89079  -25.420  -8.540  -16.701 0.1428571492
90289  -26.499  -7.668  -17.643 0.1428571492
90291  -28.297  -7.910  -17.994 0.1428571492
90311  -28.654  -7.066  -18.322 0.1428571492
92860  -29.399  -5.263  -19.327 0.1428571492
108455  -23.946  9.040  -18.858 0.1428571492
85400  -27.461  -10.895  -16.384 0.1428571492
86629  -28.920  -10.563  -15.772 0.1428571492
84199  -24.993  -12.026  -14.535 0.1428571492
85349  -24.594  -11.313  -14.374 0.1428571492
86627  -25.601  -10.353  -15.993 0.1428571492
95291  -29.978  -3.843  -20.673 0.1428571492
90292  -29.254  -7.804  -17.921 0.1428571492
85351  -25.954  -11.886  -15.144 0.1428571492
86651  -27.829  -10.264  -16.905 0.1428571492
85374  -25.518  -11.195  -15.573 0.1428571492
87842  -24.474  -9.453  -15.224 0.1428571492
87867  -26.466  -9.786  -16.769 0.1428571492
87889  -26.699  -9.281  -17.253 0.1428571492
87868  -27.089  -9.927  -17.115 0.1428571492
86650  -26.981  -10.409  -16.651 0.1428571492
89100  -27.060  -8.594  -17.512 0.1428571492
90288  -25.731  -7.650  -17.145 0.1428571492
86669  -28.069  -9.820  -17.163 0.1428571492
90290  -27.373  -7.963  -17.967 0.1428571492
89078  -25.017  -8.048  -16.368 0.1428571492
85330  -24.196  -11.610  -13.655 0.1428571492
76505  -28.756  -18.235  -9.794 0.1428571492
77775  -29.641  -17.767  -9.663 0.1428571492
79189  -24.527  -15.719  -12.202 0.1428571492
80451  -26.099  -16.092  -12.243 0.1428571492
84163  -30.624  -12.504  -12.716 0.4285714328
84183  -30.095  -12.605  -13.174 0.4285714328
84220  -26.844  -12.041  -15.357 0.2857142985
85352  -27.665  -11.886  -15.119 0.2857142985
86512  -33.757  -10.801  -10.213 0.1428571492
86631  -30.168  -10.176  -15.079 0.5714285970
86670  -28.249  -9.886  -16.919 0.1428571492
87780  -32.028  -10.089  -12.856 0.4285714328
87818  -30.795  -9.746  -14.764 0.5714285970
89060  -31.910  -8.120  -15.224 0.5714285970
91380  -38.083  -6.711  -9.561 0.1428571492
91402  -38.448  -6.645  -10.024 0.1428571492
91519  -31.955  -6.364  -16.401 0.8571428657
91565  -30.882  -6.218  -18.417 0.5714285970
91584  -30.101  -6.098  -19.102 0.2857142985
92841  -30.685  -5.842  -19.041 0.5714285970
94150  -29.943  -4.428  -20.315 0.1428571492
96239  -37.990  -3.120  -10.799 0.1428571492
96414  -31.306  -2.018  -21.535 0.4285714328
96415  -31.736  -1.959  -21.810 0.5714285970
98465  -37.664  0.046  -14.027 0.1428571492
98553  -30.186  0.356  -22.877 0.2857142985
98554  -30.529  0.572  -22.825 0.5714285970
99588  -29.554  -0.121  -22.962 0.2857142985
99595  -31.379  0.481  -22.498 0.5714285970
99601  -31.001  0.848  -22.921 0.5714285970
99603  -32.008  0.915  -22.562 0.5714285970
100635  -29.045  1.345  -22.532 0.1428571492
100642  -31.599  1.343  -23.224 0.5714285970
100643  -32.118  1.324  -23.006 0.5714285970
101795  -26.724  2.411  -21.464 0.1428571492
101803  -28.872  2.321  -22.599 0.1428571492
101810  -31.502  2.003  -23.433 0.5714285970
101811  -32.014  1.810  -23.298 0.5714285970
102937  -25.223  3.781  -20.449 0.1428571492
102948  -26.115  3.639  -21.581 0.1428571492
102949  -26.740  3.430  -22.114 0.1428571492
102951  -32.352  3.542  -21.820 1.0000000000
102952  -32.496  3.327  -22.315 1.0000000000
102960  -27.186  3.793  -22.405 0.1428571492
102970  -29.606  3.247  -23.224 0.2857142985
104007  -26.242  4.623  -21.244 0.1428571492
104036  -28.764  4.170  -23.358 0.2857142985
105084  -23.102  5.566  -18.758 0.1428571492
105104  -24.401  5.599  -19.803 0.1428571492
105115  -25.505  5.669  -20.733 0.1428571492
105128  -27.301  5.493  -22.026 0.2857142985
105140  -27.796  5.348  -22.476 0.2857142985
105142  -28.839  5.415  -23.574 0.2857142985
105154  -28.868  4.956  -23.876 0.2857142985
105167  -30.971  6.132  -24.371 0.4285714328
106227  -23.542  6.521  -19.310 0.1428571492
106240  -24.889  6.576  -20.252 0.1428571492
106252  -26.543  6.516  -21.464 0.1428571492
106262  -28.454  5.924  -22.733 0.2857142985
106285  -30.733  6.516  -24.626 0.4285714328
106298  -31.256  7.050  -25.351 0.7142857313
107345  -22.787  7.469  -18.717 0.1428571492
107358  -24.091  7.488  -19.656 0.1428571492
107368  -31.566  7.481  -20.114 0.5714285970
107376  -25.734  7.573  -21.245 0.1428571492
107403  -32.013  6.961  -25.045 1.0000000000
107408  -30.310  7.789  -25.310 0.5714285970
108418  -20.279  7.740  -14.509 0.1428571492
108454  -23.218  8.521  -18.460 0.2857142985
108486  -27.224  8.354  -21.582 0.2857142985
108509  -29.931  8.336  -25.179 0.5714285970
108510  -32.231  8.698  -24.938 0.8571428657
108520  -32.426  8.167  -25.142 0.8571428657
109497  -25.270  9.417  -20.113 0.2857142985
109506  -27.665  9.471  -21.675 0.1428571492
109531  -30.333  9.541  -25.002 0.8571428657
111307  -24.693  11.889  -18.931 0.1428571492
111337  -26.708  10.652  -20.990 0.1428571492
111351  -29.073  11.531  -23.966 0.2857142985
111373  -29.888  12.497  -26.413 0.7142857313
112305  -25.689  11.896  -19.666 0.1428571492
112314  -27.421  11.805  -20.796 0.1428571492
112330  -28.704  12.242  -24.282 0.4285714328
112331  -28.741  12.147  -23.711 0.2857142985
112333  -31.707  11.918  -23.360 0.4285714328
112355  -28.824  13.168  -26.892 0.7142857313
113211  -25.847  13.933  -19.195 0.2857142985
113220  -27.081  13.722  -19.478 0.2857142985
113252  -28.809  12.421  -23.427 0.2857142985
113281  -29.770  13.351  -26.475 0.7142857313
114163  -25.811  14.391  -18.597 0.2857142985
114235  -28.229  14.992  -25.076 0.7142857313
114237  -29.494  15.068  -25.739 0.4285714328
114246  -29.648  14.115  -25.997 0.5714285970
115199  -28.810  15.553  -19.704 0.2857142985
115260  -28.203  15.330  -25.252 0.4285714328
115272  -28.480  14.970  -26.158 0.7142857313
115278  -28.196  15.819  -26.049 0.2857142985
116177  -28.464  15.864  -19.456 0.2857142985
116178  -28.697  15.690  -19.543 0.2857142985
116184  -28.927  15.837  -19.834 0.4285714328
116227  -28.153  15.642  -25.073 0.7142857313
116259  -28.105  15.966  -25.802 0.2857142985
117097  -27.522  17.399  -17.174 0.1428571492
117122  -27.455  18.075  -23.011 0.4285714328
117134  -30.880  17.752  -23.342 0.1428571492
117148  -27.753  18.194  -25.619 0.2857142985
118110  -27.528  18.129  -22.704 0.4285714328
118127  -27.962  17.936  -24.493 0.2857142985
119143  -28.059  19.097  -19.840 0.1428571492
119188  -25.353  20.879  -24.252 0.2857142985
119210  -28.000  21.207  -25.211 0.1428571492
119212  -28.404  20.691  -24.484 0.1428571492
119246  -26.366  21.032  -26.519 0.2857142985
119247  -26.568  20.950  -26.536 0.1428571492
120175  -25.536  21.151  -23.330 0.2857142985
120191  -25.026  21.498  -24.349 0.2857142985
120192  -25.295  21.046  -23.945 0.2857142985
120193  -27.335  21.494  -24.547 0.1428571492
120206  -25.268  21.404  -25.167 0.2857142985
120207  -25.804  20.904  -25.550 0.2857142985
120208  -27.249  21.441  -25.273 0.1428571492
120221  -25.851  21.305  -25.679 0.2857142985
120234  -26.314  21.008  -26.299 0.2857142985
121152  -24.871  22.207  -25.340 0.2857142985
121153  -25.447  22.091  -25.538 0.1428571492
121165  -26.159  21.275  -25.872 0.1428571492
121166  -26.441  21.217  -26.307 0.1428571492
122021  -24.784  22.862  -24.596 0.2857142985
122022  -24.866  23.036  -24.811 0.1428571492
122027  -24.712  22.750  -25.025 0.2857142985
122028  -24.984  22.761  -25.179 0.1428571492
122036  -24.844  22.565  -25.249 0.1428571492
122037  -25.076  22.545  -25.336 0.1428571492
122806  -26.259  23.510  -20.852 0.1428571492
