#!ascii label  , from subject 3075 vox2ras=TkReg
1878
118367  -44.148  -1.595  33.065 0.0000000000
111829  -51.995  -6.762  18.611 0.0000000000
128401  -51.406  7.480  36.929 0.0000000000
119589  -53.499  -0.799  26.753 0.0000000000
115028  -51.702  -4.070  36.291 0.0000000000
125207  -51.656  4.381  24.099 0.0000000000
130645  -55.971  9.677  25.514 0.0000000000
134659  -43.724  13.168  20.332 0.0000000000
112739  -43.563  -5.510  40.421 0.0000000000
117267  -47.102  -2.362  28.591 0.0000000000
119619  -50.016  -0.582  24.429 0.0000000000
124071  -47.422  3.368  29.380 0.0000000000
133570  -52.022  13.282  29.763 0.0000000000
130590  -57.162  8.957  32.493 0.0000000000
134588  -53.718  14.052  28.204 0.0000000000
131634  -48.901  10.541  26.804 0.0000000000
135728  -48.511  14.401  21.424 0.0000000000
116247  -53.802  -2.752  19.150 0.0000000000
120669  -42.092  0.575  38.840 0.0000000000
121802  -48.135  1.767  36.399 0.0000000000
117238  -55.170  -2.739  31.011 0.0000000000
117227  -51.412  -2.664  31.999 0.0000000000
112844  -46.807  -6.912  32.201 0.0000000000
110466  -45.311  -8.183  37.081 0.0000000000
117371  -55.631  -2.278  20.846 0.0000000000
123032  -57.894  2.939  20.078 0.0000000000
127352  -50.973  6.292  31.718 0.0000000000
127409  -57.339  6.440  26.594 0.0000000000
127474  -55.349  7.537  19.632 0.0000000000
128587  -50.578  7.995  21.076 0.0000000000
129602  -45.126  8.290  24.024 0.0000000000
118384  -45.002  -1.815  30.276 0.0000000000
120750  -46.185  0.356  28.761 0.0000000000
121823  -45.208  1.217  31.221 0.0000000000
138632  -52.385  17.321  27.195 0.0000000000
136670  -55.153  15.825  29.489 0.0000000000
136716  -53.038  16.104  25.118 0.0000000000
135693  -50.522  14.391  24.473 0.0000000000
114101  -53.315  -5.392  18.130 0.0000000000
122843  -40.529  2.027  41.214 0.0000000000
122859  -44.342  2.073  41.029 0.0000000000
116114  -51.705  -3.672  34.261 0.0000000000
115058  -49.587  -4.713  32.021 0.0000000000
112822  -49.246  -6.233  34.017 0.0000000000
111586  -44.419  -6.955  39.225 0.0000000000
112817  -39.275  -6.210  34.901 0.0000000000
118331  -37.866  -1.715  35.333 0.0000000000
116091  -35.704  -3.504  35.439 0.0000000000
116199  -54.317  -3.065  25.399 0.0000000000
123000  -50.437  1.962  24.046 0.0000000000
118476  -52.377  -1.359  21.827 0.0000000000
121895  -52.734  1.449  21.412 0.0000000000
120820  -56.983  0.343  20.263 0.0000000000
125237  -54.010  4.083  21.749 0.0000000000
125117  -50.273  4.664  38.114 0.0000000000
125143  -49.282  4.328  34.558 0.0000000000
126195  -52.665  5.965  35.812 0.0000000000
129554  -57.368  8.781  28.604 0.0000000000
127365  -57.477  7.015  29.469 0.0000000000
128511  -58.030  7.581  26.405 0.0000000000
127451  -58.052  6.682  22.087 0.0000000000
129648  -55.982  9.306  22.140 0.0000000000
129677  -54.058  9.096  19.870 0.0000000000
128554  -53.191  8.228  23.348 0.0000000000
133629  -45.376  12.944  24.176 0.0000000000
130640  -46.469  9.458  26.045 0.0000000000
132613  -43.510  11.712  24.608 0.0000000000
130653  -41.717  9.916  23.773 0.0000000000
133646  -41.296  12.483  20.831 0.0000000000
116175  -50.152  -2.810  27.856 0.0000000000
117320  -51.849  -2.299  25.277 0.0000000000
118431  -48.594  -1.595  26.651 0.0000000000
121858  -48.433  1.634  26.500 0.0000000000
125181  -49.313  4.462  27.130 0.0000000000
130574  -51.794  9.377  32.800 0.0000000000
129486  -54.919  8.185  36.426 0.0000000000
132540  -54.453  11.053  32.060 0.0000000000
132562  -55.857  12.110  29.693 0.0000000000
131623  -54.376  11.352  28.290 0.0000000000
130627  -52.910  9.151  26.195 0.0000000000
133590  -50.709  12.557  27.256 0.0000000000
134613  -47.805  13.238  24.689 0.0000000000
134661  -45.658  13.651  20.504 0.0000000000
118524  -53.415  -0.974  17.851 0.0000000000
119496  -42.849  -0.827  35.823 0.0000000000
120716  -45.922  0.267  34.599 0.0000000000
120672  -45.127  0.750  38.000 0.0000000000
122863  -47.702  3.059  40.426 0.0000000000
126176  -48.540  5.847  36.943 0.0000000000
127345  -45.741  7.160  33.009 0.0000000000
129532  -49.051  8.371  33.220 0.0000000000
118408  -55.308  -1.022  28.419 0.0000000000
120734  -54.800  0.461  30.438 0.0000000000
118385  -51.797  -1.477  29.226 0.0000000000
116154  -49.214  -3.903  29.660 0.0000000000
115077  -46.513  -4.649  30.093 0.0000000000
114990  -51.309  -4.583  38.566 0.0000000000
113872  -47.099  -5.325  40.900 0.0000000000
112762  -47.899  -6.523  39.284 0.0000000000
112791  -49.201  -6.450  36.891 0.0000000000
110506  -46.342  -7.940  34.108 0.0000000000
117219  -42.776  -3.157  33.801 0.0000000000
112955  -52.511  -6.497  20.792 0.0000000000
117341  -53.189  -2.585  23.393 0.0000000000
115150  -55.182  -4.190  22.559 0.0000000000
114087  -54.423  -4.981  19.825 0.0000000000
116262  -56.759  -2.906  19.664 0.0000000000
118516  -57.119  -0.859  18.626 0.0000000000
123066  -56.028  2.392  18.151 0.0000000000
122935  -47.015  2.843  33.568 0.0000000000
125161  -49.106  4.956  30.096 0.0000000000
126256  -51.306  5.973  28.046 0.0000000000
127342  -54.692  6.983  33.017 0.0000000000
128489  -54.243  7.064  28.620 0.0000000000
126285  -53.911  5.990  24.796 0.0000000000
126316  -56.322  5.401  22.605 0.0000000000
126353  -57.443  5.487  19.620 0.0000000000
125266  -54.645  4.667  18.531 0.0000000000
129607  -50.307  7.791  24.259 0.0000000000
128548  -47.389  7.806  23.051 0.0000000000
129653  -45.022  7.914  21.026 0.0000000000
129637  -43.104  8.059  22.437 0.0000000000
130675  -40.786  8.686  22.891 0.0000000000
119553  -44.376  -1.036  31.402 0.0000000000
120733  -44.778  0.135  30.617 0.0000000000
119544  -44.492  -0.795  32.303 0.0000000000
138661  -53.540  17.298  26.116 0.0000000000
135705  -51.161  15.511  23.410 0.0000000000
112983  -52.213  -6.441  17.592 0.0000000000
116106  -51.867  -3.939  35.306 0.0000000000
113943  -50.182  -5.274  34.096 0.0000000000
113929  -50.331  -5.364  34.989 0.0000000000
112805  -38.559  -6.594  35.523 0.0000000000
115024  -37.154  -4.744  35.272 0.0000000000
117291  -55.076  -1.735  26.876 0.0000000000
118434  -54.026  -1.289  26.060 0.0000000000
124117  -50.963  3.526  24.322 0.0000000000
121888  -51.348  1.443  22.511 0.0000000000
123009  -52.193  2.977  22.420 0.0000000000
123019  -53.384  2.494  21.186 0.0000000000
125229  -52.917  4.231  22.713 0.0000000000
127281  -50.720  6.045  38.322 0.0000000000
126193  -50.974  5.245  36.388 0.0000000000
127292  -52.359  6.360  37.643 0.0000000000
131655  -56.459  10.154  26.830 0.0000000000
129563  -57.365  8.798  27.452 0.0000000000
130646  -56.746  9.403  25.817 0.0000000000
129612  -56.979  8.643  24.338 0.0000000000
130660  -55.854  9.537  24.440 0.0000000000
129627  -54.869  8.945  22.985 0.0000000000
130659  -54.939  9.244  24.057 0.0000000000
134622  -44.571  13.355  22.659 0.0000000000
133615  -44.121  12.405  24.157 0.0000000000
133638  -43.404  13.061  22.180 0.0000000000
133625  -41.891  12.347  22.693 0.0000000000
133647  -42.263  12.743  21.040 0.0000000000
117269  -48.401  -2.782  27.902 0.0000000000
117285  -48.750  -2.550  27.269 0.0000000000
118417  -47.656  -1.637  27.572 0.0000000000
122955  -46.454  1.762  28.906 0.0000000000
120761  -47.554  0.670  27.399 0.0000000000
122965  -47.660  2.499  27.639 0.0000000000
124097  -48.388  2.932  26.649 0.0000000000
124082  -47.986  3.449  28.143 0.0000000000
131598  -52.287  10.236  31.605 0.0000000000
130576  -53.293  9.834  33.018 0.0000000000
132558  -53.617  12.102  30.829 0.0000000000
135653  -54.730  14.805  28.327 0.0000000000
134569  -55.510  13.858  29.830 0.0000000000
133582  -54.824  13.158  28.754 0.0000000000
131624  -55.569  11.406  28.722 0.0000000000
132571  -53.783  11.956  28.462 0.0000000000
131621  -53.083  11.285  28.143 0.0000000000
133592  -52.436  12.941  27.857 0.0000000000
135716  -49.281  14.367  22.508 0.0000000000
134628  -49.236  13.812  24.127 0.0000000000
135715  -48.102  14.087  22.279 0.0000000000
134639  -46.633  13.615  22.731 0.0000000000
134663  -47.316  14.051  20.632 0.0000000000
118499  -53.448  -1.777  18.413 0.0000000000
120696  -42.758  -0.036  37.059 0.0000000000
119463  -44.329  -0.161  37.058 0.0000000000
120670  -43.077  0.582  38.639 0.0000000000
124019  -44.960  2.773  38.324 0.0000000000
124001  -45.597  2.939  40.116 0.0000000000
124012  -46.626  3.514  39.088 0.0000000000
125098  -47.843  4.430  38.407 0.0000000000
125113  -46.580  4.478  36.581 0.0000000000
129528  -44.956  8.696  32.586 0.0000000000
128451  -47.349  7.857  32.873 0.0000000000
130570  -47.547  9.258  32.024 0.0000000000
130585  -49.326  9.566  31.602 0.0000000000
131604  -48.181  11.321  30.980 0.0000000000
117259  -54.087  -2.658  29.136 0.0000000000
118395  -55.195  -1.546  29.249 0.0000000000
119536  -53.820  -0.261  31.942 0.0000000000
118378  -52.932  -0.743  31.303 0.0000000000
119555  -53.065  -0.384  29.891 0.0000000000
117249  -52.206  -1.348  30.402 0.0000000000
116156  -50.962  -2.577  29.660 0.0000000000
116142  -50.888  -2.786  30.509 0.0000000000
112854  -48.144  -6.177  31.711 0.0000000000
113980  -48.294  -5.113  30.746 0.0000000000
113967  -46.645  -5.789  31.107 0.0000000000
113870  -44.982  -5.298  41.071 0.0000000000
112777  -46.502  -7.048  38.851 0.0000000000
111604  -46.521  -7.366  38.142 0.0000000000
112779  -48.121  -6.664  38.226 0.0000000000
111634  -47.226  -7.606  36.337 0.0000000000
111647  -47.459  -7.618  35.473 0.0000000000
110488  -45.989  -8.345  35.593 0.0000000000
118347  -41.948  -2.124  34.762 0.0000000000
117209  -40.373  -2.813  34.389 0.0000000000
111798  -51.768  -7.281  21.877 0.0000000000
118443  -50.210  -1.978  25.133 0.0000000000
117330  -52.012  -2.306  24.309 0.0000000000
118462  -51.529  -1.840  23.451 0.0000000000
118478  -54.117  -1.657  20.781 0.0000000000
117359  -53.744  -2.488  21.955 0.0000000000
116231  -55.705  -3.365  21.774 0.0000000000
115159  -55.468  -4.451  21.441 0.0000000000
115169  -56.292  -3.615  21.196 0.0000000000
115177  -55.621  -3.978  19.615 0.0000000000
117373  -57.072  -2.340  20.423 0.0000000000
121911  -57.304  1.736  19.983 0.0000000000
119654  -57.532  -0.422  19.724 0.0000000000
120843  -58.258  1.226  19.004 0.0000000000
120841  -56.858  0.664  18.511 0.0000000000
123054  -57.642  2.536  18.644 0.0000000000
121807  -46.744  0.811  35.377 0.0000000000
121818  -46.019  1.795  33.467 0.0000000000
122928  -47.498  2.230  35.088 0.0000000000
126223  -50.620  5.555  33.737 0.0000000000
125153  -49.168  4.948  32.450 0.0000000000
126230  -49.897  5.605  31.373 0.0000000000
126236  -49.830  5.345  29.544 0.0000000000
127361  -51.187  6.281  29.832 0.0000000000
129509  -56.132  8.528  34.954 0.0000000000
127314  -55.436  7.333  35.220 0.0000000000
128441  -56.262  7.502  33.705 0.0000000000
127397  -57.111  6.549  27.690 0.0000000000
128476  -55.728  7.472  29.748 0.0000000000
127396  -55.842  6.874  27.930 0.0000000000
127406  -53.989  6.646  26.770 0.0000000000
127418  -55.487  6.466  25.830 0.0000000000
126300  -55.265  5.776  23.765 0.0000000000
127441  -56.898  5.682  24.083 0.0000000000
128603  -56.348  7.832  21.063 0.0000000000
127461  -57.397  6.419  21.450 0.0000000000
127488  -56.552  6.030  19.577 0.0000000000
126352  -56.237  5.404  19.067 0.0000000000
126351  -54.890  5.968  19.206 0.0000000000
126359  -53.604  5.996  18.423 0.0000000000
127486  -54.562  7.361  18.960 0.0000000000
129660  -52.115  8.646  20.515 0.0000000000
129687  -51.527  9.209  18.492 0.0000000000
130610  -50.079  9.753  27.124 0.0000000000
129575  -51.052  8.513  26.039 0.0000000000
129574  -50.025  8.507  26.061 0.0000000000
129586  -45.830  8.723  25.291 0.0000000000
129604  -47.441  7.888  24.725 0.0000000000
128530  -46.083  7.943  23.715 0.0000000000
129640  -46.298  8.391  21.183 0.0000000000
129622  -44.907  8.271  22.565 0.0000000000
129638  -44.227  8.053  21.758 0.0000000000
129621  -43.968  8.295  23.108 0.0000000000
132619  -40.132  10.994  22.615 0.0000000000
130667  -41.167  9.426  23.196 0.0000000000
131677  -39.674  10.326  22.733 0.0000000000
130665  -39.524  9.913  23.253 0.0000000000
117255  -45.915  -2.590  29.387 0.0000000000
118403  -46.569  -1.578  28.668 0.0000000000
119573  -45.597  -0.307  29.247 0.0000000000
120738  -45.925  0.825  29.154 0.0000000000
122945  -46.101  2.061  29.561 0.0000000000
135634  -54.066  15.003  29.739 0.0000000000
137644  -54.144  16.477  28.233 0.0000000000
136697  -54.408  16.243  27.274 0.0000000000
136695  -53.110  15.170  26.918 0.0000000000
135671  -51.551  14.243  26.475 0.0000000000
136723  -51.296  15.214  24.551 0.0000000000
135704  -50.431  14.873  23.236 0.0000000000
115186  -53.174  -4.418  18.192 0.0000000000
120631  -40.699  0.536  41.056 0.0000000000
120633  -42.600  0.805  40.637 0.0000000000
122857  -42.394  2.356  40.880 0.0000000000
116121  -51.417  -3.372  32.820 0.0000000000
116128  -50.515  -3.829  32.027 0.0000000000
115060  -50.783  -4.187  33.091 0.0000000000
112835  -49.150  -5.949  33.240 0.0000000000
112833  -48.057  -7.006  33.160 0.0000000000
112758  -43.998  -6.292  39.902 0.0000000000
110453  -43.007  -7.867  38.045 0.0000000000
113939  -39.779  -5.474  34.537 0.0000000000
117208  -39.413  -2.809  34.501 0.0000000000
116094  -38.405  -4.018  34.898 0.0000000000
117197  -37.412  -2.704  35.083 0.0000000000
120792  -50.120  0.405  23.957 0.0000000000
119632  -50.766  -0.516  23.037 0.0000000000
120800  -51.027  0.400  22.715 0.0000000000
120809  -52.268  0.430  21.595 0.0000000000
119650  -54.447  -0.629  20.439 0.0000000000
119651  -55.490  -0.581  20.381 0.0000000000
121901  -54.505  1.363  20.515 0.0000000000
123029  -55.096  2.428  20.552 0.0000000000
124148  -55.990  3.348  20.527 0.0000000000
124035  -49.177  3.232  37.206 0.0000000000
124046  -48.507  3.242  35.579 0.0000000000
125129  -49.444  4.374  35.951 0.0000000000
125145  -51.137  5.058  35.335 0.0000000000
127339  -51.727  6.138  33.856 0.0000000000
129540  -57.325  9.189  30.399 0.0000000000
128471  -57.251  7.771  31.470 0.0000000000
129544  -58.066  7.901  29.423 0.0000000000
128493  -58.392  6.925  28.386 0.0000000000
127411  -58.246  6.529  26.051 0.0000000000
126289  -58.494  5.759  24.476 0.0000000000
128557  -58.387  6.764  23.977 0.0000000000
128576  -57.161  7.406  22.608 0.0000000000
129679  -55.791  8.791  20.870 0.0000000000
129690  -54.681  9.311  19.033 0.0000000000
129663  -55.338  9.326  21.298 0.0000000000
129645  -53.279  8.452  22.149 0.0000000000
128573  -52.198  8.151  22.507 0.0000000000
132603  -46.793  11.490  25.952 0.0000000000
130622  -47.751  9.496  26.442 0.0000000000
132602  -45.644  11.513  25.741 0.0000000000
131663  -44.971  10.654  25.775 0.0000000000
130637  -43.831  10.005  25.131 0.0000000000
129600  -43.134  9.189  24.104 0.0000000000
131671  -42.795  10.772  24.717 0.0000000000
132620  -41.068  11.676  22.849 0.0000000000
132635  -40.068  12.200  21.164 0.0000000000
118405  -51.759  -1.843  27.778 0.0000000000
117289  -52.067  -1.963  26.747 0.0000000000
117304  -50.772  -2.461  26.344 0.0000000000
117318  -50.221  -2.303  25.704 0.0000000000
119611  -49.197  -0.590  25.721 0.0000000000
119587  -47.439  -0.536  27.587 0.0000000000
120772  -48.381  -0.033  26.441 0.0000000000
120784  -49.334  0.387  25.316 0.0000000000
121868  -49.732  1.810  24.840 0.0000000000
124105  -49.561  3.394  25.558 0.0000000000
125190  -50.344  4.524  25.878 0.0000000000
129505  -51.930  8.540  35.195 0.0000000000
129494  -52.903  8.361  36.155 0.0000000000
129506  -53.096  8.821  35.024 0.0000000000
130547  -54.362  9.404  34.307 0.0000000000
131589  -55.925  10.108  32.781 0.0000000000
133553  -54.949  12.509  31.205 0.0000000000
132550  -55.428  11.951  31.371 0.0000000000
131610  -56.360  10.734  30.977 0.0000000000
131613  -56.529  10.965  29.507 0.0000000000
131641  -55.813  10.682  27.678 0.0000000000
130615  -55.001  10.536  27.015 0.0000000000
130628  -54.297  9.521  26.361 0.0000000000
130613  -53.422  9.953  27.260 0.0000000000
131637  -51.352  10.686  27.626 0.0000000000
132581  -49.531  11.447  27.083 0.0000000000
134604  -50.408  13.706  26.047 0.0000000000
133608  -49.382  12.810  26.246 0.0000000000
132605  -48.327  12.221  26.052 0.0000000000
133618  -46.923  12.881  24.999 0.0000000000
134638  -45.816  13.670  22.497 0.0000000000
134660  -44.646  13.371  20.340 0.0000000000
118349  -44.179  -1.433  35.053 0.0000000000
119522  -44.810  -0.696  34.014 0.0000000000
119498  -44.750  -0.778  35.672 0.0000000000
119481  -45.623  0.060  36.396 0.0000000000
120688  -46.913  0.893  37.261 0.0000000000
121781  -44.919  1.161  39.948 0.0000000000
121783  -46.394  1.636  38.985 0.0000000000
122906  -47.642  1.903  37.973 0.0000000000
124014  -48.681  3.367  39.206 0.0000000000
126153  -48.999  5.085  38.693 0.0000000000
127298  -49.796  6.523  36.872 0.0000000000
126207  -45.719  5.630  34.352 0.0000000000
126209  -47.330  5.922  35.136 0.0000000000
127323  -48.720  6.956  35.074 0.0000000000
129503  -50.059  7.957  34.884 0.0000000000
129533  -50.350  8.590  33.325 0.0000000000
131597  -51.031  10.173  31.337 0.0000000000
133569  -51.014  13.021  29.614 0.0000000000
117272  -54.372  -2.505  28.157 0.0000000000
119591  -54.745  -0.359  27.643 0.0000000000
119558  -55.953  -0.250  30.775 0.0000000000
119566  -55.607  -0.275  29.985 0.0000000000
120754  -55.075  0.456  29.079 0.0000000000
119577  -54.030  0.084  28.356 0.0000000000
119576  -53.077  -0.616  27.792 0.0000000000
117258  -51.240  -2.158  29.003 0.0000000000
116163  -49.449  -3.408  28.651 0.0000000000
116153  -48.136  -3.789  29.258 0.0000000000
115081  -49.483  -4.228  31.003 0.0000000000
115095  -48.450  -4.249  29.860 0.0000000000
116151  -46.474  -3.339  29.275 0.0000000000
116139  -45.530  -3.552  30.075 0.0000000000
113847  -48.876  -4.740  41.359 0.0000000000
112759  -44.929  -6.392  39.799 0.0000000000
112743  -47.524  -6.175  40.164 0.0000000000
113873  -48.430  -5.591  40.460 0.0000000000
113892  -49.487  -5.894  39.170 0.0000000000
113903  -49.804  -5.908  37.662 0.0000000000
113912  -49.792  -5.824  36.486 0.0000000000
112807  -48.735  -6.752  35.203 0.0000000000
111659  -47.593  -7.411  34.584 0.0000000000
111688  -46.375  -7.418  32.738 0.0000000000
118356  -43.615  -2.171  33.697 0.0000000000
118348  -43.208  -1.978  34.590 0.0000000000
119495  -41.810  -0.745  35.813 0.0000000000
120694  -40.993  0.319  37.234 0.0000000000
120667  -40.143  0.443  39.216 0.0000000000
110637  -51.267  -7.938  21.325 0.0000000000
111808  -51.736  -7.458  20.861 0.0000000000
112963  -52.354  -6.651  19.718 0.0000000000
117321  -52.908  -1.986  25.245 0.0000000000
117332  -53.857  -2.534  24.165 0.0000000000
117349  -52.598  -2.339  22.753 0.0000000000
116213  -54.501  -3.412  23.084 0.0000000000
114059  -54.293  -4.686  22.721 0.0000000000
114078  -53.098  -5.587  21.766 0.0000000000
112956  -53.050  -5.989  20.427 0.0000000000
112964  -53.163  -6.003  19.460 0.0000000000
114093  -53.700  -5.438  19.210 0.0000000000
115187  -54.476  -4.130  18.873 0.0000000000
116260  -54.827  -3.092  18.757 0.0000000000
118488  -57.457  -1.376  20.096 0.0000000000
118500  -57.204  -1.876  19.169 0.0000000000
117395  -54.651  -2.079  18.772 0.0000000000
119670  -55.549  -0.422  18.432 0.0000000000
120839  -54.800  0.515  18.231 0.0000000000
121937  -54.523  2.037  17.809 0.0000000000
120721  -45.264  0.450  33.123 0.0000000000
122933  -45.947  2.145  32.344 0.0000000000
124067  -46.833  3.387  30.998 0.0000000000
125147  -48.041  3.854  33.763 0.0000000000
125155  -47.765  4.140  32.246 0.0000000000
124069  -47.914  3.945  29.798 0.0000000000
125164  -49.002  4.962  29.048 0.0000000000
126255  -50.323  5.366  27.470 0.0000000000
126272  -51.393  5.146  25.380 0.0000000000
128413  -54.153  6.861  36.735 0.0000000000
127326  -53.431  6.352  34.917 0.0000000000
127348  -52.700  6.748  32.470 0.0000000000
128462  -56.181  7.422  31.818 0.0000000000
128460  -54.306  7.247  31.226 0.0000000000
127354  -52.846  7.094  31.177 0.0000000000
127378  -52.653  6.643  28.375 0.0000000000
126265  -52.409  6.167  26.588 0.0000000000
126284  -52.402  5.230  24.416 0.0000000000
126314  -53.744  4.864  22.822 0.0000000000
125247  -56.794  4.111  20.713 0.0000000000
126332  -58.508  5.574  22.160 0.0000000000
126342  -58.078  5.516  20.512 0.0000000000
125258  -58.408  4.154  19.381 0.0000000000
125268  -56.985  4.251  18.460 0.0000000000
124174  -55.127  3.493  17.823 0.0000000000
129709  -53.620  9.129  17.771 0.0000000000
130642  -53.291  8.721  25.080 0.0000000000
128536  -52.102  7.880  24.245 0.0000000000
128551  -50.559  7.661  23.387 0.0000000000
129588  -48.377  8.083  25.257 0.0000000000
128550  -49.516  7.611  23.481 0.0000000000
128570  -49.001  7.871  22.123 0.0000000000
129641  -47.346  8.321  21.100 0.0000000000
129670  -46.476  8.084  19.594 0.0000000000
127467  -45.242  7.067  20.366 0.0000000000
130668  -42.047  9.381  23.587 0.0000000000
129636  -42.082  8.299  22.549 0.0000000000
134686  -43.139  13.334  17.704 0.0000000000
133675  -42.228  13.235  18.249 0.0000000000
134672  -40.751  13.525  18.825 0.0000000000
133664  -39.516  13.236  19.665 0.0000000000
134657  -38.712  13.173  20.286 0.0000000000
118376  -43.944  -1.934  32.035 0.0000000000
111843  -52.021  -6.830  18.200 0.0000000000
116096  -52.189  -3.581  36.103 0.0000000000
115027  -51.429  -4.379  35.823 0.0000000000
115026  -50.867  -4.865  35.410 0.0000000000
112804  -37.645  -6.336  35.936 0.0000000000
119604  -54.156  -0.781  26.471 0.0000000000
118435  -54.601  -1.311  26.224 0.0000000000
119603  -53.810  -1.019  26.333 0.0000000000
124124  -51.599  3.579  23.360 0.0000000000
124132  -52.309  3.600  22.694 0.0000000000
125218  -51.980  4.268  23.497 0.0000000000
128393  -50.907  7.174  37.241 0.0000000000
127291  -51.466  6.354  38.001 0.0000000000
128395  -52.280  7.031  37.716 0.0000000000
130630  -56.276  10.012  26.332 0.0000000000
130661  -56.464  9.142  24.872 0.0000000000
130644  -55.084  9.609  25.311 0.0000000000
134650  -43.972  13.402  21.254 0.0000000000
133627  -43.988  13.011  23.186 0.0000000000
133648  -43.142  12.982  21.192 0.0000000000
133637  -42.474  12.724  22.043 0.0000000000
133657  -42.998  12.882  20.254 0.0000000000
117268  -47.766  -2.471  28.134 0.0000000000
117284  -48.104  -2.266  27.566 0.0000000000
122956  -46.933  2.433  28.572 0.0000000000
122964  -47.294  1.996  27.900 0.0000000000
122957  -47.529  2.929  28.235 0.0000000000
124081  -47.555  3.224  28.655 0.0000000000
132557  -52.549  11.409  30.740 0.0000000000
133563  -52.996  12.940  30.198 0.0000000000
135652  -54.130  14.384  28.215 0.0000000000
134579  -55.092  14.081  28.816 0.0000000000
134578  -54.326  13.836  28.461 0.0000000000
133581  -54.083  12.859  28.471 0.0000000000
134577  -53.636  13.428  28.294 0.0000000000
133580  -53.157  12.672  28.270 0.0000000000
134587  -52.978  13.713  27.910 0.0000000000
134642  -49.048  13.876  23.434 0.0000000000
135727  -47.538  13.993  21.598 0.0000000000
135738  -47.855  14.273  20.664 0.0000000000
115195  -52.263  -4.857  17.222 0.0000000000
116258  -52.628  -3.382  18.495 0.0000000000
117381  -52.848  -2.771  18.554 0.0000000000
117383  -53.763  -2.035  18.886 0.0000000000
120683  -42.444  0.319  37.858 0.0000000000
124031  -44.632  3.112  37.364 0.0000000000
124020  -45.587  3.333  38.526 0.0000000000
124032  -45.831  3.791  36.984 0.0000000000
124033  -46.512  4.132  37.169 0.0000000000
125112  -45.832  4.346  36.276 0.0000000000
130583  -47.225  10.105  31.592 0.0000000000
131594  -47.897  10.843  31.223 0.0000000000
116145  -54.108  -3.451  30.507 0.0000000000
117251  -54.782  -2.335  30.212 0.0000000000
117237  -52.132  -1.643  31.036 0.0000000000
117236  -51.480  -2.333  31.253 0.0000000000
112853  -47.235  -6.438  31.589 0.0000000000
113968  -47.568  -5.776  31.110 0.0000000000
112852  -46.267  -6.377  31.558 0.0000000000
113966  -45.738  -5.675  31.200 0.0000000000
112851  -45.437  -6.252  31.588 0.0000000000
111620  -45.202  -7.821  37.784 0.0000000000
111621  -46.015  -7.815  37.418 0.0000000000
111622  -46.957  -7.370  37.322 0.0000000000
111633  -46.455  -7.926  36.448 0.0000000000
110477  -45.668  -8.288  36.446 0.0000000000
115040  -41.071  -4.063  33.953 0.0000000000
116103  -40.818  -3.579  34.170 0.0000000000
114057  -53.023  -5.802  23.303 0.0000000000
118453  -50.539  -1.667  24.414 0.0000000000
118454  -51.231  -1.926  24.049 0.0000000000
118461  -50.858  -1.340  23.554 0.0000000000
117370  -54.818  -2.282  20.888 0.0000000000
117361  -55.256  -2.880  21.440 0.0000000000
117362  -56.068  -2.780  21.330 0.0000000000
116232  -56.226  -3.250  21.391 0.0000000000
116239  -56.514  -3.208  20.898 0.0000000000
117372  -56.419  -2.265  20.719 0.0000000000
123041  -57.580  2.333  19.956 0.0000000000
121912  -57.751  1.747  19.757 0.0000000000
121913  -58.160  1.672  19.353 0.0000000000
121927  -58.055  1.707  18.844 0.0000000000
123043  -58.392  2.462  19.203 0.0000000000
121808  -47.441  1.357  35.674 0.0000000000
121815  -47.092  1.684  35.029 0.0000000000
121809  -48.069  1.879  35.938 0.0000000000
127346  -50.817  6.200  32.296 0.0000000000
126226  -49.799  5.518  32.154 0.0000000000
126234  -50.425  5.924  31.057 0.0000000000
127357  -51.132  6.224  30.792 0.0000000000
130562  -57.052  8.453  33.753 0.0000000000
128442  -56.864  7.766  34.113 0.0000000000
128457  -57.339  7.824  33.432 0.0000000000
127408  -56.271  6.565  26.769 0.0000000000
127407  -55.067  6.640  26.801 0.0000000000
127419  -56.644  6.320  25.701 0.0000000000
127429  -55.803  6.180  24.799 0.0000000000
127430  -57.118  5.888  24.671 0.0000000000
128602  -55.612  8.089  20.285 0.0000000000
127475  -56.656  6.692  20.173 0.0000000000
127487  -55.753  6.537  19.377 0.0000000000
127473  -54.913  8.055  19.162 0.0000000000
129659  -51.200  8.506  20.270 0.0000000000
128600  -50.415  8.548  20.152 0.0000000000
128599  -49.892  8.329  20.542 0.0000000000
130625  -50.526  9.083  26.723 0.0000000000
130624  -49.493  9.327  26.635 0.0000000000
129585  -44.805  9.069  24.978 0.0000000000
128546  -45.641  8.105  22.943 0.0000000000
119562  -45.711  -1.279  29.350 0.0000000000
119561  -45.336  -0.802  29.749 0.0000000000
120737  -45.559  0.339  29.481 0.0000000000
121825  -45.484  1.059  30.213 0.0000000000
122944  -45.684  1.591  29.908 0.0000000000
122940  -45.565  1.900  30.486 0.0000000000
137643  -53.237  16.535  28.339 0.0000000000
138633  -53.294  17.297  27.340 0.0000000000
137678  -53.365  16.683  25.253 0.0000000000
137669  -54.136  17.028  26.494 0.0000000000
136704  -53.804  16.397  26.243 0.0000000000
136696  -53.919  15.606  26.932 0.0000000000
136703  -53.173  15.642  26.172 0.0000000000
135683  -52.469  15.462  25.660 0.0000000000
136715  -51.877  15.532  25.075 0.0000000000
136732  -50.836  15.553  22.773 0.0000000000
135729  -49.524  14.655  21.125 0.0000000000
112995  -52.065  -6.234  16.884 0.0000000000
114110  -52.440  -5.659  17.269 0.0000000000
115196  -53.014  -4.966  17.629 0.0000000000
120615  -40.691  0.900  41.561 0.0000000000
121748  -41.562  1.397  41.444 0.0000000000
122844  -41.497  1.964  41.205 0.0000000000
116115  -52.183  -2.874  33.806 0.0000000000
115052  -51.119  -4.226  33.828 0.0000000000
113942  -49.669  -5.676  33.702 0.0000000000
112834  -48.510  -6.596  33.435 0.0000000000
111643  -39.979  -7.646  35.462 0.0000000000
112818  -40.018  -6.541  34.700 0.0000000000
115037  -38.704  -4.477  34.713 0.0000000000
113938  -38.731  -5.427  34.777 0.0000000000
116092  -36.683  -3.708  35.078 0.0000000000
117196  -36.353  -2.639  35.319 0.0000000000
121875  -50.056  1.367  24.341 0.0000000000
120799  -50.537  0.383  23.301 0.0000000000
121887  -50.797  1.125  22.990 0.0000000000
123017  -51.698  2.055  22.161 0.0000000000
121894  -51.936  1.406  21.897 0.0000000000
120810  -53.054  0.409  21.062 0.0000000000
120817  -53.919  0.388  20.519 0.0000000000
121896  -53.552  1.392  20.813 0.0000000000
124141  -54.119  3.438  21.324 0.0000000000
123020  -54.293  2.811  20.851 0.0000000000
124147  -55.000  3.447  20.802 0.0000000000
124023  -49.411  3.404  38.030 0.0000000000
125115  -49.202  3.733  36.640 0.0000000000
125116  -49.719  4.203  37.344 0.0000000000
126194  -51.708  5.447  36.013 0.0000000000
125131  -51.130  5.156  35.847 0.0000000000
126212  -51.818  5.647  35.009 0.0000000000
126224  -51.324  5.691  34.175 0.0000000000
127325  -52.314  6.133  34.542 0.0000000000
129543  -57.289  8.934  29.719 0.0000000000
129541  -57.475  8.410  30.748 0.0000000000
129578  -57.461  7.979  26.460 0.0000000000
128492  -58.352  7.227  27.963 0.0000000000
128502  -58.211  7.378  27.311 0.0000000000
127399  -58.194  6.583  27.050 0.0000000000
128524  -58.426  6.998  25.795 0.0000000000
127422  -58.546  6.296  25.148 0.0000000000
128540  -58.451  6.931  24.868 0.0000000000
130678  -56.494  9.120  23.097 0.0000000000
129629  -56.828  8.230  23.414 0.0000000000
129649  -56.500  8.551  22.492 0.0000000000
129665  -56.341  8.591  21.615 0.0000000000
129664  -56.006  9.080  21.345 0.0000000000
128589  -55.458  9.353  21.653 0.0000000000
129626  -53.822  8.376  23.091 0.0000000000
129646  -54.559  8.774  22.065 0.0000000000
129644  -52.224  8.431  21.584 0.0000000000
128553  -52.656  8.072  23.206 0.0000000000
133604  -46.317  12.245  25.373 0.0000000000
133603  -45.419  12.231  25.252 0.0000000000
132614  -44.238  12.056  24.722 0.0000000000
132601  -44.496  11.608  25.297 0.0000000000
131662  -44.122  10.613  25.376 0.0000000000
132600  -43.631  11.066  25.143 0.0000000000
132612  -42.166  11.718  23.971 0.0000000000
133636  -41.605  12.355  21.873 0.0000000000
132621  -41.866  12.167  23.273 0.0000000000
132629  -40.760  12.097  21.641 0.0000000000
132636  -40.641  12.310  21.034 0.0000000000
117288  -51.491  -2.255  27.133 0.0000000000
117287  -50.581  -2.537  27.332 0.0000000000
117302  -49.096  -2.292  26.589 0.0000000000
118432  -49.094  -1.584  26.086 0.0000000000
118442  -49.671  -1.589  25.520 0.0000000000
119602  -48.694  -0.657  26.289 0.0000000000
119575  -46.738  -0.601  28.375 0.0000000000
120751  -47.027  0.422  28.175 0.0000000000
120762  -47.792  1.149  27.169 0.0000000000
120771  -48.105  0.666  26.780 0.0000000000
120778  -48.543  1.016  26.363 0.0000000000
120779  -48.797  0.459  26.070 0.0000000000
121866  -48.748  1.303  26.087 0.0000000000
121874  -49.515  1.101  24.862 0.0000000000
121859  -48.837  1.890  26.065 0.0000000000
124098  -48.840  3.454  26.401 0.0000000000
122982  -49.045  2.563  25.767 0.0000000000
125196  -50.143  3.959  25.521 0.0000000000
125189  -49.662  4.152  26.114 0.0000000000
129534  -51.380  8.913  33.387 0.0000000000
129519  -52.256  8.963  34.002 0.0000000000
131576  -54.089  10.414  33.075 0.0000000000
130558  -53.844  9.877  33.549 0.0000000000
130559  -54.887  9.852  33.559 0.0000000000
130560  -55.888  9.588  33.961 0.0000000000
130577  -55.176  10.201  33.000 0.0000000000
135635  -54.767  15.565  29.949 0.0000000000
133564  -54.349  12.958  30.522 0.0000000000
134554  -54.865  14.064  30.312 0.0000000000
133566  -55.532  13.027  30.239 0.0000000000
133554  -55.423  12.590  30.894 0.0000000000
132559  -55.814  11.932  30.667 0.0000000000
131609  -55.806  11.479  31.279 0.0000000000
130595  -57.101  9.923  30.100 0.0000000000
132563  -56.222  11.544  29.659 0.0000000000
131640  -54.916  10.796  27.695 0.0000000000
131653  -55.394  10.530  27.116 0.0000000000
130614  -54.465  10.278  27.107 0.0000000000
131639  -53.898  10.613  27.955 0.0000000000
132583  -51.543  11.756  27.748 0.0000000000
131638  -52.695  10.955  27.965 0.0000000000
132582  -50.561  11.507  27.433 0.0000000000
131636  -50.269  10.559  27.363 0.0000000000
135681  -50.887  14.333  25.637 0.0000000000
135670  -50.884  13.977  26.226 0.0000000000
134616  -50.244  13.818  25.344 0.0000000000
134614  -48.718  13.474  24.671 0.0000000000
134603  -49.608  13.257  25.918 0.0000000000
134602  -48.876  13.154  25.344 0.0000000000
133607  -48.922  12.591  26.124 0.0000000000
133606  -48.105  12.657  25.464 0.0000000000
133619  -47.499  12.822  25.196 0.0000000000
134653  -46.684  13.764  21.797 0.0000000000
134652  -45.776  13.805  21.531 0.0000000000
134651  -44.882  13.593  21.333 0.0000000000
117405  -52.769  -2.073  17.589 0.0000000000
119680  -53.275  -0.347  17.672 0.0000000000
118336  -43.461  -1.341  35.352 0.0000000000
118337  -44.093  -1.219  35.515 0.0000000000
120685  -44.575  0.280  37.568 0.0000000000
119480  -45.082  -0.163  36.553 0.0000000000
120686  -45.422  0.309  37.171 0.0000000000
120699  -46.041  0.304  36.520 0.0000000000
120673  -45.676  0.770  37.645 0.0000000000
121750  -43.226  1.526  41.175 0.0000000000
121764  -43.455  1.280  40.839 0.0000000000
123985  -46.477  2.903  40.262 0.0000000000
122861  -46.334  2.326  40.141 0.0000000000
122882  -46.790  2.058  39.388 0.0000000000
122894  -46.873  1.849  38.825 0.0000000000
122883  -47.471  2.491  39.824 0.0000000000
122896  -48.424  2.731  39.315 0.0000000000
124004  -48.348  3.469  39.660 0.0000000000
126162  -48.073  5.014  37.652 0.0000000000
125099  -48.526  4.634  38.614 0.0000000000
126163  -48.714  5.462  37.988 0.0000000000
127289  -49.491  6.117  37.824 0.0000000000
127297  -49.064  6.217  36.898 0.0000000000
128449  -45.548  7.751  32.707 0.0000000000
126221  -45.101  5.952  33.757 0.0000000000
127336  -45.999  6.584  33.569 0.0000000000
126208  -46.580  5.609  34.789 0.0000000000
127321  -46.883  6.307  34.450 0.0000000000
128452  -48.163  7.900  33.156 0.0000000000
128420  -48.240  7.154  34.116 0.0000000000
128438  -48.607  7.736  33.829 0.0000000000
128408  -49.124  7.202  35.147 0.0000000000
129516  -49.164  8.061  33.900 0.0000000000
129517  -49.865  8.200  34.264 0.0000000000
130572  -49.791  8.922  32.393 0.0000000000
131606  -49.528  10.933  30.682 0.0000000000
131596  -49.962  10.221  31.184 0.0000000000
132555  -50.072  11.629  30.420 0.0000000000
132556  -51.175  11.546  30.458 0.0000000000
133561  -50.590  12.318  30.054 0.0000000000
115100  -52.395  -4.532  28.994 0.0000000000
117260  -54.760  -2.031  28.863 0.0000000000
117273  -55.125  -1.889  27.924 0.0000000000
117274  -55.182  -1.316  27.581 0.0000000000
118422  -55.153  -0.795  27.624 0.0000000000
119548  -54.247  0.268  31.187 0.0000000000
120728  -55.037  0.455  31.217 0.0000000000
120735  -55.441  0.238  30.546 0.0000000000
118396  -55.626  -0.864  29.468 0.0000000000
120741  -55.245  0.322  29.729 0.0000000000
118386  -52.404  -1.052  29.730 0.0000000000
119564  -53.727  0.061  29.329 0.0000000000
119563  -53.106  -0.450  28.971 0.0000000000
118394  -52.391  -1.072  28.691 0.0000000000
118393  -51.764  -1.658  28.456 0.0000000000
116155  -50.224  -3.171  29.563 0.0000000000
115067  -49.849  -4.326  31.644 0.0000000000
115066  -49.178  -4.836  31.418 0.0000000000
113978  -47.002  -5.355  30.479 0.0000000000
115079  -48.184  -4.726  30.319 0.0000000000
115078  -47.358  -4.768  30.085 0.0000000000
115094  -47.728  -4.280  29.654 0.0000000000
115093  -46.896  -4.163  29.588 0.0000000000
116150  -45.811  -3.362  29.660 0.0000000000
115092  -46.118  -4.004  29.682 0.0000000000
113905  -51.056  -4.863  37.978 0.0000000000
113871  -45.963  -5.457  41.128 0.0000000000
113846  -47.842  -4.936  41.626 0.0000000000
112761  -46.956  -6.696  39.512 0.0000000000
112744  -48.097  -6.104  39.879 0.0000000000
113891  -48.525  -6.115  39.551 0.0000000000
112763  -48.630  -6.370  38.869 0.0000000000
112790  -48.311  -6.826  37.146 0.0000000000
112780  -48.987  -6.447  38.017 0.0000000000
113913  -50.431  -5.224  37.055 0.0000000000
112799  -49.326  -6.432  35.852 0.0000000000
112798  -48.705  -6.968  36.134 0.0000000000
111658  -46.912  -7.853  34.697 0.0000000000
111674  -46.926  -7.600  33.718 0.0000000000
111673  -45.966  -7.777  33.371 0.0000000000
116112  -42.649  -3.725  33.427 0.0000000000
115050  -42.813  -4.200  33.145 0.0000000000
116113  -43.078  -3.704  32.941 0.0000000000
117220  -43.190  -2.974  33.369 0.0000000000
117212  -43.154  -2.736  34.049 0.0000000000
118334  -41.328  -1.417  35.274 0.0000000000
117207  -38.656  -2.952  34.653 0.0000000000
118344  -39.321  -2.262  34.802 0.0000000000
118332  -39.051  -1.748  35.228 0.0000000000
119460  -39.077  0.265  37.544 0.0000000000
119461  -39.721  0.426  37.644 0.0000000000
120680  -39.500  0.474  38.360 0.0000000000
120648  -39.887  0.402  40.293 0.0000000000
110627  -50.758  -8.585  21.742 0.0000000000
110628  -51.281  -8.044  22.270 0.0000000000
111809  -52.126  -6.930  21.234 0.0000000000
111820  -52.094  -7.037  20.474 0.0000000000
117305  -51.593  -2.312  26.162 0.0000000000
117306  -52.436  -1.945  26.110 0.0000000000
117331  -53.019  -2.294  24.250 0.0000000000
119633  -51.313  -0.531  22.474 0.0000000000
118469  -51.855  -1.632  22.521 0.0000000000
118470  -52.655  -1.955  22.201 0.0000000000
116221  -55.066  -3.545  22.439 0.0000000000
117351  -54.240  -2.977  22.341 0.0000000000
116220  -54.448  -3.305  22.784 0.0000000000
116214  -54.553  -3.587  23.377 0.0000000000
114069  -53.769  -5.247  22.242 0.0000000000
114070  -54.591  -4.871  21.904 0.0000000000
114080  -54.556  -4.922  20.843 0.0000000000
114086  -53.776  -5.467  20.171 0.0000000000
115188  -55.319  -3.652  18.979 0.0000000000
116261  -55.989  -3.152  19.201 0.0000000000
119652  -56.492  -0.565  20.399 0.0000000000
118487  -56.921  -1.455  20.497 0.0000000000
119653  -57.264  -0.544  20.217 0.0000000000
119661  -57.582  -0.305  19.197 0.0000000000
118501  -57.464  -1.183  18.925 0.0000000000
117396  -55.713  -2.300  18.736 0.0000000000
118515  -56.545  -1.397  18.666 0.0000000000
118514  -55.141  -1.383  18.428 0.0000000000
119671  -56.598  -0.319  18.549 0.0000000000
121925  -56.117  1.729  18.191 0.0000000000
120840  -55.856  0.587  18.356 0.0000000000
121924  -55.152  1.388  18.016 0.0000000000
121923  -54.252  1.328  18.017 0.0000000000
121938  -55.339  2.175  17.904 0.0000000000
119523  -45.369  -0.309  34.338 0.0000000000
119535  -45.111  -0.226  33.594 0.0000000000
120719  -45.478  0.346  33.968 0.0000000000
122930  -46.571  2.257  33.996 0.0000000000
121821  -45.951  1.992  32.816 0.0000000000
122934  -46.453  2.487  32.885 0.0000000000
122938  -46.277  2.605  31.924 0.0000000000
124064  -46.670  3.196  31.714 0.0000000000
124047  -49.001  3.803  35.015 0.0000000000
124055  -48.374  3.736  34.573 0.0000000000
125148  -48.476  4.187  33.893 0.0000000000
125157  -49.299  4.960  31.280 0.0000000000
125156  -48.456  4.571  31.783 0.0000000000
125159  -47.787  4.192  31.324 0.0000000000
125160  -48.310  4.452  30.601 0.0000000000
125163  -48.445  4.412  29.526 0.0000000000
126246  -50.646  5.865  28.905 0.0000000000
126245  -49.717  5.255  28.478 0.0000000000
126263  -50.697  5.148  26.244 0.0000000000
126264  -51.599  5.899  26.755 0.0000000000
129485  -53.851  7.922  36.968 0.0000000000
128403  -53.730  6.983  37.254 0.0000000000
128404  -54.591  7.389  36.615 0.0000000000
127327  -54.830  7.064  34.338 0.0000000000
127341  -53.682  6.776  33.442 0.0000000000
128478  -57.528  7.459  29.958 0.0000000000
128470  -56.916  7.577  31.059 0.0000000000
128475  -54.653  7.407  29.536 0.0000000000
128468  -54.998  7.478  30.504 0.0000000000
128467  -54.021  7.441  30.293 0.0000000000
128459  -53.592  7.251  30.866 0.0000000000
128466  -53.207  7.239  30.248 0.0000000000
127359  -52.519  6.966  30.070 0.0000000000
127364  -53.167  6.825  28.794 0.0000000000
127416  -53.496  6.378  26.150 0.0000000000
127405  -53.033  6.442  26.768 0.0000000000
126273  -52.716  5.928  25.808 0.0000000000
126299  -53.523  5.215  23.485 0.0000000000
126315  -54.682  5.062  22.551 0.0000000000
126330  -55.849  4.987  21.777 0.0000000000
125239  -56.471  4.615  21.108 0.0000000000
127442  -58.810  6.210  23.489 0.0000000000
126303  -58.495  5.635  23.676 0.0000000000
127463  -58.825  5.813  22.115 0.0000000000
126343  -58.438  4.899  20.254 0.0000000000
126363  -58.048  4.782  19.231 0.0000000000
125269  -58.043  4.082  18.710 0.0000000000
126362  -57.301  4.841  18.908 0.0000000000
125257  -55.186  4.988  19.110 0.0000000000
125267  -55.828  4.436  18.340 0.0000000000
125278  -54.868  4.117  17.903 0.0000000000
124173  -54.298  3.523  17.506 0.0000000000
125277  -53.838  4.502  17.778 0.0000000000
129700  -54.098  9.192  18.253 0.0000000000
129689  -53.696  9.165  18.842 0.0000000000
129697  -51.440  9.071  17.715 0.0000000000
129706  -51.973  8.944  17.347 0.0000000000
129590  -50.618  7.870  25.185 0.0000000000
128521  -51.834  8.022  24.825 0.0000000000
128535  -51.109  7.670  24.234 0.0000000000
128552  -51.647  7.800  23.309 0.0000000000
130641  -47.183  9.204  26.189 0.0000000000
129572  -48.051  8.773  26.098 0.0000000000
129587  -47.131  8.559  25.640 0.0000000000
128532  -47.800  7.520  24.004 0.0000000000
129605  -48.081  7.732  24.607 0.0000000000
128549  -48.384  7.649  23.192 0.0000000000
128569  -47.902  8.032  22.115 0.0000000000
129642  -48.448  8.192  21.058 0.0000000000
129639  -45.332  8.225  21.550 0.0000000000
129654  -45.735  8.209  20.361 0.0000000000
129669  -45.907  8.069  19.710 0.0000000000
128596  -45.578  7.714  20.042 0.0000000000
128595  -45.026  7.500  20.511 0.0000000000
128583  -43.989  7.356  21.406 0.0000000000
128564  -43.530  7.488  21.856 0.0000000000
128563  -42.419  7.404  22.311 0.0000000000
130654  -42.318  9.915  24.259 0.0000000000
130669  -42.656  9.345  24.058 0.0000000000
130676  -40.916  8.895  22.859 0.0000000000
129618  -41.252  8.920  22.866 0.0000000000
129635  -41.251  8.489  22.752 0.0000000000
128561  -41.132  8.118  22.770 0.0000000000
135772  -41.673  14.369  17.868 0.0000000000
134684  -41.205  13.865  17.996 0.0000000000
134683  -40.799  14.138  18.524 0.0000000000
135746  -40.252  14.316  19.782 0.0000000000
133652  -38.872  12.990  19.874 0.0000000000
118383  -44.436  -1.858  31.048 0.0000000000
119554  -44.638  -0.952  30.635 0.0000000000
120726  -44.542  -0.349  31.444 0.0000000000
120727  -45.015  0.253  32.009 0.0000000000
138649  -53.031  17.436  26.627 0.0000000000
137686  -52.270  16.888  24.344 0.0000000000
136724  -51.884  15.968  24.140 0.0000000000
136733  -51.528  16.046  22.999 0.0000000000
136739  -51.049  15.960  22.170 0.0000000000
136748  -50.553  15.773  21.200 0.0000000000
114100  -52.767  -6.030  17.800 0.0000000000
122855  -40.430  2.344  40.832 0.0000000000
121779  -41.160  2.424  40.666 0.0000000000
116107  -52.286  -3.231  34.924 0.0000000000
115041  -50.689  -4.768  34.475 0.0000000000
113928  -49.845  -5.876  34.516 0.0000000000
115025  -38.093  -4.690  35.028 0.0000000000
113927  -37.756  -5.656  35.306 0.0000000000
117307  -54.451  -2.450  26.606 0.0000000000
117308  -54.411  -2.210  26.021 0.0000000000
118446  -54.354  -1.893  25.746 0.0000000000
122993  -50.641  2.949  24.241 0.0000000000
121882  -50.887  1.904  23.020 0.0000000000
123001  -50.817  2.593  23.702 0.0000000000
123008  -51.609  2.699  22.703 0.0000000000
123018  -52.324  2.500  21.928 0.0000000000
124139  -52.480  3.135  22.263 0.0000000000
124140  -53.109  3.470  21.964 0.0000000000
125230  -53.593  4.407  22.355 0.0000000000
126165  -50.595  5.310  38.163 0.0000000000
126178  -50.551  5.173  37.304 0.0000000000
126166  -51.487  5.731  37.827 0.0000000000
126167  -52.188  5.918  37.434 0.0000000000
126180  -52.323  5.897  36.743 0.0000000000
130616  -57.054  9.746  27.909 0.0000000000
130631  -56.876  9.656  26.833 0.0000000000
129577  -57.243  8.629  26.324 0.0000000000
128522  -57.264  8.180  25.792 0.0000000000
129594  -57.296  8.015  24.710 0.0000000000
129593  -57.034  8.535  25.323 0.0000000000
130672  -56.532  9.219  23.856 0.0000000000
130671  -55.931  9.503  23.233 0.0000000000
129628  -55.519  9.358  22.713 0.0000000000
130670  -55.344  9.311  23.223 0.0000000000
129611  -54.226  8.750  23.711 0.0000000000
133628  -44.847  12.970  23.826 0.0000000000
133616  -44.882  12.510  24.659 0.0000000000
133614  -43.233  12.368  23.929 0.0000000000
133626  -42.688  12.533  23.101 0.0000000000
116173  -48.889  -3.183  27.961 0.0000000000
117286  -49.658  -2.648  27.187 0.0000000000
118418  -48.128  -1.657  27.151 0.0000000000
121838  -46.657  1.270  28.564 0.0000000000
121839  -47.097  1.411  27.966 0.0000000000
121848  -47.533  1.577  27.488 0.0000000000
121849  -47.913  1.672  27.026 0.0000000000
122973  -48.584  2.483  26.339 0.0000000000
122972  -48.155  2.428  26.850 0.0000000000
124090  -48.273  3.263  27.193 0.0000000000
125180  -48.569  4.046  27.694 0.0000000000
130588  -52.048  9.714  32.245 0.0000000000
130575  -52.692  9.721  32.581 0.0000000000
131585  -52.963  10.143  32.093 0.0000000000
132548  -53.764  11.157  31.578 0.0000000000
136689  -55.473  15.501  28.929 0.0000000000
135636  -55.475  14.722  29.663 0.0000000000
135654  -55.508  15.006  28.937 0.0000000000
133572  -55.494  13.206  29.567 0.0000000000
131612  -56.090  11.523  29.378 0.0000000000
132573  -55.240  12.561  29.161 0.0000000000
132572  -54.630  12.170  28.730 0.0000000000
131622  -53.481  11.270  28.200 0.0000000000
132570  -53.088  11.687  28.206 0.0000000000
132584  -52.426  12.108  27.955 0.0000000000
133591  -51.724  12.691  27.591 0.0000000000
135703  -49.762  14.147  23.640 0.0000000000
135692  -49.831  13.932  24.235 0.0000000000
134641  -48.343  13.826  23.099 0.0000000000
134627  -48.462  13.633  23.951 0.0000000000
134626  -47.631  13.509  23.709 0.0000000000
134640  -47.469  13.706  22.815 0.0000000000
135726  -47.050  13.949  21.294 0.0000000000
134662  -46.693  13.952  20.801 0.0000000000
118511  -53.042  -2.343  17.948 0.0000000000
118513  -53.823  -1.404  18.236 0.0000000000
119478  -43.253  -0.436  36.489 0.0000000000
120697  -43.288  -0.158  37.005 0.0000000000
120684  -43.524  0.204  37.547 0.0000000000
120671  -44.157  0.718  38.505 0.0000000000
122892  -44.279  2.661  39.589 0.0000000000
124000  -45.058  2.492  40.563 0.0000000000
122893  -45.135  3.023  39.621 0.0000000000
124011  -45.750  3.284  39.627 0.0000000000
124003  -47.593  3.655  39.640 0.0000000000
124013  -47.412  3.908  38.708 0.0000000000
125114  -47.215  4.668  36.965 0.0000000000
126175  -47.769  5.233  36.950 0.0000000000
128450  -46.435  7.877  32.687 0.0000000000
128436  -46.785  7.357  33.331 0.0000000000
129530  -46.923  8.630  32.417 0.0000000000
129531  -47.958  8.439  32.576 0.0000000000
130571  -48.649  8.995  32.167 0.0000000000
130584  -48.235  9.783  31.494 0.0000000000
131595  -48.915  10.356  31.053 0.0000000000
116158  -53.339  -3.290  29.282 0.0000000000
117250  -53.832  -3.016  29.913 0.0000000000
118369  -53.163  -0.781  31.870 0.0000000000
119547  -53.427  -0.269  30.998 0.0000000000
119557  -54.149  0.150  30.345 0.0000000000
119546  -53.178  -0.380  30.430 0.0000000000
117248  -51.551  -1.834  30.129 0.0000000000
116141  -50.086  -3.681  30.815 0.0000000000
113959  -48.822  -5.576  31.927 0.0000000000
113969  -48.474  -5.455  31.298 0.0000000000
115076  -45.652  -4.292  30.286 0.0000000000
113977  -46.123  -5.177  30.609 0.0000000000
111602  -44.855  -7.428  38.517 0.0000000000
111587  -45.202  -6.993  39.158 0.0000000000
111603  -45.780  -7.386  38.535 0.0000000000
112778  -47.221  -6.912  38.417 0.0000000000
112789  -47.664  -7.010  37.615 0.0000000000
111623  -47.642  -7.242  36.937 0.0000000000
111635  -47.984  -7.366  36.255 0.0000000000
111646  -46.770  -8.039  35.556 0.0000000000
110497  -46.243  -8.278  34.758 0.0000000000
115056  -42.695  -5.170  33.067 0.0000000000
116111  -42.093  -4.024  33.690 0.0000000000
116105  -42.328  -3.459  33.811 0.0000000000
117211  -42.394  -2.871  34.226 0.0000000000
117210  -41.359  -2.837  34.364 0.0000000000
118346  -40.854  -2.066  34.694 0.0000000000
112947  -52.141  -6.680  22.129 0.0000000000
112948  -52.538  -6.294  21.741 0.0000000000
117319  -50.870  -2.514  25.316 0.0000000000
117329  -51.257  -2.340  24.610 0.0000000000
117340  -52.286  -2.356  23.418 0.0000000000
118477  -53.252  -1.776  21.542 0.0000000000
117360  -54.274  -2.525  21.508 0.0000000000
117352  -54.802  -3.167  21.893 0.0000000000
116222  -55.652  -3.636  22.033 0.0000000000
115160  -55.977  -3.771  21.726 0.0000000000
115167  -55.313  -4.559  20.328 0.0000000000
115168  -56.186  -3.887  20.762 0.0000000000
116238  -56.497  -3.337  20.503 0.0000000000
116250  -56.817  -2.931  20.236 0.0000000000
121903  -56.676  1.366  20.150 0.0000000000
121904  -57.414  1.096  20.004 0.0000000000
120827  -57.870  0.735  19.353 0.0000000000
120842  -57.708  0.738  18.849 0.0000000000
121926  -57.223  1.664  18.521 0.0000000000
123053  -56.576  2.696  18.337 0.0000000000
120717  -46.341  0.346  35.222 0.0000000000
121813  -45.809  0.750  34.277 0.0000000000
121814  -46.485  1.199  34.604 0.0000000000
122927  -46.928  2.029  34.667 0.0000000000
126210  -49.969  5.096  34.142 0.0000000000
125149  -49.200  4.737  33.508 0.0000000000
126222  -49.818  5.394  33.158 0.0000000000
126233  -49.846  5.420  30.569 0.0000000000
126237  -50.490  5.853  30.114 0.0000000000
127376  -51.341  6.289  29.126 0.0000000000
129497  -55.959  8.348  35.534 0.0000000000
128405  -55.317  7.671  36.229 0.0000000000
128415  -56.189  8.043  35.376 0.0000000000
128424  -55.614  7.456  34.126 0.0000000000
128440  -55.542  7.207  33.394 0.0000000000
127382  -57.024  6.806  28.849 0.0000000000
128477  -56.820  7.349  29.849 0.0000000000
127381  -56.209  7.078  28.673 0.0000000000
128490  -55.428  7.219  28.822 0.0000000000
128501  -54.890  7.116  28.185 0.0000000000
127380  -54.060  6.736  28.050 0.0000000000
127395  -54.548  6.801  27.631 0.0000000000
127428  -54.863  6.311  25.141 0.0000000000
126286  -54.932  6.121  24.592 0.0000000000
127440  -56.368  5.843  24.149 0.0000000000
126301  -56.812  5.628  23.497 0.0000000000
127450  -57.267  6.915  22.080 0.0000000000
125256  -54.381  5.231  19.120 0.0000000000
125265  -53.861  5.069  18.645 0.0000000000
126350  -54.159  5.816  18.979 0.0000000000
126360  -54.155  6.482  18.769 0.0000000000
129676  -52.930  8.755  19.656 0.0000000000
129688  -52.598  9.094  18.676 0.0000000000
129675  -51.844  8.822  19.457 0.0000000000
130626  -51.611  9.000  26.742 0.0000000000
129576  -51.944  8.616  25.980 0.0000000000
129603  -46.393  8.100  24.621 0.0000000000
128531  -46.918  7.786  23.878 0.0000000000
128568  -46.887  8.214  22.099 0.0000000000
128547  -46.469  7.902  22.962 0.0000000000
128566  -45.435  8.229  22.271 0.0000000000
131669  -41.317  10.277  23.591 0.0000000000
131678  -40.608  10.411  23.185 0.0000000000
130666  -40.310  9.155  22.956 0.0000000000
131676  -38.980  10.344  22.847 0.0000000000
117256  -46.505  -2.442  28.973 0.0000000000
119574  -45.919  -0.749  28.941 0.0000000000
120749  -45.691  -0.062  28.974 0.0000000000
121828  -46.236  1.243  29.085 0.0000000000
122946  -46.760  2.998  29.831 0.0000000000
134552  -53.118  13.732  29.724 0.0000000000
135633  -53.006  14.753  29.265 0.0000000000
136686  -53.886  15.946  28.664 0.0000000000
136687  -54.718  16.100  28.809 0.0000000000
138650  -53.807  17.369  26.863 0.0000000000
137660  -54.388  16.527  27.737 0.0000000000
136688  -55.052  15.838  28.536 0.0000000000
135664  -54.457  15.508  27.750 0.0000000000
135663  -53.745  14.709  27.650 0.0000000000
135662  -52.458  14.416  27.190 0.0000000000
135672  -52.393  15.026  26.370 0.0000000000
135682  -51.713  14.948  25.716 0.0000000000
136714  -51.125  15.030  25.150 0.0000000000
135694  -51.101  15.135  23.932 0.0000000000
135739  -48.890  14.335  20.346 0.0000000000
116259  -53.697  -3.540  18.820 0.0000000000
120649  -40.869  0.535  40.088 0.0000000000
120650  -41.841  0.564  39.877 0.0000000000
120632  -41.632  0.667  40.789 0.0000000000
121749  -42.483  1.339  41.301 0.0000000000
122858  -43.416  2.115  40.898 0.0000000000
122878  -42.332  2.582  40.234 0.0000000000
122879  -43.368  2.496  40.279 0.0000000000
117228  -52.103  -2.153  32.176 0.0000000000
116129  -50.909  -3.053  31.602 0.0000000000
116120  -50.686  -3.968  32.655 0.0000000000
115059  -50.110  -4.586  32.608 0.0000000000
115051  -50.474  -4.699  33.572 0.0000000000
113953  -49.944  -5.132  33.317 0.0000000000
113960  -49.328  -5.258  32.311 0.0000000000
112846  -48.726  -6.009  32.462 0.0000000000
112845  -47.890  -6.840  32.499 0.0000000000
112757  -43.052  -6.034  39.664 0.0000000000
111585  -43.500  -6.923  39.259 0.0000000000
111600  -42.926  -7.535  38.543 0.0000000000
111601  -43.924  -7.662  38.525 0.0000000000
111619  -44.513  -7.969  37.975 0.0000000000
115039  -40.494  -4.550  34.158 0.0000000000
116102  -39.902  -3.648  34.295 0.0000000000
115038  -39.426  -4.542  34.489 0.0000000000
116101  -38.962  -3.694  34.547 0.0000000000
117206  -38.086  -3.047  34.848 0.0000000000
119626  -50.374  -0.586  23.730 0.0000000000
119640  -51.898  -0.572  21.884 0.0000000000
120808  -51.619  0.440  22.176 0.0000000000
119641  -52.649  -0.600  21.384 0.0000000000
119642  -53.476  -0.666  20.831 0.0000000000
118485  -55.051  -1.542  20.515 0.0000000000
118486  -56.030  -1.475  20.535 0.0000000000
120818  -54.963  0.392  20.349 0.0000000000
120819  -56.034  0.391  20.328 0.0000000000
123028  -54.099  2.128  20.672 0.0000000000
121902  -55.585  1.404  20.324 0.0000000000
123030  -56.356  2.456  20.200 0.0000000000
123031  -57.305  2.823  20.189 0.0000000000
122916  -48.643  2.394  36.992 0.0000000000
122923  -48.388  2.407  36.165 0.0000000000
124034  -48.811  3.107  36.464 0.0000000000
125128  -48.934  3.664  36.177 0.0000000000
126192  -50.273  4.944  36.438 0.0000000000
125130  -50.524  4.980  35.792 0.0000000000
125144  -50.262  4.763  35.025 0.0000000000
126211  -50.937  5.147  34.528 0.0000000000
126228  -51.151  5.908  33.461 0.0000000000
127347  -51.539  6.276  32.729 0.0000000000
130593  -57.249  8.941  31.633 0.0000000000
129538  -57.410  8.283  31.999 0.0000000000
129555  -57.889  7.749  28.123 0.0000000000
129545  -58.276  7.315  28.727 0.0000000000
127366  -57.860  6.726  29.186 0.0000000000
127383  -57.824  6.463  28.365 0.0000000000
127398  -57.883  6.386  27.390 0.0000000000
127410  -58.005  6.334  26.347 0.0000000000
127420  -57.674  6.114  25.601 0.0000000000
127421  -58.362  6.003  25.349 0.0000000000
127433  -58.644  6.262  24.350 0.0000000000
128578  -58.430  6.665  23.227 0.0000000000
129613  -57.298  7.889  24.011 0.0000000000
128556  -57.880  7.333  23.572 0.0000000000
128591  -56.740  7.574  21.914 0.0000000000
128601  -55.170  8.666  19.376 0.0000000000
129678  -55.199  9.290  20.107 0.0000000000
129662  -54.294  9.190  21.021 0.0000000000
129661  -53.141  8.799  20.811 0.0000000000
128588  -51.472  8.296  21.145 0.0000000000
132591  -47.653  11.078  26.369 0.0000000000
131651  -48.452  10.392  26.665 0.0000000000
131650  -47.416  10.250  26.565 0.0000000000
131649  -46.754  10.124  26.451 0.0000000000
131664  -46.100  10.545  26.113 0.0000000000
130639  -45.419  9.679  25.648 0.0000000000
129584  -44.298  9.371  24.842 0.0000000000
129601  -43.903  9.009  24.262 0.0000000000
130655  -43.216  9.709  24.669 0.0000000000
131670  -41.884  10.611  24.083 0.0000000000
132611  -41.329  10.974  23.644 0.0000000000
132628  -39.932  11.675  21.997 0.0000000000
118419  -52.064  -1.771  27.309 0.0000000000
118420  -52.633  -1.319  26.934 0.0000000000
117303  -49.804  -2.389  26.317 0.0000000000
118452  -49.980  -1.315  24.891 0.0000000000
119618  -49.620  -0.565  25.072 0.0000000000
118404  -47.161  -1.545  28.117 0.0000000000
119588  -47.791  -1.116  27.261 0.0000000000
119601  -48.056  -0.604  26.843 0.0000000000
119600  -47.730  0.142  27.074 0.0000000000
120785  -49.716  0.357  24.625 0.0000000000
122983  -49.655  2.548  25.115 0.0000000000
122992  -50.291  2.474  24.463 0.0000000000
124116  -50.548  3.110  24.479 0.0000000000
124107  -50.867  3.846  24.857 0.0000000000
125198  -51.216  4.302  24.787 0.0000000000
129493  -51.680  7.987  36.277 0.0000000000
129483  -51.927  7.657  36.967 0.0000000000
129495  -54.193  8.788  35.821 0.0000000000
129520  -53.361  9.159  34.118 0.0000000000
129507  -53.889  9.178  34.796 0.0000000000
130541  -54.817  9.002  35.402 0.0000000000
129508  -55.713  8.757  35.152 0.0000000000
130579  -56.454  9.615  33.028 0.0000000000
134553  -54.033  14.080  29.972 0.0000000000
133552  -54.312  12.127  31.259 0.0000000000
132549  -54.767  11.621  31.708 0.0000000000
133565  -55.140  13.234  30.612 0.0000000000
131601  -55.481  11.115  31.958 0.0000000000
131602  -56.086  10.318  32.237 0.0000000000
130589  -56.746  9.676  31.891 0.0000000000
130592  -57.255  9.536  30.993 0.0000000000
130603  -56.937  9.806  29.020 0.0000000000
131625  -56.471  10.550  28.342 0.0000000000
131642  -56.516  10.280  27.383 0.0000000000
131654  -55.971  10.346  26.927 0.0000000000
130629  -55.302  10.168  26.402 0.0000000000
130612  -52.168  9.796  27.349 0.0000000000
130611  -50.987  9.761  27.248 0.0000000000
132580  -48.924  10.879  26.891 0.0000000000
135661  -51.857  13.979  27.022 0.0000000000
134585  -51.319  13.213  27.238 0.0000000000
133598  -50.307  12.972  26.805 0.0000000000
134615  -49.594  13.682  24.854 0.0000000000
134593  -50.138  13.216  26.446 0.0000000000
133597  -49.671  12.526  26.663 0.0000000000
132593  -49.191  11.982  26.753 0.0000000000
132592  -48.618  11.655  26.538 0.0000000000
132604  -47.778  11.907  25.984 0.0000000000
133605  -47.225  12.349  25.508 0.0000000000
133617  -46.005  12.798  24.514 0.0000000000
134625  -46.806  13.438  23.501 0.0000000000
134611  -46.373  13.262  23.977 0.0000000000
134624  -45.842  13.320  23.556 0.0000000000
134637  -45.043  13.579  22.213 0.0000000000
134636  -44.300  13.362  22.153 0.0000000000
118357  -44.180  -1.339  34.075 0.0000000000
119534  -44.608  -0.803  33.320 0.0000000000
119510  -44.853  -0.858  34.731 0.0000000000
119511  -45.747  -0.368  35.159 0.0000000000
119479  -44.169  -0.550  36.466 0.0000000000
119512  -46.142  0.113  35.642 0.0000000000
119500  -46.187  0.188  35.906 0.0000000000
120700  -46.756  0.641  36.717 0.0000000000
120701  -47.278  0.962  36.951 0.0000000000
120651  -42.755  0.654  39.653 0.0000000000
120652  -43.571  0.897  39.437 0.0000000000
121791  -44.977  1.236  38.888 0.0000000000
122860  -45.291  2.045  40.702 0.0000000000
121782  -45.680  1.415  39.394 0.0000000000
121792  -45.934  1.185  38.242 0.0000000000
121796  -46.599  1.156  37.683 0.0000000000
121797  -47.100  1.291  37.609 0.0000000000
121799  -48.158  1.736  37.081 0.0000000000
122907  -48.193  2.305  37.940 0.0000000000
122908  -48.852  2.985  38.481 0.0000000000
124015  -49.058  3.634  38.738 0.0000000000
125091  -48.401  4.125  39.258 0.0000000000
125100  -49.185  4.484  38.789 0.0000000000
125101  -49.894  5.045  38.844 0.0000000000
127280  -50.061  5.991  38.387 0.0000000000
127290  -50.561  6.568  37.751 0.0000000000
127299  -50.412  7.002  36.863 0.0000000000
126188  -45.993  5.084  35.198 0.0000000000
126189  -46.997  5.165  35.818 0.0000000000
127337  -47.231  6.825  33.927 0.0000000000
127322  -48.056  6.622  34.825 0.0000000000
127307  -48.358  6.426  35.511 0.0000000000
127308  -48.970  6.622  35.810 0.0000000000
127309  -50.015  6.969  36.172 0.0000000000
128410  -50.485  7.536  35.903 0.0000000000
129504  -50.724  8.155  35.280 0.0000000000
129518  -51.075  8.551  34.246 0.0000000000
130586  -50.398  9.585  31.846 0.0000000000
130587  -51.396  9.703  32.079 0.0000000000
131608  -51.537  10.771  30.882 0.0000000000
133562  -51.730  12.391  30.081 0.0000000000
134565  -50.310  13.661  29.445 0.0000000000
116166  -53.545  -3.013  28.369 0.0000000000
116177  -53.897  -3.004  27.500 0.0000000000
118421  -55.049  -0.901  26.951 0.0000000000
119590  -54.043  -0.416  27.256 0.0000000000
119579  -55.523  -0.017  28.944 0.0000000000
119565  -54.094  0.137  29.725 0.0000000000
120753  -54.537  0.422  28.936 0.0000000000
119592  -55.200  -0.304  28.165 0.0000000000
118406  -52.308  -1.397  27.855 0.0000000000
117271  -51.287  -2.230  28.033 0.0000000000
117270  -50.733  -2.651  28.317 0.0000000000
117257  -50.717  -2.776  29.030 0.0000000000
116164  -50.137  -2.977  28.562 0.0000000000
116162  -48.475  -3.333  28.568 0.0000000000
116161  -47.617  -3.126  28.755 0.0000000000
116140  -49.433  -4.045  30.512 0.0000000000
115065  -48.609  -4.892  30.872 0.0000000000
115080  -48.920  -4.378  30.543 0.0000000000
116152  -47.301  -3.634  29.213 0.0000000000
116160  -46.977  -3.007  28.908 0.0000000000
117247  -45.362  -2.771  30.011 0.0000000000
117246  -44.682  -2.728  30.646 0.0000000000
115011  -51.288  -4.366  36.660 0.0000000000
114956  -48.448  -4.376  42.238 0.0000000000
113848  -49.471  -4.556  41.274 0.0000000000
112740  -44.513  -5.639  40.427 0.0000000000
112741  -45.467  -5.852  40.361 0.0000000000
112760  -45.918  -6.568  39.462 0.0000000000
112742  -46.492  -6.058  40.310 0.0000000000
113874  -49.794  -5.092  40.569 0.0000000000
113875  -50.468  -4.875  40.099 0.0000000000
113893  -50.399  -5.203  39.483 0.0000000000
114989  -50.782  -4.915  38.976 0.0000000000
113904  -50.597  -5.278  38.309 0.0000000000
113914  -50.833  -4.888  37.577 0.0000000000
114998  -50.848  -4.651  37.038 0.0000000000
115010  -50.852  -4.781  36.330 0.0000000000
113921  -50.368  -5.332  35.961 0.0000000000
113920  -49.819  -5.845  35.460 0.0000000000
112808  -49.316  -6.331  34.904 0.0000000000
111648  -48.117  -7.186  35.376 0.0000000000
111660  -48.186  -6.934  34.556 0.0000000000
112821  -48.704  -6.602  34.367 0.0000000000
111675  -47.865  -7.149  33.690 0.0000000000
111689  -47.308  -7.287  32.944 0.0000000000
110487  -45.160  -8.564  35.598 0.0000000000
110495  -44.543  -8.559  34.716 0.0000000000
110504  -44.815  -8.382  33.873 0.0000000000
110503  -43.922  -8.282  33.886 0.0000000000
110505  -45.665  -8.189  33.988 0.0000000000
111672  -45.090  -7.822  33.263 0.0000000000
111687  -45.403  -7.399  32.578 0.0000000000
112843  -45.826  -6.926  32.006 0.0000000000
118366  -43.697  -2.383  32.884 0.0000000000
118335  -42.446  -1.433  35.283 0.0000000000
120695  -41.860  0.149  37.136 0.0000000000
120682  -41.466  0.289  38.026 0.0000000000
118345  -39.867  -2.137  34.729 0.0000000000
119475  -40.013  0.226  36.767 0.0000000000
120681  -40.405  0.403  38.031 0.0000000000
120668  -41.119  0.419  39.028 0.0000000000
120630  -39.743  0.767  41.171 0.0000000000
120647  -39.009  0.639  40.108 0.0000000000
121760  -39.294  1.273  41.016 0.0000000000
121746  -39.662  1.514  41.453 0.0000000000
110636  -50.809  -8.400  20.767 0.0000000000
110647  -51.296  -7.845  20.521 0.0000000000
111819  -51.686  -7.417  19.838 0.0000000000
112962  -51.854  -7.014  19.325 0.0000000000
118433  -53.364  -1.491  26.207 0.0000000000
118444  -53.684  -1.719  25.658 0.0000000000
117322  -53.687  -2.082  25.011 0.0000000000
117323  -54.234  -2.458  25.068 0.0000000000
118468  -51.168  -1.227  22.939 0.0000000000
117350  -53.375  -2.489  22.484 0.0000000000
117343  -54.472  -3.231  23.461 0.0000000000
115142  -54.288  -4.306  23.735 0.0000000000
114068  -52.995  -5.601  22.479 0.0000000000
112949  -52.965  -5.964  21.194 0.0000000000
114079  -53.713  -5.455  21.244 0.0000000000
112972  -51.970  -6.730  18.992 0.0000000000
112973  -52.591  -6.328  18.553 0.0000000000
112974  -53.299  -5.882  18.788 0.0000000000
115176  -54.868  -4.554  19.483 0.0000000000
114094  -54.104  -4.865  18.991 0.0000000000
114102  -53.769  -4.712  18.554 0.0000000000
117384  -57.296  -2.390  19.739 0.0000000000
117385  -57.510  -1.760  19.464 0.0000000000
117397  -56.693  -2.394  19.165 0.0000000000
116248  -54.301  -2.495  18.954 0.0000000000
119669  -54.203  -0.412  18.203 0.0000000000
120838  -53.811  0.609  18.101 0.0000000000
119545  -44.909  -0.219  32.865 0.0000000000
121820  -45.505  1.429  32.549 0.0000000000
121817  -45.638  1.062  33.722 0.0000000000
122937  -45.656  2.109  31.546 0.0000000000
122941  -46.238  2.783  30.791 0.0000000000
124045  -47.962  2.679  35.295 0.0000000000
124058  -47.661  3.453  33.907 0.0000000000
125152  -48.480  4.456  32.853 0.0000000000
125151  -47.875  3.978  33.241 0.0000000000
124062  -47.167  3.344  32.675 0.0000000000
124065  -47.233  3.718  31.569 0.0000000000
124068  -47.396  3.677  30.488 0.0000000000
124072  -47.957  3.796  29.013 0.0000000000
125172  -48.491  4.233  28.596 0.0000000000
125173  -49.129  4.639  28.137 0.0000000000
126254  -49.598  4.965  27.798 0.0000000000
125182  -50.073  4.738  26.567 0.0000000000
126271  -50.755  4.808  25.649 0.0000000000
129476  -52.800  7.207  37.473 0.0000000000
127301  -53.289  6.629  37.026 0.0000000000
127312  -53.475  6.584  36.210 0.0000000000
127313  -54.635  6.967  35.864 0.0000000000
126214  -53.018  6.036  35.341 0.0000000000
127340  -52.528  6.528  33.696 0.0000000000
128463  -56.919  7.469  32.194 0.0000000000
128455  -56.288  7.260  32.801 0.0000000000
128454  -55.373  7.107  32.404 0.0000000000
128469  -56.018  7.650  30.746 0.0000000000
128461  -55.272  7.348  31.454 0.0000000000
127350  -54.686  7.018  32.374 0.0000000000
127349  -53.902  7.054  32.141 0.0000000000
127353  -51.825  6.558  31.566 0.0000000000
127358  -51.884  6.598  30.502 0.0000000000
127362  -51.890  6.552  29.568 0.0000000000
127377  -51.872  6.392  28.678 0.0000000000
127379  -53.444  6.764  28.243 0.0000000000
127393  -52.835  6.601  27.606 0.0000000000
127392  -52.083  6.325  27.754 0.0000000000
126298  -52.637  4.972  23.687 0.0000000000
125220  -53.250  4.666  22.914 0.0000000000
124150  -57.836  3.571  20.248 0.0000000000
126288  -57.936  5.554  24.226 0.0000000000
126302  -57.841  5.463  23.475 0.0000000000
126317  -57.721  5.424  22.648 0.0000000000
127462  -58.539  5.989  21.719 0.0000000000
126331  -57.575  5.415  21.575 0.0000000000
125240  -57.449  4.843  20.795 0.0000000000
125248  -57.842  4.410  20.476 0.0000000000
124156  -58.242  3.474  19.848 0.0000000000
125259  -58.467  3.695  18.989 0.0000000000
124164  -57.346  3.443  18.477 0.0000000000
126361  -56.608  4.729  18.688 0.0000000000
124163  -56.451  3.646  18.275 0.0000000000
123065  -55.661  2.838  18.071 0.0000000000
123064  -54.788  2.778  17.679 0.0000000000
128613  -54.661  8.636  18.676 0.0000000000
128624  -53.928  8.478  17.833 0.0000000000
129698  -52.340  9.372  17.887 0.0000000000
128630  -52.427  8.613  17.282 0.0000000000
130643  -54.082  9.194  25.233 0.0000000000
130658  -53.894  8.876  24.420 0.0000000000
129610  -53.526  8.405  23.986 0.0000000000
129592  -52.456  8.545  25.342 0.0000000000
129608  -52.159  8.217  24.866 0.0000000000
128537  -52.965  8.107  23.848 0.0000000000
128572  -51.259  7.930  22.189 0.0000000000
128571  -50.090  7.708  22.265 0.0000000000
130623  -48.612  9.372  26.495 0.0000000000
129573  -48.993  8.537  26.139 0.0000000000
128519  -49.500  7.797  24.866 0.0000000000
128518  -49.118  7.737  24.890 0.0000000000
129623  -49.835  7.837  24.146 0.0000000000
128586  -49.629  7.959  21.312 0.0000000000
129643  -49.068  8.094  21.302 0.0000000000
129657  -48.762  8.558  20.100 0.0000000000
129656  -47.919  8.339  20.074 0.0000000000
129655  -46.846  8.229  20.182 0.0000000000
128597  -46.259  7.794  19.476 0.0000000000
128584  -44.479  7.602  20.981 0.0000000000
127457  -44.225  6.856  21.180 0.0000000000
129620  -42.794  8.803  23.348 0.0000000000
129619  -41.753  8.904  22.965 0.0000000000
130652  -40.273  8.715  23.516 0.0000000000
135764  -48.444  14.214  18.824 0.0000000000
134676  -46.551  13.671  19.643 0.0000000000
134675  -45.431  13.469  19.389 0.0000000000
134688  -45.178  13.458  18.243 0.0000000000
134674  -44.187  13.047  19.251 0.0000000000
133677  -43.456  12.954  18.585 0.0000000000
135774  -43.206  14.302  17.412 0.0000000000
133676  -43.005  12.998  18.414 0.0000000000
133668  -43.147  12.878  19.223 0.0000000000
133667  -42.149  12.841  19.017 0.0000000000
133655  -41.249  12.664  19.773 0.0000000000
135759  -40.724  14.281  18.981 0.0000000000
133665  -40.257  13.213  19.368 0.0000000000
133654  -40.335  12.719  19.755 0.0000000000
133644  -39.613  12.388  20.474 0.0000000000
110454  -43.304  -7.932  38.064 0.0000000000
110496  -45.432  -8.515  34.730 0.0000000000
111618  -42.757  -7.859  38.058 0.0000000000
111676  -48.308  -6.815  34.027 0.0000000000
111690  -47.794  -7.141  33.066 0.0000000000
111799  -52.097  -6.794  21.729 0.0000000000
112847  -49.189  -5.675  32.768 0.0000000000
112855  -48.554  -5.812  31.846 0.0000000000
113952  -49.505  -5.465  33.037 0.0000000000
113961  -49.721  -5.104  32.829 0.0000000000
113970  -48.984  -5.310  31.723 0.0000000000
113979  -47.834  -5.273  30.598 0.0000000000
114111  -52.842  -5.211  17.497 0.0000000000
115042  -51.385  -4.416  34.832 0.0000000000
115049  -42.338  -4.708  33.362 0.0000000000
115091  -45.763  -3.806  29.916 0.0000000000
115151  -55.570  -3.805  22.207 0.0000000000
115161  -56.266  -3.491  21.339 0.0000000000
116093  -37.763  -3.771  35.034 0.0000000000
116095  -51.828  -4.017  35.890 0.0000000000
116100  -38.378  -3.494  34.802 0.0000000000
116157  -52.745  -3.921  29.493 0.0000000000
116174  -49.540  -3.078  27.842 0.0000000000
116230  -55.259  -3.317  21.899 0.0000000000
116246  -53.151  -3.008  18.965 0.0000000000
116249  -56.432  -3.427  19.998 0.0000000000
117198  -38.335  -2.415  34.987 0.0000000000
117199  -38.954  -2.425  34.826 0.0000000000
117226  -43.385  -3.008  32.641 0.0000000000
117290  -54.565  -2.453  27.280 0.0000000000
117292  -55.172  -1.157  27.208 0.0000000000
117363  -56.493  -2.809  20.969 0.0000000000
117374  -57.609  -1.905  19.905 0.0000000000
117382  -53.143  -2.428  18.923 0.0000000000
117394  -52.921  -2.245  17.754 0.0000000000
118375  -43.693  -2.558  32.407 0.0000000000
118377  -52.681  -0.815  30.694 0.0000000000
118392  -46.036  -1.742  29.148 0.0000000000
118407  -55.106  -1.612  28.592 0.0000000000
118445  -54.142  -1.760  25.648 0.0000000000
118489  -57.565  -1.213  19.558 0.0000000000
118497  -53.009  -2.492  18.256 0.0000000000
118498  -53.179  -2.110  18.443 0.0000000000
118512  -53.172  -1.961  17.909 0.0000000000
119462  -43.698  -0.254  36.916 0.0000000000
119464  -44.885  -0.035  37.128 0.0000000000
119497  -43.786  -0.961  35.927 0.0000000000
119499  -45.728  -0.039  35.977 0.0000000000
119556  -53.623  -0.141  30.111 0.0000000000
119578  -54.958  0.242  28.438 0.0000000000
119605  -54.591  -0.672  26.836 0.0000000000
119668  -53.645  0.056  17.927 0.0000000000
119672  -57.291  -0.268  18.764 0.0000000000
119681  -53.688  -0.802  17.949 0.0000000000
120614  -40.144  1.024  41.709 0.0000000000
120616  -41.548  0.905  41.352 0.0000000000
120617  -42.234  0.947  41.163 0.0000000000
120629  -38.825  1.098  40.571 0.0000000000
120634  -43.282  0.918  40.211 0.0000000000
120687  -46.194  0.785  37.272 0.0000000000
120689  -47.240  1.122  37.276 0.0000000000
120698  -45.566  0.117  36.639 0.0000000000
120709  -46.165  0.233  36.144 0.0000000000
120710  -46.629  0.465  35.949 0.0000000000
120711  -47.229  0.849  36.372 0.0000000000
120732  -44.455  -0.504  30.983 0.0000000000
120739  -54.219  0.325  29.303 0.0000000000
120740  -54.617  0.423  29.630 0.0000000000
120752  -54.110  0.339  28.968 0.0000000000
120770  -47.796  0.500  27.072 0.0000000000
120821  -57.559  0.362  19.907 0.0000000000
120828  -58.261  1.420  19.164 0.0000000000
121747  -40.661  1.423  41.526 0.0000000000
121751  -43.804  1.693  41.029 0.0000000000
121761  -40.696  2.318  40.614 0.0000000000
121762  -40.960  2.402  40.787 0.0000000000
121763  -42.836  1.105  41.181 0.0000000000
121765  -44.514  1.607  40.671 0.0000000000
121766  -45.548  1.619  40.240 0.0000000000
121767  -46.201  1.738  39.725 0.0000000000
121778  -40.962  2.299  40.529 0.0000000000
121780  -43.946  1.395  40.096 0.0000000000
121790  -44.285  1.199  39.378 0.0000000000
121793  -46.808  1.585  38.246 0.0000000000
121794  -47.320  1.687  37.948 0.0000000000
121798  -47.598  1.501  37.409 0.0000000000
121801  -47.690  1.289  36.637 0.0000000000
121827  -45.833  1.200  29.540 0.0000000000
121867  -49.176  1.514  25.495 0.0000000000
121881  -50.532  1.400  23.640 0.0000000000
121905  -57.808  1.107  19.684 0.0000000000
121914  -58.468  1.778  19.040 0.0000000000
121936  -53.861  1.918  17.923 0.0000000000
121939  -55.787  2.284  18.034 0.0000000000
122845  -42.469  1.862  41.283 0.0000000000
122846  -43.289  1.778  41.269 0.0000000000
122847  -43.612  1.844  41.157 0.0000000000
122856  -41.318  2.438  40.793 0.0000000000
122862  -47.305  2.862  40.315 0.0000000000
122876  -40.435  2.244  40.004 0.0000000000
122877  -41.403  2.352  40.132 0.0000000000
122880  -44.579  2.661  40.318 0.0000000000
122881  -45.236  3.143  39.979 0.0000000000
122884  -48.044  2.897  40.290 0.0000000000
122895  -47.477  2.064  38.702 0.0000000000
122897  -48.748  3.187  38.953 0.0000000000
122905  -44.991  2.649  38.991 0.0000000000
122917  -48.937  2.808  37.735 0.0000000000
122922  -48.013  2.255  35.623 0.0000000000
122931  -47.225  2.658  34.368 0.0000000000
122942  -46.806  3.241  30.507 0.0000000000
123040  -57.041  2.150  20.076 0.0000000000
123042  -58.086  2.563  19.652 0.0000000000
123052  -56.089  3.219  18.280 0.0000000000
123055  -58.284  2.455  18.916 0.0000000000
123983  -45.090  2.284  40.757 0.0000000000
123984  -45.628  2.516  40.412 0.0000000000
123986  -47.296  3.209  40.278 0.0000000000
123987  -47.862  3.275  40.256 0.0000000000
124002  -46.555  3.328  39.947 0.0000000000
124005  -48.753  3.797  39.145 0.0000000000
124021  -46.758  3.891  37.911 0.0000000000
124022  -47.399  4.198  38.167 0.0000000000
124054  -47.822  3.035  34.842 0.0000000000
124056  -48.860  3.987  34.664 0.0000000000
124059  -48.142  3.805  34.030 0.0000000000
124061  -46.628  2.927  32.302 0.0000000000
124091  -48.673  3.862  27.071 0.0000000000
124106  -50.350  3.406  24.922 0.0000000000
124125  -52.068  4.021  23.151 0.0000000000
124131  -51.808  3.318  22.897 0.0000000000
124133  -52.980  3.913  22.447 0.0000000000
124149  -57.047  3.449  20.464 0.0000000000
124157  -58.390  3.261  19.356 0.0000000000
124165  -58.059  3.226  18.772 0.0000000000
124166  -58.362  3.132  19.011 0.0000000000
124175  -55.740  3.619  18.155 0.0000000000
125090  -47.957  4.268  39.045 0.0000000000
125092  -48.626  3.974  39.223 0.0000000000
125104  -46.929  4.326  37.232 0.0000000000
125105  -47.541  4.557  37.649 0.0000000000
125106  -48.169  4.814  38.063 0.0000000000
125107  -49.695  4.195  38.372 0.0000000000
125108  -50.117  4.829  38.677 0.0000000000
125127  -46.154  4.664  35.862 0.0000000000
125142  -48.739  4.084  34.438 0.0000000000
125197  -50.745  4.269  25.271 0.0000000000
125208  -52.227  4.688  23.779 0.0000000000
125219  -52.586  4.487  23.221 0.0000000000
125249  -58.370  4.294  20.047 0.0000000000
125255  -53.944  5.488  18.909 0.0000000000
125270  -58.302  3.564  18.852 0.0000000000
125279  -55.373  3.947  18.044 0.0000000000
126154  -49.562  5.410  38.576 0.0000000000
126155  -50.286  5.461  38.473 0.0000000000
126156  -50.919  5.783  38.170 0.0000000000
126164  -49.361  5.745  38.234 0.0000000000
126174  -47.152  4.871  36.554 0.0000000000
126177  -50.007  4.672  36.773 0.0000000000
126179  -51.584  5.580  37.004 0.0000000000
126190  -48.138  5.926  35.870 0.0000000000
126191  -48.684  6.146  36.376 0.0000000000
126196  -53.145  6.173  35.550 0.0000000000
126213  -52.719  5.921  35.134 0.0000000000
126227  -50.535  5.932  32.803 0.0000000000
126231  -50.374  5.950  31.891 0.0000000000
126247  -51.261  6.172  28.676 0.0000000000
126274  -53.571  6.254  25.621 0.0000000000
126275  -58.591  5.840  24.753 0.0000000000
126276  -58.631  5.938  24.993 0.0000000000
126283  -51.633  4.784  24.658 0.0000000000
126287  -57.325  5.563  23.997 0.0000000000
126290  -58.729  5.962  24.637 0.0000000000
126304  -58.743  5.914  23.953 0.0000000000
126318  -58.518  5.510  22.871 0.0000000000
126319  -58.994  5.767  23.128 0.0000000000
126333  -58.861  5.719  22.464 0.0000000000
126354  -58.396  4.991  19.804 0.0000000000
127279  -49.630  5.850  38.323 0.0000000000
127288  -48.955  5.927  37.441 0.0000000000
127293  -53.002  6.641  37.326 0.0000000000
127300  -52.691  6.313  37.233 0.0000000000
127302  -55.081  7.292  36.264 0.0000000000
127303  -55.363  7.357  35.928 0.0000000000
127310  -50.428  7.226  36.375 0.0000000000
127311  -52.886  6.301  36.649 0.0000000000
127320  -46.278  6.053  34.301 0.0000000000
127324  -51.757  5.927  34.420 0.0000000000
127328  -55.501  7.373  34.599 0.0000000000
127338  -47.858  6.919  34.040 0.0000000000
127355  -53.646  7.179  31.363 0.0000000000
127363  -52.646  6.775  29.225 0.0000000000
127367  -58.133  6.683  28.660 0.0000000000
127384  -58.209  6.552  27.962 0.0000000000
127394  -53.638  6.670  27.515 0.0000000000
127404  -52.355  6.351  27.073 0.0000000000
127417  -54.307  6.498  25.836 0.0000000000
127431  -58.089  5.702  24.932 0.0000000000
127432  -58.453  5.783  24.933 0.0000000000
127452  -58.815  6.238  22.496 0.0000000000
128394  -51.437  7.093  37.659 0.0000000000
128396  -52.932  6.878  37.444 0.0000000000
128400  -50.786  7.363  36.605 0.0000000000
128402  -51.952  7.422  37.369 0.0000000000
128409  -49.701  7.305  35.501 0.0000000000
128411  -51.063  7.668  36.321 0.0000000000
128412  -53.754  6.772  36.930 0.0000000000
128414  -55.884  7.788  35.592 0.0000000000
128421  -48.778  7.312  34.562 0.0000000000
128422  -49.547  7.651  34.813 0.0000000000
128423  -50.097  7.749  35.260 0.0000000000
128425  -56.011  7.648  34.644 0.0000000000
128426  -56.321  7.930  34.946 0.0000000000
128435  -46.099  7.331  33.033 0.0000000000
128437  -47.771  7.339  33.550 0.0000000000
128439  -49.193  7.794  34.254 0.0000000000
128443  -57.312  7.937  33.885 0.0000000000
128453  -54.718  7.102  31.925 0.0000000000
128456  -56.969  7.454  33.178 0.0000000000
128464  -57.324  7.749  32.567 0.0000000000
128473  -52.956  7.045  29.724 0.0000000000
128474  -53.532  7.162  29.377 0.0000000000
128479  -58.200  7.048  29.129 0.0000000000
128488  -53.589  6.930  28.756 0.0000000000
128491  -56.305  7.233  29.160 0.0000000000
128500  -54.421  6.909  28.125 0.0000000000
128503  -58.460  6.873  27.593 0.0000000000
128510  -57.436  7.953  26.086 0.0000000000
128512  -58.438  6.955  26.723 0.0000000000
128520  -51.467  7.813  24.811 0.0000000000
128523  -57.760  7.707  25.428 0.0000000000
128533  -48.686  7.617  24.300 0.0000000000
128534  -49.436  7.742  24.415 0.0000000000
128538  -53.361  8.286  23.579 0.0000000000
128539  -57.909  7.475  24.421 0.0000000000
128555  -57.380  7.486  23.201 0.0000000000
128565  -44.023  7.675  21.447 0.0000000000
128567  -45.985  8.104  22.129 0.0000000000
128574  -55.293  9.355  21.889 0.0000000000
128575  -55.561  9.349  21.878 0.0000000000
128577  -58.042  6.994  22.799 0.0000000000
128585  -45.156  7.823  20.544 0.0000000000
128590  -55.689  9.265  21.646 0.0000000000
128631  -53.116  8.806  17.319 0.0000000000
128632  -53.493  8.976  17.511 0.0000000000
129477  -53.241  7.320  37.353 0.0000000000
129484  -52.610  7.699  37.186 0.0000000000
129487  -55.614  8.194  36.072 0.0000000000
129492  -50.962  7.900  35.954 0.0000000000
129496  -55.297  8.788  35.756 0.0000000000
129498  -56.255  8.190  35.126 0.0000000000
129510  -56.508  8.244  34.544 0.0000000000
129521  -53.880  9.346  34.170 0.0000000000
129522  -57.084  8.176  34.066 0.0000000000
129523  -57.319  8.216  33.613 0.0000000000
129529  -45.919  8.664  32.335 0.0000000000
129535  -51.913  9.182  33.389 0.0000000000
129536  -57.421  8.274  32.932 0.0000000000
129556  -58.323  7.279  28.323 0.0000000000
129564  -57.554  7.934  27.022 0.0000000000
129571  -47.521  8.979  26.135 0.0000000000
129589  -49.503  8.006  25.349 0.0000000000
129591  -51.639  8.225  25.308 0.0000000000
129606  -49.868  7.864  24.710 0.0000000000
129609  -52.827  8.361  24.561 0.0000000000
129624  -50.042  7.800  23.839 0.0000000000
129625  -53.228  8.269  22.958 0.0000000000
129630  -57.265  7.691  23.566 0.0000000000
129634  -40.844  8.407  22.918 0.0000000000
129647  -55.345  9.269  22.106 0.0000000000
129658  -49.231  8.356  20.651 0.0000000000
129680  -56.177  8.650  21.166 0.0000000000
129699  -53.271  9.338  18.099 0.0000000000
129707  -52.357  9.093  17.423 0.0000000000
129708  -53.049  9.205  17.596 0.0000000000
130540  -54.492  9.117  35.041 0.0000000000
130548  -55.185  9.163  34.735 0.0000000000
130549  -56.002  8.989  34.617 0.0000000000
130550  -56.287  8.635  34.536 0.0000000000
130556  -52.318  9.329  33.247 0.0000000000
130557  -52.982  9.423  33.402 0.0000000000
130561  -56.524  8.773  33.964 0.0000000000
130573  -50.864  9.112  32.608 0.0000000000
130578  -55.646  9.983  33.169 0.0000000000
130580  -57.084  8.753  33.329 0.0000000000
130621  -47.089  9.684  26.436 0.0000000000
130638  -44.473  9.831  25.284 0.0000000000
130656  -43.953  9.576  24.851 0.0000000000
130657  -53.388  8.582  24.525 0.0000000000
130677  -56.265  9.244  22.713 0.0000000000
131577  -54.355  10.242  33.239 0.0000000000
131586  -53.640  10.318  32.501 0.0000000000
131587  -54.658  10.595  32.668 0.0000000000
131588  -55.513  10.431  32.665 0.0000000000
131599  -53.165  10.455  31.772 0.0000000000
131600  -54.850  11.123  32.124 0.0000000000
131605  -48.635  11.126  30.792 0.0000000000
131607  -50.556  10.827  30.743 0.0000000000
131635  -49.305  10.339  26.959 0.0000000000
131652  -48.966  9.865  26.676 0.0000000000
131661  -43.515  10.438  25.045 0.0000000000
132539  -54.134  10.784  32.209 0.0000000000
132546  -47.872  11.500  31.069 0.0000000000
132547  -52.966  10.767  31.367 0.0000000000
132553  -48.284  11.753  30.760 0.0000000000
132560  -56.250  11.508  30.101 0.0000000000
132590  -46.923  10.712  26.360 0.0000000000
133568  -50.096  12.930  29.717 0.0000000000
133571  -52.635  13.475  29.776 0.0000000000
133583  -55.246  13.439  29.107 0.0000000000
133589  -50.100  12.017  27.142 0.0000000000
133596  -49.068  12.217  26.550 0.0000000000
133645  -40.503  12.419  20.472 0.0000000000
133653  -39.410  12.765  19.853 0.0000000000
133656  -42.167  12.753  20.004 0.0000000000
133663  -39.111  13.230  19.758 0.0000000000
133666  -41.200  13.162  18.830 0.0000000000
133669  -43.698  12.925  18.755 0.0000000000
133674  -41.669  13.440  18.093 0.0000000000
134555  -55.345  14.015  30.173 0.0000000000
134568  -53.358  14.315  29.595 0.0000000000
134580  -55.434  14.085  29.329 0.0000000000
134586  -52.015  13.530  27.416 0.0000000000
134594  -50.840  13.454  26.685 0.0000000000
134595  -51.509  13.678  26.959 0.0000000000
134601  -48.351  13.198  25.072 0.0000000000
134612  -46.912  13.221  24.239 0.0000000000
134623  -44.995  13.398  23.025 0.0000000000
134654  -47.197  13.704  22.208 0.0000000000
134669  -38.923  13.240  19.916 0.0000000000
134671  -40.391  13.775  19.147 0.0000000000
134673  -43.513  12.979  19.754 0.0000000000
135615  -54.308  14.719  30.003 0.0000000000
135616  -54.670  14.918  30.161 0.0000000000
135617  -55.250  14.839  30.189 0.0000000000
135714  -47.582  13.843  22.211 0.0000000000
135737  -47.270  14.135  21.002 0.0000000000
135760  -41.316  14.433  18.432 0.0000000000
136655  -55.124  15.450  30.071 0.0000000000
136656  -55.374  15.347  29.782 0.0000000000
136668  -53.513  15.402  29.085 0.0000000000
136669  -54.481  15.735  29.358 0.0000000000
136671  -55.465  15.455  29.229 0.0000000000
136705  -54.260  16.662  26.749 0.0000000000
136717  -53.459  16.550  25.575 0.0000000000
137645  -54.602  16.190  28.358 0.0000000000
137657  -52.747  17.024  27.870 0.0000000000
137658  -53.613  16.947  27.875 0.0000000000
137659  -54.085  16.830  27.778 0.0000000000
137670  -54.348  16.748  27.061 0.0000000000
137679  -53.632  16.907  25.714 0.0000000000
137687  -53.116  16.840  24.808 0.0000000000
137688  -53.400  16.931  25.231 0.0000000000
138634  -53.939  17.159  27.452 0.0000000000
138635  -54.176  16.903  27.534 0.0000000000
138651  -54.236  17.046  27.183 0.0000000000
138670  -53.303  17.188  25.351 0.0000000000
