#!ascii label  , from subject 3075 vox2ras=TkReg
1666
83033  -44.965  -31.629  39.472 0.0000000000
96917  -57.694  -20.193  34.180 0.0000000000
91964  -49.735  -24.694  37.970 0.0000000000
52358  -16.549  -53.674  64.384 0.0000000000
74510  -45.526  -37.382  46.024 0.0000000000
59167  -29.965  -48.925  62.225 0.0000000000
63117  -38.499  -45.771  60.629 0.0000000000
68747  -42.420  -42.739  53.786 0.0000000000
70217  -47.945  -41.351  51.816 0.0000000000
61800  -20.721  -47.229  56.367 0.0000000000
64407  -24.892  -45.433  61.552 0.0000000000
64467  -24.733  -45.371  56.939 0.0000000000
60535  -35.598  -47.953  55.107 0.0000000000
68700  -37.636  -42.433  54.532 0.0000000000
81606  -50.285  -34.264  47.579 0.0000000000
82938  -51.315  -31.614  43.933 0.0000000000
95632  -54.523  -22.557  35.948 0.0000000000
88270  -46.043  -27.041  39.283 0.0000000000
98092  -55.175  -19.656  29.289 0.0000000000
48343  -13.298  -57.430  66.223 0.0000000000
77381  -50.400  -35.984  49.842 0.0000000000
82932  -44.616  -31.895  44.408 0.0000000000
59266  -30.287  -48.849  56.434 0.0000000000
56549  -34.598  -51.254  61.223 0.0000000000
89419  -51.142  -26.606  42.771 0.0000000000
105060  -62.093  -14.068  25.447 0.0000000000
68797  -39.816  -41.635  51.815 0.0000000000
68820  -42.541  -41.792  50.693 0.0000000000
63169  -22.684  -45.653  56.194 0.0000000000
67341  -35.912  -42.271  51.214 0.0000000000
71631  -37.051  -40.345  52.402 0.0000000000
68724  -39.404  -41.684  54.105 0.0000000000
82959  -47.068  -32.805  43.256 0.0000000000
78955  -50.698  -34.391  45.495 0.0000000000
82980  -48.678  -32.484  41.846 0.0000000000
95652  -56.579  -21.418  35.158 0.0000000000
95588  -57.235  -22.308  38.658 0.0000000000
99148  -59.261  -18.324  33.578 0.0000000000
49694  -14.251  -55.853  61.891 0.0000000000
49637  -15.358  -55.996  65.357 0.0000000000
73117  -46.838  -39.332  48.330 0.0000000000
71685  -49.648  -39.653  50.332 0.0000000000
74479  -48.107  -37.751  47.640 0.0000000000
78884  -47.641  -34.974  47.374 0.0000000000
78933  -45.976  -34.920  44.974 0.0000000000
61700  -27.600  -46.405  62.458 0.0000000000
63054  -27.829  -46.101  65.166 0.0000000000
60331  -29.287  -48.300  65.570 0.0000000000
55130  -30.248  -51.636  65.141 0.0000000000
61868  -27.131  -46.834  53.319 0.0000000000
61871  -29.944  -47.589  52.934 0.0000000000
60467  -36.880  -47.386  57.973 0.0000000000
59233  -34.783  -49.337  58.221 0.0000000000
59200  -36.402  -48.882  60.728 0.0000000000
59150  -35.397  -49.436  64.125 0.0000000000
57910  -17.222  -50.046  59.356 0.0000000000
60408  -17.917  -47.883  61.292 0.0000000000
60362  -17.483  -47.828  64.609 0.0000000000
91941  -47.851  -25.672  39.132 0.0000000000
89456  -49.328  -26.952  40.653 0.0000000000
93146  -50.061  -25.019  40.551 0.0000000000
105062  -63.269  -13.279  24.717 0.0000000000
52320  -15.710  -53.509  67.806 0.0000000000
67252  -46.074  -42.710  56.127 0.0000000000
68708  -48.777  -41.411  55.503 0.0000000000
68750  -45.720  -42.637  52.655 0.0000000000
70267  -44.797  -41.309  49.751 0.0000000000
61744  -19.783  -46.916  59.211 0.0000000000
63099  -22.484  -46.019  61.536 0.0000000000
63127  -23.129  -46.150  59.493 0.0000000000
64429  -25.332  -45.080  59.785 0.0000000000
60443  -27.515  -47.297  59.486 0.0000000000
61897  -32.645  -47.361  51.822 0.0000000000
63242  -35.772  -45.692  50.557 0.0000000000
63204  -36.953  -45.853  54.581 0.0000000000
64473  -37.932  -44.540  57.084 0.0000000000
68659  -39.067  -42.254  57.163 0.0000000000
67248  -42.624  -42.966  56.980 0.0000000000
60502  -18.936  -48.332  55.774 0.0000000000
81557  -52.697  -33.603  50.619 0.0000000000
80195  -56.189  -33.448  51.349 0.0000000000
78866  -53.427  -34.994  48.670 0.0000000000
80305  -54.899  -33.450  46.213 0.0000000000
94417  -52.411  -23.735  37.402 0.0000000000
93162  -52.305  -24.091  40.389 0.0000000000
94405  -54.930  -22.874  38.823 0.0000000000
41877  -11.703  -61.176  69.660 0.0000000000
85683  -46.210  -29.603  38.374 0.0000000000
90704  -45.039  -25.710  37.795 0.0000000000
92012  -50.121  -24.534  35.413 0.0000000000
94464  -51.201  -23.721  34.520 0.0000000000
95677  -53.561  -22.251  33.069 0.0000000000
96922  -55.223  -20.902  32.377 0.0000000000
98056  -56.266  -19.716  31.802 0.0000000000
96950  -53.869  -20.342  30.293 0.0000000000
50930  -14.482  -54.819  69.455 0.0000000000
48305  -12.582  -56.580  70.731 0.0000000000
45663  -11.707  -58.953  70.367 0.0000000000
77314  -53.183  -36.187  55.125 0.0000000000
70191  -50.589  -40.412  53.426 0.0000000000
73083  -52.062  -38.038  52.137 0.0000000000
78833  -52.080  -34.919  51.601 0.0000000000
81554  -49.913  -34.043  49.329 0.0000000000
81624  -47.525  -33.377  46.316 0.0000000000
84285  -44.656  -31.664  42.522 0.0000000000
63050  -24.444  -45.662  64.013 0.0000000000
61803  -27.218  -47.445  56.666 0.0000000000
59214  -29.297  -49.145  59.142 0.0000000000
59283  -32.771  -49.222  55.191 0.0000000000
57939  -32.139  -50.440  58.277 0.0000000000
55172  -31.333  -51.613  62.250 0.0000000000
55148  -33.689  -51.719  64.836 0.0000000000
52394  -15.956  -54.127  61.174 0.0000000000
56571  -16.641  -51.524  59.731 0.0000000000
55167  -16.430  -51.679  62.791 0.0000000000
85660  -49.109  -29.552  40.657 0.0000000000
86943  -50.702  -28.771  43.191 0.0000000000
86915  -52.748  -28.376  45.435 0.0000000000
93124  -52.021  -24.130  42.868 0.0000000000
99173  -57.475  -18.803  30.835 0.0000000000
99176  -60.727  -17.902  30.187 0.0000000000
101444  -61.881  -16.138  29.587 0.0000000000
101482  -61.342  -16.279  26.462 0.0000000000
103810  -62.685  -14.435  28.178 0.0000000000
70260  -37.794  -40.647  50.275 0.0000000000
70262  -39.996  -41.504  50.156 0.0000000000
70313  -37.528  -40.321  48.349 0.0000000000
73078  -35.400  -39.721  50.805 0.0000000000
71661  -36.529  -39.738  50.688 0.0000000000
70237  -38.007  -40.834  51.401 0.0000000000
82978  -46.500  -32.203  42.133 0.0000000000
81698  -47.661  -32.660  42.248 0.0000000000
83001  -46.721  -32.231  40.828 0.0000000000
96904  -57.201  -20.850  34.637 0.0000000000
96891  -58.196  -20.985  36.011 0.0000000000
96906  -58.857  -20.410  35.463 0.0000000000
98040  -59.207  -19.632  34.763 0.0000000000
98050  -58.744  -19.016  33.626 0.0000000000
49683  -15.764  -55.532  63.019 0.0000000000
49668  -15.424  -55.769  63.810 0.0000000000
50986  -16.331  -54.613  65.121 0.0000000000
73153  -45.814  -38.051  47.134 0.0000000000
73136  -47.380  -38.488  47.859 0.0000000000
74497  -46.752  -37.323  46.666 0.0000000000
77444  -46.582  -35.801  45.944 0.0000000000
77443  -46.032  -35.929  45.361 0.0000000000
61697  -19.530  -46.825  62.241 0.0000000000
60398  -28.952  -47.932  62.488 0.0000000000
61687  -28.795  -47.130  63.723 0.0000000000
60369  -29.399  -48.394  63.736 0.0000000000
57822  -29.845  -49.822  65.525 0.0000000000
57856  -29.988  -49.868  63.630 0.0000000000
61748  -37.860  -46.468  59.081 0.0000000000
60429  -37.078  -47.726  60.299 0.0000000000
60413  -37.868  -47.310  61.304 0.0000000000
60400  -37.422  -47.891  62.557 0.0000000000
61729  -18.898  -47.175  59.824 0.0000000000
61713  -18.426  -47.351  60.725 0.0000000000
61681  -18.282  -47.350  63.331 0.0000000000
75810  -54.503  -36.201  53.886 0.0000000000
91962  -48.523  -25.167  38.394 0.0000000000
91928  -48.816  -25.546  39.647 0.0000000000
93159  -49.691  -25.055  39.626 0.0000000000
67299  -44.504  -42.939  54.693 0.0000000000
67300  -45.514  -42.802  54.328 0.0000000000
67321  -44.539  -42.758  53.761 0.0000000000
68822  -44.060  -41.841  50.391 0.0000000000
70295  -43.515  -40.830  49.152 0.0000000000
71703  -44.789  -40.347  48.746 0.0000000000
61780  -20.192  -47.093  56.926 0.0000000000
63153  -21.355  -46.295  58.493 0.0000000000
61782  -21.665  -46.551  57.192 0.0000000000
65835  -24.004  -44.484  56.737 0.0000000000
64450  -23.895  -44.491  58.110 0.0000000000
65818  -25.018  -45.119  58.374 0.0000000000
63116  -26.562  -46.128  59.930 0.0000000000
63141  -26.134  -45.813  58.202 0.0000000000
63259  -34.483  -45.688  49.416 0.0000000000
67318  -36.562  -42.671  52.762 0.0000000000
65937  -36.370  -43.643  52.199 0.0000000000
65897  -37.211  -44.062  54.383 0.0000000000
64487  -37.624  -44.506  56.201 0.0000000000
65862  -37.921  -43.628  56.167 0.0000000000
67224  -38.466  -43.189  57.199 0.0000000000
68680  -38.475  -42.471  55.749 0.0000000000
68746  -40.946  -42.541  53.697 0.0000000000
68704  -40.301  -42.303  55.823 0.0000000000
67297  -42.715  -42.926  55.288 0.0000000000
67250  -44.342  -42.935  56.521 0.0000000000
60503  -19.739  -47.964  55.923 0.0000000000
80234  -51.543  -34.029  48.849 0.0000000000
81577  -53.202  -33.716  50.260 0.0000000000
80262  -51.945  -34.662  48.394 0.0000000000
80338  -51.619  -33.390  44.574 0.0000000000
78958  -52.980  -34.097  45.695 0.0000000000
80322  -52.667  -33.344  45.175 0.0000000000
81626  -54.192  -31.941  45.871 0.0000000000
82939  -52.224  -31.453  44.461 0.0000000000
94434  -53.078  -23.330  36.673 0.0000000000
94404  -54.140  -23.143  38.660 0.0000000000
94420  -54.834  -22.872  37.725 0.0000000000
95568  -59.077  -21.861  39.656 0.0000000000
93254  -50.775  -23.832  34.870 0.0000000000
94478  -50.175  -23.682  33.432 0.0000000000
94492  -52.331  -22.362  32.504 0.0000000000
95694  -52.653  -21.912  32.126 0.0000000000
95678  -54.688  -21.544  32.974 0.0000000000
95711  -53.383  -20.931  31.172 0.0000000000
96930  -54.135  -20.966  31.318 0.0000000000
48351  -13.350  -57.359  65.210 0.0000000000
47007  -12.403  -57.913  67.278 0.0000000000
53676  -15.402  -52.650  69.980 0.0000000000
50942  -14.708  -54.292  69.131 0.0000000000
52288  -14.353  -54.087  70.443 0.0000000000
170445  -13.738  -56.161  71.493 0.0000000000
46971  -13.559  -57.430  71.524 0.0000000000
46974  -12.121  -57.617  70.626 0.0000000000
44382  -13.317  -58.486  71.296 0.0000000000
41865  -13.363  -60.026  70.512 0.0000000000
68753  -48.800  -41.836  53.553 0.0000000000
68732  -49.547  -41.463  54.397 0.0000000000
70218  -48.914  -41.102  52.459 0.0000000000
74440  -50.345  -37.927  49.515 0.0000000000
73082  -51.453  -38.650  51.636 0.0000000000
75834  -51.382  -36.804  50.584 0.0000000000
75836  -52.593  -36.395  51.849 0.0000000000
77366  -51.653  -35.845  51.005 0.0000000000
80190  -50.756  -34.132  50.400 0.0000000000
78865  -49.450  -35.050  49.384 0.0000000000
81622  -45.742  -33.599  45.691 0.0000000000
81602  -46.857  -33.714  47.282 0.0000000000
82917  -45.964  -32.583  44.837 0.0000000000
82934  -46.147  -32.328  44.159 0.0000000000
84235  -44.787  -31.328  44.048 0.0000000000
63101  -23.952  -45.574  61.470 0.0000000000
63083  -22.925  -45.842  62.246 0.0000000000
63085  -24.645  -45.506  62.360 0.0000000000
60552  -28.303  -47.464  54.587 0.0000000000
61824  -27.305  -47.100  55.416 0.0000000000
60505  -28.710  -47.947  56.642 0.0000000000
60465  -28.918  -48.760  58.388 0.0000000000
59248  -29.968  -49.081  57.413 0.0000000000
61875  -34.802  -47.751  53.070 0.0000000000
60574  -32.730  -48.205  53.553 0.0000000000
60533  -33.953  -49.182  54.801 0.0000000000
57902  -34.847  -50.269  59.858 0.0000000000
57921  -33.709  -50.453  58.917 0.0000000000
56579  -33.521  -50.850  59.652 0.0000000000
56577  -31.623  -51.191  60.003 0.0000000000
56547  -32.640  -51.875  61.602 0.0000000000
55161  -32.125  -52.392  63.796 0.0000000000
56534  -33.971  -51.744  63.142 0.0000000000
68622  -39.891  -42.232  59.769 0.0000000000
57909  -17.124  -51.138  58.989 0.0000000000
56557  -16.973  -51.131  61.059 0.0000000000
55180  -16.576  -51.882  61.651 0.0000000000
60342  -17.732  -47.797  65.647 0.0000000000
86996  -46.068  -28.519  38.610 0.0000000000
84348  -47.603  -29.878  39.056 0.0000000000
86985  -48.218  -28.190  39.727 0.0000000000
89439  -50.518  -26.585  42.236 0.0000000000
88245  -50.269  -27.684  41.723 0.0000000000
88224  -51.028  -27.436  42.948 0.0000000000
85603  -51.646  -29.263  44.532 0.0000000000
88225  -51.583  -27.419  43.476 0.0000000000
94358  -53.552  -23.196  41.537 0.0000000000
93149  -52.595  -23.690  41.405 0.0000000000
94344  -53.864  -22.880  42.637 0.0000000000
98081  -55.658  -19.924  30.116 0.0000000000
99162  -57.284  -18.853  31.289 0.0000000000
98082  -56.704  -19.322  30.402 0.0000000000
99185  -58.682  -19.228  29.326 0.0000000000
99203  -60.309  -18.326  28.482 0.0000000000
100281  -61.510  -16.948  29.997 0.0000000000
100293  -61.020  -17.381  28.521 0.0000000000
102638  -61.035  -15.914  23.810 0.0000000000
101505  -60.201  -17.016  24.686 0.0000000000
102616  -61.563  -15.532  25.766 0.0000000000
102592  -61.850  -15.343  27.669 0.0000000000
105037  -62.460  -14.173  26.879 0.0000000000
105049  -62.637  -13.878  26.261 0.0000000000
102617  -63.589  -14.520  25.020 0.0000000000
68773  -41.575  -42.427  52.619 0.0000000000
68774  -42.783  -42.605  52.389 0.0000000000
68818  -40.481  -41.701  50.911 0.0000000000
70292  -40.536  -41.410  49.184 0.0000000000
63168  -22.114  -46.261  56.759 0.0000000000
71677  -34.432  -40.127  49.902 0.0000000000
70209  -35.827  -40.881  51.205 0.0000000000
70185  -37.133  -41.057  53.052 0.0000000000
70151  -38.590  -41.619  54.523 0.0000000000
70187  -38.537  -40.985  53.184 0.0000000000
68771  -39.650  -41.646  52.775 0.0000000000
81625  -48.420  -33.706  45.913 0.0000000000
78910  -50.474  -34.628  46.488 0.0000000000
80318  -49.294  -33.743  44.624 0.0000000000
81684  -49.109  -32.758  43.266 0.0000000000
82936  -49.992  -31.918  43.253 0.0000000000
95651  -55.418  -21.828  35.311 0.0000000000
95610  -56.021  -22.587  37.751 0.0000000000
95634  -56.279  -21.808  36.408 0.0000000000
95612  -58.708  -21.481  37.499 0.0000000000
100255  -59.340  -17.300  33.038 0.0000000000
48353  -14.708  -56.506  64.791 0.0000000000
48333  -14.719  -56.532  66.881 0.0000000000
71683  -47.741  -40.234  49.858 0.0000000000
71664  -49.185  -40.322  50.796 0.0000000000
73097  -48.417  -39.606  49.367 0.0000000000
73119  -49.112  -38.475  48.697 0.0000000000
75866  -49.125  -36.738  48.437 0.0000000000
77396  -48.841  -35.444  48.326 0.0000000000
77410  -47.954  -35.791  47.469 0.0000000000
78908  -46.877  -34.824  46.286 0.0000000000
81641  -45.188  -33.394  45.098 0.0000000000
63087  -26.606  -45.962  62.410 0.0000000000
63070  -26.918  -45.703  63.738 0.0000000000
63088  -27.491  -46.073  63.192 0.0000000000
61655  -28.701  -46.799  65.300 0.0000000000
56457  -29.798  -51.069  66.420 0.0000000000
61870  -28.951  -47.487  53.043 0.0000000000
60554  -30.169  -48.324  54.767 0.0000000000
60510  -36.615  -47.332  56.276 0.0000000000
59271  -35.230  -48.874  56.357 0.0000000000
59254  -36.023  -48.536  57.638 0.0000000000
59217  -35.778  -49.239  59.319 0.0000000000
57886  -35.882  -49.790  61.308 0.0000000000
57857  -35.340  -49.984  63.189 0.0000000000
59168  -36.239  -49.067  62.881 0.0000000000
59244  -17.929  -49.084  57.103 0.0000000000
59210  -17.730  -48.871  59.088 0.0000000000
59176  -16.706  -48.916  62.006 0.0000000000
59160  -16.586  -49.149  63.093 0.0000000000
60394  -17.608  -47.749  62.408 0.0000000000
90671  -46.494  -26.118  39.299 0.0000000000
88261  -48.261  -27.268  40.126 0.0000000000
90659  -48.306  -26.043  39.896 0.0000000000
91897  -49.548  -25.463  40.705 0.0000000000
91899  -50.637  -25.037  42.238 0.0000000000
98121  -53.985  -18.740  28.176 0.0000000000
98108  -55.669  -19.577  28.457 0.0000000000
98123  -55.246  -19.187  27.744 0.0000000000
103852  -61.695  -14.899  24.055 0.0000000000
105061  -62.668  -13.494  25.178 0.0000000000
105091  -61.936  -13.829  23.530 0.0000000000
106254  -63.065  -12.116  22.990 0.0000000000
53738  -16.243  -52.796  65.555 0.0000000000
52334  -16.280  -53.851  66.330 0.0000000000
70153  -48.292  -41.289  56.487 0.0000000000
68685  -47.068  -42.466  55.960 0.0000000000
68729  -47.131  -42.709  53.829 0.0000000000
68778  -47.324  -41.901  52.281 0.0000000000
68775  -43.947  -42.456  52.096 0.0000000000
68802  -45.498  -42.041  51.095 0.0000000000
70243  -46.708  -41.088  50.819 0.0000000000
71704  -45.910  -39.933  49.069 0.0000000000
73134  -44.755  -39.265  47.502 0.0000000000
61730  -19.779  -46.788  60.353 0.0000000000
63111  -21.255  -46.370  61.252 0.0000000000
63125  -21.242  -46.281  60.359 0.0000000000
63113  -22.741  -46.054  60.633 0.0000000000
64426  -24.016  -45.500  60.225 0.0000000000
63155  -22.707  -45.603  57.391 0.0000000000
64438  -23.789  -45.245  59.214 0.0000000000
64418  -25.388  -45.264  60.497 0.0000000000
63103  -26.559  -46.027  61.007 0.0000000000
61733  -27.694  -47.074  61.202 0.0000000000
60410  -28.777  -47.925  61.432 0.0000000000
61921  -34.692  -46.586  50.748 0.0000000000
61899  -35.432  -46.626  51.897 0.0000000000
65974  -35.977  -43.715  50.656 0.0000000000
63217  -36.555  -45.653  52.716 0.0000000000
61852  -36.422  -46.772  54.341 0.0000000000
61804  -37.225  -46.483  56.418 0.0000000000
63158  -37.700  -45.935  57.649 0.0000000000
64442  -38.696  -44.908  59.032 0.0000000000
65776  -38.785  -44.212  60.567 0.0000000000
65805  -38.547  -43.993  58.713 0.0000000000
68621  -39.485  -42.723  59.234 0.0000000000
68661  -40.321  -41.975  58.118 0.0000000000
68703  -39.293  -41.900  55.147 0.0000000000
68683  -40.254  -42.413  57.058 0.0000000000
67225  -41.611  -42.642  58.203 0.0000000000
67227  -43.338  -42.986  57.666 0.0000000000
60481  -18.576  -48.608  56.751 0.0000000000
80179  -54.166  -33.481  52.541 0.0000000000
80193  -54.641  -33.447  51.468 0.0000000000
80237  -55.192  -33.854  50.356 0.0000000000
78890  -56.136  -34.392  48.550 0.0000000000
78912  -52.075  -35.069  46.877 0.0000000000
78914  -53.988  -34.779  47.255 0.0000000000
93187  -51.155  -24.042  38.177 0.0000000000
93172  -51.225  -24.255  39.195 0.0000000000
93189  -52.558  -23.794  38.650 0.0000000000
94388  -53.667  -23.593  39.535 0.0000000000
94373  -55.409  -22.882  40.755 0.0000000000
95587  -56.508  -22.719  39.049 0.0000000000
94392  -56.725  -22.632  40.334 0.0000000000
84345  -44.332  -31.116  38.837 0.0000000000
84346  -45.636  -30.871  38.925 0.0000000000
84359  -44.626  -30.292  38.350 0.0000000000
87009  -44.845  -28.700  38.533 0.0000000000
88281  -45.220  -27.268  38.846 0.0000000000
90670  -45.807  -26.244  38.924 0.0000000000
90705  -46.306  -25.775  38.332 0.0000000000
90707  -47.637  -25.484  38.147 0.0000000000
91981  -48.464  -25.009  37.710 0.0000000000
91983  -49.940  -24.959  37.055 0.0000000000
93221  -51.161  -24.036  36.297 0.0000000000
94451  -52.068  -23.625  35.690 0.0000000000
94452  -53.169  -22.894  35.564 0.0000000000
94479  -51.461  -23.300  33.320 0.0000000000
94480  -52.649  -22.689  33.310 0.0000000000
94467  -54.201  -22.499  34.854 0.0000000000
95664  -54.474  -22.205  34.216 0.0000000000
95665  -55.648  -21.434  34.071 0.0000000000
96924  -56.694  -20.210  32.984 0.0000000000
98048  -57.234  -19.639  32.909 0.0000000000
96932  -55.657  -20.240  31.889 0.0000000000
98068  -55.095  -19.935  30.655 0.0000000000
98080  -54.573  -19.893  30.070 0.0000000000
99182  -53.277  -18.769  28.819 0.0000000000
50957  -15.871  -54.622  67.240 0.0000000000
49617  -15.196  -55.899  68.002 0.0000000000
49616  -14.628  -56.537  68.330 0.0000000000
52277  -14.197  -54.777  71.388 0.0000000000
48311  -13.623  -56.443  69.704 0.0000000000
48317  -13.447  -57.044  69.106 0.0000000000
48315  -12.021  -57.898  69.108 0.0000000000
46990  -11.682  -58.219  68.942 0.0000000000
45681  -10.689  -59.458  68.977 0.0000000000
43154  -11.535  -60.061  70.453 0.0000000000
77329  -54.093  -35.463  54.309 0.0000000000
73038  -50.760  -38.979  55.008 0.0000000000
71648  -50.593  -39.912  52.050 0.0000000000
73068  -51.526  -38.910  52.917 0.0000000000
75808  -52.569  -37.114  53.783 0.0000000000
77341  -53.219  -35.836  53.979 0.0000000000
80161  -53.342  -34.114  52.969 0.0000000000
80192  -52.392  -33.908  51.480 0.0000000000
81556  -51.496  -33.522  50.182 0.0000000000
81592  -49.604  -33.893  47.975 0.0000000000
80230  -48.519  -34.740  48.098 0.0000000000
81591  -48.736  -34.243  47.717 0.0000000000
81604  -48.627  -33.963  47.036 0.0000000000
81644  -47.557  -33.292  44.869 0.0000000000
82958  -46.396  -32.340  43.231 0.0000000000
83000  -45.181  -31.942  41.539 0.0000000000
77458  -44.588  -35.747  44.347 0.0000000000
78952  -44.428  -34.978  43.827 0.0000000000
81659  -43.871  -33.176  43.893 0.0000000000
84233  -43.301  -31.444  43.519 0.0000000000
84258  -43.460  -31.049  43.231 0.0000000000
84308  -43.337  -31.411  41.484 0.0000000000
83021  -43.391  -31.704  40.552 0.0000000000
83032  -43.894  -31.794  39.505 0.0000000000
63052  -26.247  -45.726  64.246 0.0000000000
64497  -25.053  -45.241  55.433 0.0000000000
61823  -26.171  -46.678  55.197 0.0000000000
63156  -26.056  -46.373  57.238 0.0000000000
60463  -27.668  -47.552  58.565 0.0000000000
60445  -28.685  -48.497  59.313 0.0000000000
59184  -29.455  -48.939  61.191 0.0000000000
61896  -31.426  -47.509  51.849 0.0000000000
60573  -31.640  -48.255  53.565 0.0000000000
59267  -31.324  -49.152  56.310 0.0000000000
59252  -34.052  -49.486  57.198 0.0000000000
57956  -32.525  -50.176  57.489 0.0000000000
59249  -30.906  -49.532  57.267 0.0000000000
57918  -30.686  -50.575  59.667 0.0000000000
56561  -30.795  -50.834  60.640 0.0000000000
56532  -30.338  -50.579  62.185 0.0000000000
55160  -30.960  -51.797  63.340 0.0000000000
53762  -31.783  -52.486  64.676 0.0000000000
51035  -15.348  -54.695  61.449 0.0000000000
52378  -16.223  -54.195  62.261 0.0000000000
56587  -16.154  -51.819  58.393 0.0000000000
55218  -15.138  -52.637  58.020 0.0000000000
53808  -16.084  -53.282  60.127 0.0000000000
53781  -16.694  -52.607  62.231 0.0000000000
53767  -16.706  -52.744  63.405 0.0000000000
55141  -16.185  -51.550  64.709 0.0000000000
60361  -16.723  -48.362  65.104 0.0000000000
84312  -47.618  -31.795  40.085 0.0000000000
84286  -49.067  -31.280  41.591 0.0000000000
84262  -49.785  -31.031  42.317 0.0000000000
86974  -48.864  -28.299  40.590 0.0000000000
85642  -49.894  -29.613  41.826 0.0000000000
84238  -51.053  -30.686  43.758 0.0000000000
84221  -51.887  -30.080  44.841 0.0000000000
93161  -51.468  -24.464  40.223 0.0000000000
93134  -50.839  -24.195  41.827 0.0000000000
91880  -51.082  -25.212  42.804 0.0000000000
98058  -57.706  -19.161  32.409 0.0000000000
99163  -57.902  -18.483  31.711 0.0000000000
99164  -59.034  -17.882  31.724 0.0000000000
98095  -58.002  -19.503  29.575 0.0000000000
99174  -58.622  -18.880  30.591 0.0000000000
101428  -60.395  -16.908  32.133 0.0000000000
100264  -61.255  -16.866  31.376 0.0000000000
101435  -62.016  -15.817  30.358 0.0000000000
100327  -60.273  -17.700  26.285 0.0000000000
101469  -61.448  -16.297  27.435 0.0000000000
103801  -62.508  -14.721  28.708 0.0000000000
103833  -63.415  -13.887  25.581 0.0000000000
71680  -36.847  -40.077  49.919 0.0000000000
70289  -37.656  -40.347  49.232 0.0000000000
73096  -35.743  -39.134  49.660 0.0000000000
71679  -36.296  -39.431  50.027 0.0000000000
83023  -45.764  -31.974  40.055 0.0000000000
96905  -57.946  -20.595  35.079 0.0000000000
96918  -58.424  -20.150  34.693 0.0000000000
98039  -58.340  -19.661  34.153 0.0000000000
50997  -16.027  -54.770  63.874 0.0000000000
74495  -45.337  -37.795  46.339 0.0000000000
74477  -46.319  -37.840  47.090 0.0000000000
74496  -45.943  -37.535  46.549 0.0000000000
75929  -46.002  -36.672  45.978 0.0000000000
75928  -45.447  -36.882  45.452 0.0000000000
61698  -20.373  -46.559  62.369 0.0000000000
60399  -29.478  -48.351  61.944 0.0000000000
60386  -29.412  -48.430  62.783 0.0000000000
59149  -29.656  -49.098  63.187 0.0000000000
57871  -30.019  -49.839  62.662 0.0000000000
61735  -37.863  -46.624  60.117 0.0000000000
60430  -37.785  -47.089  60.687 0.0000000000
61720  -38.269  -46.612  61.073 0.0000000000
63104  -38.667  -45.869  61.599 0.0000000000
91944  -49.571  -24.739  38.607 0.0000000000
91943  -49.203  -25.075  38.908 0.0000000000
93170  -49.653  -24.781  39.025 0.0000000000
67320  -43.606  -42.876  54.150 0.0000000000
68748  -43.656  -42.760  53.148 0.0000000000
70318  -42.088  -40.819  48.539 0.0000000000
70294  -42.509  -41.167  49.198 0.0000000000
61781  -21.040  -46.867  57.536 0.0000000000
65836  -24.337  -44.639  56.964 0.0000000000
65816  -24.408  -44.548  57.866 0.0000000000
65838  -25.025  -45.107  58.009 0.0000000000
64453  -25.423  -45.376  58.456 0.0000000000
64468  -25.293  -45.555  57.459 0.0000000000
68721  -36.940  -42.234  53.246 0.0000000000
65896  -37.044  -43.607  53.821 0.0000000000
67295  -37.331  -43.113  54.380 0.0000000000
65877  -37.547  -43.851  55.215 0.0000000000
67268  -37.759  -43.023  55.334 0.0000000000
67246  -38.186  -43.085  56.161 0.0000000000
67269  -38.127  -42.685  55.536 0.0000000000
68727  -42.399  -42.828  54.685 0.0000000000
67319  -42.945  -42.875  54.572 0.0000000000
67298  -43.616  -42.983  55.017 0.0000000000
61799  -20.125  -47.432  56.078 0.0000000000
60483  -19.810  -47.391  56.868 0.0000000000
80233  -50.858  -33.912  48.524 0.0000000000
80261  -50.995  -34.269  48.054 0.0000000000
81664  -51.503  -32.556  44.184 0.0000000000
80339  -52.129  -33.385  44.774 0.0000000000
81665  -52.227  -32.726  44.582 0.0000000000
81646  -52.795  -32.129  45.061 0.0000000000
94435  -54.173  -22.784  36.557 0.0000000000
94419  -53.737  -23.229  37.649 0.0000000000
94436  -54.878  -22.728  36.966 0.0000000000
93264  -49.871  -23.950  33.903 0.0000000000
95695  -53.686  -21.490  31.982 0.0000000000
95710  -52.634  -21.261  31.248 0.0000000000
47016  -12.692  -57.971  66.319 0.0000000000
48331  -13.157  -57.424  67.192 0.0000000000
52289  -14.879  -53.423  70.487 0.0000000000
53658  -15.312  -53.513  71.302 0.0000000000
45660  -13.729  -57.976  71.439 0.0000000000
44389  -14.229  -59.049  71.039 0.0000000000
68779  -48.238  -41.653  52.697 0.0000000000
70189  -49.015  -41.383  53.118 0.0000000000
75848  -49.932  -36.864  49.333 0.0000000000
74441  -51.047  -37.770  50.266 0.0000000000
75849  -50.745  -36.879  49.881 0.0000000000
77382  -50.946  -35.980  50.408 0.0000000000
78847  -50.624  -35.470  50.289 0.0000000000
77398  -49.729  -35.855  49.399 0.0000000000
82916  -45.272  -32.527  44.806 0.0000000000
81642  -45.832  -32.955  45.523 0.0000000000
82933  -45.407  -31.880  44.380 0.0000000000
64406  -24.333  -45.490  61.734 0.0000000000
60530  -29.497  -48.331  55.780 0.0000000000
60529  -28.318  -47.628  55.581 0.0000000000
60506  -29.400  -48.585  56.912 0.0000000000
61850  -35.031  -47.998  53.919 0.0000000000
60558  -34.413  -48.368  54.099 0.0000000000
60534  -34.959  -48.722  54.835 0.0000000000
56565  -34.336  -50.840  60.227 0.0000000000
56564  -33.510  -51.381  60.535 0.0000000000
56548  -33.499  -51.856  61.807 0.0000000000
56535  -34.755  -51.217  62.491 0.0000000000
68624  -40.859  -42.401  59.873 0.0000000000
59159  -16.402  -49.656  62.828 0.0000000000
88283  -46.654  -27.976  38.749 0.0000000000
86998  -47.668  -28.830  38.977 0.0000000000
86984  -47.376  -27.983  39.034 0.0000000000
88246  -50.646  -27.424  42.333 0.0000000000
88200  -51.307  -28.040  43.724 0.0000000000
94359  -54.606  -22.845  41.667 0.0000000000
98093  -56.199  -19.752  29.311 0.0000000000
99221  -59.979  -18.465  27.656 0.0000000000
103841  -61.816  -14.781  25.104 0.0000000000
102626  -61.448  -15.734  24.787 0.0000000000
103832  -61.861  -14.640  26.027 0.0000000000
105048  -62.267  -14.030  26.146 0.0000000000
105038  -62.746  -14.043  26.892 0.0000000000
68772  -40.494  -41.978  52.697 0.0000000000
68798  -40.972  -41.962  51.733 0.0000000000
70291  -39.509  -41.161  49.365 0.0000000000
73093  -34.273  -39.588  49.948 0.0000000000
71645  -36.172  -40.082  51.483 0.0000000000
71659  -35.312  -40.107  50.937 0.0000000000
71644  -35.871  -40.334  51.363 0.0000000000
70184  -36.618  -41.319  52.637 0.0000000000
70211  -36.673  -40.384  52.144 0.0000000000
70186  -37.876  -40.830  53.109 0.0000000000
71632  -37.383  -40.615  52.674 0.0000000000
70238  -38.896  -41.193  51.800 0.0000000000
70213  -38.839  -41.103  52.648 0.0000000000
70239  -39.250  -41.393  52.380 0.0000000000
81645  -48.582  -33.708  44.957 0.0000000000
81660  -47.678  -32.953  43.653 0.0000000000
81699  -48.136  -32.727  42.457 0.0000000000
81683  -48.518  -32.683  42.935 0.0000000000
82960  -48.938  -32.564  42.471 0.0000000000
81662  -49.726  -32.677  43.617 0.0000000000
82961  -49.460  -32.175  42.706 0.0000000000
95635  -57.362  -21.513  36.157 0.0000000000
95636  -59.170  -21.198  37.027 0.0000000000
95613  -59.496  -21.121  37.637 0.0000000000
96871  -60.047  -20.802  37.596 0.0000000000
99149  -60.118  -18.121  34.035 0.0000000000
100244  -59.925  -16.984  33.577 0.0000000000
100243  -59.412  -17.693  33.386 0.0000000000
49650  -15.119  -56.124  64.441 0.0000000000
48365  -14.622  -56.378  64.228 0.0000000000
48345  -14.822  -56.565  65.781 0.0000000000
71705  -47.201  -39.789  49.099 0.0000000000
71706  -47.896  -39.705  49.175 0.0000000000
73137  -48.032  -38.456  47.887 0.0000000000
74480  -48.562  -37.673  47.927 0.0000000000
74459  -48.969  -37.785  48.309 0.0000000000
75889  -48.587  -36.952  48.020 0.0000000000
75887  -47.770  -36.483  47.055 0.0000000000
78934  -46.533  -35.098  45.556 0.0000000000
80299  -45.926  -34.004  45.137 0.0000000000
80317  -45.399  -34.244  44.895 0.0000000000
60368  -28.989  -47.702  64.230 0.0000000000
61673  -28.773  -46.964  64.599 0.0000000000
60350  -29.009  -47.503  65.271 0.0000000000
56488  -30.077  -50.702  64.893 0.0000000000
56473  -29.885  -50.730  65.799 0.0000000000
55116  -30.152  -51.613  65.848 0.0000000000
60571  -29.568  -47.779  53.870 0.0000000000
60572  -30.573  -47.991  53.731 0.0000000000
60489  -36.825  -46.934  57.170 0.0000000000
60488  -36.234  -47.983  57.101 0.0000000000
60466  -36.470  -48.186  58.158 0.0000000000
59201  -36.877  -48.194  61.099 0.0000000000
60428  -36.427  -48.558  59.880 0.0000000000
57903  -35.699  -49.885  60.165 0.0000000000
57873  -35.843  -49.632  62.383 0.0000000000
59185  -36.521  -49.222  61.973 0.0000000000
60388  -36.978  -47.967  63.529 0.0000000000
59227  -17.772  -48.906  58.191 0.0000000000
60441  -18.104  -48.333  59.154 0.0000000000
60407  -17.134  -48.277  61.646 0.0000000000
60393  -16.882  -48.232  62.710 0.0000000000
61682  -19.164  -46.893  63.230 0.0000000000
91940  -47.034  -25.684  39.288 0.0000000000
90672  -47.097  -25.954  39.558 0.0000000000
91927  -47.993  -25.901  39.498 0.0000000000
93145  -49.468  -25.330  40.170 0.0000000000
91915  -49.105  -25.584  40.269 0.0000000000
91916  -49.704  -25.170  40.773 0.0000000000
91898  -49.795  -25.291  41.153 0.0000000000
93133  -50.316  -24.895  41.304 0.0000000000
98122  -54.409  -18.931  27.947 0.0000000000
102650  -60.812  -15.504  23.201 0.0000000000
103867  -61.316  -14.788  22.938 0.0000000000
53737  -16.223  -52.282  65.889 0.0000000000
53677  -15.984  -51.983  69.895 0.0000000000
68664  -46.652  -42.376  57.158 0.0000000000
68686  -47.662  -41.840  56.691 0.0000000000
68728  -46.141  -42.747  53.550 0.0000000000
67301  -46.488  -42.841  54.346 0.0000000000
68751  -46.764  -42.567  52.799 0.0000000000
68799  -42.074  -42.155  51.589 0.0000000000
68800  -43.189  -42.174  51.368 0.0000000000
70240  -44.444  -41.711  50.271 0.0000000000
68801  -44.372  -42.291  50.893 0.0000000000
70241  -45.135  -41.664  50.400 0.0000000000
68803  -46.053  -41.799  51.166 0.0000000000
70242  -46.007  -41.442  50.648 0.0000000000
70269  -46.362  -40.799  50.197 0.0000000000
70268  -45.661  -40.932  49.846 0.0000000000
71724  -45.231  -39.703  48.186 0.0000000000
61745  -20.518  -46.525  59.809 0.0000000000
63139  -22.004  -45.919  58.932 0.0000000000
63126  -22.014  -46.013  59.962 0.0000000000
63114  -23.511  -45.861  60.431 0.0000000000
63128  -23.693  -45.735  59.840 0.0000000000
65798  -24.602  -44.858  58.625 0.0000000000
64439  -24.380  -44.829  58.912 0.0000000000
64427  -24.442  -45.128  59.972 0.0000000000
64428  -24.923  -44.905  59.839 0.0000000000
63115  -25.893  -45.510  60.156 0.0000000000
61746  -27.040  -46.734  59.628 0.0000000000
61732  -27.139  -46.772  60.584 0.0000000000
60425  -27.359  -47.114  60.056 0.0000000000
60409  -28.153  -47.347  61.264 0.0000000000
60426  -27.917  -47.469  60.478 0.0000000000
63260  -35.126  -45.560  49.996 0.0000000000
61945  -34.523  -46.300  50.024 0.0000000000
67359  -35.681  -42.393  50.647 0.0000000000
67376  -35.374  -42.718  49.932 0.0000000000
67377  -35.791  -43.093  50.445 0.0000000000
64533  -36.802  -44.808  53.277 0.0000000000
64532  -36.499  -44.650  52.438 0.0000000000
63218  -36.776  -45.721  53.613 0.0000000000
61877  -36.613  -46.275  53.931 0.0000000000
61827  -36.809  -46.762  55.371 0.0000000000
64488  -37.798  -44.896  56.780 0.0000000000
63171  -37.673  -45.525  56.812 0.0000000000
63159  -37.827  -45.210  57.555 0.0000000000
63144  -38.029  -45.698  58.426 0.0000000000
64456  -38.195  -44.691  58.091 0.0000000000
68638  -38.731  -42.628  57.713 0.0000000000
68620  -39.007  -42.830  58.548 0.0000000000
68639  -39.242  -42.359  58.179 0.0000000000
68640  -39.743  -42.033  58.713 0.0000000000
68660  -39.661  -42.086  57.635 0.0000000000
70152  -38.908  -41.471  54.279 0.0000000000
67270  -42.006  -42.833  56.270 0.0000000000
68705  -41.114  -42.627  56.522 0.0000000000
68684  -40.966  -42.449  57.630 0.0000000000
67247  -41.763  -42.805  57.245 0.0000000000
67226  -42.447  -42.924  57.915 0.0000000000
67251  -45.209  -42.920  56.279 0.0000000000
67229  -45.200  -42.804  57.223 0.0000000000
67230  -45.823  -42.703  56.814 0.0000000000
61743  -19.339  -47.395  58.669 0.0000000000
81543  -53.383  -33.528  51.367 0.0000000000
81544  -54.323  -33.364  51.671 0.0000000000
81558  -53.820  -33.481  50.944 0.0000000000
78867  -54.198  -34.777  49.167 0.0000000000
80236  -54.144  -34.013  50.198 0.0000000000
78868  -55.268  -34.300  49.467 0.0000000000
78889  -55.117  -34.676  48.421 0.0000000000
78935  -50.387  -34.484  45.783 0.0000000000
78911  -51.199  -34.880  46.731 0.0000000000
78937  -51.737  -34.878  46.079 0.0000000000
78939  -53.764  -34.178  46.272 0.0000000000
78940  -54.805  -34.391  46.751 0.0000000000
78941  -55.348  -34.429  47.112 0.0000000000
80306  -55.777  -33.831  46.739 0.0000000000
81628  -55.680  -32.625  46.391 0.0000000000
82901  -54.639  -30.960  46.576 0.0000000000
93205  -51.998  -23.799  37.585 0.0000000000
93188  -51.873  -23.843  38.539 0.0000000000
93206  -52.322  -23.765  38.119 0.0000000000
94403  -53.345  -23.649  38.602 0.0000000000
94389  -54.353  -23.106  39.632 0.0000000000
94372  -54.472  -23.039  40.622 0.0000000000
94390  -55.211  -23.057  39.751 0.0000000000
95566  -57.019  -22.452  39.753 0.0000000000
41876  -10.980  -60.866  69.812 0.0000000000
41884  -10.134  -61.181  69.119 0.0000000000
41885  -10.788  -61.665  69.213 0.0000000000
86994  -44.561  -28.035  38.477 0.0000000000
88280  -44.015  -27.189  38.267 0.0000000000
89477  -44.758  -26.380  38.579 0.0000000000
90686  -45.478  -25.878  38.517 0.0000000000
90724  -46.778  -25.776  37.478 0.0000000000
90725  -47.538  -25.554  37.708 0.0000000000
91994  -47.983  -25.327  37.418 0.0000000000
91995  -48.346  -25.250  36.821 0.0000000000
91996  -49.135  -24.979  36.384 0.0000000000
91997  -50.024  -24.809  36.112 0.0000000000
93203  -50.626  -24.494  36.695 0.0000000000
93220  -50.602  -24.260  35.846 0.0000000000
93237  -51.152  -23.817  35.449 0.0000000000
94450  -51.485  -23.697  35.213 0.0000000000
94465  -52.376  -23.177  34.458 0.0000000000
95676  -52.801  -22.296  32.775 0.0000000000
94466  -53.531  -22.672  34.409 0.0000000000
95663  -53.752  -22.434  33.833 0.0000000000
95679  -55.550  -21.065  33.133 0.0000000000
96915  -56.264  -20.885  33.466 0.0000000000
96923  -55.938  -20.544  32.713 0.0000000000
96942  -53.660  -20.746  30.585 0.0000000000
96943  -54.445  -20.452  30.789 0.0000000000
47015  -12.014  -58.344  66.375 0.0000000000
50971  -16.236  -54.086  66.692 0.0000000000
50943  -15.062  -54.675  68.584 0.0000000000
49609  -14.814  -55.458  68.689 0.0000000000
49608  -14.349  -56.067  69.056 0.0000000000
52278  -15.050  -54.393  71.631 0.0000000000
48303  -12.719  -56.435  71.126 0.0000000000
49602  -13.085  -55.995  70.937 0.0000000000
49604  -13.083  -56.315  70.574 0.0000000000
48310  -12.819  -56.797  69.965 0.0000000000
48316  -12.598  -57.788  69.073 0.0000000000
45669  -11.928  -58.177  70.321 0.0000000000
46983  -11.747  -58.182  69.575 0.0000000000
46982  -11.441  -58.760  69.505 0.0000000000
46989  -11.300  -58.970  68.969 0.0000000000
45676  -11.120  -59.209  69.544 0.0000000000
44398  -10.799  -59.474  69.937 0.0000000000
43147  -11.836  -59.674  70.544 0.0000000000
41867  -14.672  -59.832  70.521 0.0000000000
75782  -53.671  -36.908  55.135 0.0000000000
75796  -53.976  -36.614  54.711 0.0000000000
77328  -53.387  -35.916  54.628 0.0000000000
68707  -48.040  -41.725  55.543 0.0000000000
70154  -48.826  -40.940  56.050 0.0000000000
70170  -50.231  -40.432  54.296 0.0000000000
70169  -49.655  -40.812  54.947 0.0000000000
71614  -50.161  -39.812  55.031 0.0000000000
71615  -50.743  -39.696  54.215 0.0000000000
71665  -50.201  -39.932  51.246 0.0000000000
73069  -51.974  -38.219  52.738 0.0000000000
73053  -51.740  -38.319  53.513 0.0000000000
74398  -52.161  -37.610  53.650 0.0000000000
75793  -52.492  -37.006  54.377 0.0000000000
74399  -52.643  -37.195  53.348 0.0000000000
77368  -52.876  -35.776  52.124 0.0000000000
77354  -53.042  -35.715  53.046 0.0000000000
78822  -52.927  -34.898  52.275 0.0000000000
78806  -53.281  -34.910  53.445 0.0000000000
80160  -53.115  -34.423  52.710 0.0000000000
80177  -52.797  -34.120  51.992 0.0000000000
80176  -52.279  -34.332  51.694 0.0000000000
80208  -50.465  -33.809  50.098 0.0000000000
81541  -51.191  -33.693  50.507 0.0000000000
81555  -50.440  -33.666  49.799 0.0000000000
81575  -50.708  -33.754  49.009 0.0000000000
81574  -49.622  -34.058  48.620 0.0000000000
78885  -48.021  -35.224  47.905 0.0000000000
78863  -48.510  -35.061  48.219 0.0000000000
80258  -47.512  -34.478  47.497 0.0000000000
81603  -47.592  -33.842  47.378 0.0000000000
82918  -46.608  -32.737  44.718 0.0000000000
82957  -45.719  -31.715  43.698 0.0000000000
82977  -45.642  -31.719  42.773 0.0000000000
84310  -44.649  -31.825  41.983 0.0000000000
80334  -43.891  -34.107  43.475 0.0000000000
82956  -43.261  -32.619  43.574 0.0000000000
82931  -43.776  -32.150  44.073 0.0000000000
82930  -43.268  -31.772  43.566 0.0000000000
84282  -41.744  -30.997  42.489 0.0000000000
84283  -42.838  -31.038  42.516 0.0000000000
84307  -42.156  -31.224  41.643 0.0000000000
83031  -42.874  -31.655  39.552 0.0000000000
63097  -21.285  -46.365  61.970 0.0000000000
63082  -22.226  -46.155  62.291 0.0000000000
63067  -24.169  -45.733  63.158 0.0000000000
63069  -25.985  -45.469  63.374 0.0000000000
63053  -27.115  -45.821  64.707 0.0000000000
60528  -27.692  -47.494  56.021 0.0000000000
61802  -26.395  -46.986  56.291 0.0000000000
61783  -26.504  -47.131  57.173 0.0000000000
63157  -26.506  -46.817  57.650 0.0000000000
61784  -27.072  -47.197  57.793 0.0000000000
60464  -28.370  -48.096  58.455 0.0000000000
59198  -29.133  -48.776  60.111 0.0000000000
59199  -29.738  -49.569  59.944 0.0000000000
60532  -33.048  -48.876  54.588 0.0000000000
60556  -32.281  -48.683  54.404 0.0000000000
59293  -31.492  -48.859  54.917 0.0000000000
59282  -31.778  -49.057  55.520 0.0000000000
59253  -35.284  -48.853  57.164 0.0000000000
59270  -34.488  -49.252  56.027 0.0000000000
59232  -34.194  -49.577  57.836 0.0000000000
57940  -33.128  -50.380  58.198 0.0000000000
59250  -31.896  -49.807  56.838 0.0000000000
57955  -31.651  -50.145  57.581 0.0000000000
57938  -31.026  -50.198  58.353 0.0000000000
57919  -31.801  -50.659  59.194 0.0000000000
55199  -31.694  -51.620  61.160 0.0000000000
56576  -31.136  -50.994  60.235 0.0000000000
56546  -31.064  -51.154  61.196 0.0000000000
56545  -30.510  -50.630  61.384 0.0000000000
56533  -30.925  -51.086  61.845 0.0000000000
56519  -30.636  -51.250  62.499 0.0000000000
55162  -33.330  -52.100  63.944 0.0000000000
55147  -32.743  -52.236  64.893 0.0000000000
56521  -34.685  -50.891  63.631 0.0000000000
57839  -35.041  -50.092  64.230 0.0000000000
65791  -38.990  -43.780  60.367 0.0000000000
51019  -15.681  -54.812  61.999 0.0000000000
52395  -16.434  -53.926  61.923 0.0000000000
59226  -17.456  -49.580  58.432 0.0000000000
57950  -16.843  -50.040  57.176 0.0000000000
57931  -17.170  -50.603  58.075 0.0000000000
55206  -16.129  -52.608  59.181 0.0000000000
55193  -16.550  -52.231  60.438 0.0000000000
53782  -16.883  -53.248  62.615 0.0000000000
55155  -16.211  -51.487  63.929 0.0000000000
60379  -16.863  -48.378  63.864 0.0000000000
78835  -56.516  -34.196  51.272 0.0000000000
84333  -46.708  -31.563  39.461 0.0000000000
84347  -46.870  -30.358  39.013 0.0000000000
84335  -48.770  -30.096  39.886 0.0000000000
85641  -49.357  -30.299  41.440 0.0000000000
84261  -49.445  -30.803  41.905 0.0000000000
86973  -48.517  -27.769  40.296 0.0000000000
88262  -48.889  -27.374  40.488 0.0000000000
86957  -50.307  -28.846  42.288 0.0000000000
86942  -50.366  -29.138  42.809 0.0000000000
85619  -50.207  -29.804  42.774 0.0000000000
85620  -50.642  -29.531  43.369 0.0000000000
84220  -51.445  -30.125  44.365 0.0000000000
85602  -51.212  -29.500  43.946 0.0000000000
86914  -52.268  -28.520  44.887 0.0000000000
85590  -52.264  -29.250  44.910 0.0000000000
85591  -52.621  -29.071  45.402 0.0000000000
93173  -52.032  -23.967  39.435 0.0000000000
93136  -52.438  -23.630  42.417 0.0000000000
93135  -51.702  -23.881  42.079 0.0000000000
91900  -51.334  -24.395  42.456 0.0000000000
98057  -56.878  -19.555  32.229 0.0000000000
100261  -59.290  -17.409  32.523 0.0000000000
98094  -57.270  -19.579  29.289 0.0000000000
99184  -58.057  -19.576  28.917 0.0000000000
99186  -59.666  -18.731  29.535 0.0000000000
99175  -60.018  -18.203  30.742 0.0000000000
99165  -59.770  -17.771  31.564 0.0000000000
100270  -60.291  -17.673  31.451 0.0000000000
100263  -60.674  -17.245  31.736 0.0000000000
100271  -60.997  -17.476  30.769 0.0000000000
101443  -61.458  -16.787  29.338 0.0000000000
100272  -61.604  -16.542  30.620 0.0000000000
102568  -62.321  -15.270  30.434 0.0000000000
102575  -62.203  -15.209  29.581 0.0000000000
101493  -60.608  -17.128  25.474 0.0000000000
101481  -60.836  -17.013  26.353 0.0000000000
101468  -61.135  -16.903  27.031 0.0000000000
103809  -62.362  -14.539  27.755 0.0000000000
103793  -63.037  -14.651  29.410 0.0000000000
103802  -62.850  -14.358  28.552 0.0000000000
106227  -62.829  -12.984  24.451 0.0000000000
68796  -39.267  -41.508  51.282 0.0000000000
68817  -39.649  -41.610  50.940 0.0000000000
70261  -38.865  -41.328  50.564 0.0000000000
70290  -38.535  -40.766  49.415 0.0000000000
73094  -34.855  -39.376  50.257 0.0000000000
73095  -35.342  -39.077  49.968 0.0000000000
73064  -36.238  -39.656  50.953 0.0000000000
71646  -36.689  -40.058  51.520 0.0000000000
71647  -37.480  -40.407  52.152 0.0000000000
71662  -37.216  -40.210  51.044 0.0000000000
81681  -47.015  -32.647  42.626 0.0000000000
81697  -47.135  -32.492  42.160 0.0000000000
82979  -47.456  -32.471  41.644 0.0000000000
83002  -48.071  -32.191  40.875 0.0000000000
95653  -57.437  -21.062  35.421 0.0000000000
98024  -59.413  -20.018  35.525 0.0000000000
98041  -60.319  -19.086  34.754 0.0000000000
98051  -59.484  -18.810  34.165 0.0000000000
49695  -15.271  -55.499  62.291 0.0000000000
49682  -14.970  -56.057  62.926 0.0000000000
49651  -15.804  -55.504  64.725 0.0000000000
49638  -15.989  -55.338  65.739 0.0000000000
73135  -46.049  -38.743  47.670 0.0000000000
74478  -47.294  -37.565  47.150 0.0000000000
75912  -47.329  -36.620  46.644 0.0000000000
75911  -46.720  -36.689  46.210 0.0000000000
61719  -28.592  -47.357  62.402 0.0000000000
61701  -28.266  -46.702  63.116 0.0000000000
61702  -28.794  -47.328  63.007 0.0000000000
60385  -29.005  -47.839  63.330 0.0000000000
60351  -29.307  -48.336  64.691 0.0000000000
59117  -29.542  -49.064  65.130 0.0000000000
59132  -29.772  -49.050  64.172 0.0000000000
57838  -30.015  -49.828  64.581 0.0000000000
56503  -30.124  -50.675  64.022 0.0000000000
61747  -37.358  -46.934  58.623 0.0000000000
60447  -36.908  -47.597  58.948 0.0000000000
61734  -37.389  -47.063  59.426 0.0000000000
59186  -37.088  -48.581  61.747 0.0000000000
60412  -37.375  -47.884  61.515 0.0000000000
61703  -37.777  -47.128  62.703 0.0000000000
61696  -18.524  -47.249  62.038 0.0000000000
91942  -48.611  -25.486  38.930 0.0000000000
91929  -49.181  -25.271  39.427 0.0000000000
93158  -49.264  -25.312  39.796 0.0000000000
67274  -45.351  -42.985  55.367 0.0000000000
67322  -45.305  -42.684  53.431 0.0000000000
70264  -42.016  -41.654  49.916 0.0000000000
68821  -43.513  -41.868  50.497 0.0000000000
70265  -42.998  -41.537  49.850 0.0000000000
70266  -43.951  -41.476  49.857 0.0000000000
70296  -44.372  -40.878  49.253 0.0000000000
70297  -45.165  -40.808  49.195 0.0000000000
71702  -44.129  -40.510  48.833 0.0000000000
61761  -20.021  -47.313  57.951 0.0000000000
61762  -20.669  -46.707  58.755 0.0000000000
63154  -21.885  -46.050  57.817 0.0000000000
65834  -23.707  -44.791  56.184 0.0000000000
64465  -23.451  -44.895  56.991 0.0000000000
64466  -23.884  -44.439  57.359 0.0000000000
65797  -24.480  -44.734  58.379 0.0000000000
64452  -25.053  -45.165  58.694 0.0000000000
64441  -25.404  -45.337  59.249 0.0000000000
63129  -25.953  -45.798  59.180 0.0000000000
63130  -26.535  -46.344  58.964 0.0000000000
61763  -27.081  -46.910  58.751 0.0000000000
67342  -36.257  -42.667  51.769 0.0000000000
65916  -36.643  -43.769  53.144 0.0000000000
65917  -36.935  -44.212  53.750 0.0000000000
64517  -36.989  -44.893  54.115 0.0000000000
64502  -37.380  -44.801  55.020 0.0000000000
64472  -37.788  -44.191  56.563 0.0000000000
65824  -38.425  -43.949  57.638 0.0000000000
65845  -38.140  -43.845  56.682 0.0000000000
68658  -38.606  -42.563  56.709 0.0000000000
68725  -40.234  -42.124  54.584 0.0000000000
68726  -41.562  -42.725  55.140 0.0000000000
67271  -42.761  -42.988  56.126 0.0000000000
67249  -43.474  -42.966  56.752 0.0000000000
67272  -43.551  -42.970  55.874 0.0000000000
67273  -44.423  -42.967  55.615 0.0000000000
60482  -19.436  -48.072  56.833 0.0000000000
81576  -52.041  -33.731  49.741 0.0000000000
80235  -52.842  -34.459  49.344 0.0000000000
80263  -52.737  -34.949  48.459 0.0000000000
80320  -51.059  -33.951  45.064 0.0000000000
78956  -51.398  -34.421  45.508 0.0000000000
80321  -51.837  -33.829  45.106 0.0000000000
80323  -53.431  -33.456  45.623 0.0000000000
80304  -54.168  -32.997  45.799 0.0000000000
81647  -53.446  -32.406  45.489 0.0000000000
82920  -53.199  -31.720  45.406 0.0000000000
82919  -52.929  -31.157  45.320 0.0000000000
94433  -52.389  -23.719  36.932 0.0000000000
94418  -52.767  -23.661  37.696 0.0000000000
95589  -58.351  -21.847  38.551 0.0000000000
101423  -61.965  -15.774  32.323 0.0000000000
90723  -45.684  -25.832  37.128 0.0000000000
93235  -49.902  -24.415  34.799 0.0000000000
93236  -50.458  -24.054  35.133 0.0000000000
93252  -49.595  -24.147  34.225 0.0000000000
93253  -50.356  -24.018  34.347 0.0000000000
94463  -50.640  -23.941  34.046 0.0000000000
95696  -54.541  -21.162  32.022 0.0000000000
96931  -54.865  -20.699  31.588 0.0000000000
52308  -15.191  -53.691  68.998 0.0000000000
52295  -14.855  -53.385  69.772 0.0000000000
52294  -14.443  -54.079  69.645 0.0000000000
50926  -14.079  -54.623  70.114 0.0000000000
170444  -14.296  -56.358  71.438 0.0000000000
170442  -13.701  -56.706  71.558 0.0000000000
48299  -12.548  -56.720  71.264 0.0000000000
48304  -12.127  -57.354  70.302 0.0000000000
46969  -12.392  -57.270  71.271 0.0000000000
45658  -12.716  -57.995  71.174 0.0000000000
44387  -12.641  -58.893  71.024 0.0000000000
43149  -12.894  -59.757  70.623 0.0000000000
44388  -13.463  -59.094  71.100 0.0000000000
43151  -14.522  -59.454  70.730 0.0000000000
68730  -48.163  -42.431  54.322 0.0000000000
68731  -48.958  -41.634  54.750 0.0000000000
68754  -49.369  -41.751  54.084 0.0000000000
70190  -49.692  -41.213  53.604 0.0000000000
73099  -50.646  -38.929  50.391 0.0000000000
73100  -51.168  -38.252  50.812 0.0000000000
74427  -51.505  -37.635  51.051 0.0000000000
74428  -52.080  -37.627  51.726 0.0000000000
75821  -52.448  -36.983  51.984 0.0000000000
75835  -52.066  -36.743  51.317 0.0000000000
77367  -52.395  -35.813  51.526 0.0000000000
78832  -50.960  -34.981  50.814 0.0000000000
78831  -50.567  -34.630  50.382 0.0000000000
80207  -50.106  -34.266  49.821 0.0000000000
80301  -46.333  -33.889  46.832 0.0000000000
80280  -47.483  -34.222  47.470 0.0000000000
81623  -46.512  -33.516  46.578 0.0000000000
81643  -46.651  -32.907  45.559 0.0000000000
84236  -45.282  -31.435  43.959 0.0000000000
84260  -45.055  -31.495  43.411 0.0000000000
63100  -23.325  -45.752  61.374 0.0000000000
63084  -23.800  -45.603  62.199 0.0000000000
63068  -25.044  -45.492  63.240 0.0000000000
61654  -28.285  -46.521  65.663 0.0000000000
60569  -28.173  -47.330  54.026 0.0000000000
61849  -27.668  -47.123  54.276 0.0000000000
61825  -27.907  -47.313  54.967 0.0000000000
60504  -27.998  -47.641  56.475 0.0000000000
60484  -27.985  -47.746  57.453 0.0000000000
60485  -28.757  -48.338  57.579 0.0000000000
60486  -29.310  -48.815  57.694 0.0000000000
59230  -29.612  -49.211  58.233 0.0000000000
61874  -33.330  -47.849  52.723 0.0000000000
60575  -33.696  -48.169  53.534 0.0000000000
60557  -33.315  -48.544  54.165 0.0000000000
59216  -34.907  -49.587  58.959 0.0000000000
57941  -34.062  -49.959  58.226 0.0000000000
56580  -34.206  -50.550  59.508 0.0000000000
57920  -32.799  -50.574  59.040 0.0000000000
56578  -32.586  -51.130  59.828 0.0000000000
56563  -32.362  -51.652  60.858 0.0000000000
55185  -32.021  -51.801  61.721 0.0000000000
55173  -32.010  -52.160  62.633 0.0000000000
55186  -32.645  -51.996  62.116 0.0000000000
55174  -32.975  -52.182  62.881 0.0000000000
57893  -16.829  -50.249  60.435 0.0000000000
56541  -16.554  -50.895  62.247 0.0000000000
56527  -16.236  -50.730  63.314 0.0000000000
61643  -17.883  -47.369  65.027 0.0000000000
85684  -47.090  -29.449  38.969 0.0000000000
85674  -48.342  -29.434  39.340 0.0000000000
86986  -48.694  -28.962  40.075 0.0000000000
89438  -49.705  -26.555  41.144 0.0000000000
88263  -49.491  -27.586  40.950 0.0000000000
86958  -50.654  -28.043  42.467 0.0000000000
86927  -51.176  -28.700  43.876 0.0000000000
86928  -51.684  -28.555  44.437 0.0000000000
93163  -53.121  -23.761  40.388 0.0000000000
93150  -53.249  -23.455  40.945 0.0000000000
94357  -52.932  -23.504  42.013 0.0000000000
94343  -53.117  -23.370  42.621 0.0000000000
98069  -55.753  -19.519  31.127 0.0000000000
98070  -56.726  -19.229  31.372 0.0000000000
99187  -60.553  -18.109  29.524 0.0000000000
101453  -61.279  -16.999  29.001 0.0000000000
101518  -60.205  -16.500  23.951 0.0000000000
101519  -60.602  -16.487  24.281 0.0000000000
101506  -60.905  -16.510  24.720 0.0000000000
101494  -61.153  -16.399  25.569 0.0000000000
102605  -61.653  -15.391  26.712 0.0000000000
103821  -62.040  -14.575  26.882 0.0000000000
105023  -62.608  -14.235  27.300 0.0000000000
103842  -63.714  -13.620  24.527 0.0000000000
68819  -41.513  -41.760  50.821 0.0000000000
70263  -41.002  -41.705  49.990 0.0000000000
70293  -41.550  -41.334  49.173 0.0000000000
61801  -21.487  -46.849  56.501 0.0000000000
64481  -23.374  -45.187  55.621 0.0000000000
67238  -24.125  -44.669  56.201 0.0000000000
65855  -24.309  -44.756  56.410 0.0000000000
70287  -34.087  -40.661  48.822 0.0000000000
70288  -34.731  -41.016  49.255 0.0000000000
68816  -35.303  -41.693  50.286 0.0000000000
71678  -34.752  -40.111  50.381 0.0000000000
70236  -35.340  -40.829  50.597 0.0000000000
68769  -36.016  -41.685  51.616 0.0000000000
68770  -36.365  -41.813  52.332 0.0000000000
68742  -36.739  -41.758  52.941 0.0000000000
68722  -37.378  -42.130  53.702 0.0000000000
68701  -38.076  -42.184  54.919 0.0000000000
70165  -37.978  -41.454  54.047 0.0000000000
70166  -38.458  -41.216  53.826 0.0000000000
70167  -38.913  -41.259  53.686 0.0000000000
70212  -38.258  -40.828  52.417 0.0000000000
70188  -38.937  -41.208  53.159 0.0000000000
68744  -39.313  -41.511  53.361 0.0000000000
68745  -40.018  -41.842  53.545 0.0000000000
80281  -49.231  -34.138  46.517 0.0000000000
80282  -49.959  -34.470  46.933 0.0000000000
80303  -49.847  -34.416  46.061 0.0000000000
80319  -50.144  -34.208  45.105 0.0000000000
81661  -48.685  -33.281  43.939 0.0000000000
80335  -49.394  -33.325  44.089 0.0000000000
80336  -49.971  -33.380  44.286 0.0000000000
80337  -50.818  -33.456  44.409 0.0000000000
81663  -50.639  -32.593  43.953 0.0000000000
82937  -50.563  -31.783  43.498 0.0000000000
95633  -55.159  -22.421  36.434 0.0000000000
95611  -57.438  -21.872  37.386 0.0000000000
96869  -58.054  -21.374  36.768 0.0000000000
95590  -59.651  -21.386  38.586 0.0000000000
99136  -60.642  -18.508  34.600 0.0000000000
100256  -59.644  -16.718  32.835 0.0000000000
49667  -14.609  -56.234  63.694 0.0000000000
48364  -14.062  -56.627  63.929 0.0000000000
48352  -14.043  -56.883  65.002 0.0000000000
48344  -14.081  -57.134  66.050 0.0000000000
48332  -13.863  -56.950  67.049 0.0000000000
70244  -47.585  -40.854  50.898 0.0000000000
70245  -48.548  -40.804  51.347 0.0000000000
71663  -48.358  -40.460  50.569 0.0000000000
71684  -48.813  -39.960  49.986 0.0000000000
73098  -49.368  -38.960  49.425 0.0000000000
73118  -48.235  -39.034  48.470 0.0000000000
74439  -49.577  -37.867  48.952 0.0000000000
75847  -49.471  -37.144  48.742 0.0000000000
75867  -49.490  -36.475  48.910 0.0000000000
77412  -48.857  -36.323  48.247 0.0000000000
77411  -48.498  -35.885  48.025 0.0000000000
77428  -47.228  -35.748  46.344 0.0000000000
78909  -47.439  -34.995  46.704 0.0000000000
80300  -46.070  -34.205  46.132 0.0000000000
81621  -45.711  -33.802  45.196 0.0000000000
82915  -44.574  -32.547  44.584 0.0000000000
64408  -25.338  -45.410  61.251 0.0000000000
63086  -25.507  -45.458  62.240 0.0000000000
63071  -27.788  -46.156  64.169 0.0000000000
61686  -28.420  -46.653  64.115 0.0000000000
61672  -28.378  -46.400  64.874 0.0000000000
61632  -28.824  -46.957  65.905 0.0000000000
57809  -29.577  -49.831  66.345 0.0000000000
61869  -28.032  -47.230  53.307 0.0000000000
60570  -28.674  -47.554  53.924 0.0000000000
60553  -29.073  -47.874  54.748 0.0000000000
60531  -30.115  -48.539  55.441 0.0000000000
60509  -35.894  -47.946  56.060 0.0000000000
60508  -35.317  -48.709  55.727 0.0000000000
60487  -35.602  -48.462  56.494 0.0000000000
59234  -35.837  -48.814  58.260 0.0000000000
60446  -36.459  -48.395  59.138 0.0000000000
57923  -35.099  -49.765  59.493 0.0000000000
57885  -35.259  -50.546  60.726 0.0000000000
57872  -35.475  -50.552  61.894 0.0000000000
57858  -35.776  -49.355  63.036 0.0000000000
59169  -36.877  -48.633  62.708 0.0000000000
59152  -36.533  -48.630  63.383 0.0000000000
59134  -35.721  -48.906  64.656 0.0000000000
59243  -17.405  -49.497  57.254 0.0000000000
59209  -17.403  -49.153  59.780 0.0000000000
59175  -16.478  -49.574  62.282 0.0000000000
60380  -17.531  -47.837  63.550 0.0000000000
61665  -18.062  -47.343  64.393 0.0000000000
89466  -46.895  -26.518  39.476 0.0000000000
89467  -47.211  -26.946  39.558 0.0000000000
89453  -47.335  -26.409  39.647 0.0000000000
89454  -47.722  -26.605  39.807 0.0000000000
89455  -48.910  -26.460  40.412 0.0000000000
91914  -48.514  -25.862  39.904 0.0000000000
90660  -48.961  -25.888  40.339 0.0000000000
89437  -49.393  -26.185  40.755 0.0000000000
90645  -49.464  -25.802  40.809 0.0000000000
90646  -50.001  -25.748  41.733 0.0000000000
90647  -50.482  -25.733  42.307 0.0000000000
98107  -54.774  -19.307  28.537 0.0000000000
98124  -56.074  -19.383  27.691 0.0000000000
105074  -62.041  -13.925  24.613 0.0000000000
105075  -62.416  -13.129  24.228 0.0000000000
106241  -62.887  -12.587  23.954 0.0000000000
105106  -61.939  -13.585  22.211 0.0000000000
105092  -62.448  -12.888  23.269 0.0000000000
106242  -63.449  -12.422  23.791 0.0000000000
52347  -16.350  -53.514  65.653 0.0000000000
52346  -16.324  -52.962  65.949 0.0000000000
52333  -16.081  -53.350  66.627 0.0000000000
53690  -15.440  -52.566  69.042 0.0000000000
67275  -46.339  -42.918  55.185 0.0000000000
68706  -47.299  -42.702  54.897 0.0000000000
68752  -47.784  -42.305  53.194 0.0000000000
68749  -44.694  -42.633  52.828 0.0000000000
68776  -45.066  -42.343  51.903 0.0000000000
68777  -46.290  -42.207  51.718 0.0000000000
70216  -46.988  -41.387  51.514 0.0000000000
70270  -46.997  -40.660  50.311 0.0000000000
71682  -46.705  -40.330  49.711 0.0000000000
73116  -46.165  -39.472  48.262 0.0000000000
73152  -45.155  -38.367  46.817 0.0000000000
61715  -20.011  -46.724  61.436 0.0000000000
63112  -21.911  -46.129  60.914 0.0000000000
63138  -21.268  -46.227  59.385 0.0000000000
64415  -23.876  -45.661  60.923 0.0000000000
64416  -24.412  -45.506  60.941 0.0000000000
63140  -22.779  -45.813  58.426 0.0000000000
64449  -23.361  -45.278  58.164 0.0000000000
64437  -23.336  -45.693  58.820 0.0000000000
64417  -24.942  -45.226  60.674 0.0000000000
63102  -25.898  -45.525  61.272 0.0000000000
61717  -27.248  -46.580  61.634 0.0000000000
61718  -28.139  -46.957  61.905 0.0000000000
60411  -29.247  -48.422  61.606 0.0000000000
61944  -33.761  -46.456  49.985 0.0000000000
61898  -34.020  -47.275  51.817 0.0000000000
61851  -35.695  -47.609  54.101 0.0000000000
65992  -35.280  -43.644  49.384 0.0000000000
64554  -35.668  -44.817  50.432 0.0000000000
65956  -36.293  -43.669  51.313 0.0000000000
64545  -36.230  -44.518  51.638 0.0000000000
63229  -36.191  -45.622  51.702 0.0000000000
61900  -36.204  -46.227  52.316 0.0000000000
61876  -36.179  -46.683  53.195 0.0000000000
61826  -36.186  -47.348  54.884 0.0000000000
60536  -36.281  -47.527  55.529 0.0000000000
63188  -37.447  -45.692  55.700 0.0000000000
61785  -37.390  -46.319  57.182 0.0000000000
61764  -37.392  -46.607  57.863 0.0000000000
61765  -37.698  -46.397  58.413 0.0000000000
63131  -38.391  -45.773  59.552 0.0000000000
64419  -38.786  -44.811  61.310 0.0000000000
64430  -38.733  -44.923  60.133 0.0000000000
65790  -38.876  -44.116  59.725 0.0000000000
67163  -39.161  -43.694  59.915 0.0000000000
67204  -38.662  -43.276  58.211 0.0000000000
67183  -39.166  -43.433  59.283 0.0000000000
67184  -39.451  -43.089  59.802 0.0000000000
68641  -40.347  -42.073  59.127 0.0000000000
68642  -40.870  -42.363  59.427 0.0000000000
68702  -38.606  -41.988  55.190 0.0000000000
68681  -38.911  -42.169  56.096 0.0000000000
68682  -39.546  -42.159  56.499 0.0000000000
68662  -40.910  -42.279  58.586 0.0000000000
67206  -42.278  -42.749  58.814 0.0000000000
67228  -44.225  -42.870  57.441 0.0000000000
59261  -17.208  -49.189  56.341 0.0000000000
60460  -18.363  -48.494  58.034 0.0000000000
60461  -19.193  -48.053  57.875 0.0000000000
80180  -54.864  -33.498  52.354 0.0000000000
80209  -54.082  -33.632  50.694 0.0000000000
80211  -55.704  -33.443  50.827 0.0000000000
80238  -55.812  -34.059  49.850 0.0000000000
80284  -51.507  -34.838  47.549 0.0000000000
78886  -52.400  -35.004  47.729 0.0000000000
78887  -53.277  -34.992  47.893 0.0000000000
78938  -52.671  -34.735  46.180 0.0000000000
78913  -53.037  -34.907  47.020 0.0000000000
78888  -54.159  -34.928  48.165 0.0000000000
78915  -54.873  -34.667  47.545 0.0000000000
78916  -55.867  -34.415  47.546 0.0000000000
81627  -54.863  -32.238  46.212 0.0000000000
93186  -50.514  -24.493  37.665 0.0000000000
93171  -50.242  -24.528  38.805 0.0000000000
93174  -52.873  -23.888  39.497 0.0000000000
94371  -53.747  -23.338  40.444 0.0000000000
94360  -55.604  -22.697  41.786 0.0000000000
95609  -55.238  -22.659  37.213 0.0000000000
94421  -55.404  -22.855  38.279 0.0000000000
94406  -55.741  -22.904  38.895 0.0000000000
95565  -56.589  -22.676  39.538 0.0000000000
94391  -56.205  -22.790  39.859 0.0000000000
94374  -56.322  -22.707  40.904 0.0000000000
44405  -10.026  -59.975  69.016 0.0000000000
83034  -45.586  -31.619  39.375 0.0000000000
84360  -45.403  -30.013  38.210 0.0000000000
85695  -44.831  -29.416  38.337 0.0000000000
85696  -45.475  -29.523  38.326 0.0000000000
85682  -45.431  -28.990  38.503 0.0000000000
86995  -45.307  -28.234  38.772 0.0000000000
88282  -45.991  -27.700  38.918 0.0000000000
89464  -45.498  -26.662  38.981 0.0000000000
88269  -45.689  -26.886  39.132 0.0000000000
90687  -46.468  -25.868  39.001 0.0000000000
91960  -47.093  -25.529  38.854 0.0000000000
90706  -47.192  -25.605  38.239 0.0000000000
91961  -47.832  -25.501  38.555 0.0000000000
91980  -48.003  -25.333  38.002 0.0000000000
91982  -49.104  -24.908  37.365 0.0000000000
93204  -51.237  -24.139  37.179 0.0000000000
93222  -51.766  -23.879  36.607 0.0000000000
93238  -51.572  -23.878  35.994 0.0000000000
94453  -54.060  -22.650  35.445 0.0000000000
95650  -54.632  -22.322  35.378 0.0000000000
95666  -56.580  -21.122  34.194 0.0000000000
96916  -57.001  -20.638  33.781 0.0000000000
96925  -57.238  -19.993  33.483 0.0000000000
96933  -56.306  -20.075  32.314 0.0000000000
96944  -55.116  -20.111  31.242 0.0000000000
98091  -54.056  -19.247  29.228 0.0000000000
99183  -53.793  -18.904  28.794 0.0000000000
50972  -16.190  -54.543  66.237 0.0000000000
49627  -15.941  -55.165  66.320 0.0000000000
49626  -15.554  -55.712  66.539 0.0000000000
48323  -14.600  -56.739  67.705 0.0000000000
52284  -15.332  -53.714  71.528 0.0000000000
52282  -14.009  -54.460  71.051 0.0000000000
170448  -13.827  -54.732  70.634 0.0000000000
52270  -13.545  -55.586  71.222 0.0000000000
52276  -13.597  -55.268  71.082 0.0000000000
49605  -13.712  -55.668  70.267 0.0000000000
48322  -13.987  -57.127  68.158 0.0000000000
48321  -13.021  -57.686  68.183 0.0000000000
46998  -12.157  -57.975  68.154 0.0000000000
48309  -12.137  -57.718  69.571 0.0000000000
45675  -10.498  -59.589  69.481 0.0000000000
43160  -10.708  -60.048  70.197 0.0000000000
41869  -11.840  -60.652  70.185 0.0000000000
43156  -12.648  -60.114  70.504 0.0000000000
41870  -12.799  -60.402  70.390 0.0000000000
74383  -54.305  -37.200  54.450 0.0000000000
71578  -49.080  -40.271  56.542 0.0000000000
70155  -49.280  -40.618  55.684 0.0000000000
70246  -49.388  -40.593  51.625 0.0000000000
70219  -50.121  -40.627  52.379 0.0000000000
70220  -50.763  -40.065  52.677 0.0000000000
71666  -50.858  -39.495  51.675 0.0000000000
71649  -51.036  -39.436  52.358 0.0000000000
71633  -51.112  -39.628  53.279 0.0000000000
73052  -51.313  -38.823  54.005 0.0000000000
74381  -51.535  -38.321  54.762 0.0000000000
75794  -52.903  -36.278  54.595 0.0000000000
74414  -52.763  -36.970  53.028 0.0000000000
75809  -52.922  -36.605  53.624 0.0000000000
77327  -53.146  -35.886  54.592 0.0000000000
78792  -53.357  -35.492  54.228 0.0000000000
78793  -53.655  -35.077  54.108 0.0000000000
80178  -53.516  -33.694  52.454 0.0000000000
81528  -53.124  -33.716  51.743 0.0000000000
81542  -52.328  -33.675  51.097 0.0000000000
80191  -51.788  -34.118  51.270 0.0000000000
81593  -50.316  -33.883  48.101 0.0000000000
78864  -49.066  -35.062  48.604 0.0000000000
80232  -49.465  -34.467  49.024 0.0000000000
80259  -48.180  -34.570  47.738 0.0000000000
80260  -48.748  -34.466  47.903 0.0000000000
81605  -49.610  -34.152  47.424 0.0000000000
82935  -46.865  -32.789  43.979 0.0000000000
83022  -44.546  -31.849  40.367 0.0000000000
75944  -44.867  -37.085  45.076 0.0000000000
77459  -44.973  -35.926  45.181 0.0000000000
78953  -44.880  -34.904  44.750 0.0000000000
80316  -44.539  -33.945  44.388 0.0000000000
81640  -44.365  -32.947  44.423 0.0000000000
82914  -44.226  -32.537  44.407 0.0000000000
84257  -42.522  -30.973  43.207 0.0000000000
84234  -44.015  -31.389  43.882 0.0000000000
84259  -44.291  -31.288  43.296 0.0000000000
84284  -43.843  -31.112  42.502 0.0000000000
84330  -42.641  -31.490  40.892 0.0000000000
84331  -43.122  -31.573  40.986 0.0000000000
82998  -43.617  -31.536  41.056 0.0000000000
82999  -44.075  -31.574  41.131 0.0000000000
61716  -20.742  -46.505  61.714 0.0000000000
63080  -21.320  -46.338  62.365 0.0000000000
67240  -24.506  -44.620  55.232 0.0000000000
64482  -24.906  -45.608  56.457 0.0000000000
64483  -25.367  -46.012  56.674 0.0000000000
63142  -26.606  -46.501  58.100 0.0000000000
60444  -28.163  -47.813  59.428 0.0000000000
60427  -28.618  -48.145  60.261 0.0000000000
59183  -28.975  -48.458  60.756 0.0000000000
61872  -30.977  -47.879  52.759 0.0000000000
61873  -32.128  -47.989  52.651 0.0000000000
59281  -30.743  -48.821  55.492 0.0000000000
59280  -30.148  -48.634  55.787 0.0000000000
60507  -34.749  -49.141  55.304 0.0000000000
59284  -33.665  -49.505  55.459 0.0000000000
59269  -33.363  -49.560  56.137 0.0000000000
57958  -33.926  -49.708  57.708 0.0000000000
59251  -32.924  -49.668  56.899 0.0000000000
59268  -32.317  -49.439  56.118 0.0000000000
59231  -30.230  -49.663  57.961 0.0000000000
59215  -30.083  -49.738  58.866 0.0000000000
57901  -30.084  -50.145  60.740 0.0000000000
57884  -30.027  -49.840  61.727 0.0000000000
56518  -30.058  -50.863  63.095 0.0000000000
55159  -30.304  -51.250  63.670 0.0000000000
55145  -30.416  -51.471  64.254 0.0000000000
53774  -31.377  -52.207  63.985 0.0000000000
53746  -30.940  -52.412  65.198 0.0000000000
56520  -34.124  -51.430  64.160 0.0000000000
56504  -34.250  -51.195  64.875 0.0000000000
51018  -14.953  -55.121  61.649 0.0000000000
49696  -15.762  -55.200  62.493 0.0000000000
51006  -16.146  -54.801  62.776 0.0000000000
52367  -16.702  -53.940  63.155 0.0000000000
53794  -16.577  -52.948  61.169 0.0000000000
53795  -16.735  -53.486  61.852 0.0000000000
52379  -16.816  -53.832  62.404 0.0000000000
53768  -16.889  -53.361  63.031 0.0000000000
53755  -16.260  -52.468  64.834 0.0000000000
53754  -16.228  -51.834  65.170 0.0000000000
83024  -46.520  -32.045  40.092 0.0000000000
84334  -47.923  -30.677  39.478 0.0000000000
84313  -48.553  -30.929  40.712 0.0000000000
83003  -48.672  -31.792  41.193 0.0000000000
82981  -49.494  -31.766  41.889 0.0000000000
84237  -50.241  -31.061  43.118 0.0000000000
88272  -47.581  -27.347  39.617 0.0000000000
86975  -49.628  -28.736  41.354 0.0000000000
85661  -49.460  -29.542  41.365 0.0000000000
85618  -49.853  -30.344  41.993 0.0000000000
84239  -51.669  -30.699  44.278 0.0000000000
84240  -52.094  -30.592  44.574 0.0000000000
84222  -52.438  -30.499  45.050 0.0000000000
85589  -51.625  -29.678  44.599 0.0000000000
84208  -52.408  -29.778  45.410 0.0000000000
93160  -50.593  -24.759  39.925 0.0000000000
93147  -50.863  -24.736  40.970 0.0000000000
93148  -51.538  -24.068  41.236 0.0000000000
90631  -51.135  -25.802  42.756 0.0000000000
90632  -51.636  -25.811  43.361 0.0000000000
89420  -51.677  -26.631  43.366 0.0000000000
98049  -57.856  -19.480  33.381 0.0000000000
98059  -58.308  -18.957  32.832 0.0000000000
98071  -57.323  -19.074  31.771 0.0000000000
99155  -58.145  -18.652  32.379 0.0000000000
99156  -58.641  -18.037  32.799 0.0000000000
98083  -57.706  -19.302  30.175 0.0000000000
98084  -58.262  -19.310  29.969 0.0000000000
100262  -59.853  -17.206  32.093 0.0000000000
101421  -60.308  -16.594  32.488 0.0000000000
101429  -61.014  -16.790  32.083 0.0000000000
101430  -61.737  -16.046  31.428 0.0000000000
102562  -62.546  -15.440  31.259 0.0000000000
100311  -59.877  -18.102  26.984 0.0000000000
100312  -60.598  -17.654  27.355 0.0000000000
100294  -61.345  -16.799  28.031 0.0000000000
101454  -61.550  -16.364  28.531 0.0000000000
102581  -62.068  -15.303  28.653 0.0000000000
103792  -62.631  -14.814  29.507 0.0000000000
105050  -63.019  -13.720  26.085 0.0000000000
40488  -11.342  -61.681  69.364 0.0000000000
41864  -12.956  -60.026  70.516 0.0000000000
41866  -14.077  -59.933  70.519 0.0000000000
41868  -11.408  -60.555  70.221 0.0000000000
41875  -10.448  -60.863  69.562 0.0000000000
43148  -12.157  -59.636  70.614 0.0000000000
43150  -13.778  -59.535  70.715 0.0000000000
43155  -12.286  -60.136  70.518 0.0000000000
44381  -12.958  -58.335  71.251 0.0000000000
44383  -13.943  -58.563  71.318 0.0000000000
44386  -11.892  -59.288  70.546 0.0000000000
44390  -14.917  -58.991  70.993 0.0000000000
44393  -11.333  -59.446  70.251 0.0000000000
44397  -10.233  -59.994  69.707 0.0000000000
44410  -10.095  -59.866  68.411 0.0000000000
45659  -13.224  -57.921  71.352 0.0000000000
45664  -12.108  -58.329  70.647 0.0000000000
45668  -11.547  -58.809  70.085 0.0000000000
45682  -11.206  -59.130  69.193 0.0000000000
46970  -13.061  -57.333  71.471 0.0000000000
46976  -11.475  -58.743  69.790 0.0000000000
46977  -11.782  -58.196  70.048 0.0000000000
46991  -11.951  -57.993  68.715 0.0000000000
48300  -13.233  -56.484  71.425 0.0000000000
48301  -13.468  -56.981  71.593 0.0000000000
48302  -12.188  -56.866  71.015 0.0000000000
50931  -14.675  -55.247  68.990 0.0000000000
50958  -15.899  -55.013  66.632 0.0000000000
52271  -13.753  -55.687  71.388 0.0000000000
52283  -14.701  -53.858  71.244 0.0000000000
52307  -14.572  -54.176  69.297 0.0000000000
52368  -16.885  -53.591  62.808 0.0000000000
53659  -15.802  -53.156  71.425 0.0000000000
53761  -31.226  -52.285  64.470 0.0000000000
53775  -31.636  -52.376  64.230 0.0000000000
55131  -30.703  -52.013  64.623 0.0000000000
55146  -30.950  -51.948  64.142 0.0000000000
55184  -31.391  -51.497  61.534 0.0000000000
55198  -31.369  -51.457  61.125 0.0000000000
56562  -31.393  -51.374  60.694 0.0000000000
57922  -34.471  -50.030  59.085 0.0000000000
57942  -34.543  -49.701  58.631 0.0000000000
57957  -33.440  -49.924  57.585 0.0000000000
59151  -35.922  -48.967  63.718 0.0000000000
59292  -30.833  -48.754  54.816 0.0000000000
59294  -32.074  -48.898  55.026 0.0000000000
60401  -37.897  -47.488  62.084 0.0000000000
60555  -31.146  -48.530  54.322 0.0000000000
60559  -35.186  -48.196  54.395 0.0000000000
61822  -21.235  -47.159  55.690 0.0000000000
61922  -35.525  -46.427  51.031 0.0000000000
63038  -27.821  -46.362  65.625 0.0000000000
63063  -21.383  -46.287  62.730 0.0000000000
63098  -21.816  -46.298  61.718 0.0000000000
63143  -37.720  -46.172  58.088 0.0000000000
63172  -37.798  -45.034  57.082 0.0000000000
63228  -35.909  -46.247  51.222 0.0000000000
63241  -34.963  -46.034  50.117 0.0000000000
63243  -35.965  -45.069  51.233 0.0000000000
64440  -24.878  -45.059  59.052 0.0000000000
64451  -24.290  -44.592  58.282 0.0000000000
64555  -35.988  -44.548  50.874 0.0000000000
64566  -35.750  -44.321  50.358 0.0000000000
65815  -24.174  -44.410  57.454 0.0000000000
65817  -24.728  -44.919  58.301 0.0000000000
65837  -24.658  -45.030  57.423 0.0000000000
65844  -37.739  -43.959  56.336 0.0000000000
65854  -23.915  -44.710  55.888 0.0000000000
65856  -24.501  -45.049  56.200 0.0000000000
65861  -37.715  -43.714  55.887 0.0000000000
65973  -35.610  -43.719  50.089 0.0000000000
67165  -40.823  -42.391  60.383 0.0000000000
67185  -40.895  -42.419  60.125 0.0000000000
67218  -24.228  -44.603  56.751 0.0000000000
67219  -24.184  -44.572  56.518 0.0000000000
67245  -37.914  -43.390  55.858 0.0000000000
67294  -36.990  -42.915  53.502 0.0000000000
67296  -42.258  -42.846  55.694 0.0000000000
67360  -36.101  -42.952  50.966 0.0000000000
68623  -40.537  -42.325  60.058 0.0000000000
68663  -45.911  -42.629  57.297 0.0000000000
68723  -37.765  -41.923  54.199 0.0000000000
68743  -37.062  -41.768  53.249 0.0000000000
68780  -48.725  -41.459  52.957 0.0000000000
68795  -35.689  -41.620  50.931 0.0000000000
70150  -38.320  -41.794  54.668 0.0000000000
70164  -37.618  -41.606  53.743 0.0000000000
70168  -49.150  -41.096  55.434 0.0000000000
70210  -36.326  -40.895  52.009 0.0000000000
70214  -39.170  -41.374  52.866 0.0000000000
70215  -46.417  -41.539  51.191 0.0000000000
70259  -34.893  -40.818  49.924 0.0000000000
71660  -35.673  -39.900  51.149 0.0000000000
71681  -46.168  -40.514  49.692 0.0000000000
71725  -45.847  -39.549  48.235 0.0000000000
73063  -36.224  -39.795  51.203 0.0000000000
73079  -35.748  -39.570  50.813 0.0000000000
73080  -36.008  -39.330  50.408 0.0000000000
73081  -50.852  -39.320  51.176 0.0000000000
74413  -52.516  -37.483  52.613 0.0000000000
74458  -48.447  -38.203  47.965 0.0000000000
75783  -53.997  -37.122  54.892 0.0000000000
75795  -53.427  -36.394  55.064 0.0000000000
75822  -52.797  -36.567  52.593 0.0000000000
75823  -54.623  -36.669  53.397 0.0000000000
75888  -48.155  -36.729  47.433 0.0000000000
77313  -52.950  -36.104  55.054 0.0000000000
77397  -49.209  -35.827  48.586 0.0000000000
77429  -47.643  -35.730  46.898 0.0000000000
78821  -52.534  -34.502  51.861 0.0000000000
78834  -52.625  -35.306  51.835 0.0000000000
78846  -50.229  -35.052  50.064 0.0000000000
78917  -56.389  -34.328  47.813 0.0000000000
78936  -50.952  -34.661  46.021 0.0000000000
78954  -50.384  -34.384  45.475 0.0000000000
78957  -52.239  -34.346  45.520 0.0000000000
80162  -53.863  -33.763  53.126 0.0000000000
80189  -50.389  -34.478  50.196 0.0000000000
80210  -54.658  -33.587  50.971 0.0000000000
80231  -48.941  -34.627  48.219 0.0000000000
80278  -46.402  -34.206  46.776 0.0000000000
80279  -46.861  -34.199  47.305 0.0000000000
80283  -50.680  -34.654  47.275 0.0000000000
80302  -49.220  -34.005  45.538 0.0000000000
81527  -52.667  -33.839  51.559 0.0000000000
81529  -53.830  -33.388  52.029 0.0000000000
81530  -54.421  -33.309  52.134 0.0000000000
81540  -50.657  -33.693  50.221 0.0000000000
81545  -54.732  -33.263  51.983 0.0000000000
81559  -54.365  -33.451  51.329 0.0000000000
81573  -49.002  -34.361  48.104 0.0000000000
81578  -53.797  -33.683  50.568 0.0000000000
81590  -48.183  -34.272  47.547 0.0000000000
81682  -47.650  -32.757  42.878 0.0000000000
82899  -53.178  -30.883  45.665 0.0000000000
84287  -49.422  -31.188  41.946 0.0000000000
84309  -44.261  -31.587  41.871 0.0000000000
84311  -46.905  -32.029  40.102 0.0000000000
84332  -45.949  -31.610  39.380 0.0000000000
85581  -52.557  -29.370  45.405 0.0000000000
85582  -52.956  -29.152  45.727 0.0000000000
85601  -50.673  -30.106  43.399 0.0000000000
85675  -48.764  -29.496  39.988 0.0000000000
85685  -47.694  -29.393  38.978 0.0000000000
86997  -46.864  -28.727  38.728 0.0000000000
88271  -46.811  -27.302  39.223 0.0000000000
89465  -46.052  -26.573  39.217 0.0000000000
90658  -47.468  -26.217  39.658 0.0000000000
90673  -47.691  -25.998  39.621 0.0000000000
90688  -46.768  -25.856  39.326 0.0000000000
91926  -47.300  -25.847  39.436 0.0000000000
91939  -46.740  -25.735  39.263 0.0000000000
91959  -46.730  -25.667  39.024 0.0000000000
91963  -49.054  -24.774  38.192 0.0000000000
92027  -49.269  -24.515  34.576 0.0000000000
94481  -53.384  -22.525  33.654 0.0000000000
95545  -57.719  -22.331  40.214 0.0000000000
98042  -60.987  -18.730  35.008 0.0000000000
98106  -54.126  -18.956  28.554 0.0000000000
99172  -57.002  -18.920  30.954 0.0000000000
100280  -61.108  -17.425  29.622 0.0000000000
100313  -61.194  -17.068  27.654 0.0000000000
106228  -63.037  -12.871  24.428 0.0000000000
170441  -13.850  -57.009  71.634 0.0000000000
170446  -13.011  -56.116  71.182 0.0000000000
170447  -13.356  -55.845  71.203 0.0000000000
