#!ascii label  , from subject 3075 vox2ras=TkReg
586
118948  -32.835  -1.753  -18.386 0.0000000000
112321  -23.467  -7.491  -20.832 0.0000000000
114560  -34.647  -5.689  -21.779 0.0000000000
106746  -26.272  -12.163  -19.897 0.0000000000
132929  -28.546  10.852  -16.970 0.0000000000
128984  -32.265  7.768  -19.484 0.0000000000
122386  -27.501  1.407  -18.639 0.0000000000
100952  -24.637  -17.740  -18.344 0.0000000000
110055  -24.869  -9.428  -20.697 0.0000000000
106724  -22.532  -12.603  -19.520 0.0000000000
131005  -31.263  9.572  -17.322 0.0000000000
126768  -28.697  5.645  -16.587 0.0000000000
117841  -25.495  -2.583  -20.834 0.0000000000
120147  -23.741  -0.071  -21.123 0.0000000000
121293  -30.919  0.120  -17.430 0.0000000000
123545  -32.913  2.716  -19.150 0.0000000000
121346  -32.718  0.540  -22.441 0.0000000000
117877  -32.428  -2.195  -24.078 0.0000000000
114544  -22.377  -5.174  -20.730 0.0000000000
115611  -27.459  -4.718  -19.635 0.0000000000
116682  -34.063  -3.636  -19.524 0.0000000000
113402  -29.178  -6.575  -19.075 0.0000000000
111166  -29.955  -8.680  -18.684 0.0000000000
107841  -30.451  -11.307  -18.738 0.0000000000
124666  -26.062  3.381  -18.764 0.0000000000
125681  -32.193  4.854  -17.495 0.0000000000
126839  -30.815  5.739  -23.161 0.0000000000
103180  -22.561  -15.375  -18.158 0.0000000000
103199  -25.539  -15.551  -19.283 0.0000000000
107828  -22.083  -11.546  -19.033 0.0000000000
105578  -21.673  -13.572  -18.358 0.0000000000
127877  -27.819  6.484  -16.795 0.0000000000
126787  -26.858  5.480  -17.808 0.0000000000
118966  -28.379  -2.287  -18.770 0.0000000000
118965  -27.831  -1.719  -19.027 0.0000000000
120121  -31.507  -0.867  -17.567 0.0000000000
122388  -33.330  0.835  -19.788 0.0000000000
121313  -33.527  -0.066  -19.871 0.0000000000
120190  -32.233  -0.549  -23.937 0.0000000000
119005  -33.789  -1.333  -22.035 0.0000000000
113435  -22.917  -6.438  -20.681 0.0000000000
115644  -24.953  -4.386  -21.408 0.0000000000
113448  -25.234  -5.783  -21.197 0.0000000000
114531  -28.075  -5.516  -19.439 0.0000000000
113439  -26.531  -6.418  -20.402 0.0000000000
108962  -25.617  -10.328  -20.458 0.0000000000
110033  -27.037  -8.834  -19.825 0.0000000000
108939  -27.707  -10.535  -19.699 0.0000000000
108924  -30.694  -9.592  -18.554 0.0000000000
107839  -28.273  -11.520  -19.531 0.0000000000
130990  -26.761  9.905  -17.305 0.0000000000
131001  -24.423  9.900  -17.595 0.0000000000
132942  -27.859  11.367  -17.368 0.0000000000
135067  -28.166  13.751  -18.068 0.0000000000
133995  -30.831  12.668  -18.019 0.0000000000
131015  -32.005  9.047  -18.235 0.0000000000
121326  -25.576  0.580  -20.188 0.0000000000
123559  -23.980  1.836  -20.355 0.0000000000
123542  -26.134  2.537  -18.874 0.0000000000
124621  -28.493  3.522  -17.211 0.0000000000
123506  -28.893  2.695  -17.282 0.0000000000
123579  -32.091  2.914  -22.365 0.0000000000
125735  -31.792  4.290  -22.002 0.0000000000
125761  -30.311  4.380  -23.734 0.0000000000
115615  -34.529  -4.447  -19.823 0.0000000000
116729  -33.739  -3.955  -23.248 0.0000000000
100937  -23.257  -17.586  -17.450 0.0000000000
102063  -23.648  -16.336  -17.993 0.0000000000
104382  -24.068  -14.868  -18.915 0.0000000000
102065  -25.239  -16.624  -18.807 0.0000000000
111162  -22.567  -8.893  -20.130 0.0000000000
111185  -24.131  -8.485  -20.814 0.0000000000
110053  -23.105  -9.606  -20.410 0.0000000000
107855  -23.757  -11.411  -20.408 0.0000000000
106744  -24.588  -12.177  -20.498 0.0000000000
130992  -28.533  9.418  -16.686 0.0000000000
131992  -29.882  10.343  -16.620 0.0000000000
130036  -29.056  8.532  -16.540 0.0000000000
128962  -30.839  7.607  -16.851 0.0000000000
128963  -31.330  7.069  -17.080 0.0000000000
117854  -22.590  -2.433  -21.245 0.0000000000
118995  -23.808  -1.446  -21.309 0.0000000000
120150  -25.813  -0.443  -20.153 0.0000000000
121290  -28.219  0.608  -18.449 0.0000000000
122356  -31.374  1.973  -17.438 0.0000000000
122372  -32.390  1.469  -17.822 0.0000000000
122401  -32.894  1.766  -21.236 0.0000000000
122437  -30.718  1.551  -24.512 0.0000000000
121374  -30.517  -0.071  -25.185 0.0000000000
98696  -25.650  -19.126  -18.522 0.0000000000
100954  -26.156  -17.974  -19.210 0.0000000000
116712  -23.799  -3.395  -21.401 0.0000000000
116697  -26.443  -3.596  -20.174 0.0000000000
116681  -29.321  -3.653  -18.734 0.0000000000
117801  -33.190  -2.682  -18.703 0.0000000000
115590  -29.771  -4.541  -18.644 0.0000000000
115593  -32.415  -4.517  -18.392 0.0000000000
114514  -32.887  -5.475  -18.529 0.0000000000
112306  -27.602  -7.709  -19.757 0.0000000000
111142  -29.216  -7.594  -18.756 0.0000000000
112287  -32.131  -7.431  -18.402 0.0000000000
111146  -32.634  -8.220  -18.412 0.0000000000
110039  -33.072  -9.628  -18.693 0.0000000000
132961  -31.789  11.870  -18.594 0.0000000000
125677  -27.150  4.527  -17.704 0.0000000000
125657  -30.212  4.947  -16.668 0.0000000000
127915  -32.485  6.713  -19.425 0.0000000000
124647  -32.575  3.703  -18.737 0.0000000000
126822  -32.280  5.343  -20.698 0.0000000000
127922  -31.993  6.836  -21.055 0.0000000000
117858  -33.983  -2.166  -21.842 0.0000000000
116736  -31.443  -3.456  -25.271 0.0000000000
104365  -21.319  -14.576  -17.545 0.0000000000
104398  -22.694  -14.366  -19.081 0.0000000000
105598  -24.438  -13.662  -19.795 0.0000000000
105600  -26.073  -13.365  -19.732 0.0000000000
102080  -26.667  -16.582  -19.748 0.0000000000
104403  -27.281  -14.322  -19.274 0.0000000000
105618  -27.418  -12.835  -19.655 0.0000000000
126805  -25.634  5.488  -18.524 0.0000000000
118946  -30.981  -1.773  -17.992 0.0000000000
118945  -30.001  -1.743  -18.257 0.0000000000
120122  -32.507  -0.829  -17.873 0.0000000000
120139  -33.503  -0.808  -19.485 0.0000000000
120162  -33.651  -0.563  -21.347 0.0000000000
118984  -33.940  -1.532  -19.930 0.0000000000
112320  -22.570  -7.436  -20.453 0.0000000000
113434  -22.000  -6.414  -20.321 0.0000000000
113436  -23.832  -6.479  -20.897 0.0000000000
114546  -24.061  -5.690  -21.032 0.0000000000
113437  -24.755  -6.265  -21.179 0.0000000000
113438  -25.667  -6.316  -20.861 0.0000000000
112323  -25.327  -7.372  -20.794 0.0000000000
107858  -26.351  -11.173  -20.004 0.0000000000
108964  -27.144  -10.239  -20.017 0.0000000000
107859  -27.366  -11.152  -19.738 0.0000000000
107838  -27.793  -11.069  -19.682 0.0000000000
106747  -27.023  -11.895  -19.692 0.0000000000
131990  -28.128  10.246  -17.011 0.0000000000
131988  -26.834  10.391  -17.401 0.0000000000
132943  -28.899  11.564  -16.995 0.0000000000
133981  -28.344  12.325  -17.390 0.0000000000
135053  -29.877  12.998  -17.758 0.0000000000
133983  -30.434  12.296  -17.540 0.0000000000
130058  -32.281  8.557  -19.114 0.0000000000
131025  -32.246  9.423  -19.632 0.0000000000
130073  -32.114  8.487  -20.008 0.0000000000
130072  -31.876  8.388  -21.035 0.0000000000
121309  -25.868  0.783  -19.771 0.0000000000
122399  -24.674  1.480  -20.360 0.0000000000
122384  -25.712  1.430  -19.577 0.0000000000
122383  -24.909  1.904  -19.865 0.0000000000
123543  -27.145  2.062  -18.535 0.0000000000
123522  -27.981  2.380  -17.974 0.0000000000
123523  -29.078  1.801  -17.503 0.0000000000
124725  -30.781  3.042  -24.585 0.0000000000
124714  -30.928  3.560  -23.804 0.0000000000
114550  -34.729  -5.354  -20.557 0.0000000000
115648  -34.294  -4.774  -22.587 0.0000000000
99800  -24.590  -18.664  -18.345 0.0000000000
99782  -24.040  -18.598  -17.811 0.0000000000
100938  -24.019  -17.714  -17.870 0.0000000000
102045  -24.083  -16.985  -17.887 0.0000000000
102064  -24.444  -16.639  -18.322 0.0000000000
110031  -22.095  -9.177  -19.176 0.0000000000
110032  -22.479  -9.613  -19.899 0.0000000000
110016  -22.310  -9.925  -19.289 0.0000000000
107836  -22.728  -11.595  -19.701 0.0000000000
107837  -23.384  -11.840  -20.130 0.0000000000
106743  -23.931  -12.229  -20.351 0.0000000000
106725  -23.522  -12.675  -20.047 0.0000000000
130035  -28.012  8.589  -16.853 0.0000000000
128959  -27.323  7.815  -17.140 0.0000000000
127878  -29.090  6.605  -16.558 0.0000000000
128961  -29.646  7.590  -16.557 0.0000000000
127879  -30.181  6.635  -16.538 0.0000000000
127880  -31.017  6.556  -16.810 0.0000000000
117856  -24.253  -2.540  -21.148 0.0000000000
118980  -24.431  -1.703  -20.984 0.0000000000
120119  -29.511  -0.740  -18.287 0.0000000000
120136  -26.269  -0.766  -19.773 0.0000000000
120138  -27.933  -0.624  -18.827 0.0000000000
121312  -28.206  -0.005  -18.504 0.0000000000
121292  -29.892  0.132  -17.725 0.0000000000
122371  -31.347  1.087  -17.380 0.0000000000
121338  -32.745  0.852  -21.832 0.0000000000
122402  -33.182  1.192  -20.738 0.0000000000
122412  -32.573  1.466  -21.960 0.0000000000
123590  -31.974  1.818  -22.954 0.0000000000
121353  -31.466  0.941  -23.727 0.0000000000
121361  -30.498  0.995  -24.842 0.0000000000
121354  -32.100  0.501  -23.557 0.0000000000
119023  -31.938  -1.509  -24.251 0.0000000000
120189  -31.547  -0.650  -24.517 0.0000000000
117895  -30.666  -2.617  -25.781 0.0000000000
98679  -25.878  -19.392  -18.052 0.0000000000
115627  -21.619  -4.352  -20.366 0.0000000000
116695  -22.348  -3.318  -21.005 0.0000000000
115641  -22.658  -4.183  -21.236 0.0000000000
115630  -26.295  -4.496  -20.464 0.0000000000
116696  -26.082  -3.551  -20.927 0.0000000000
115631  -26.767  -4.382  -19.962 0.0000000000
116679  -27.827  -3.701  -19.410 0.0000000000
116680  -28.580  -3.692  -19.070 0.0000000000
116658  -30.144  -3.611  -18.485 0.0000000000
115613  -28.992  -4.565  -18.892 0.0000000000
113424  -29.221  -6.004  -19.276 0.0000000000
114510  -29.441  -5.390  -18.905 0.0000000000
114511  -30.223  -5.438  -18.666 0.0000000000
114513  -32.007  -5.484  -18.262 0.0000000000
113404  -30.675  -6.368  -18.600 0.0000000000
111186  -25.038  -8.406  -20.622 0.0000000000
111187  -25.952  -8.358  -20.459 0.0000000000
111165  -28.987  -8.216  -18.935 0.0000000000
111164  -28.084  -8.381  -19.546 0.0000000000
111143  -29.721  -7.871  -18.624 0.0000000000
112286  -31.187  -7.340  -18.533 0.0000000000
112288  -32.959  -7.431  -18.403 0.0000000000
111145  -31.823  -8.229  -18.463 0.0000000000
108942  -30.630  -10.160  -18.568 0.0000000000
108925  -31.083  -9.676  -18.512 0.0000000000
108943  -31.809  -10.228  -18.454 0.0000000000
132005  -30.788  10.486  -17.049 0.0000000000
132952  -31.568  11.558  -18.055 0.0000000000
132014  -31.814  10.996  -18.176 0.0000000000
120158  -21.793  -0.583  -20.845 0.0000000000
124664  -24.250  3.869  -19.312 0.0000000000
124643  -25.803  3.963  -18.628 0.0000000000
125699  -26.199  4.592  -18.246 0.0000000000
125700  -26.756  4.036  -17.999 0.0000000000
124622  -29.455  3.512  -16.877 0.0000000000
124596  -30.060  4.185  -16.728 0.0000000000
125680  -31.506  5.008  -17.209 0.0000000000
126790  -31.769  5.710  -17.498 0.0000000000
126791  -32.237  5.655  -18.041 0.0000000000
123525  -32.523  2.775  -18.115 0.0000000000
124667  -32.764  3.585  -19.775 0.0000000000
126829  -31.563  5.206  -22.215 0.0000000000
126830  -31.877  5.252  -21.467 0.0000000000
127930  -32.155  6.017  -21.161 0.0000000000
127939  -31.224  6.427  -22.515 0.0000000000
127938  -30.780  6.515  -23.118 0.0000000000
117824  -33.764  -2.791  -19.266 0.0000000000
118997  -34.217  -2.386  -20.779 0.0000000000
117859  -34.196  -2.764  -21.324 0.0000000000
116738  -32.642  -4.013  -24.253 0.0000000000
103162  -22.219  -15.653  -17.722 0.0000000000
103161  -21.358  -15.522  -17.120 0.0000000000
104366  -22.018  -14.910  -18.001 0.0000000000
104379  -21.726  -14.245  -17.987 0.0000000000
104380  -22.380  -14.673  -18.534 0.0000000000
103198  -24.686  -15.306  -19.092 0.0000000000
104400  -24.419  -14.503  -19.285 0.0000000000
105599  -25.360  -13.562  -19.720 0.0000000000
104401  -25.442  -14.472  -19.394 0.0000000000
100968  -26.595  -17.608  -19.772 0.0000000000
104420  -27.558  -13.767  -19.447 0.0000000000
108923  -22.262  -10.653  -19.096 0.0000000000
107827  -21.499  -11.560  -18.485 0.0000000000
106712  -21.490  -12.568  -18.582 0.0000000000
106723  -21.904  -12.905  -19.238 0.0000000000
127876  -26.665  6.954  -17.155 0.0000000000
127889  -27.071  6.053  -17.291 0.0000000000
126789  -27.957  5.433  -16.706 0.0000000000
117821  -27.379  -2.721  -19.513 0.0000000000
118983  -26.377  -2.160  -20.106 0.0000000000
118944  -28.890  -1.728  -18.611 0.0000000000
120120  -30.431  -0.854  -17.717 0.0000000000
121294  -32.008  0.185  -17.549 0.0000000000
121295  -32.943  0.181  -18.072 0.0000000000
121328  -33.475  0.198  -20.636 0.0000000000
121347  -33.121  0.166  -22.250 0.0000000000
121363  -31.811  -0.034  -24.201 0.0000000000
120170  -33.334  -0.419  -22.330 0.0000000000
119014  -33.321  -1.223  -22.889 0.0000000000
114556  -23.065  -4.862  -21.244 0.0000000000
114558  -24.538  -5.211  -21.321 0.0000000000
114559  -25.146  -5.173  -21.225 0.0000000000
114549  -26.819  -5.398  -20.073 0.0000000000
113422  -27.948  -6.267  -19.646 0.0000000000
113440  -27.411  -6.523  -20.041 0.0000000000
110057  -26.751  -9.334  -20.121 0.0000000000
108963  -26.507  -10.270  -20.201 0.0000000000
110034  -27.650  -9.396  -19.636 0.0000000000
110035  -28.704  -9.372  -19.133 0.0000000000
111167  -30.436  -8.889  -18.631 0.0000000000
108940  -28.521  -10.444  -19.302 0.0000000000
108941  -29.496  -10.366  -18.771 0.0000000000
107840  -29.378  -11.423  -19.019 0.0000000000
131003  -26.332  9.492  -17.847 0.0000000000
132002  -26.203  10.558  -17.745 0.0000000000
135069  -30.641  13.510  -18.442 0.0000000000
131006  -31.989  9.516  -17.874 0.0000000000
132015  -32.106  10.560  -18.439 0.0000000000
131016  -32.270  9.503  -18.634 0.0000000000
123558  -23.229  1.947  -20.440 0.0000000000
123540  -23.984  2.686  -20.001 0.0000000000
123541  -25.079  2.690  -19.514 0.0000000000
123520  -26.397  3.091  -18.587 0.0000000000
124645  -27.269  3.472  -17.868 0.0000000000
123521  -26.883  2.842  -18.330 0.0000000000
123505  -28.337  2.946  -17.515 0.0000000000
124623  -30.598  3.511  -16.893 0.0000000000
123571  -32.222  3.165  -21.904 0.0000000000
124682  -32.613  3.532  -20.786 0.0000000000
124704  -31.685  3.570  -22.784 0.0000000000
125750  -31.062  4.479  -22.911 0.0000000000
125749  -30.683  5.159  -23.135 0.0000000000
116683  -34.398  -3.614  -20.179 0.0000000000
116715  -34.364  -3.714  -21.890 0.0000000000
115653  -33.979  -4.337  -23.071 0.0000000000
115652  -33.414  -4.880  -23.525 0.0000000000
102043  -22.291  -16.585  -17.393 0.0000000000
102044  -23.231  -16.658  -17.696 0.0000000000
103163  -23.006  -15.910  -17.964 0.0000000000
103181  -23.398  -15.620  -18.320 0.0000000000
103182  -24.376  -15.649  -18.660 0.0000000000
103183  -25.151  -15.944  -19.038 0.0000000000
111183  -22.357  -8.176  -20.180 0.0000000000
112322  -24.408  -7.443  -20.992 0.0000000000
111184  -23.170  -8.514  -20.439 0.0000000000
110054  -23.958  -9.497  -20.639 0.0000000000
108938  -22.610  -10.600  -19.795 0.0000000000
108959  -23.000  -10.527  -20.388 0.0000000000
108961  -24.729  -10.412  -20.683 0.0000000000
107856  -24.627  -11.314  -20.490 0.0000000000
107857  -25.475  -11.251  -20.277 0.0000000000
106745  -25.386  -12.106  -20.368 0.0000000000
130040  -25.076  8.640  -17.982 0.0000000000
130041  -26.067  8.746  -18.204 0.0000000000
130991  -27.523  9.484  -17.026 0.0000000000
131991  -28.956  10.226  -16.540 0.0000000000
132930  -29.264  10.912  -16.683 0.0000000000
130993  -29.527  9.430  -16.552 0.0000000000
130994  -30.461  9.510  -16.804 0.0000000000
128960  -28.479  7.602  -16.655 0.0000000000
130037  -30.106  8.558  -16.662 0.0000000000
130043  -30.904  8.670  -17.106 0.0000000000
130048  -31.886  8.580  -17.951 0.0000000000
128976  -32.014  8.088  -18.102 0.0000000000
128977  -32.252  7.620  -18.540 0.0000000000
120161  -23.852  -0.847  -21.319 0.0000000000
118982  -25.951  -1.519  -20.268 0.0000000000
120149  -25.216  -0.520  -20.500 0.0000000000
121327  -26.060  -0.037  -20.021 0.0000000000
121311  -27.564  0.472  -18.964 0.0000000000
122367  -27.946  1.067  -18.511 0.0000000000
123524  -29.768  1.558  -17.537 0.0000000000
122369  -29.407  1.008  -17.741 0.0000000000
122355  -30.828  1.619  -17.378 0.0000000000
123526  -32.884  1.961  -18.617 0.0000000000
122373  -33.222  1.073  -18.687 0.0000000000
123546  -33.287  1.791  -19.416 0.0000000000
123560  -33.074  2.385  -20.366 0.0000000000
123580  -32.230  2.106  -22.501 0.0000000000
123601  -31.151  2.463  -24.291 0.0000000000
123600  -30.439  2.396  -24.795 0.0000000000
122436  -30.122  1.492  -25.040 0.0000000000
121372  -29.660  0.581  -25.851 0.0000000000
113441  -34.734  -6.620  -21.088 0.0000000000
98695  -25.124  -19.565  -18.511 0.0000000000
99801  -25.275  -18.626  -18.606 0.0000000000
100953  -25.419  -17.679  -18.758 0.0000000000
116711  -22.981  -3.338  -21.437 0.0000000000
117857  -24.975  -2.850  -21.279 0.0000000000
115643  -24.178  -4.300  -21.568 0.0000000000
116714  -25.405  -3.543  -21.366 0.0000000000
117842  -26.144  -2.697  -20.363 0.0000000000
117822  -28.127  -2.829  -19.072 0.0000000000
117823  -28.815  -2.819  -18.773 0.0000000000
117798  -30.550  -2.664  -18.378 0.0000000000
118967  -33.558  -1.787  -19.066 0.0000000000
117800  -32.360  -2.650  -18.440 0.0000000000
116660  -31.932  -3.576  -18.364 0.0000000000
116661  -32.811  -3.578  -18.539 0.0000000000
115592  -31.510  -4.525  -18.322 0.0000000000
115594  -33.271  -4.514  -18.663 0.0000000000
114533  -33.691  -5.466  -18.894 0.0000000000
112325  -27.003  -7.404  -20.024 0.0000000000
112307  -28.122  -7.226  -19.538 0.0000000000
111163  -27.295  -8.332  -19.741 0.0000000000
112308  -28.852  -7.160  -18.952 0.0000000000
113405  -31.593  -6.429  -18.442 0.0000000000
113406  -32.493  -6.450  -18.439 0.0000000000
113425  -33.942  -6.442  -19.272 0.0000000000
112311  -34.198  -7.458  -19.612 0.0000000000
110017  -30.787  -9.176  -18.560 0.0000000000
110020  -33.133  -8.912  -18.592 0.0000000000
132945  -31.042  11.458  -17.392 0.0000000000
133996  -31.382  12.494  -18.360 0.0000000000
132962  -32.063  11.466  -19.109 0.0000000000
125676  -26.617  5.024  -17.985 0.0000000000
125655  -28.467  5.030  -16.591 0.0000000000
124620  -27.805  3.838  -17.460 0.0000000000
125656  -29.191  4.666  -16.633 0.0000000000
126769  -29.677  5.696  -16.489 0.0000000000
127891  -31.521  6.528  -17.291 0.0000000000
127892  -31.956  6.507  -17.812 0.0000000000
128993  -32.189  7.445  -20.357 0.0000000000
123507  -30.191  2.283  -17.264 0.0000000000
123509  -31.993  3.209  -17.564 0.0000000000
124625  -32.319  3.881  -17.824 0.0000000000
125725  -32.601  4.518  -20.269 0.0000000000
125716  -32.590  4.609  -19.303 0.0000000000
125701  -32.550  4.728  -18.295 0.0000000000
126807  -32.513  5.630  -18.874 0.0000000000
128992  -31.970  7.524  -21.009 0.0000000000
129003  -31.669  7.411  -21.534 0.0000000000
118996  -34.052  -1.680  -20.994 0.0000000000
117868  -33.680  -2.191  -22.598 0.0000000000
117878  -33.231  -2.381  -23.591 0.0000000000
116721  -33.731  -3.139  -23.054 0.0000000000
117887  -32.639  -3.107  -24.319 0.0000000000
117886  -31.735  -2.614  -24.640 0.0000000000
105566  -21.248  -13.528  -17.604 0.0000000000
105596  -22.487  -13.641  -19.370 0.0000000000
104381  -23.376  -14.902  -18.777 0.0000000000
104399  -23.364  -14.369  -19.303 0.0000000000
105597  -23.405  -13.652  -19.758 0.0000000000
106726  -24.501  -12.983  -20.371 0.0000000000
106727  -25.320  -12.869  -20.255 0.0000000000
106728  -25.925  -12.728  -20.014 0.0000000000
100967  -25.872  -17.312  -19.178 0.0000000000
102079  -25.880  -16.608  -19.291 0.0000000000
103200  -26.539  -15.443  -19.347 0.0000000000
104402  -26.434  -14.287  -19.370 0.0000000000
105617  -26.659  -13.093  -19.702 0.0000000000
106748  -27.848  -12.126  -19.665 0.0000000000
104419  -26.800  -13.746  -19.442 0.0000000000
105579  -22.173  -13.944  -18.916 0.0000000000
105595  -21.812  -13.367  -19.017 0.0000000000
106713  -21.842  -12.239  -19.019 0.0000000000
107854  -23.002  -11.230  -20.192 0.0000000000
107860  -27.823  -11.605  -19.660 0.0000000000
108960  -23.832  -10.477  -20.561 0.0000000000
110018  -31.558  -9.192  -18.526 0.0000000000
110019  -32.420  -8.988  -18.566 0.0000000000
110036  -29.661  -9.363  -18.767 0.0000000000
110037  -30.345  -9.320  -18.635 0.0000000000
110038  -32.331  -9.678  -18.545 0.0000000000
110056  -25.782  -9.361  -20.471 0.0000000000
110058  -27.317  -9.884  -19.929 0.0000000000
111144  -30.701  -8.335  -18.584 0.0000000000
111147  -33.501  -8.290  -18.574 0.0000000000
111161  -21.984  -8.471  -19.656 0.0000000000
111168  -32.175  -8.004  -18.412 0.0000000000
111169  -32.408  -7.990  -18.401 0.0000000000
111188  -26.630  -8.269  -20.005 0.0000000000
112284  -29.445  -7.110  -18.711 0.0000000000
112285  -30.223  -7.217  -18.556 0.0000000000
112289  -33.738  -7.407  -18.861 0.0000000000
112309  -32.273  -7.782  -18.421 0.0000000000
112310  -32.514  -7.765  -18.393 0.0000000000
112324  -26.220  -7.376  -20.543 0.0000000000
112326  -27.540  -7.216  -19.882 0.0000000000
113403  -29.768  -6.298  -18.851 0.0000000000
113407  -33.327  -6.441  -18.682 0.0000000000
113423  -28.601  -6.316  -19.349 0.0000000000
113426  -34.431  -6.474  -20.074 0.0000000000
113447  -24.930  -5.620  -21.292 0.0000000000
114512  -31.098  -5.467  -18.449 0.0000000000
114530  -27.544  -5.697  -19.785 0.0000000000
114532  -28.777  -5.408  -19.222 0.0000000000
114534  -34.345  -5.445  -19.539 0.0000000000
114545  -23.354  -5.595  -20.910 0.0000000000
114547  -25.528  -5.461  -20.968 0.0000000000
114548  -26.021  -5.448  -20.567 0.0000000000
114557  -23.743  -5.018  -21.391 0.0000000000
115591  -30.618  -4.531  -18.455 0.0000000000
115612  -28.283  -4.605  -19.276 0.0000000000
115614  -33.979  -4.507  -19.155 0.0000000000
115628  -22.152  -4.082  -20.773 0.0000000000
115629  -25.675  -4.574  -21.060 0.0000000000
115632  -34.641  -4.293  -20.545 0.0000000000
115642  -23.377  -4.202  -21.518 0.0000000000
115645  -34.599  -4.557  -21.388 0.0000000000
116659  -31.030  -3.587  -18.357 0.0000000000
116662  -33.542  -3.607  -18.928 0.0000000000
116694  -21.735  -3.379  -20.536 0.0000000000
116698  -27.063  -3.649  -19.746 0.0000000000
116699  -34.393  -3.633  -20.967 0.0000000000
116713  -24.620  -3.495  -21.431 0.0000000000
116722  -34.117  -3.784  -22.715 0.0000000000
116728  -33.245  -3.688  -23.768 0.0000000000
116737  -31.965  -3.852  -24.630 0.0000000000
117797  -29.631  -2.694  -18.572 0.0000000000
117799  -31.466  -2.653  -18.311 0.0000000000
117825  -34.182  -2.885  -19.859 0.0000000000
117839  -21.918  -2.488  -20.793 0.0000000000
117840  -24.819  -2.269  -20.912 0.0000000000
117843  -26.619  -2.762  -19.864 0.0000000000
117844  -34.227  -2.919  -20.553 0.0000000000
117855  -23.388  -2.444  -21.360 0.0000000000
117869  -34.092  -2.929  -22.257 0.0000000000
117885  -31.058  -2.414  -25.240 0.0000000000
118943  -28.302  -1.188  -18.704 0.0000000000
118947  -31.950  -1.745  -18.099 0.0000000000
118963  -26.269  -1.340  -19.869 0.0000000000
118964  -26.709  -1.706  -19.710 0.0000000000
118968  -34.049  -2.216  -19.606 0.0000000000
118981  -24.967  -1.573  -20.601 0.0000000000
118985  -34.214  -2.241  -20.261 0.0000000000
119013  -32.718  -1.355  -23.669 0.0000000000
120118  -28.626  -0.671  -18.519 0.0000000000
120123  -33.155  -0.828  -18.582 0.0000000000
120137  -27.195  -0.633  -19.469 0.0000000000
120148  -24.258  -0.633  -21.052 0.0000000000
120151  -33.714  -0.725  -20.383 0.0000000000
120159  -22.489  -0.605  -21.173 0.0000000000
120160  -23.398  -0.519  -21.304 0.0000000000
120169  -33.086  0.021  -22.551 0.0000000000
120178  -32.913  -0.358  -23.064 0.0000000000
120179  -33.207  -0.657  -22.763 0.0000000000
121291  -28.916  0.232  -18.206 0.0000000000
121296  -33.293  0.064  -19.067 0.0000000000
121310  -26.401  0.412  -19.655 0.0000000000
121339  -33.182  0.410  -21.635 0.0000000000
121362  -31.111  0.467  -24.523 0.0000000000
121373  -30.086  0.510  -25.268 0.0000000000
122357  -31.964  2.467  -17.621 0.0000000000
122368  -28.492  1.238  -18.095 0.0000000000
122370  -30.347  1.128  -17.536 0.0000000000
122385  -26.737  1.381  -19.036 0.0000000000
122387  -27.914  1.589  -18.323 0.0000000000
122400  -25.271  1.388  -20.094 0.0000000000
122413  -32.846  1.114  -21.448 0.0000000000
122420  -32.205  1.301  -22.772 0.0000000000
122426  -31.238  1.533  -23.869 0.0000000000
122427  -31.777  1.422  -23.341 0.0000000000
122447  -29.517  1.359  -25.568 0.0000000000
123508  -31.324  2.896  -17.266 0.0000000000
123544  -27.641  1.859  -18.376 0.0000000000
123557  -21.983  2.385  -20.271 0.0000000000
123561  -33.290  1.566  -20.080 0.0000000000
123572  -32.499  2.618  -21.581 0.0000000000
123589  -31.679  2.435  -23.255 0.0000000000
124597  -30.790  4.386  -16.846 0.0000000000
124598  -31.206  4.625  -17.051 0.0000000000
124624  -31.604  4.036  -17.119 0.0000000000
124644  -26.460  3.607  -18.311 0.0000000000
124646  -27.980  3.222  -17.603 0.0000000000
124665  -25.389  3.659  -19.177 0.0000000000
124693  -32.001  3.509  -22.111 0.0000000000
124694  -32.253  3.600  -21.585 0.0000000000
124713  -30.372  3.802  -24.073 0.0000000000
125658  -30.896  5.078  -16.998 0.0000000000
125678  -28.133  4.505  -16.963 0.0000000000
125679  -28.804  4.013  -16.832 0.0000000000
125736  -32.245  4.428  -21.127 0.0000000000
125762  -30.688  4.093  -23.384 0.0000000000
125773  -29.702  4.330  -24.421 0.0000000000
126770  -30.568  5.767  -16.690 0.0000000000
126771  -31.249  5.767  -17.047 0.0000000000
126788  -27.457  5.295  -17.232 0.0000000000
126806  -26.268  5.521  -18.227 0.0000000000
126814  -25.802  5.676  -18.482 0.0000000000
126815  -26.029  5.694  -18.388 0.0000000000
126816  -32.593  5.533  -19.848 0.0000000000
126840  -31.133  5.689  -22.700 0.0000000000
127890  -27.521  5.798  -16.913 0.0000000000
127904  -32.301  6.530  -18.434 0.0000000000
127914  -25.902  5.900  -18.456 0.0000000000
127923  -32.359  6.326  -20.441 0.0000000000
127929  -31.600  6.259  -21.860 0.0000000000
128970  -31.295  8.136  -17.229 0.0000000000
128971  -31.753  7.590  -17.577 0.0000000000
128972  -32.182  7.066  -18.023 0.0000000000
130044  -31.518  8.675  -17.524 0.0000000000
130049  -32.106  8.568  -18.420 0.0000000000
130085  -31.486  8.245  -22.005 0.0000000000
131004  -26.832  9.273  -17.385 0.0000000000
131007  -32.268  9.954  -18.179 0.0000000000
131037  -31.969  9.340  -20.461 0.0000000000
131989  -27.331  10.270  -17.163 0.0000000000
132003  -27.111  10.819  -17.442 0.0000000000
132004  -27.729  10.704  -17.255 0.0000000000
132006  -31.701  10.571  -17.700 0.0000000000
132007  -32.161  10.180  -17.971 0.0000000000
132022  -32.298  10.421  -19.352 0.0000000000
132928  -28.093  10.784  -17.197 0.0000000000
132944  -30.012  11.395  -16.932 0.0000000000
132953  -31.864  11.288  -18.487 0.0000000000
133984  -31.116  12.130  -17.819 0.0000000000
135051  -27.757  13.089  -17.754 0.0000000000
135054  -30.458  12.864  -17.955 0.0000000000
135081  -30.913  14.093  -19.120 0.0000000000
