#!ascii label  , from subject 3075 vox2ras=TkReg
989
128840  42.153  9.917  32.731 0.0000000000
125759  45.363  6.465  23.379 0.0000000000
133980  47.464  14.783  18.871 0.0000000000
119951  50.007  1.367  17.049 0.0000000000
120965  41.620  2.692  34.634 0.0000000000
132930  53.068  13.723  21.599 0.0000000000
122487  49.281  4.147  17.437 0.0000000000
129956  43.867  10.656  23.273 0.0000000000
131888  49.068  12.257  26.585 0.0000000000
126813  45.316  7.883  29.084 0.0000000000
119834  46.072  1.547  28.323 0.0000000000
136083  45.001  16.398  18.729 0.0000000000
128938  45.296  9.501  18.148 0.0000000000
128920  48.320  9.915  20.730 0.0000000000
126926  47.737  7.337  13.560 0.0000000000
133935  43.573  14.581  23.731 0.0000000000
129903  46.479  10.594  30.281 0.0000000000
127875  43.643  8.601  31.231 0.0000000000
119794  43.422  1.895  31.290 0.0000000000
137065  49.299  17.601  18.289 0.0000000000
138075  47.522  18.724  16.524 0.0000000000
135036  46.488  15.794  17.705 0.0000000000
131948  46.183  12.732  19.567 0.0000000000
130972  47.291  11.888  17.141 0.0000000000
128883  46.660  9.726  25.419 0.0000000000
129954  48.812  10.467  23.156 0.0000000000
127944  46.741  8.282  21.425 0.0000000000
122515  51.330  3.202  14.738 0.0000000000
124738  48.354  5.890  14.681 0.0000000000
121240  48.747  3.130  14.202 0.0000000000
123644  46.457  4.739  16.081 0.0000000000
119953  48.074  1.182  17.286 0.0000000000
118768  47.286  0.270  21.472 0.0000000000
126798  38.650  7.275  33.836 0.0000000000
125707  40.659  6.421  32.413 0.0000000000
135001  49.630  15.235  21.950 0.0000000000
122414  47.140  3.371  23.233 0.0000000000
123607  47.092  4.632  20.238 0.0000000000
121171  49.576  2.649  20.445 0.0000000000
122471  53.599  3.576  17.724 0.0000000000
132842  52.773  13.075  28.001 0.0000000000
130875  49.737  12.389  29.554 0.0000000000
129919  46.677  9.911  27.888 0.0000000000
126834  45.114  7.492  26.400 0.0000000000
124643  42.971  5.198  30.766 0.0000000000
123512  44.202  4.645  28.311 0.0000000000
123556  45.198  4.289  25.783 0.0000000000
121075  47.548  2.275  26.434 0.0000000000
127855  37.244  8.425  35.141 0.0000000000
139077  46.548  19.158  18.682 0.0000000000
137036  43.709  17.353  20.704 0.0000000000
132936  45.166  13.876  21.897 0.0000000000
129979  44.463  10.256  20.709 0.0000000000
125780  42.982  6.743  20.158 0.0000000000
131905  51.989  12.869  24.794 0.0000000000
131930  49.712  12.357  21.855 0.0000000000
131946  48.631  12.413  20.020 0.0000000000
125792  47.144  6.814  18.272 0.0000000000
127979  48.382  8.964  16.572 0.0000000000
130987  48.341  11.065  15.714 0.0000000000
127982  45.893  8.460  16.099 0.0000000000
124728  44.703  6.120  18.055 0.0000000000
133936  42.905  14.901  24.214 0.0000000000
136040  42.998  16.237  23.235 0.0000000000
129900  44.962  10.640  31.864 0.0000000000
128839  43.285  9.824  32.166 0.0000000000
136082  47.596  16.610  19.336 0.0000000000
136095  46.950  16.744  18.234 0.0000000000
135035  47.127  15.706  18.537 0.0000000000
133987  46.571  14.461  17.802 0.0000000000
133995  47.429  13.745  17.299 0.0000000000
127928  45.517  7.799  23.833 0.0000000000
128899  46.908  9.184  23.050 0.0000000000
126864  45.886  7.380  22.444 0.0000000000
119965  51.213  2.286  15.656 0.0000000000
121239  49.623  3.208  14.125 0.0000000000
119967  49.486  1.978  15.263 0.0000000000
121220  48.118  2.227  15.672 0.0000000000
119952  49.130  1.019  16.853 0.0000000000
118808  48.804  0.692  18.589 0.0000000000
118807  49.814  1.076  18.096 0.0000000000
124613  38.895  5.474  34.787 0.0000000000
136054  51.170  16.138  21.311 0.0000000000
135000  50.864  15.104  21.855 0.0000000000
121122  48.705  2.532  23.461 0.0000000000
121156  48.587  2.751  21.361 0.0000000000
121154  50.626  2.429  21.569 0.0000000000
122450  53.086  3.230  19.562 0.0000000000
122470  54.372  3.367  17.801 0.0000000000
121216  53.900  3.302  16.567 0.0000000000
128856  45.571  9.240  29.791 0.0000000000
129908  47.261  10.690  29.257 0.0000000000
127891  45.983  9.073  28.918 0.0000000000
127906  46.000  8.894  27.194 0.0000000000
126820  45.257  7.516  28.337 0.0000000000
122293  40.581  4.114  33.191 0.0000000000
124635  41.674  5.305  31.674 0.0000000000
122301  41.855  3.501  31.916 0.0000000000
119809  44.169  1.805  30.162 0.0000000000
121011  43.472  2.792  30.136 0.0000000000
119836  44.522  2.473  28.670 0.0000000000
123526  44.477  4.543  27.399 0.0000000000
121057  45.392  2.722  27.134 0.0000000000
121076  46.373  2.629  26.281 0.0000000000
119848  46.989  1.746  27.446 0.0000000000
121053  49.712  2.670  27.565 0.0000000000
137107  45.942  18.280  16.411 0.0000000000
139128  46.772  19.389  16.914 0.0000000000
138044  45.200  18.744  17.960 0.0000000000
139080  44.639  19.134  19.521 0.0000000000
137050  44.350  17.612  19.165 0.0000000000
135004  44.470  15.595  21.220 0.0000000000
135018  45.065  15.677  19.958 0.0000000000
129984  45.917  10.685  19.193 0.0000000000
130954  45.972  11.566  20.168 0.0000000000
128930  44.419  9.589  19.327 0.0000000000
128923  43.441  9.203  19.900 0.0000000000
127969  43.924  8.552  18.804 0.0000000000
131876  50.844  13.090  27.483 0.0000000000
132869  52.542  13.306  26.164 0.0000000000
131896  50.455  12.513  25.359 0.0000000000
129963  48.842  10.426  22.277 0.0000000000
130939  49.743  11.551  22.352 0.0000000000
130945  49.166  11.328  21.214 0.0000000000
131939  48.824  12.667  20.996 0.0000000000
130958  48.615  11.516  19.404 0.0000000000
123615  48.027  4.453  19.001 0.0000000000
124714  46.793  6.026  19.440 0.0000000000
123626  47.685  5.293  18.178 0.0000000000
125824  48.297  6.422  13.432 0.0000000000
126910  48.079  7.480  15.394 0.0000000000
127996  48.163  8.186  14.458 0.0000000000
129995  48.770  10.615  16.486 0.0000000000
128960  48.127  9.444  15.255 0.0000000000
128952  47.396  10.003  15.827 0.0000000000
127989  46.414  8.398  15.039 0.0000000000
122489  46.282  3.763  17.344 0.0000000000
124735  45.566  5.690  16.675 0.0000000000
123627  45.321  4.859  18.334 0.0000000000
123619  44.481  4.904  19.480 0.0000000000
131925  54.187  12.766  23.074 0.0000000000
132896  43.420  13.645  24.623 0.0000000000
131909  44.335  12.357  23.919 0.0000000000
130851  48.799  11.555  31.579 0.0000000000
130853  47.012  11.461  31.973 0.0000000000
128849  45.316  9.656  30.501 0.0000000000
127879  44.702  8.551  30.308 0.0000000000
120977  42.529  2.093  33.132 0.0000000000
137086  48.859  17.668  17.337 0.0000000000
137088  46.917  17.615  16.991 0.0000000000
135037  45.883  15.827  17.403 0.0000000000
133982  45.758  14.415  18.964 0.0000000000
133981  46.091  14.394  18.232 0.0000000000
131954  46.450  12.623  18.530 0.0000000000
128937  46.222  10.071  17.930 0.0000000000
130912  47.940  10.904  25.659 0.0000000000
130922  48.933  11.113  24.154 0.0000000000
129948  47.939  10.422  24.139 0.0000000000
128907  47.464  9.294  22.354 0.0000000000
128914  47.675  9.373  21.290 0.0000000000
122498  50.428  3.950  16.303 0.0000000000
123642  48.363  5.118  16.207 0.0000000000
122508  49.610  4.148  14.550 0.0000000000
123665  48.646  4.909  13.183 0.0000000000
124756  47.800  5.564  12.962 0.0000000000
124749  46.915  5.710  14.274 0.0000000000
122509  47.521  3.718  14.791 0.0000000000
121221  47.387  2.827  16.424 0.0000000000
121203  46.722  2.292  18.463 0.0000000000
118780  48.388  0.384  20.538 0.0000000000
128842  40.563  8.975  32.960 0.0000000000
127870  41.596  8.631  32.274 0.0000000000
126803  39.815  7.070  32.966 0.0000000000
123481  39.792  4.736  33.878 0.0000000000
122266  40.879  3.621  35.247 0.0000000000
137046  51.030  17.456  18.875 0.0000000000
137034  48.998  17.139  20.377 0.0000000000
135016  47.813  15.508  20.465 0.0000000000
123581  46.106  4.355  23.139 0.0000000000
124692  45.897  5.722  22.122 0.0000000000
123589  47.026  4.112  21.686 0.0000000000
122451  48.268  3.551  20.321 0.0000000000
121201  49.765  3.192  18.618 0.0000000000
121169  51.562  2.601  20.599 0.0000000000
121199  51.413  2.922  18.692 0.0000000000
122485  51.019  3.715  16.974 0.0000000000
122496  52.633  3.648  16.003 0.0000000000
121218  52.516  2.757  15.597 0.0000000000
119949  52.042  2.088  16.954 0.0000000000
118794  50.855  1.207  18.941 0.0000000000
131860  51.085  12.699  28.550 0.0000000000
131862  49.325  12.505  28.203 0.0000000000
130877  47.823  11.696  29.777 0.0000000000
130887  47.865  11.477  28.654 0.0000000000
130893  47.955  11.428  27.366 0.0000000000
129933  46.863  10.257  26.289 0.0000000000
127914  45.369  8.186  25.676 0.0000000000
126841  44.670  6.564  25.035 0.0000000000
126807  41.811  7.261  31.657 0.0000000000
126805  43.298  7.397  30.893 0.0000000000
125714  44.330  6.585  30.099 0.0000000000
120999  42.617  2.801  31.359 0.0000000000
123504  43.494  4.599  29.776 0.0000000000
124649  44.249  5.652  29.021 0.0000000000
125732  44.642  6.318  27.507 0.0000000000
124670  44.639  5.210  25.899 0.0000000000
123574  45.089  5.061  24.646 0.0000000000
122400  46.291  3.600  24.161 0.0000000000
121107  47.676  2.811  24.356 0.0000000000
121106  48.675  2.642  24.482 0.0000000000
119847  47.781  1.682  27.795 0.0000000000
121073  49.601  2.662  26.578 0.0000000000
128835  39.103  9.100  33.794 0.0000000000
126794  38.155  7.609  34.330 0.0000000000
125667  37.184  6.302  37.584 0.0000000000
139098  48.115  19.190  18.447 0.0000000000
139057  45.638  19.303  19.725 0.0000000000
134992  43.946  15.656  22.165 0.0000000000
133947  44.440  14.683  22.576 0.0000000000
131920  44.969  12.408  22.881 0.0000000000
132943  45.899  13.622  20.002 0.0000000000
130946  45.384  11.439  21.289 0.0000000000
129971  44.338  10.304  21.574 0.0000000000
131927  52.485  12.530  22.679 0.0000000000
130929  50.485  11.595  23.610 0.0000000000
131928  51.443  12.257  22.615 0.0000000000
132918  51.240  13.252  22.242 0.0000000000
133945  49.511  14.138  22.232 0.0000000000
132933  48.164  13.517  20.520 0.0000000000
132941  48.166  13.224  19.166 0.0000000000
125779  46.341  6.742  20.654 0.0000000000
127960  46.839  7.873  20.066 0.0000000000
128928  47.941  9.165  19.166 0.0000000000
124726  47.466  5.992  16.927 0.0000000000
127973  47.951  8.368  17.288 0.0000000000
128935  48.363  9.547  18.355 0.0000000000
129989  48.753  10.597  17.642 0.0000000000
131959  48.465  12.372  17.532 0.0000000000
132953  48.241  13.089  16.973 0.0000000000
131966  47.755  12.455  16.376 0.0000000000
130004  46.827  10.390  16.797 0.0000000000
128946  45.804  9.312  17.102 0.0000000000
125812  45.817  6.641  15.499 0.0000000000
125805  44.962  7.128  16.878 0.0000000000
126898  44.522  7.634  17.705 0.0000000000
125788  44.010  6.309  18.906 0.0000000000
118783  46.261  0.704  21.459 0.0000000000
136048  42.831  16.705  23.079 0.0000000000
137017  42.607  17.321  22.834 0.0000000000
129890  43.038  10.671  32.884 0.0000000000
135025  47.432  15.615  19.539 0.0000000000
133986  47.170  14.447  17.853 0.0000000000
126847  45.261  7.115  24.152 0.0000000000
126856  45.639  7.429  23.184 0.0000000000
125766  45.690  6.626  22.411 0.0000000000
119957  50.650  1.784  16.217 0.0000000000
119966  50.451  2.206  15.455 0.0000000000
119958  49.725  1.535  16.100 0.0000000000
118814  49.437  1.037  17.416 0.0000000000
119941  50.522  1.340  17.614 0.0000000000
133941  54.197  13.957  22.014 0.0000000000
133955  53.649  14.106  21.608 0.0000000000
134998  52.873  14.884  20.912 0.0000000000
133956  52.763  14.300  21.339 0.0000000000
121121  49.694  2.465  23.566 0.0000000000
121138  49.666  2.358  22.533 0.0000000000
121137  50.689  2.527  22.601 0.0000000000
122459  54.641  3.150  19.030 0.0000000000
121196  54.884  2.789  18.067 0.0000000000
129965  43.551  10.139  22.859 0.0000000000
127883  45.586  8.807  29.344 0.0000000000
127882  45.919  9.169  29.268 0.0000000000
127892  45.607  8.421  28.614 0.0000000000
126821  45.045  7.372  28.854 0.0000000000
122284  41.023  3.167  34.080 0.0000000000
122292  41.078  3.565  32.921 0.0000000000
120978  41.751  2.685  33.621 0.0000000000
119821  45.173  1.500  29.209 0.0000000000
119822  44.427  2.108  29.155 0.0000000000
119835  45.151  2.148  28.295 0.0000000000
121040  45.133  2.516  27.800 0.0000000000
119850  45.413  2.370  27.674 0.0000000000
119849  45.956  2.107  27.424 0.0000000000
137068  45.275  17.325  17.405 0.0000000000
137090  45.323  18.418  17.475 0.0000000000
137069  44.811  17.810  17.949 0.0000000000
136098  44.749  17.019  18.596 0.0000000000
136084  44.621  16.626  19.418 0.0000000000
135027  45.010  16.070  19.176 0.0000000000
129991  45.531  10.145  18.858 0.0000000000
129985  45.226  10.239  19.529 0.0000000000
128929  45.132  9.795  18.996 0.0000000000
128931  43.748  9.058  19.084 0.0000000000
128939  44.272  9.040  18.702 0.0000000000
131877  49.885  12.721  27.296 0.0000000000
131886  50.638  12.922  26.339 0.0000000000
131887  49.553  12.329  26.222 0.0000000000
129969  48.843  10.720  21.286 0.0000000000
130952  48.989  11.484  20.531 0.0000000000
129976  48.607  10.673  20.086 0.0000000000
122476  48.602  4.233  18.224 0.0000000000
123625  47.994  4.721  18.447 0.0000000000
123633  48.390  4.682  17.475 0.0000000000
126925  48.067  7.181  13.498 0.0000000000
126918  48.273  7.311  13.935 0.0000000000
128003  48.104  7.711  13.845 0.0000000000
128968  47.972  8.663  14.525 0.0000000000
127997  47.784  8.055  14.086 0.0000000000
128970  46.972  8.950  14.775 0.0000000000
127998  47.105  8.318  14.338 0.0000000000
122477  46.291  3.149  18.057 0.0000000000
122490  45.803  4.303  17.794 0.0000000000
122478  45.741  3.827  18.364 0.0000000000
122465  45.359  3.499  19.312 0.0000000000
133926  43.177  14.427  24.399 0.0000000000
132910  43.982  13.845  24.075 0.0000000000
132895  44.115  13.262  24.206 0.0000000000
130838  47.760  11.432  32.779 0.0000000000
130840  46.238  11.324  32.827 0.0000000000
128845  44.267  9.776  31.438 0.0000000000
128844  45.039  10.184  31.289 0.0000000000
128850  44.602  9.200  30.713 0.0000000000
127874  44.250  8.798  30.848 0.0000000000
137064  50.418  17.588  18.130 0.0000000000
137085  49.871  17.746  17.403 0.0000000000
136096  46.530  16.865  17.327 0.0000000000
137067  47.124  17.391  17.667 0.0000000000
136104  46.179  17.164  16.683 0.0000000000
135045  46.119  16.386  17.027 0.0000000000
133988  45.933  14.934  18.135 0.0000000000
132964  46.981  13.497  17.220 0.0000000000
132955  46.597  13.440  17.793 0.0000000000
131960  46.829  12.704  17.520 0.0000000000
130964  46.680  11.665  18.019 0.0000000000
128882  47.180  10.196  25.152 0.0000000000
129940  47.745  10.564  25.107 0.0000000000
128890  47.269  10.086  24.543 0.0000000000
127936  46.738  8.676  22.375 0.0000000000
128908  47.043  9.059  22.589 0.0000000000
127935  47.157  8.937  22.165 0.0000000000
127952  47.282  8.687  20.856 0.0000000000
122507  50.460  3.843  15.122 0.0000000000
122516  50.905  3.409  14.589 0.0000000000
122525  48.988  4.571  13.638 0.0000000000
122518  48.963  3.846  13.739 0.0000000000
123666  48.304  5.000  12.955 0.0000000000
122527  48.177  4.235  13.466 0.0000000000
123658  47.654  4.720  13.538 0.0000000000
122519  48.140  3.848  14.001 0.0000000000
119960  47.818  1.839  16.481 0.0000000000
121211  47.302  2.033  17.325 0.0000000000
121212  46.743  2.852  17.398 0.0000000000
121202  47.298  1.451  17.992 0.0000000000
119942  47.607  0.907  18.175 0.0000000000
118779  49.368  0.500  20.315 0.0000000000
118796  48.597  0.541  19.570 0.0000000000
127865  39.571  8.497  33.324 0.0000000000
127872  39.933  7.883  32.854 0.0000000000
126797  39.298  7.430  33.372 0.0000000000
124621  39.526  5.447  33.744 0.0000000000
123472  39.590  4.724  34.611 0.0000000000
123471  40.110  4.214  34.304 0.0000000000
123463  41.215  4.243  36.094 0.0000000000
136055  50.113  16.100  21.493 0.0000000000
136067  50.508  16.680  20.680 0.0000000000
136056  49.043  16.149  21.493 0.0000000000
136069  48.345  16.513  20.491 0.0000000000
135002  48.689  15.380  21.603 0.0000000000
122415  46.516  3.842  23.192 0.0000000000
122429  46.521  4.138  22.682 0.0000000000
122428  47.112  3.766  22.279 0.0000000000
122440  48.193  3.233  20.970 0.0000000000
121172  48.775  2.971  20.337 0.0000000000
121187  48.815  3.302  19.684 0.0000000000
121186  49.550  2.925  19.443 0.0000000000
121153  51.685  2.668  21.595 0.0000000000
121168  52.649  2.918  20.559 0.0000000000
122461  52.931  3.342  18.755 0.0000000000
121198  52.152  2.943  18.892 0.0000000000
122472  52.451  3.390  17.879 0.0000000000
122473  51.341  3.350  17.779 0.0000000000
122484  52.111  3.664  16.821 0.0000000000
122483  53.180  3.691  16.782 0.0000000000
121208  53.871  2.690  16.721 0.0000000000
121217  53.367  3.206  15.960 0.0000000000
121209  52.931  2.541  16.341 0.0000000000
121210  52.211  2.374  16.091 0.0000000000
119948  53.107  2.189  17.190 0.0000000000
119939  52.374  1.692  17.832 0.0000000000
131830  50.899  12.205  30.004 0.0000000000
131842  51.466  12.421  29.569 0.0000000000
131843  50.427  12.461  29.373 0.0000000000
131861  50.180  12.708  28.343 0.0000000000
131844  49.667  12.567  29.006 0.0000000000
129897  47.138  11.211  30.997 0.0000000000
130866  47.901  11.559  30.776 0.0000000000
129902  47.181  11.082  30.108 0.0000000000
128864  46.919  9.970  28.992 0.0000000000
129918  47.137  10.473  28.120 0.0000000000
129925  47.269  10.751  26.879 0.0000000000
129926  46.741  10.105  27.256 0.0000000000
127907  45.544  8.231  26.777 0.0000000000
127913  45.939  8.948  26.117 0.0000000000
126840  44.871  7.192  25.260 0.0000000000
125746  44.809  6.804  26.159 0.0000000000
126801  41.177  7.355  31.978 0.0000000000
126800  42.064  7.921  31.835 0.0000000000
124634  42.459  5.495  31.271 0.0000000000
125711  42.703  6.539  31.110 0.0000000000
124633  43.121  5.982  30.790 0.0000000000
125715  43.786  6.576  30.442 0.0000000000
124642  43.482  5.463  30.251 0.0000000000
119781  43.010  1.793  32.273 0.0000000000
120988  42.473  2.379  32.166 0.0000000000
119795  42.882  2.215  31.780 0.0000000000
122321  43.679  3.824  29.371 0.0000000000
122308  43.303  3.763  29.970 0.0000000000
123513  43.854  4.642  29.095 0.0000000000
124650  43.783  5.305  29.586 0.0000000000
124658  44.426  5.563  27.983 0.0000000000
122370  45.159  3.962  26.305 0.0000000000
123542  44.746  4.468  26.526 0.0000000000
124675  44.741  5.444  25.016 0.0000000000
123564  45.037  4.756  25.072 0.0000000000
122401  45.730  3.968  24.596 0.0000000000
122386  45.812  3.704  25.073 0.0000000000
121094  46.854  2.897  25.234 0.0000000000
121093  47.630  2.649  25.389 0.0000000000
121092  48.630  2.634  25.502 0.0000000000
119832  48.041  1.723  28.544 0.0000000000
128826  39.994  10.160  34.065 0.0000000000
128829  37.615  8.935  34.830 0.0000000000
127861  37.790  8.411  34.590 0.0000000000
126795  37.527  7.588  34.975 0.0000000000
125697  37.622  6.768  35.530 0.0000000000
126789  36.961  7.588  35.839 0.0000000000
139100  46.246  19.198  18.209 0.0000000000
139118  47.340  19.415  17.437 0.0000000000
138041  47.236  19.088  18.802 0.0000000000
138021  47.683  18.829  19.495 0.0000000000
138022  46.667  19.050  19.323 0.0000000000
138008  46.126  19.226  20.122 0.0000000000
138023  46.101  19.202  19.533 0.0000000000
138025  44.103  18.142  19.536 0.0000000000
137995  43.438  18.262  21.230 0.0000000000
137023  43.200  17.476  21.775 0.0000000000
136059  43.758  16.609  21.567 0.0000000000
133963  44.958  14.576  21.683 0.0000000000
134991  44.484  15.153  21.942 0.0000000000
132923  44.900  13.901  22.422 0.0000000000
132908  45.108  13.261  22.753 0.0000000000
132922  45.325  13.330  22.178 0.0000000000
132950  46.141  13.567  19.167 0.0000000000
129978  45.256  10.654  20.422 0.0000000000
129970  44.909  10.654  21.128 0.0000000000
130947  44.955  10.891  21.576 0.0000000000
128916  43.266  9.257  21.229 0.0000000000
128915  43.984  9.889  20.936 0.0000000000
126886  43.144  7.637  19.801 0.0000000000
132855  52.892  13.191  27.123 0.0000000000
132881  53.200  13.148  25.312 0.0000000000
132894  52.821  13.043  24.591 0.0000000000
132907  53.273  12.898  24.061 0.0000000000
131917  52.570  12.684  23.763 0.0000000000
130921  49.679  11.795  24.489 0.0000000000
130930  49.599  11.156  23.336 0.0000000000
130938  50.553  11.620  22.817 0.0000000000
131929  50.509  12.280  22.282 0.0000000000
133944  50.573  14.003  22.299 0.0000000000
132919  50.157  13.165  22.178 0.0000000000
132921  48.714  13.301  21.581 0.0000000000
123600  46.556  4.997  21.033 0.0000000000
124699  46.040  6.016  21.631 0.0000000000
124698  46.350  5.902  20.995 0.0000000000
124713  47.196  5.995  18.695 0.0000000000
125787  46.573  6.765  19.864 0.0000000000
125786  46.917  6.801  19.116 0.0000000000
127959  47.279  8.393  19.722 0.0000000000
126884  47.141  7.690  18.807 0.0000000000
123650  48.629  5.158  14.972 0.0000000000
124732  48.172  5.611  15.433 0.0000000000
127980  48.012  8.150  16.328 0.0000000000
126902  47.805  7.445  16.086 0.0000000000
127965  48.188  9.119  18.137 0.0000000000
127972  48.265  9.091  17.631 0.0000000000
129983  48.599  10.609  18.879 0.0000000000
128944  48.633  9.768  17.056 0.0000000000
130002  48.511  10.526  15.783 0.0000000000
130970  48.619  11.496  17.038 0.0000000000
130979  48.532  11.493  16.040 0.0000000000
131965  48.327  12.318  16.595 0.0000000000
131973  48.126  12.304  16.085 0.0000000000
132973  47.916  12.863  16.166 0.0000000000
130980  48.041  11.579  15.835 0.0000000000
127981  46.338  8.926  15.605 0.0000000000
130003  47.452  10.652  16.194 0.0000000000
128953  46.564  9.540  16.194 0.0000000000
128945  46.289  9.866  17.320 0.0000000000
128954  45.828  9.001  16.646 0.0000000000
124740  46.317  5.687  15.312 0.0000000000
125811  46.446  6.587  14.620 0.0000000000
124727  45.177  5.692  17.544 0.0000000000
125798  45.217  6.195  17.023 0.0000000000
125799  44.808  6.705  17.369 0.0000000000
126897  44.835  7.936  17.227 0.0000000000
125793  44.224  6.808  18.387 0.0000000000
122454  44.443  3.747  20.136 0.0000000000
123620  43.752  5.387  19.785 0.0000000000
118798  47.075  0.654  20.188 0.0000000000
118782  46.732  0.521  20.941 0.0000000000
134978  42.296  15.543  24.440 0.0000000000
134985  42.887  15.548  23.688 0.0000000000
134984  43.364  15.576  23.012 0.0000000000
129887  45.663  11.204  32.806 0.0000000000
129888  44.581  10.828  32.706 0.0000000000
128838  43.920  10.361  32.212 0.0000000000
128846  43.576  9.284  31.614 0.0000000000
137049  48.040  17.185  19.300 0.0000000000
137066  47.939  17.475  18.431 0.0000000000
133996  47.190  13.866  17.338 0.0000000000
131967  47.284  12.842  16.912 0.0000000000
127920  45.989  8.826  24.906 0.0000000000
128891  46.689  9.437  24.123 0.0000000000
127927  46.087  8.451  23.568 0.0000000000
126855  46.099  7.945  22.689 0.0000000000
126863  46.209  7.702  21.933 0.0000000000
121228  51.505  2.826  14.913 0.0000000000
121237  51.141  3.155  14.571 0.0000000000
121229  50.189  2.609  14.637 0.0000000000
121230  49.195  2.490  14.584 0.0000000000
121231  48.407  2.562  14.819 0.0000000000
119968  48.730  2.005  15.171 0.0000000000
119959  48.690  1.555  16.056 0.0000000000
118816  48.213  0.746  18.101 0.0000000000
118815  48.903  0.830  17.694 0.0000000000
118795  49.613  0.791  19.271 0.0000000000
125700  38.514  6.532  34.443 0.0000000000
125704  38.925  6.718  33.719 0.0000000000
124614  38.512  5.989  34.983 0.0000000000
136065  52.721  16.250  19.880 0.0000000000
135014  52.493  15.924  20.459 0.0000000000
134999  52.153  15.346  21.104 0.0000000000
121123  47.834  2.827  23.306 0.0000000000
121140  47.833  3.031  22.377 0.0000000000
121139  48.692  2.589  22.430 0.0000000000
121155  49.608  2.462  21.486 0.0000000000
122460  53.782  3.283  18.777 0.0000000000
122482  53.968  3.592  16.816 0.0000000000
121207  54.342  3.143  17.149 0.0000000000
121197  54.336  2.595  17.431 0.0000000000
130864  50.093  12.089  30.333 0.0000000000
128848  45.976  10.089  30.197 0.0000000000
129909  46.779  10.421  29.692 0.0000000000
128855  46.227  9.639  29.542 0.0000000000
128865  46.485  9.613  28.478 0.0000000000
128870  46.358  9.516  27.617 0.0000000000
127899  45.901  9.021  28.112 0.0000000000
127900  45.607  8.264  27.762 0.0000000000
126828  45.301  7.542  27.386 0.0000000000
123489  40.713  4.635  32.780 0.0000000000
124626  41.074  5.611  32.231 0.0000000000
123488  41.328  4.500  32.106 0.0000000000
123497  42.045  4.511  31.542 0.0000000000
119793  44.537  1.216  31.251 0.0000000000
119810  43.538  2.222  30.598 0.0000000000
121024  44.056  2.927  29.187 0.0000000000
122320  44.078  3.747  28.619 0.0000000000
122336  44.445  3.725  27.761 0.0000000000
121058  44.814  3.186  27.446 0.0000000000
122352  45.413  3.147  26.610 0.0000000000
122369  45.707  3.470  25.995 0.0000000000
121077  45.680  2.926  26.471 0.0000000000
119861  46.609  2.152  26.873 0.0000000000
121039  48.964  2.271  28.551 0.0000000000
121038  49.913  3.000  28.633 0.0000000000
138076  46.515  18.894  16.593 0.0000000000
139127  47.482  19.243  16.804 0.0000000000
138062  46.287  19.286  16.883 0.0000000000
139120  45.911  19.154  17.730 0.0000000000
139101  45.590  19.084  18.363 0.0000000000
139079  45.245  19.298  19.210 0.0000000000
139102  44.914  19.134  18.754 0.0000000000
138024  44.400  18.582  19.037 0.0000000000
137035  44.086  17.154  19.891 0.0000000000
136072  43.914  16.675  20.971 0.0000000000
136071  44.247  16.475  20.469 0.0000000000
133975  45.134  15.018  20.856 0.0000000000
133962  45.295  14.481  21.022 0.0000000000
131947  46.243  11.918  19.334 0.0000000000
129977  45.813  10.786  19.827 0.0000000000
129986  44.582  10.168  20.021 0.0000000000
128922  43.952  9.773  20.314 0.0000000000
127961  43.404  8.487  19.497 0.0000000000
126892  43.671  7.776  19.107 0.0000000000
131875  51.572  13.153  27.950 0.0000000000
132856  51.800  13.335  27.042 0.0000000000
132857  51.137  13.279  26.635 0.0000000000
131895  51.304  12.912  25.445 0.0000000000
131906  51.205  12.400  24.355 0.0000000000
129953  49.305  10.852  22.623 0.0000000000
129962  49.225  11.036  21.962 0.0000000000
130944  49.419  11.602  21.602 0.0000000000
130951  49.217  11.743  21.088 0.0000000000
131945  49.077  12.108  20.775 0.0000000000
122464  47.700  4.391  19.628 0.0000000000
123617  46.775  5.598  19.758 0.0000000000
123616  47.362  5.158  19.315 0.0000000000
124721  47.376  6.001  17.795 0.0000000000
124747  48.609  5.687  13.859 0.0000000000
125809  48.122  6.726  14.947 0.0000000000
125817  48.360  6.613  14.184 0.0000000000
126909  48.212  7.488  14.657 0.0000000000
127987  48.315  8.454  15.465 0.0000000000
128951  48.674  9.661  15.988 0.0000000000
130010  48.230  10.555  15.616 0.0000000000
130011  47.924  10.440  15.560 0.0000000000
128961  47.359  9.483  15.311 0.0000000000
128962  46.667  9.135  15.287 0.0000000000
123635  46.310  4.232  16.729 0.0000000000
123645  45.947  5.150  16.505 0.0000000000
123636  45.758  4.744  17.084 0.0000000000
123628  44.840  5.313  18.740 0.0000000000
123618  45.190  4.245  19.022 0.0000000000
122466  44.799  4.048  19.435 0.0000000000
133942  53.911  13.746  22.133 0.0000000000
130923  44.084  11.757  23.909 0.0000000000
130932  44.310  11.408  23.419 0.0000000000
130852  47.867  11.586  31.767 0.0000000000
129898  46.385  11.013  31.210 0.0000000000
129899  45.584  10.747  31.427 0.0000000000
129904  45.906  10.468  30.644 0.0000000000
127878  45.192  8.887  29.873 0.0000000000
126809  45.127  8.078  29.753 0.0000000000
120964  42.534  2.050  34.399 0.0000000000
120963  43.205  1.920  34.745 0.0000000000
119768  43.307  1.530  33.137 0.0000000000
119780  43.829  1.241  32.229 0.0000000000
119779  44.947  1.011  32.305 0.0000000000
119808  45.380  1.243  30.280 0.0000000000
119820  46.238  1.167  29.321 0.0000000000
137103  49.504  17.988  16.809 0.0000000000
137104  48.622  18.024  16.650 0.0000000000
137087  47.833  17.750  17.235 0.0000000000
137105  47.659  18.150  16.665 0.0000000000
136116  46.111  17.742  16.385 0.0000000000
136105  45.648  16.935  16.970 0.0000000000
136097  45.224  16.683  17.889 0.0000000000
135026  45.361  15.595  18.638 0.0000000000
131955  46.318  13.190  18.913 0.0000000000
132949  46.294  13.755  18.426 0.0000000000
130959  46.315  11.434  18.849 0.0000000000
129990  46.186  10.541  18.422 0.0000000000
130901  48.707  11.965  26.396 0.0000000000
130910  49.236  11.956  25.597 0.0000000000
130911  48.585  11.255  25.282 0.0000000000
129939  48.384  10.755  24.520 0.0000000000
129955  48.228  10.334  23.529 0.0000000000
128898  47.608  9.896  23.430 0.0000000000
128906  48.276  9.954  22.713 0.0000000000
128913  48.323  9.864  21.793 0.0000000000
128921  47.751  9.284  20.229 0.0000000000
122499  49.811  4.121  16.783 0.0000000000
123641  49.239  4.384  16.594 0.0000000000
123648  49.916  4.178  15.909 0.0000000000
123649  49.274  4.403  15.298 0.0000000000
123656  49.071  4.837  14.146 0.0000000000
122517  49.696  4.057  13.979 0.0000000000
123664  49.194  4.985  13.575 0.0000000000
124746  48.789  5.178  13.546 0.0000000000
124755  48.535  5.535  13.205 0.0000000000
125834  48.161  5.956  12.804 0.0000000000
125826  47.578  6.905  13.464 0.0000000000
125819  47.222  6.536  13.680 0.0000000000
124748  47.417  5.620  13.564 0.0000000000
123652  47.089  4.734  14.696 0.0000000000
122510  46.959  4.026  15.489 0.0000000000
121232  47.837  2.989  15.319 0.0000000000
122500  47.302  3.457  15.683 0.0000000000
122501  46.716  3.713  16.351 0.0000000000
121222  46.727  3.249  16.861 0.0000000000
121188  46.444  1.737  19.542 0.0000000000
118809  47.811  0.601  18.905 0.0000000000
118797  47.756  0.547  19.898 0.0000000000
118781  47.530  0.376  20.738 0.0000000000
128841  41.085  9.299  32.825 0.0000000000
127871  40.682  8.310  32.571 0.0000000000
126802  40.359  7.240  32.540 0.0000000000
125703  39.464  6.428  33.359 0.0000000000
124628  39.779  5.918  33.181 0.0000000000
124627  40.266  5.509  33.025 0.0000000000
123480  40.251  4.572  33.469 0.0000000000
122285  40.510  3.810  33.736 0.0000000000
120949  41.548  2.969  35.208 0.0000000000
137047  49.998  17.514  19.142 0.0000000000
136066  51.785  16.550  20.336 0.0000000000
137032  50.792  17.186  19.799 0.0000000000
137048  48.746  17.389  19.557 0.0000000000
136070  47.657  16.124  20.035 0.0000000000
133973  47.556  14.760  19.903 0.0000000000
123582  45.675  4.978  23.025 0.0000000000
124686  45.526  5.752  22.815 0.0000000000
123591  45.832  5.271  22.507 0.0000000000
123590  46.438  4.725  22.141 0.0000000000
123599  46.970  4.286  21.073 0.0000000000
121157  47.830  3.255  21.635 0.0000000000
122441  47.523  3.682  21.165 0.0000000000
122452  47.660  4.045  20.294 0.0000000000
122463  48.449  3.861  19.314 0.0000000000
122475  49.347  3.634  18.221 0.0000000000
121170  50.550  2.564  20.560 0.0000000000
121183  52.334  2.872  19.658 0.0000000000
121184  51.427  2.724  19.656 0.0000000000
121185  50.500  2.735  19.560 0.0000000000
121200  50.489  2.994  18.625 0.0000000000
122474  50.346  3.397  17.876 0.0000000000
122486  50.031  3.744  17.209 0.0000000000
122497  51.486  3.662  16.013 0.0000000000
122506  51.814  3.348  15.261 0.0000000000
122495  53.390  3.543  16.134 0.0000000000
121226  53.127  3.307  15.718 0.0000000000
121227  52.625  3.197  15.462 0.0000000000
121219  51.848  2.480  15.627 0.0000000000
119956  51.507  2.075  16.226 0.0000000000
119950  51.009  1.594  16.956 0.0000000000
119940  51.309  1.452  17.832 0.0000000000
119928  51.830  1.346  18.480 0.0000000000
131859  52.102  12.872  28.623 0.0000000000
131878  49.007  12.383  27.126 0.0000000000
130865  48.891  11.705  30.531 0.0000000000
130876  48.888  12.243  29.311 0.0000000000
130886  48.592  11.982  27.999 0.0000000000
130892  48.521  11.980  27.224 0.0000000000
130902  47.909  11.235  26.242 0.0000000000
129932  47.474  10.664  25.966 0.0000000000
128876  46.443  9.557  26.662 0.0000000000
127921  45.412  7.994  24.548 0.0000000000
125752  45.055  6.238  24.146 0.0000000000
127869  42.523  8.886  32.047 0.0000000000
127868  43.180  8.931  31.730 0.0000000000
127876  42.824  8.181  31.480 0.0000000000
125712  41.751  6.421  31.593 0.0000000000
126806  42.384  7.298  31.390 0.0000000000
126811  43.986  7.285  30.589 0.0000000000
126810  44.526  7.323  30.178 0.0000000000
120989  41.910  2.794  32.591 0.0000000000
122300  42.371  3.770  31.284 0.0000000000
123496  42.601  4.512  30.972 0.0000000000
121012  43.006  2.907  30.730 0.0000000000
122309  42.800  3.556  30.615 0.0000000000
123505  43.077  4.525  30.384 0.0000000000
125717  44.512  6.596  29.564 0.0000000000
126814  44.870  7.336  29.351 0.0000000000
125723  44.722  6.753  28.546 0.0000000000
125731  45.015  7.004  27.876 0.0000000000
125739  44.900  6.899  27.002 0.0000000000
124665  44.511  5.371  26.978 0.0000000000
125740  44.608  6.155  26.524 0.0000000000
125747  44.634  6.217  25.521 0.0000000000
125753  44.726  6.099  24.760 0.0000000000
124680  45.381  5.588  23.667 0.0000000000
123573  45.594  4.597  24.152 0.0000000000
123572  46.094  4.061  23.664 0.0000000000
122385  46.316  3.317  25.138 0.0000000000
121108  46.856  3.137  24.580 0.0000000000
122399  47.141  3.107  23.938 0.0000000000
121105  49.671  2.718  24.571 0.0000000000
119833  47.071  1.480  28.472 0.0000000000
121055  47.950  2.001  27.123 0.0000000000
121054  48.720  2.082  27.498 0.0000000000
121074  48.680  2.399  26.459 0.0000000000
121091  49.597  2.824  25.591 0.0000000000
128832  41.942  10.594  33.268 0.0000000000
128833  41.392  10.153  33.319 0.0000000000
128834  40.274  9.625  33.495 0.0000000000
127866  38.754  8.186  33.761 0.0000000000
128827  39.357  9.898  34.057 0.0000000000
128836  38.633  8.789  34.096 0.0000000000
125701  37.941  6.924  34.851 0.0000000000
126782  36.893  7.173  36.442 0.0000000000
125679  37.467  6.452  37.182 0.0000000000
124586  38.137  6.020  37.492 0.0000000000
139042  45.474  19.288  20.483 0.0000000000
139058  44.984  19.306  20.081 0.0000000000
139043  44.771  19.307  21.251 0.0000000000
137016  42.904  17.287  22.323 0.0000000000
136047  43.218  16.620  22.515 0.0000000000
133948  43.887  15.018  22.947 0.0000000000
135005  44.085  16.048  21.549 0.0000000000
133934  44.148  14.546  23.215 0.0000000000
132909  44.493  13.687  23.392 0.0000000000
135017  45.447  15.076  19.435 0.0000000000
133974  45.539  14.608  20.237 0.0000000000
132935  45.431  13.673  21.227 0.0000000000
131940  45.770  12.559  20.731 0.0000000000
131932  45.459  12.359  21.988 0.0000000000
130941  44.985  11.405  22.223 0.0000000000
129964  44.217  10.551  22.626 0.0000000000
129972  43.726  9.913  22.146 0.0000000000
127954  42.825  8.436  20.452 0.0000000000
131903  54.174  12.742  24.100 0.0000000000
131926  53.470  12.725  22.803 0.0000000000
132916  53.258  13.233  22.020 0.0000000000
131897  49.807  12.230  25.152 0.0000000000
131907  50.259  12.209  24.690 0.0000000000
130919  50.997  12.017  24.121 0.0000000000
130937  51.123  11.725  23.180 0.0000000000
131918  51.706  12.123  23.348 0.0000000000
132917  52.176  13.025  22.212 0.0000000000
132931  52.499  13.594  21.767 0.0000000000
133957  51.705  14.132  21.764 0.0000000000
134989  50.674  14.533  22.174 0.0000000000
134990  50.243  14.635  22.239 0.0000000000
132920  49.301  13.184  22.082 0.0000000000
133946  48.939  13.721  22.020 0.0000000000
133959  49.066  14.774  21.906 0.0000000000
133961  47.948  14.548  20.673 0.0000000000
132934  47.769  14.182  20.184 0.0000000000
132948  47.677  13.831  18.419 0.0000000000
125772  45.888  6.284  21.929 0.0000000000
125771  46.048  6.750  21.574 0.0000000000
126870  46.409  7.518  21.077 0.0000000000
124706  46.488  6.035  20.134 0.0000000000
126877  46.585  7.434  20.313 0.0000000000
127953  46.814  8.062  20.579 0.0000000000
123634  47.773  5.371  17.202 0.0000000000
125797  47.311  6.785  17.380 0.0000000000
125810  47.794  6.730  15.691 0.0000000000
126896  47.588  7.560  16.902 0.0000000000
126890  47.491  7.661  17.858 0.0000000000
127966  47.853  8.702  18.407 0.0000000000
128936  48.064  9.146  18.649 0.0000000000
128927  48.358  9.819  19.592 0.0000000000
130963  48.738  11.516  18.184 0.0000000000
131953  48.473  12.385  18.694 0.0000000000
132947  48.239  13.175  17.957 0.0000000000
132954  47.754  13.603  17.435 0.0000000000
132963  47.666  13.275  16.788 0.0000000000
129996  47.233  11.062  16.830 0.0000000000
129997  46.718  10.762  17.528 0.0000000000
126920  46.718  7.516  14.202 0.0000000000
126911  46.160  7.437  15.112 0.0000000000
126912  45.615  7.498  15.837 0.0000000000
124741  45.756  6.018  16.002 0.0000000000
125804  45.352  6.696  16.496 0.0000000000
126903  45.190  7.696  16.676 0.0000000000
127974  45.222  8.622  17.250 0.0000000000
127975  44.753  8.199  17.536 0.0000000000
127968  44.631  8.529  18.059 0.0000000000
126891  44.085  7.780  18.442 0.0000000000
125794  43.811  7.291  18.748 0.0000000000
125789  43.594  6.790  19.265 0.0000000000
124715  43.915  5.844  19.330 0.0000000000
118778  50.458  0.624  20.086 0.0000000000
118793  52.038  0.996  19.187 0.0000000000
118806  50.599  1.258  18.122 0.0000000000
119754  42.922  1.695  33.738 0.0000000000
119767  44.285  1.408  33.220 0.0000000000
119862  46.222  2.304  26.877 0.0000000000
120998  43.236  2.535  30.849 0.0000000000
121000  42.154  2.828  31.977 0.0000000000
121010  44.022  2.388  29.670 0.0000000000
121025  43.598  3.315  29.662 0.0000000000
121041  44.586  2.844  28.061 0.0000000000
121056  45.955  2.383  26.906 0.0000000000
121238  50.597  3.232  14.378 0.0000000000
121241  48.076  3.157  14.526 0.0000000000
122265  41.511  3.582  35.718 0.0000000000
122274  41.061  3.125  35.005 0.0000000000
122275  40.586  3.631  34.667 0.0000000000
122353  44.959  3.607  26.869 0.0000000000
122368  46.318  3.069  25.671 0.0000000000
122462  49.148  3.323  19.038 0.0000000000
122488  48.803  4.345  17.619 0.0000000000
122494  53.680  3.480  16.373 0.0000000000
122504  53.204  3.432  15.855 0.0000000000
122505  52.923  3.429  15.683 0.0000000000
122526  48.773  4.557  13.495 0.0000000000
123464  40.459  4.244  35.522 0.0000000000
123555  45.549  3.903  25.488 0.0000000000
123563  45.501  4.205  25.048 0.0000000000
123608  46.667  5.321  20.216 0.0000000000
123632  48.944  4.398  17.297 0.0000000000
123640  49.888  4.168  16.386 0.0000000000
123643  47.761  5.543  16.599 0.0000000000
123651  47.585  4.217  14.199 0.0000000000
123657  48.704  5.394  14.359 0.0000000000
123659  47.260  5.178  13.989 0.0000000000
123670  48.481  5.304  12.994 0.0000000000
123671  48.288  5.419  12.887 0.0000000000
124620  39.966  5.065  33.529 0.0000000000
124641  44.066  6.022  29.864 0.0000000000
124681  45.092  5.499  24.395 0.0000000000
124691  46.290  5.476  21.607 0.0000000000
124722  44.900  5.562  18.279 0.0000000000
124723  44.435  5.834  18.736 0.0000000000
124733  47.673  5.893  16.046 0.0000000000
124734  46.022  5.461  16.134 0.0000000000
124739  47.950  6.139  15.325 0.0000000000
124754  48.724  5.100  13.323 0.0000000000
124760  48.357  5.673  12.922 0.0000000000
124761  48.134  5.688  12.802 0.0000000000
125691  37.403  6.642  36.394 0.0000000000
125692  36.888  6.856  36.775 0.0000000000
125699  39.089  6.123  34.025 0.0000000000
125706  41.117  6.452  31.998 0.0000000000
125708  40.026  6.411  32.846 0.0000000000
125710  43.212  6.630  30.772 0.0000000000
125722  44.994  7.099  28.284 0.0000000000
125765  45.928  7.127  22.079 0.0000000000
125803  47.546  6.730  16.507 0.0000000000
125818  47.617  6.053  13.216 0.0000000000
125825  47.932  6.463  12.982 0.0000000000
125833  48.309  6.055  12.975 0.0000000000
126848  44.868  6.659  24.654 0.0000000000
126885  46.801  7.525  19.628 0.0000000000
126904  44.813  7.425  17.145 0.0000000000
126919  47.313  7.728  13.909 0.0000000000
126927  47.271  7.240  13.676 0.0000000000
127860  38.316  8.483  34.243 0.0000000000
127864  40.207  8.659  33.025 0.0000000000
127880  44.074  7.974  30.650 0.0000000000
127943  47.219  8.846  21.760 0.0000000000
127967  45.032  8.885  17.821 0.0000000000
127988  48.078  7.911  15.778 0.0000000000
127990  46.040  7.949  15.539 0.0000000000
128004  47.964  7.617  13.659 0.0000000000
128854  46.817  10.135  29.370 0.0000000000
128897  48.252  10.151  23.190 0.0000000000
128940  43.915  8.927  18.837 0.0000000000
128969  47.593  8.856  14.623 0.0000000000
129941  47.140  10.321  25.577 0.0000000000
129947  48.547  10.653  23.842 0.0000000000
129968  49.197  11.145  21.524 0.0000000000
130854  46.217  11.414  32.180 0.0000000000
130900  49.163  12.082  26.074 0.0000000000
130920  50.630  11.955  24.165 0.0000000000
130928  51.065  11.880  23.793 0.0000000000
130931  48.952  10.872  23.594 0.0000000000
130940  45.332  11.719  21.863 0.0000000000
130953  46.160  11.232  19.517 0.0000000000
130971  47.600  11.588  16.392 0.0000000000
130988  48.158  10.963  15.577 0.0000000000
131829  51.292  12.237  30.106 0.0000000000
131885  51.120  13.121  26.003 0.0000000000
131894  51.798  13.043  25.253 0.0000000000
131904  53.904  12.720  23.980 0.0000000000
131908  49.894  12.124  24.756 0.0000000000
131915  54.267  12.743  23.714 0.0000000000
131916  53.619  12.709  23.613 0.0000000000
131919  45.320  12.843  22.506 0.0000000000
131931  49.139  12.699  21.633 0.0000000000
131933  45.213  12.038  22.406 0.0000000000
131938  49.295  12.194  21.310 0.0000000000
131974  48.022  12.500  16.024 0.0000000000
132843  52.213  13.246  27.791 0.0000000000
132870  51.583  13.296  26.032 0.0000000000
132871  51.086  13.194  26.252 0.0000000000
132882  52.226  13.172  25.361 0.0000000000
132883  51.712  13.143  25.502 0.0000000000
132905  54.895  12.969  23.343 0.0000000000
132906  53.647  12.782  24.025 0.0000000000
132932  51.918  13.457  21.947 0.0000000000
132942  47.667  13.995  19.517 0.0000000000
132962  48.106  12.871  16.299 0.0000000000
132972  48.069  12.708  16.044 0.0000000000
133943  51.161  13.926  22.146 0.0000000000
133958  51.011  14.344  22.098 0.0000000000
133960  48.546  14.307  21.579 0.0000000000
135003  48.243  15.096  21.090 0.0000000000
135015  48.302  15.715  21.006 0.0000000000
135046  45.948  16.534  16.865 0.0000000000
136057  48.523  16.026  21.273 0.0000000000
136058  44.127  16.306  21.181 0.0000000000
136068  49.431  16.694  20.842 0.0000000000
136081  48.153  16.952  19.697 0.0000000000
136117  45.839  17.575  16.557 0.0000000000
137031  51.583  17.100  19.416 0.0000000000
137033  49.727  17.194  20.110 0.0000000000
137051  43.948  17.760  19.861 0.0000000000
137089  45.449  17.888  17.015 0.0000000000
137106  46.641  18.076  16.530 0.0000000000
138042  46.847  19.158  18.736 0.0000000000
138043  45.619  18.990  17.766 0.0000000000
138063  45.755  18.857  17.114 0.0000000000
138064  45.462  18.689  17.513 0.0000000000
138077  46.025  18.716  16.608 0.0000000000
139078  45.996  19.117  18.996 0.0000000000
139099  46.954  19.337  18.233 0.0000000000
139119  46.413  19.393  17.424 0.0000000000
