#!ascii label  , from subject 3075 vox2ras=TkReg
1191
146510  46.931  27.498  26.425 0.0000000000
150031  50.899  31.434  26.801 0.0000000000
141038  52.521  21.658  24.131 0.0000000000
142872  43.094  23.841  28.283 0.0000000000
138965  45.750  19.752  26.385 0.0000000000
147569  49.754  28.699  20.341 0.0000000000
150724  50.308  33.520  33.422 0.0000000000
153995  50.372  36.190  27.077 0.0000000000
136030  55.227  16.923  24.791 0.0000000000
138040  51.960  18.390  17.638 0.0000000000
146506  52.208  28.448  26.700 0.0000000000
143822  49.556  23.787  25.120 0.0000000000
143777  50.375  25.086  29.482 0.0000000000
138948  48.673  19.470  27.360 0.0000000000
150859  48.798  32.119  21.957 0.0000000000
149356  54.948  29.924  22.461 0.0000000000
137991  48.305  18.357  21.811 0.0000000000
144664  44.583  25.691  27.189 0.0000000000
141019  44.346  21.499  27.650 0.0000000000
142890  45.564  23.284  26.617 0.0000000000
148438  48.671  29.938  23.632 0.0000000000
147488  45.030  28.984  25.567 0.0000000000
152396  47.800  34.347  31.664 0.0000000000
133904  56.898  14.532  27.376 0.0000000000
133940  55.411  14.634  22.339 0.0000000000
132879  55.419  12.992  25.173 0.0000000000
150930  51.609  32.712  17.773 0.0000000000
147447  53.599  29.060  27.553 0.0000000000
145524  51.139  26.989  28.793 0.0000000000
147416  50.139  28.433  29.617 0.0000000000
141950  44.998  22.679  31.188 0.0000000000
141971  47.562  22.459  29.577 0.0000000000
138937  46.508  19.091  29.171 0.0000000000
135996  49.539  16.665  27.481 0.0000000000
152464  52.648  34.514  27.605 0.0000000000
152531  53.059  34.393  24.800 0.0000000000
150046  53.064  31.975  25.574 0.0000000000
146536  54.978  28.227  24.237 0.0000000000
142905  51.244  23.390  24.539 0.0000000000
140046  49.445  20.748  23.675 0.0000000000
140058  51.560  20.826  22.294 0.0000000000
138967  43.492  19.062  26.375 0.0000000000
138998  43.966  19.281  23.938 0.0000000000
145663  50.542  26.274  17.812 0.0000000000
145628  46.079  26.332  20.112 0.0000000000
151607  49.626  33.562  29.523 0.0000000000
148374  47.912  29.898  28.330 0.0000000000
152489  43.097  34.337  26.506 0.0000000000
153276  46.645  35.255  25.787 0.0000000000
153214  51.003  35.796  30.632 0.0000000000
137960  53.286  19.122  23.429 0.0000000000
139037  53.411  19.454  21.013 0.0000000000
137022  54.866  17.505  21.161 0.0000000000
136064  53.348  16.009  19.539 0.0000000000
148383  49.834  29.006  26.352 0.0000000000
144673  47.877  25.641  26.511 0.0000000000
145541  49.693  26.700  28.224 0.0000000000
143796  50.890  24.111  27.551 0.0000000000
141987  52.233  22.970  26.757 0.0000000000
144615  48.487  25.967  30.247 0.0000000000
141980  49.820  22.729  28.569 0.0000000000
140016  51.168  20.485  25.439 0.0000000000
136987  52.153  16.831  25.122 0.0000000000
135976  54.429  16.194  27.908 0.0000000000
152578  48.991  34.186  19.939 0.0000000000
149387  51.753  30.784  19.398 0.0000000000
150083  52.664  31.529  22.120 0.0000000000
146606  54.862  27.552  19.023 0.0000000000
146572  53.412  27.695  20.860 0.0000000000
148453  52.283  29.306  23.361 0.0000000000
142003  47.582  22.573  25.278 0.0000000000
137964  46.651  18.415  23.669 0.0000000000
137994  45.185  19.203  21.798 0.0000000000
139074  50.587  19.369  18.986 0.0000000000
146511  45.854  27.436  26.493 0.0000000000
143811  45.115  24.089  26.888 0.0000000000
144675  46.036  25.415  26.545 0.0000000000
148386  47.746  29.325  25.804 0.0000000000
148402  46.545  29.621  25.148 0.0000000000
147466  46.452  28.361  26.179 0.0000000000
146512  44.833  27.534  26.694 0.0000000000
132850  57.123  13.272  27.992 0.0000000000
132878  56.328  13.619  25.256 0.0000000000
132852  56.022  13.238  27.302 0.0000000000
139016  42.178  19.258  23.080 0.0000000000
149280  52.533  30.330  27.263 0.0000000000
148353  51.701  29.027  29.135 0.0000000000
148371  50.891  29.614  28.564 0.0000000000
139954  44.833  20.837  31.108 0.0000000000
139964  45.846  20.676  29.937 0.0000000000
150787  51.190  33.159  27.214 0.0000000000
150798  52.683  32.975  26.169 0.0000000000
149294  52.374  31.062  26.388 0.0000000000
149292  54.020  29.881  26.557 0.0000000000
142007  52.346  22.537  24.417 0.0000000000
141049  51.376  22.206  23.237 0.0000000000
142025  52.498  22.007  23.112 0.0000000000
141983  42.534  22.459  28.868 0.0000000000
141009  43.076  21.770  28.367 0.0000000000
138951  45.267  20.273  26.908 0.0000000000
138953  43.715  19.667  27.488 0.0000000000
138966  44.611  19.250  26.655 0.0000000000
138982  43.037  19.400  25.294 0.0000000000
137937  45.009  18.722  25.336 0.0000000000
146610  49.691  27.300  19.103 0.0000000000
145646  48.161  26.382  18.892 0.0000000000
146591  48.162  27.671  19.914 0.0000000000
144666  42.903  25.318  28.074 0.0000000000
142874  41.869  23.888  29.088 0.0000000000
151562  50.436  33.480  31.763 0.0000000000
150756  47.910  32.710  30.498 0.0000000000
150727  48.395  32.489  32.117 0.0000000000
152370  49.730  34.594  33.645 0.0000000000
152395  49.160  34.893  31.258 0.0000000000
152368  51.050  34.684  32.764 0.0000000000
151584  51.521  34.372  31.139 0.0000000000
137943  53.904  17.820  23.942 0.0000000000
137975  55.184  18.727  22.691 0.0000000000
137006  55.481  17.526  23.637 0.0000000000
132929  54.829  13.818  21.728 0.0000000000
133969  54.857  15.102  20.744 0.0000000000
133972  53.299  14.602  20.910 0.0000000000
147484  50.937  28.996  26.194 0.0000000000
147450  49.633  28.340  27.242 0.0000000000
146486  50.627  27.868  27.766 0.0000000000
144629  50.504  26.286  29.312 0.0000000000
144644  50.633  26.031  28.938 0.0000000000
142869  51.095  24.005  28.212 0.0000000000
142879  51.483  23.419  27.248 0.0000000000
141978  51.363  23.286  28.102 0.0000000000
148359  46.109  29.713  28.816 0.0000000000
147419  47.359  27.942  29.680 0.0000000000
145511  46.658  26.425  30.370 0.0000000000
139983  48.218  20.517  28.340 0.0000000000
141970  48.379  22.793  29.338 0.0000000000
139982  49.069  20.989  28.033 0.0000000000
139992  50.308  21.139  26.828 0.0000000000
140005  49.811  20.317  26.449 0.0000000000
137946  51.110  18.747  24.681 0.0000000000
137934  49.854  18.003  25.801 0.0000000000
134947  51.367  15.913  29.155 0.0000000000
135994  51.610  16.238  27.425 0.0000000000
151754  48.602  33.384  20.807 0.0000000000
150904  49.952  32.413  19.554 0.0000000000
150113  50.161  31.553  20.400 0.0000000000
153997  48.704  36.041  26.792 0.0000000000
152511  48.412  34.382  25.788 0.0000000000
152483  49.823  35.041  26.281 0.0000000000
150836  54.260  32.635  23.459 0.0000000000
150838  52.799  32.623  23.283 0.0000000000
150095  54.080  31.062  22.050 0.0000000000
148489  54.180  29.793  20.203 0.0000000000
147564  55.327  28.226  20.410 0.0000000000
145624  54.650  26.881  19.827 0.0000000000
146557  55.446  27.626  21.866 0.0000000000
146525  53.670  28.462  25.603 0.0000000000
147513  53.716  28.428  23.581 0.0000000000
147501  52.528  29.182  24.885 0.0000000000
148416  51.002  29.479  24.914 0.0000000000
143807  48.436  24.757  26.325 0.0000000000
143818  47.402  24.011  25.742 0.0000000000
142908  48.616  23.266  24.703 0.0000000000
137976  49.345  18.880  23.127 0.0000000000
138995  48.762  19.709  24.141 0.0000000000
137978  47.493  18.363  22.722 0.0000000000
137979  46.351  18.633  22.525 0.0000000000
137992  47.149  18.566  21.555 0.0000000000
139072  52.468  18.735  18.580 0.0000000000
139054  51.625  19.270  19.978 0.0000000000
139096  50.577  19.350  17.823 0.0000000000
143800  43.576  24.383  27.808 0.0000000000
141992  43.790  22.158  28.066 0.0000000000
142881  44.619  23.547  27.348 0.0000000000
141990  45.144  22.622  27.085 0.0000000000
141027  46.058  21.778  26.502 0.0000000000
148476  49.788  29.515  21.898 0.0000000000
145545  44.141  26.400  27.238 0.0000000000
136004  56.259  16.090  26.103 0.0000000000
136029  55.868  16.717  24.411 0.0000000000
134976  56.346  15.418  25.055 0.0000000000
132890  56.194  13.743  23.938 0.0000000000
146482  53.745  28.297  27.228 0.0000000000
146484  52.312  28.132  27.482 0.0000000000
146465  52.559  28.305  28.400 0.0000000000
147400  50.501  27.694  29.551 0.0000000000
144604  49.634  26.567  29.980 0.0000000000
144605  44.939  25.294  30.985 0.0000000000
143763  46.393  24.447  30.473 0.0000000000
141962  46.200  22.585  30.356 0.0000000000
139974  47.044  20.645  29.079 0.0000000000
138949  47.930  19.490  28.063 0.0000000000
136968  49.177  17.537  26.857 0.0000000000
136960  47.958  17.338  28.062 0.0000000000
135981  49.196  16.347  28.483 0.0000000000
134931  50.165  15.626  29.954 0.0000000000
151715  47.122  32.946  23.226 0.0000000000
153244  52.293  35.897  27.756 0.0000000000
153273  51.929  35.295  26.023 0.0000000000
153271  53.228  35.088  25.988 0.0000000000
151667  53.840  33.121  25.013 0.0000000000
149333  54.532  30.502  23.660 0.0000000000
147511  55.362  28.578  23.636 0.0000000000
148413  54.769  29.263  25.267 0.0000000000
147458  54.428  28.723  26.628 0.0000000000
142906  50.196  23.467  24.780 0.0000000000
142010  49.750  22.810  24.165 0.0000000000
142020  50.366  22.570  23.804 0.0000000000
140045  50.335  21.157  23.330 0.0000000000
139041  49.882  18.915  21.543 0.0000000000
137084  50.820  17.973  17.480 0.0000000000
138061  49.999  18.852  16.912 0.0000000000
138955  41.322  19.540  27.229 0.0000000000
141020  43.720  21.148  28.054 0.0000000000
138954  42.553  19.439  27.288 0.0000000000
138968  42.182  19.500  26.250 0.0000000000
138983  41.878  20.198  25.048 0.0000000000
140034  42.224  20.165  23.935 0.0000000000
139015  42.737  19.601  22.904 0.0000000000
144718  49.008  25.626  17.539 0.0000000000
144705  45.852  25.503  18.860 0.0000000000
151641  49.625  33.107  27.997 0.0000000000
149283  49.313  31.081  27.543 0.0000000000
150026  47.956  32.170  28.112 0.0000000000
150022  46.339  31.593  29.252 0.0000000000
149255  44.972  30.335  29.503 0.0000000000
147422  43.708  28.419  30.326 0.0000000000
145504  43.743  26.084  31.182 0.0000000000
153263  44.477  35.172  26.146 0.0000000000
153247  46.694  35.403  27.268 0.0000000000
153235  48.782  35.867  28.053 0.0000000000
153967  50.950  36.268  29.556 0.0000000000
153222  52.390  35.527  29.878 0.0000000000
151622  51.529  33.965  28.920 0.0000000000
139009  53.000  19.867  23.367 0.0000000000
141057  53.135  21.029  22.475 0.0000000000
139023  53.976  20.088  22.022 0.0000000000
137989  54.312  18.935  21.074 0.0000000000
138018  53.589  18.009  19.227 0.0000000000
136052  55.078  16.653  21.466 0.0000000000
136077  54.199  16.523  19.175 0.0000000000
137062  52.267  17.372  18.148 0.0000000000
147464  48.593  28.515  26.646 0.0000000000
145562  47.379  26.556  26.601 0.0000000000
146508  48.556  27.897  27.061 0.0000000000
145560  48.611  26.287  27.430 0.0000000000
144671  49.303  25.124  27.332 0.0000000000
145525  50.664  26.845  28.733 0.0000000000
144661  50.060  25.320  28.085 0.0000000000
143815  50.038  23.859  25.751 0.0000000000
142887  51.406  23.563  26.287 0.0000000000
142894  52.385  23.213  25.303 0.0000000000
141024  52.382  22.154  25.744 0.0000000000
148356  49.356  29.192  28.936 0.0000000000
146457  48.957  27.523  29.873 0.0000000000
143760  49.141  25.406  29.959 0.0000000000
142847  47.917  24.239  29.806 0.0000000000
143779  48.861  24.553  29.679 0.0000000000
142871  50.191  23.482  28.950 0.0000000000
141989  51.143  22.653  27.971 0.0000000000
141025  52.025  21.750  26.209 0.0000000000
141039  52.123  21.181  24.638 0.0000000000
138992  51.483  19.685  24.577 0.0000000000
136999  52.588  17.555  24.396 0.0000000000
136032  54.047  16.759  25.106 0.0000000000
136010  50.824  16.497  26.762 0.0000000000
136008  53.089  16.497  26.472 0.0000000000
136006  54.983  16.547  26.428 0.0000000000
134953  55.615  15.962  27.778 0.0000000000
151767  50.407  33.497  18.937 0.0000000000
150139  51.351  31.559  18.542 0.0000000000
148531  52.754  29.223  17.790 0.0000000000
151682  51.613  33.451  24.702 0.0000000000
150085  50.520  31.550  22.195 0.0000000000
149372  52.273  30.522  20.307 0.0000000000
148516  53.726  29.169  18.720 0.0000000000
146638  53.256  27.537  17.555 0.0000000000
145661  52.757  26.352  17.923 0.0000000000
146608  52.036  27.042  19.342 0.0000000000
147567  52.354  28.073  20.361 0.0000000000
146559  54.311  27.856  22.398 0.0000000000
147545  53.171  28.160  21.454 0.0000000000
148475  50.973  29.431  21.785 0.0000000000
148436  50.782  29.755  23.871 0.0000000000
148399  49.251  29.512  25.460 0.0000000000
143809  46.719  24.651  26.122 0.0000000000
142004  46.960  22.554  25.835 0.0000000000
140018  46.679  20.646  26.028 0.0000000000
141041  48.626  21.911  24.429 0.0000000000
138996  47.746  19.818  24.919 0.0000000000
137935  46.588  19.301  25.320 0.0000000000
137965  45.461  18.700  23.457 0.0000000000
139012  44.863  19.237  22.974 0.0000000000
140066  52.408  20.296  21.533 0.0000000000
139055  50.691  19.209  20.304 0.0000000000
138020  48.526  18.824  19.941 0.0000000000
139117  48.395  19.411  17.274 0.0000000000
138021  47.683  18.829  19.495 0.0000000000
132854  53.961  13.069  26.995 0.0000000000
132893  53.753  12.881  24.445 0.0000000000
145563  46.386  26.475  26.568 0.0000000000
147465  47.550  28.589  26.358 0.0000000000
147486  46.945  29.173  25.829 0.0000000000
132851  56.726  13.146  27.624 0.0000000000
149281  51.439  30.693  27.123 0.0000000000
149265  51.677  29.957  27.904 0.0000000000
149266  50.642  30.151  27.860 0.0000000000
150800  50.847  32.358  26.804 0.0000000000
150040  51.268  32.052  26.514 0.0000000000
149295  51.628  31.442  26.575 0.0000000000
142017  52.613  22.025  23.632 0.0000000000
142024  52.786  21.748  23.157 0.0000000000
141982  43.126  22.841  28.414 0.0000000000
138952  44.818  19.967  27.168 0.0000000000
137926  45.275  19.053  26.037 0.0000000000
137927  44.462  18.780  25.991 0.0000000000
147586  50.315  28.132  19.589 0.0000000000
147587  49.159  27.986  19.664 0.0000000000
143789  43.081  24.380  28.200 0.0000000000
143790  42.533  24.607  28.375 0.0000000000
142873  42.350  23.599  28.797 0.0000000000
151535  50.245  33.344  32.459 0.0000000000
150746  49.662  33.145  32.181 0.0000000000
150725  49.906  33.175  33.015 0.0000000000
152369  50.515  34.475  33.364 0.0000000000
151517  51.077  34.230  32.924 0.0000000000
151561  51.205  33.880  31.833 0.0000000000
136997  54.574  17.559  24.270 0.0000000000
137008  54.958  18.055  23.964 0.0000000000
136996  55.250  17.452  24.241 0.0000000000
133954  54.540  14.189  21.487 0.0000000000
147460  51.791  28.583  26.612 0.0000000000
147461  51.218  28.631  26.864 0.0000000000
146507  51.697  28.431  26.919 0.0000000000
144630  50.305  25.749  29.634 0.0000000000
143776  50.605  25.456  29.184 0.0000000000
142858  50.774  24.588  28.926 0.0000000000
142870  50.886  23.780  28.698 0.0000000000
147437  45.649  28.859  29.276 0.0000000000
147420  46.239  27.995  29.708 0.0000000000
146460  45.812  27.254  30.219 0.0000000000
139994  48.633  20.215  27.797 0.0000000000
139993  49.364  20.479  27.250 0.0000000000
138963  49.314  19.455  26.699 0.0000000000
138962  49.943  19.424  25.893 0.0000000000
137924  49.482  18.375  26.319 0.0000000000
150875  48.381  32.666  21.660 0.0000000000
152563  47.919  33.814  21.232 0.0000000000
150890  48.848  32.680  21.081 0.0000000000
150889  49.377  32.464  20.405 0.0000000000
150100  49.789  31.640  21.321 0.0000000000
153996  49.471  36.142  26.917 0.0000000000
153258  49.241  35.634  26.624 0.0000000000
153257  50.158  35.739  26.631 0.0000000000
149346  54.552  30.579  22.755 0.0000000000
150856  54.327  31.929  22.601 0.0000000000
149357  54.643  30.430  21.843 0.0000000000
148473  54.800  29.882  21.271 0.0000000000
148472  55.221  29.326  21.722 0.0000000000
146569  55.586  27.423  20.885 0.0000000000
147524  55.485  28.421  22.453 0.0000000000
146526  52.751  28.578  26.112 0.0000000000
147482  53.008  28.783  25.379 0.0000000000
148396  51.668  29.098  25.602 0.0000000000
143816  49.063  24.195  25.714 0.0000000000
142898  48.758  23.879  24.969 0.0000000000
137990  49.339  18.554  22.165 0.0000000000
137977  48.592  18.414  22.937 0.0000000000
139073  51.589  19.290  18.714 0.0000000000
139095  51.484  18.852  17.747 0.0000000000
143799  44.505  24.711  27.311 0.0000000000
143810  45.839  24.345  26.471 0.0000000000
142891  45.118  23.558  26.973 0.0000000000
141998  45.673  22.354  26.634 0.0000000000
141997  46.253  22.517  26.297 0.0000000000
148456  49.250  29.755  22.780 0.0000000000
148457  48.242  29.609  22.776 0.0000000000
148439  47.679  29.895  23.555 0.0000000000
148403  45.624  29.576  25.074 0.0000000000
148421  46.170  29.804  24.321 0.0000000000
145544  44.615  26.143  27.117 0.0000000000
144665  43.846  25.461  27.596 0.0000000000
134960  56.568  15.306  26.698 0.0000000000
136018  56.300  16.144  25.300 0.0000000000
134968  56.462  15.287  25.840 0.0000000000
132866  55.753  13.420  26.269 0.0000000000
132891  55.708  13.120  24.106 0.0000000000
132905  54.895  12.969  23.343 0.0000000000
132892  54.693  12.818  24.284 0.0000000000
152609  50.838  34.632  18.494 0.0000000000
153350  50.874  35.280  18.585 0.0000000000
146469  54.033  28.276  27.375 0.0000000000
146471  52.890  28.411  27.834 0.0000000000
147442  53.162  28.732  27.869 0.0000000000
148341  50.928  28.768  29.478 0.0000000000
148340  51.484  28.574  29.376 0.0000000000
147415  50.731  28.304  29.554 0.0000000000
146445  49.885  27.540  29.633 0.0000000000
146446  49.637  27.580  29.655 0.0000000000
143747  44.989  24.609  31.017 0.0000000000
143764  45.705  24.132  30.806 0.0000000000
141949  45.676  22.988  30.825 0.0000000000
139975  46.459  20.423  29.495 0.0000000000
140999  46.559  21.231  29.571 0.0000000000
138924  46.665  20.044  29.244 0.0000000000
138935  47.708  19.984  28.431 0.0000000000
138950  47.445  19.029  28.344 0.0000000000
137918  47.607  18.508  28.084 0.0000000000
137910  47.177  18.548  28.528 0.0000000000
135983  47.615  16.954  28.953 0.0000000000
135962  48.767  16.258  29.490 0.0000000000
135961  49.745  16.031  29.245 0.0000000000
135951  48.830  15.970  30.306 0.0000000000
153232  52.583  35.300  27.992 0.0000000000
153243  52.604  35.384  27.518 0.0000000000
152463  52.944  34.917  27.138 0.0000000000
150804  53.340  32.848  25.519 0.0000000000
150045  53.764  31.828  24.989 0.0000000000
150057  54.194  31.692  24.005 0.0000000000
149320  54.225  30.757  24.543 0.0000000000
148434  54.607  30.179  24.286 0.0000000000
149304  53.952  30.497  25.567 0.0000000000
149278  54.058  29.530  27.066 0.0000000000
148382  54.424  29.238  26.614 0.0000000000
147459  54.393  29.112  26.887 0.0000000000
146503  54.192  28.377  26.887 0.0000000000
142009  50.544  23.072  24.171 0.0000000000
142019  51.136  22.770  23.798 0.0000000000
141060  51.115  21.484  22.916 0.0000000000
140059  50.742  20.513  22.743 0.0000000000
139026  50.128  19.415  22.515 0.0000000000
139025  51.131  19.929  22.094 0.0000000000
138940  41.828  19.759  28.143 0.0000000000
141991  44.451  22.480  27.591 0.0000000000
137952  43.725  19.214  24.612 0.0000000000
138999  43.008  19.865  24.090 0.0000000000
140048  42.822  19.805  23.289 0.0000000000
139014  43.236  19.745  23.103 0.0000000000
145679  50.662  26.120  17.271 0.0000000000
144717  49.952  25.584  17.381 0.0000000000
145647  47.283  26.121  19.199 0.0000000000
144704  46.769  25.538  18.714 0.0000000000
145648  46.428  25.924  19.439 0.0000000000
145629  45.209  26.281  20.224 0.0000000000
151624  49.412  33.225  28.435 0.0000000000
150776  49.140  32.919  28.231 0.0000000000
151608  48.957  33.329  28.934 0.0000000000
150768  46.849  32.169  29.604 0.0000000000
149254  45.607  30.866  29.348 0.0000000000
149251  43.999  29.980  30.326 0.0000000000
146462  43.527  27.344  30.723 0.0000000000
153279  43.477  35.110  25.532 0.0000000000
153264  43.892  34.853  26.180 0.0000000000
152465  46.182  35.063  27.412 0.0000000000
153237  47.044  35.265  27.891 0.0000000000
153246  47.802  36.125  27.185 0.0000000000
153205  50.650  35.468  31.220 0.0000000000
153215  50.355  35.645  30.457 0.0000000000
153224  50.088  35.862  29.573 0.0000000000
153960  51.005  36.214  30.188 0.0000000000
153966  51.733  36.370  29.729 0.0000000000
153213  51.586  35.609  30.765 0.0000000000
151606  50.742  33.972  29.786 0.0000000000
151605  51.821  34.313  30.033 0.0000000000
151623  50.463  33.660  28.676 0.0000000000
140044  53.153  20.444  23.187 0.0000000000
139008  53.794  19.640  22.865 0.0000000000
137988  55.064  18.641  21.698 0.0000000000
139036  54.369  19.379  21.638 0.0000000000
138003  54.427  18.184  20.781 0.0000000000
138004  53.897  18.617  20.252 0.0000000000
138017  54.127  17.897  19.983 0.0000000000
134983  55.982  15.826  23.746 0.0000000000
136039  55.635  16.689  23.331 0.0000000000
134996  55.146  15.609  21.729 0.0000000000
135012  54.098  15.580  19.770 0.0000000000
135023  54.446  15.987  19.503 0.0000000000
135024  54.144  16.093  19.253 0.0000000000
136092  53.199  16.921  18.433 0.0000000000
136094  52.457  16.896  18.668 0.0000000000
137045  51.848  17.175  18.698 0.0000000000
136080  52.255  16.766  19.325 0.0000000000
148384  49.310  29.088  26.206 0.0000000000
147451  49.036  28.244  27.022 0.0000000000
146487  49.773  27.623  27.806 0.0000000000
145542  49.029  26.682  27.829 0.0000000000
144663  48.873  25.974  27.655 0.0000000000
144662  49.461  25.622  27.948 0.0000000000
146473  51.462  27.666  28.367 0.0000000000
143787  50.612  24.937  28.477 0.0000000000
143788  50.305  25.193  28.199 0.0000000000
143797  50.174  24.840  27.620 0.0000000000
143805  50.580  23.960  26.621 0.0000000000
142888  50.889  23.676  26.085 0.0000000000
143804  51.107  23.709  26.932 0.0000000000
142878  51.936  23.344  26.611 0.0000000000
141996  52.460  22.810  25.948 0.0000000000
142002  52.448  22.646  25.217 0.0000000000
141014  52.309  22.373  26.360 0.0000000000
149268  48.605  30.461  27.923 0.0000000000
148373  48.959  29.760  28.369 0.0000000000
148357  48.357  29.193  28.789 0.0000000000
146458  48.025  27.332  29.964 0.0000000000
147418  48.403  27.997  29.641 0.0000000000
145509  48.710  26.776  30.097 0.0000000000
144614  49.425  26.227  30.108 0.0000000000
142848  47.056  23.874  30.118 0.0000000000
143762  47.258  24.801  30.186 0.0000000000
141960  47.718  23.333  29.687 0.0000000000
141981  48.877  22.378  28.734 0.0000000000
142861  48.606  23.669  29.474 0.0000000000
141969  49.258  23.155  29.096 0.0000000000
142860  49.577  23.965  29.409 0.0000000000
141979  50.775  22.990  28.516 0.0000000000
141005  50.361  22.333  28.031 0.0000000000
140004  50.620  20.628  25.944 0.0000000000
141026  51.252  21.514  26.508 0.0000000000
140003  51.460  21.132  25.800 0.0000000000
141033  51.974  21.518  25.443 0.0000000000
140015  51.600  20.695  25.057 0.0000000000
140029  51.999  20.371  24.376 0.0000000000
138977  51.256  20.170  25.067 0.0000000000
136988  51.054  17.529  25.159 0.0000000000
137945  52.001  18.580  24.157 0.0000000000
137000  51.709  17.783  24.555 0.0000000000
136986  52.947  16.916  24.755 0.0000000000
136978  49.947  17.167  26.406 0.0000000000
136011  50.214  16.618  27.061 0.0000000000
135977  53.398  16.118  27.975 0.0000000000
135993  52.702  16.283  27.272 0.0000000000
135992  53.747  16.356  27.246 0.0000000000
136007  54.075  16.429  26.428 0.0000000000
135991  54.681  16.388  27.189 0.0000000000
135990  55.549  16.244  27.164 0.0000000000
152580  47.690  35.285  20.817 0.0000000000
154032  47.116  36.202  20.787 0.0000000000
154043  47.597  36.498  20.610 0.0000000000
150126  51.217  31.239  19.213 0.0000000000
150140  50.787  32.074  18.759 0.0000000000
150138  51.921  30.863  18.377 0.0000000000
149412  52.299  30.317  17.656 0.0000000000
149401  52.567  30.181  18.530 0.0000000000
152507  52.610  34.537  25.206 0.0000000000
152508  51.518  34.537  25.569 0.0000000000
151669  52.509  34.192  24.868 0.0000000000
150858  53.153  32.192  22.681 0.0000000000
150839  52.025  32.363  23.534 0.0000000000
150067  52.326  31.871  22.874 0.0000000000
150084  51.626  31.446  22.131 0.0000000000
150098  52.013  30.877  21.229 0.0000000000
149360  52.897  30.570  20.997 0.0000000000
148501  54.528  28.999  19.563 0.0000000000
148502  54.092  29.540  19.686 0.0000000000
147597  54.480  28.244  18.828 0.0000000000
147598  53.865  28.225  18.411 0.0000000000
145659  54.002  27.152  18.499 0.0000000000
145660  53.558  26.859  17.935 0.0000000000
145641  54.536  26.981  18.874 0.0000000000
146588  54.344  26.989  20.407 0.0000000000
145625  53.633  26.838  19.627 0.0000000000
146589  53.128  27.251  20.151 0.0000000000
147584  52.077  27.547  19.839 0.0000000000
147566  53.015  27.772  20.708 0.0000000000
146546  55.248  27.932  23.012 0.0000000000
146547  54.587  27.948  23.423 0.0000000000
147514  52.816  29.106  23.857 0.0000000000
147525  53.700  28.242  22.494 0.0000000000
147526  52.745  28.975  22.632 0.0000000000
147546  51.936  28.952  21.496 0.0000000000
147527  52.002  29.217  22.256 0.0000000000
148455  50.355  29.724  22.805 0.0000000000
148454  51.593  29.458  22.861 0.0000000000
148398  50.282  29.278  25.842 0.0000000000
148417  50.022  29.692  24.742 0.0000000000
148385  48.458  29.195  26.037 0.0000000000
144674  46.994  25.608  26.357 0.0000000000
143808  47.595  24.882  25.952 0.0000000000
142900  47.310  23.235  25.621 0.0000000000
141034  47.278  21.857  25.553 0.0000000000
141035  46.694  21.590  26.089 0.0000000000
141040  49.211  22.178  24.096 0.0000000000
141052  49.068  21.419  24.021 0.0000000000
137948  48.156  19.164  24.287 0.0000000000
138997  47.159  19.533  25.093 0.0000000000
137949  46.983  19.037  24.791 0.0000000000
137950  45.790  18.536  24.582 0.0000000000
137980  45.397  19.011  22.381 0.0000000000
139027  44.692  19.368  22.286 0.0000000000
139028  43.971  19.641  22.233 0.0000000000
139043  44.771  19.307  21.251 0.0000000000
140056  53.096  20.616  21.929 0.0000000000
140065  52.874  20.052  21.331 0.0000000000
139056  49.958  19.058  20.728 0.0000000000
139075  49.383  19.182  19.534 0.0000000000
139125  48.948  19.049  16.464 0.0000000000
139116  49.506  19.284  16.952 0.0000000000
139126  48.402  19.128  16.648 0.0000000000
145564  45.134  26.349  26.904 0.0000000000
144676  45.198  25.094  26.879 0.0000000000
148419  48.057  29.969  24.448 0.0000000000
148401  47.459  29.675  25.181 0.0000000000
147487  46.002  29.046  25.736 0.0000000000
147467  45.424  28.330  26.208 0.0000000000
133903  57.176  13.749  27.279 0.0000000000
133912  56.880  14.179  26.383 0.0000000000
133911  57.032  13.617  26.872 0.0000000000
132865  56.644  13.507  26.715 0.0000000000
149263  53.230  29.566  27.877 0.0000000000
148369  52.596  29.189  28.417 0.0000000000
148370  51.780  29.453  28.585 0.0000000000
148355  50.232  29.247  29.094 0.0000000000
140979  44.880  21.751  31.176 0.0000000000
141963  45.559  22.152  30.735 0.0000000000
140991  45.455  21.240  30.658 0.0000000000
138925  46.106  19.563  29.659 0.0000000000
151656  51.840  33.405  27.173 0.0000000000
151655  52.469  33.765  27.005 0.0000000000
150047  52.641  32.022  25.770 0.0000000000
149306  52.634  31.628  25.831 0.0000000000
149293  53.277  30.476  26.467 0.0000000000
149279  53.515  29.970  27.393 0.0000000000
142913  51.994  22.995  24.122 0.0000000000
142018  52.009  22.533  23.684 0.0000000000
141059  51.964  21.805  22.699 0.0000000000
139995  44.936  20.881  27.190 0.0000000000
139996  44.214  20.546  27.622 0.0000000000
137938  44.005  18.745  25.352 0.0000000000
137951  44.615  18.732  24.404 0.0000000000
146626  50.157  26.711  18.480 0.0000000000
145664  49.615  25.977  18.038 0.0000000000
145645  49.150  26.524  18.687 0.0000000000
146612  47.719  26.850  19.557 0.0000000000
145627  46.948  26.475  19.956 0.0000000000
144667  42.309  25.554  28.179 0.0000000000
144648  41.861  25.410  28.374 0.0000000000
141972  42.034  23.086  29.361 0.0000000000
151586  50.105  33.614  30.649 0.0000000000
150766  48.636  33.096  29.761 0.0000000000
150754  49.493  33.283  31.318 0.0000000000
150748  48.077  32.551  31.459 0.0000000000
152380  48.924  34.520  32.675 0.0000000000
152379  49.990  34.812  32.549 0.0000000000
152394  50.321  35.208  31.759 0.0000000000
153198  51.460  35.210  31.986 0.0000000000
153203  51.771  35.156  31.458 0.0000000000
151560  51.464  34.368  31.824 0.0000000000
151585  50.937  34.046  30.910 0.0000000000
137959  54.191  18.443  23.515 0.0000000000
139007  54.671  18.980  22.976 0.0000000000
137958  55.109  18.411  23.443 0.0000000000
137974  55.411  18.139  23.127 0.0000000000
137021  55.391  17.607  21.962 0.0000000000
135010  54.954  15.284  20.894 0.0000000000
133953  55.035  14.590  21.284 0.0000000000
133971  53.944  14.730  20.731 0.0000000000
135013  53.172  15.443  20.432 0.0000000000
147485  50.513  29.059  26.222 0.0000000000
147449  50.426  28.354  27.358 0.0000000000
146475  50.226  27.314  28.173 0.0000000000
145516  50.867  27.098  29.114 0.0000000000
141988  51.605  22.789  27.408 0.0000000000
148375  46.909  30.221  28.613 0.0000000000
148358  47.289  29.347  28.780 0.0000000000
147436  46.723  28.662  29.160 0.0000000000
146459  46.976  27.301  30.171 0.0000000000
145510  47.739  26.585  30.258 0.0000000000
141008  47.767  21.158  28.738 0.0000000000
140997  48.126  21.953  29.120 0.0000000000
141007  48.597  21.474  28.551 0.0000000000
141006  49.437  21.904  28.253 0.0000000000
141017  49.897  21.522  27.593 0.0000000000
138978  50.821  19.678  25.166 0.0000000000
137933  50.366  18.515  25.389 0.0000000000
136989  50.362  17.592  25.684 0.0000000000
135980  50.203  16.255  28.432 0.0000000000
135995  50.619  16.404  27.630 0.0000000000
135979  51.287  16.170  28.458 0.0000000000
135978  52.327  15.937  28.072 0.0000000000
152564  47.376  34.558  21.391 0.0000000000
152579  48.260  34.635  20.636 0.0000000000
151753  49.129  33.370  20.116 0.0000000000
150128  49.962  31.979  19.901 0.0000000000
149388  51.185  30.995  19.633 0.0000000000
153260  47.649  35.592  26.421 0.0000000000
153275  47.250  35.098  25.848 0.0000000000
152485  48.101  35.088  26.117 0.0000000000
152510  49.348  34.286  25.878 0.0000000000
151697  53.589  33.407  23.891 0.0000000000
151698  53.049  33.262  23.648 0.0000000000
150837  53.497  32.776  23.256 0.0000000000
150873  54.006  31.695  22.200 0.0000000000
150096  53.763  31.108  21.815 0.0000000000
149359  53.634  30.680  21.127 0.0000000000
149358  54.191  30.693  21.374 0.0000000000
148488  54.737  29.411  20.540 0.0000000000
147582  55.276  27.794  19.876 0.0000000000
145623  55.162  27.015  19.594 0.0000000000
146586  55.418  27.397  20.098 0.0000000000
146587  54.901  26.775  20.459 0.0000000000
146570  55.139  26.889  21.076 0.0000000000
146537  54.396  28.382  24.579 0.0000000000
147512  54.193  28.246  24.021 0.0000000000
147499  53.861  28.485  24.564 0.0000000000
147500  53.286  28.773  24.551 0.0000000000
148435  51.864  29.493  24.147 0.0000000000
148415  51.750  29.299  25.214 0.0000000000
148397  51.273  29.175  25.624 0.0000000000
143817  48.182  24.258  25.539 0.0000000000
142899  47.954  23.474  25.103 0.0000000000
142012  48.229  22.624  24.750 0.0000000000
139010  49.320  19.637  23.483 0.0000000000
138994  49.186  20.127  23.876 0.0000000000
139011  48.978  19.445  23.787 0.0000000000
137962  48.788  19.063  23.703 0.0000000000
137963  47.812  18.573  23.739 0.0000000000
137993  45.925  19.075  21.308 0.0000000000
139053  52.483  19.218  19.772 0.0000000000
139038  52.441  19.641  20.846 0.0000000000
142882  43.782  23.212  27.923 0.0000000000
142880  45.134  23.265  27.027 0.0000000000
141018  44.884  21.808  27.289 0.0000000000
141028  45.460  21.561  26.830 0.0000000000
140007  45.512  20.646  26.772 0.0000000000
140006  46.116  20.861  26.473 0.0000000000
147548  49.206  29.143  21.095 0.0000000000
147570  48.665  28.468  20.426 0.0000000000
148478  47.764  29.206  21.970 0.0000000000
148440  46.713  29.808  23.500 0.0000000000
146513  43.715  27.441  26.810 0.0000000000
146490  43.465  26.793  27.262 0.0000000000
145546  43.212  26.228  27.615 0.0000000000
152381  47.774  34.025  32.948 0.0000000000
152371  48.872  34.378  33.890 0.0000000000
152361  50.047  34.424  34.397 0.0000000000
136019  55.868  16.633  25.459 0.0000000000
134977  56.196  15.687  24.438 0.0000000000
133925  55.882  15.205  24.108 0.0000000000
133918  56.461  14.566  25.402 0.0000000000
133932  56.220  14.150  23.785 0.0000000000
132903  56.185  13.957  23.471 0.0000000000
132904  55.684  13.626  22.975 0.0000000000
132915  54.479  13.349  22.236 0.0000000000
146505  53.032  28.343  26.663 0.0000000000
146483  53.026  28.318  27.344 0.0000000000
146472  52.357  27.991  28.157 0.0000000000
146467  51.637  27.617  28.977 0.0000000000
148352  52.123  28.735  29.010 0.0000000000
147413  51.927  28.284  29.239 0.0000000000
146455  50.929  27.455  29.335 0.0000000000
145507  50.419  26.948  29.452 0.0000000000
144612  50.144  26.583  29.697 0.0000000000
144613  50.070  26.230  29.957 0.0000000000
145512  45.403  26.213  30.655 0.0000000000
144618  45.573  25.101  30.698 0.0000000000
142849  46.183  23.502  30.552 0.0000000000
141961  46.910  22.990  30.000 0.0000000000
140990  46.042  21.697  30.158 0.0000000000
140989  46.754  22.133  29.779 0.0000000000
140998  47.336  21.608  29.338 0.0000000000
137916  48.831  18.465  26.994 0.0000000000
137917  48.170  18.530  27.561 0.0000000000
136969  48.486  17.384  27.539 0.0000000000
135997  48.800  16.654  27.924 0.0000000000
135982  48.202  16.764  28.501 0.0000000000
135960  50.721  15.997  29.230 0.0000000000
134930  51.395  15.450  29.867 0.0000000000
150876  48.021  32.610  22.259 0.0000000000
153994  51.275  36.099  27.344 0.0000000000
153256  51.156  35.778  26.682 0.0000000000
153255  52.203  35.778  26.881 0.0000000000
153272  52.817  35.263  25.933 0.0000000000
152506  53.261  34.635  25.396 0.0000000000
152481  53.239  34.518  26.313 0.0000000000
151668  53.472  33.738  25.356 0.0000000000
151679  53.831  33.359  24.727 0.0000000000
150817  54.197  32.748  24.518 0.0000000000
149345  54.848  29.941  23.213 0.0000000000
148452  55.267  29.273  22.927 0.0000000000
149332  54.771  29.956  23.612 0.0000000000
148433  54.917  29.537  24.040 0.0000000000
147498  54.982  28.750  24.836 0.0000000000
148395  54.436  29.625  25.854 0.0000000000
148394  54.617  29.131  26.011 0.0000000000
146524  54.421  28.557  25.688 0.0000000000
146504  53.790  28.294  26.621 0.0000000000
143821  49.992  23.647  25.208 0.0000000000
142907  49.299  23.381  24.633 0.0000000000
141051  49.798  21.891  23.709 0.0000000000
141050  50.648  22.097  23.351 0.0000000000
140060  50.005  20.292  23.161 0.0000000000
138059  51.398  18.359  17.458 0.0000000000
139114  51.029  18.734  17.315 0.0000000000
137102  50.160  18.127  17.069 0.0000000000
138956  40.065  20.047  27.005 0.0000000000
139985  43.090  20.670  28.367 0.0000000000
139997  43.628  20.370  27.941 0.0000000000
138938  43.343  20.056  28.039 0.0000000000
138939  42.832  19.839  28.106 0.0000000000
138969  40.914  20.264  26.056 0.0000000000
138984  41.101  20.570  25.289 0.0000000000
139000  42.177  20.148  24.367 0.0000000000
140049  42.461  19.786  23.434 0.0000000000
145665  48.621  25.930  18.244 0.0000000000
144720  47.135  25.309  17.941 0.0000000000
147571  47.713  28.168  20.589 0.0000000000
147572  46.845  27.861  20.779 0.0000000000
150032  50.021  31.883  26.902 0.0000000000
149282  50.289  30.841  27.238 0.0000000000
150033  48.926  31.849  27.423 0.0000000000
150034  48.174  31.815  27.712 0.0000000000
149285  47.801  31.416  27.904 0.0000000000
150767  47.617  32.603  29.456 0.0000000000
150027  47.345  31.639  28.383 0.0000000000
148376  46.147  30.517  28.772 0.0000000000
146461  44.591  27.315  30.370 0.0000000000
145513  44.238  26.559  30.768 0.0000000000
144606  44.299  25.220  31.149 0.0000000000
143748  44.174  24.299  31.280 0.0000000000
153262  45.527  35.357  26.455 0.0000000000
152487  44.972  35.055  26.616 0.0000000000
153261  46.654  35.512  26.417 0.0000000000
153988  48.775  36.221  27.162 0.0000000000
153987  49.658  36.203  27.429 0.0000000000
153225  49.096  35.527  29.123 0.0000000000
153234  49.621  35.887  28.708 0.0000000000
153986  50.528  36.161  27.751 0.0000000000
153974  51.670  36.334  28.932 0.0000000000
153973  52.214  36.199  28.812 0.0000000000
152447  52.517  34.674  28.516 0.0000000000
152413  52.067  34.660  30.768 0.0000000000
151604  52.193  34.405  29.612 0.0000000000
151638  52.200  34.073  28.161 0.0000000000
151639  51.329  33.539  27.626 0.0000000000
150788  50.636  32.874  27.253 0.0000000000
140028  52.557  20.638  23.803 0.0000000000
141048  52.904  21.264  23.240 0.0000000000
140043  53.335  20.665  22.622 0.0000000000
139022  54.628  19.348  22.313 0.0000000000
139052  53.160  18.785  19.623 0.0000000000
139071  53.047  18.436  18.976 0.0000000000
138039  52.641  18.150  17.872 0.0000000000
137015  55.474  17.526  22.829 0.0000000000
134997  54.860  15.909  20.973 0.0000000000
136053  54.756  16.544  20.619 0.0000000000
137030  54.389  17.277  20.330 0.0000000000
137043  54.194  17.220  19.456 0.0000000000
138038  53.246  17.663  18.447 0.0000000000
137082  52.377  17.748  17.720 0.0000000000
137063  51.393  17.593  18.091 0.0000000000
146509  47.906  27.590  26.819 0.0000000000
145561  48.161  26.524  27.040 0.0000000000
146488  48.981  27.605  27.396 0.0000000000
145543  48.582  26.890  27.402 0.0000000000
144672  48.709  25.494  27.167 0.0000000000
143806  49.470  24.588  26.763 0.0000000000
146485  51.448  28.102  27.484 0.0000000000
146474  50.800  27.464  28.229 0.0000000000
145526  50.245  26.718  28.461 0.0000000000
144645  50.240  25.794  28.505 0.0000000000
144646  49.880  26.184  28.357 0.0000000000
143798  49.627  25.037  27.394 0.0000000000
142897  50.266  23.613  25.288 0.0000000000
142896  50.832  23.591  25.484 0.0000000000
142895  51.802  23.595  25.324 0.0000000000
142904  52.137  23.236  24.542 0.0000000000
142903  52.436  22.981  24.851 0.0000000000
141032  52.283  21.988  24.960 0.0000000000
149267  49.616  30.309  27.890 0.0000000000
148372  49.947  29.696  28.477 0.0000000000
147433  49.733  28.815  29.473 0.0000000000
147435  47.829  28.531  29.144 0.0000000000
147434  48.854  28.619  29.286 0.0000000000
147417  49.320  28.193  29.650 0.0000000000
145508  49.439  27.065  29.878 0.0000000000
143759  49.930  25.591  29.920 0.0000000000
144617  46.468  25.438  30.394 0.0000000000
144616  47.505  25.711  30.353 0.0000000000
143761  48.202  25.123  30.072 0.0000000000
143778  49.769  24.816  29.648 0.0000000000
142859  50.405  24.275  29.265 0.0000000000
141015  51.841  22.238  26.817 0.0000000000
141016  50.968  22.036  27.332 0.0000000000
138991  52.444  19.513  23.877 0.0000000000
138993  51.097  19.401  24.764 0.0000000000
137944  53.132  18.288  23.873 0.0000000000
136998  53.673  17.248  24.530 0.0000000000
136031  54.560  16.877  24.940 0.0000000000
136977  50.877  16.927  25.937 0.0000000000
136009  51.910  16.487  26.295 0.0000000000
136023  52.636  16.557  25.841 0.0000000000
136022  53.393  16.574  25.443 0.0000000000
136021  54.415  16.597  25.657 0.0000000000
136020  55.188  16.677  25.608 0.0000000000
136005  55.740  16.486  26.304 0.0000000000
135989  56.148  16.034  26.818 0.0000000000
134952  56.204  15.510  27.636 0.0000000000
151778  50.945  33.508  18.505 0.0000000000
151768  49.727  33.447  19.437 0.0000000000
150918  51.008  32.536  18.525 0.0000000000
150151  51.527  32.158  17.839 0.0000000000
150150  51.833  31.246  17.805 0.0000000000
147613  52.767  28.343  17.320 0.0000000000
150861  47.850  32.549  22.910 0.0000000000
150087  49.048  31.867  22.740 0.0000000000
153274  50.858  35.151  26.181 0.0000000000
152509  50.399  34.417  25.702 0.0000000000
150818  52.520  33.060  23.787 0.0000000000
150069  50.268  31.828  23.057 0.0000000000
150086  49.393  31.799  22.297 0.0000000000
150099  50.842  31.314  21.270 0.0000000000
150111  51.718  30.736  20.479 0.0000000000
149386  52.693  30.221  19.537 0.0000000000
149371  53.255  30.317  20.432 0.0000000000
149400  53.352  29.747  19.291 0.0000000000
148530  53.434  28.715  18.218 0.0000000000
147612  53.324  28.241  17.903 0.0000000000
146639  52.716  27.585  17.040 0.0000000000
145677  52.547  26.796  16.980 0.0000000000
145662  51.727  26.393  18.062 0.0000000000
145642  53.706  26.733  18.831 0.0000000000
145643  52.744  26.686  18.955 0.0000000000
146624  51.797  26.711  18.633 0.0000000000
146609  50.816  27.390  19.019 0.0000000000
147585  51.487  27.903  19.683 0.0000000000
147568  51.059  28.803  20.505 0.0000000000
146558  54.938  27.484  22.227 0.0000000000
146571  54.134  27.504  21.304 0.0000000000
146548  54.108  28.040  22.996 0.0000000000
147544  53.890  27.975  21.897 0.0000000000
148490  50.876  29.182  21.132 0.0000000000
148437  49.695  29.859  23.730 0.0000000000
148418  49.027  29.895  24.567 0.0000000000
148400  48.342  29.665  25.279 0.0000000000
142889  46.571  23.521  26.084 0.0000000000
138964  46.383  20.213  26.197 0.0000000000
142011  48.921  22.741  24.374 0.0000000000
141042  47.892  21.628  25.009 0.0000000000
140031  48.521  20.806  24.490 0.0000000000
140032  47.787  20.675  25.082 0.0000000000
138979  47.402  20.273  25.308 0.0000000000
138980  46.767  19.790  25.588 0.0000000000
138981  46.202  19.515  25.885 0.0000000000
137936  46.030  19.123  25.590 0.0000000000
137966  44.560  19.045  23.559 0.0000000000
139013  44.019  19.494  23.140 0.0000000000
141058  52.757  21.378  22.673 0.0000000000
140057  52.303  20.945  22.146 0.0000000000
140067  51.898  20.485  21.774 0.0000000000
139039  51.643  19.685  21.297 0.0000000000
139040  50.664  19.239  21.460 0.0000000000
138005  49.099  18.650  20.878 0.0000000000
139115  50.588  19.028  17.175 0.0000000000
139097  49.455  19.512  18.072 0.0000000000
139098  48.115  19.190  18.447 0.0000000000
139076  48.442  18.959  19.300 0.0000000000
138006  47.953  18.602  20.651 0.0000000000
138007  46.896  18.813  20.376 0.0000000000
138008  46.126  19.226  20.122 0.0000000000
132853  54.989  13.358  27.121 0.0000000000
132867  54.677  13.295  26.146 0.0000000000
132868  53.590  13.157  26.154 0.0000000000
132880  54.245  13.054  25.232 0.0000000000
132864  56.972  13.405  27.276 0.0000000000
132914  55.131  13.870  21.883 0.0000000000
132928  54.971  13.976  21.469 0.0000000000
133924  56.230  14.585  24.435 0.0000000000
133933  55.835  14.683  23.488 0.0000000000
133970  54.596  14.960  20.678 0.0000000000
134932  49.381  15.898  29.949 0.0000000000
134988  55.598  15.692  22.832 0.0000000000
135011  54.780  15.635  20.217 0.0000000000
136028  56.324  16.082  24.812 0.0000000000
136046  55.367  16.655  22.374 0.0000000000
136063  54.531  16.479  19.786 0.0000000000
136078  53.603  16.497  18.915 0.0000000000
136079  52.911  16.505  19.058 0.0000000000
136093  52.904  16.852  18.450 0.0000000000
136970  47.841  17.827  27.849 0.0000000000
136976  51.462  16.864  25.594 0.0000000000
136995  55.462  17.415  24.052 0.0000000000
137007  55.326  17.892  23.880 0.0000000000
137044  53.844  17.155  18.767 0.0000000000
137060  53.372  17.098  18.480 0.0000000000
137061  52.885  17.388  18.149 0.0000000000
137083  51.762  17.836  17.615 0.0000000000
137903  46.246  18.628  29.411 0.0000000000
137923  49.854  18.591  25.818 0.0000000000
137925  45.690  19.279  26.020 0.0000000000
137947  48.584  19.277  24.059 0.0000000000
137957  55.362  18.040  23.560 0.0000000000
137961  49.190  19.148  23.460 0.0000000000
137987  55.445  18.213  22.459 0.0000000000
138019  53.051  18.237  18.535 0.0000000000
138058  52.071  18.094  17.534 0.0000000000
138060  50.585  18.537  17.123 0.0000000000
138072  49.936  18.440  16.851 0.0000000000
138073  49.337  18.630  16.521 0.0000000000
138074  48.425  18.640  16.459 0.0000000000
138936  47.037  19.554  28.736 0.0000000000
139024  51.584  20.265  21.854 0.0000000000
139094  52.132  18.520  17.906 0.0000000000
139984  47.556  20.380  28.623 0.0000000000
140008  40.687  20.494  25.414 0.0000000000
140017  47.237  20.912  25.547 0.0000000000
140030  49.007  20.453  24.054 0.0000000000
140033  42.756  19.885  23.598 0.0000000000
140047  48.988  20.872  24.016 0.0000000000
140050  41.947  19.826  23.648 0.0000000000
141047  53.140  21.175  22.755 0.0000000000
142008  52.149  22.866  24.193 0.0000000000
142833  45.725  23.416  30.849 0.0000000000
142834  45.188  23.623  31.078 0.0000000000
142850  45.728  23.656  30.856 0.0000000000
142862  41.935  23.604  29.174 0.0000000000
142886  52.142  23.314  26.055 0.0000000000
142914  51.734  23.032  24.133 0.0000000000
143801  43.048  24.680  28.170 0.0000000000
143814  50.599  23.729  25.965 0.0000000000
144602  49.918  26.759  29.766 0.0000000000
144603  49.901  26.581  29.927 0.0000000000
144647  42.394  25.225  28.263 0.0000000000
144719  48.075  25.450  17.773 0.0000000000
144731  48.412  25.325  17.126 0.0000000000
145499  49.940  26.948  29.794 0.0000000000
145500  50.125  26.856  29.999 0.0000000000
145501  49.757  27.080  29.731 0.0000000000
145502  45.141  25.630  30.864 0.0000000000
145503  44.637  25.846  30.981 0.0000000000
145514  43.672  26.685  30.956 0.0000000000
145565  44.471  26.969  27.027 0.0000000000
145611  55.302  26.940  20.331 0.0000000000
145612  55.162  26.784  20.429 0.0000000000
145626  53.057  26.801  19.593 0.0000000000
145640  55.016  27.180  19.214 0.0000000000
145644  52.097  26.687  18.728 0.0000000000
145649  45.548  25.836  19.591 0.0000000000
145650  44.686  25.909  19.704 0.0000000000
145666  47.678  25.739  18.488 0.0000000000
145676  53.097  27.087  17.300 0.0000000000
146444  50.224  27.145  29.585 0.0000000000
146447  43.307  26.781  31.201 0.0000000000
146456  49.594  28.074  29.760 0.0000000000
146466  52.375  28.045  28.633 0.0000000000
146470  53.709  28.437  27.346 0.0000000000
146481  54.026  28.183  27.275 0.0000000000
146489  48.416  27.313  27.158 0.0000000000
146527  52.339  28.613  26.261 0.0000000000
146590  52.362  27.396  19.952 0.0000000000
146592  47.331  27.283  20.259 0.0000000000
146605  55.190  27.469  19.524 0.0000000000
146607  52.750  26.864  19.543 0.0000000000
146611  48.649  27.112  19.282 0.0000000000
146622  54.308  27.552  18.630 0.0000000000
146623  53.710  27.538  18.191 0.0000000000
146625  51.204  26.862  18.437 0.0000000000
147401  50.241  27.840  29.730 0.0000000000
147402  50.052  28.090  29.656 0.0000000000
147414  51.440  28.035  29.415 0.0000000000
147430  52.706  28.470  28.231 0.0000000000
147431  52.331  28.337  28.841 0.0000000000
147432  52.089  27.915  29.092 0.0000000000
147440  54.192  28.174  27.277 0.0000000000
147441  53.980  28.412  27.293 0.0000000000
147443  52.525  28.740  28.542 0.0000000000
147445  54.193  28.385  27.133 0.0000000000
147446  54.073  28.850  27.262 0.0000000000
147448  50.952  28.251  27.384 0.0000000000
147462  50.292  28.852  26.623 0.0000000000
147463  49.448  28.696  26.689 0.0000000000
147480  54.657  28.858  25.822 0.0000000000
147481  53.513  28.629  25.030 0.0000000000
147483  51.961  28.817  25.941 0.0000000000
147543  55.625  28.253  21.398 0.0000000000
147547  51.225  29.131  21.213 0.0000000000
147565  54.851  28.698  20.019 0.0000000000
147583  54.963  28.221  19.500 0.0000000000
148339  51.858  28.523  29.246 0.0000000000
148342  50.468  29.234  29.498 0.0000000000
148344  43.871  29.540  30.298 0.0000000000
148354  51.016  29.207  29.173 0.0000000000
148360  45.072  29.772  29.309 0.0000000000
148368  53.297  29.229  27.828 0.0000000000
148378  54.227  29.209  27.091 0.0000000000
148379  53.759  29.355  27.435 0.0000000000
148381  54.576  28.937  26.312 0.0000000000
148414  54.623  30.001  24.955 0.0000000000
148420  47.100  29.920  24.371 0.0000000000
148474  51.645  29.331  22.077 0.0000000000
148487  55.260  28.787  21.025 0.0000000000
148491  50.267  29.249  21.071 0.0000000000
148515  54.492  28.689  19.116 0.0000000000
148517  52.843  29.712  18.190 0.0000000000
149247  43.790  30.046  30.685 0.0000000000
149253  46.078  31.197  29.055 0.0000000000
149264  52.632  29.791  27.996 0.0000000000
149269  47.562  30.796  28.093 0.0000000000
149270  46.439  31.059  28.684 0.0000000000
149271  46.009  30.814  28.889 0.0000000000
149284  48.380  31.201  27.708 0.0000000000
149305  53.048  31.107  25.592 0.0000000000
149369  54.555  30.211  21.077 0.0000000000
149370  54.127  30.260  20.599 0.0000000000
149373  51.566  30.715  20.018 0.0000000000
149385  53.629  29.899  19.991 0.0000000000
149402  52.074  30.711  18.848 0.0000000000
150021  47.026  32.040  28.980 0.0000000000
150028  46.753  31.592  28.801 0.0000000000
150035  47.790  31.759  28.003 0.0000000000
150039  52.123  32.078  26.086 0.0000000000
150041  50.744  31.928  26.683 0.0000000000
150066  54.422  31.502  23.109 0.0000000000
150071  48.903  31.910  23.020 0.0000000000
150081  54.287  31.178  22.449 0.0000000000
150082  53.492  31.698  22.158 0.0000000000
150097  53.128  31.016  21.636 0.0000000000
150112  51.057  30.968  20.338 0.0000000000
150127  50.585  31.640  19.397 0.0000000000
150701  50.249  33.599  33.686 0.0000000000
150726  48.913  32.748  32.597 0.0000000000
150747  48.896  32.792  31.766 0.0000000000
150755  48.694  32.987  30.895 0.0000000000
150765  49.292  33.338  30.443 0.0000000000
150777  48.597  32.827  28.546 0.0000000000
150778  47.654  32.300  28.654 0.0000000000
150789  49.423  32.729  27.771 0.0000000000
150790  48.573  32.330  27.834 0.0000000000
150797  53.103  33.134  25.918 0.0000000000
150799  51.576  32.974  26.802 0.0000000000
150803  53.851  32.690  24.976 0.0000000000
150805  52.784  32.390  25.802 0.0000000000
150857  53.869  32.277  22.643 0.0000000000
150860  48.586  32.142  22.537 0.0000000000
150872  54.173  31.514  22.296 0.0000000000
150874  49.054  32.181  21.436 0.0000000000
150903  50.525  32.747  19.012 0.0000000000
150917  51.408  32.768  18.151 0.0000000000
151518  50.489  33.841  33.629 0.0000000000
151533  51.291  34.125  32.361 0.0000000000
151534  50.782  33.599  32.741 0.0000000000
151621  52.166  34.327  29.160 0.0000000000
151625  48.981  33.120  28.622 0.0000000000
151640  50.117  33.283  27.890 0.0000000000
151654  53.149  33.521  26.061 0.0000000000
151670  52.069  33.997  25.073 0.0000000000
151680  53.492  33.885  24.667 0.0000000000
151681  52.708  33.835  24.473 0.0000000000
151696  54.060  33.330  24.234 0.0000000000
151734  48.081  33.284  21.435 0.0000000000
151777  51.393  33.433  18.156 0.0000000000
152377  51.436  34.775  32.172 0.0000000000
152378  50.956  35.191  32.403 0.0000000000
152391  52.186  35.007  31.070 0.0000000000
152392  51.777  34.754  31.433 0.0000000000
152393  50.837  35.426  31.820 0.0000000000
152412  52.347  34.986  30.441 0.0000000000
152430  52.392  34.748  29.591 0.0000000000
152431  52.231  34.645  30.242 0.0000000000
152446  52.734  35.072  27.896 0.0000000000
152482  52.835  34.480  26.979 0.0000000000
152484  48.881  34.972  26.323 0.0000000000
152486  47.645  35.148  26.002 0.0000000000
152512  47.585  34.585  25.708 0.0000000000
152532  52.827  34.328  24.776 0.0000000000
153197  51.634  35.049  31.917 0.0000000000
153202  52.031  35.194  31.120 0.0000000000
153204  51.216  35.462  31.529 0.0000000000
153206  50.022  35.335  31.000 0.0000000000
153212  52.117  35.372  30.745 0.0000000000
153223  50.695  36.023  30.099 0.0000000000
153233  52.475  35.555  28.571 0.0000000000
153236  47.659  35.518  27.991 0.0000000000
153245  48.629  36.140  27.466 0.0000000000
153248  45.954  35.233  27.097 0.0000000000
153254  52.902  35.216  26.568 0.0000000000
153259  48.455  35.603  26.502 0.0000000000
153322  48.224  35.729  20.547 0.0000000000
153323  47.629  35.808  20.704 0.0000000000
153332  50.479  35.327  19.099 0.0000000000
153958  52.060  36.050  30.227 0.0000000000
153959  51.421  36.181  30.242 0.0000000000
153965  52.217  36.156  29.413 0.0000000000
153968  50.242  36.089  28.894 0.0000000000
153975  50.762  36.141  28.555 0.0000000000
153976  49.805  36.100  28.118 0.0000000000
153977  49.123  36.135  27.610 0.0000000000
153984  52.095  36.234  28.277 0.0000000000
153985  51.384  36.208  28.075 0.0000000000
153989  48.212  36.143  26.817 0.0000000000
153993  51.911  36.162  27.637 0.0000000000
153998  48.236  35.949  26.640 0.0000000000
154044  47.103  36.911  20.565 0.0000000000
154700  46.786  37.192  20.576 0.0000000000
