#!ascii label  , from subject 3075 vox2ras=TkReg
2227
86155  51.487  -26.515  39.252 0.0000000000
59265  42.292  -46.348  56.002 0.0000000000
52651  27.564  -50.887  61.644 0.0000000000
53907  20.672  -50.077  63.289 0.0000000000
47101  37.702  -53.991  61.640 0.0000000000
52818  34.018  -50.822  52.652 0.0000000000
78285  48.422  -32.368  40.379 0.0000000000
96675  58.523  -18.359  36.374 0.0000000000
82044  49.858  -29.912  51.383 0.0000000000
67324  42.770  -40.630  46.747 0.0000000000
64729  34.000  -42.773  46.403 0.0000000000
48480  27.415  -52.408  65.780 0.0000000000
48549  23.668  -53.129  62.715 0.0000000000
52523  24.293  -50.607  68.328 0.0000000000
49954  32.907  -52.136  61.364 0.0000000000
85940  53.367  -25.697  50.570 0.0000000000
56533  45.927  -47.715  59.086 0.0000000000
60606  47.075  -44.356  55.228 0.0000000000
68608  47.261  -39.453  51.859 0.0000000000
61924  43.788  -43.442  51.328 0.0000000000
65988  39.731  -41.079  47.095 0.0000000000
60680  38.315  -44.460  51.205 0.0000000000
51481  29.402  -51.282  51.528 0.0000000000
55337  30.391  -48.873  49.515 0.0000000000
91608  54.591  -22.221  37.740 0.0000000000
87524  54.807  -25.523  33.499 0.0000000000
54015  26.327  -50.248  55.361 0.0000000000
49991  24.244  -53.163  58.625 0.0000000000
50019  41.160  -52.767  57.718 0.0000000000
55277  37.547  -49.655  53.278 0.0000000000
50023  36.235  -52.513  56.397 0.0000000000
52745  31.957  -50.743  56.703 0.0000000000
79573  50.803  -31.986  40.287 0.0000000000
53814  19.364  -50.062  70.107 0.0000000000
48510  16.336  -53.451  64.381 0.0000000000
88760  58.035  -23.803  41.043 0.0000000000
84816  55.465  -27.855  42.592 0.0000000000
80785  53.805  -29.585  44.950 0.0000000000
82113  49.556  -28.204  46.333 0.0000000000
79476  45.094  -31.691  45.632 0.0000000000
75407  52.628  -34.117  52.100 0.0000000000
74081  47.163  -35.405  48.413 0.0000000000
72679  40.207  -36.494  44.870 0.0000000000
67418  38.687  -40.324  41.131 0.0000000000
58069  34.766  -47.288  49.214 0.0000000000
51184  27.663  -51.564  67.223 0.0000000000
48436  25.647  -52.588  66.653 0.0000000000
53826  25.500  -50.414  68.821 0.0000000000
49835  29.956  -51.741  65.449 0.0000000000
56603  44.455  -48.133  57.383 0.0000000000
59289  45.276  -45.576  55.329 0.0000000000
61889  45.418  -43.872  53.144 0.0000000000
60623  42.736  -44.717  53.713 0.0000000000
63274  41.373  -43.250  51.555 0.0000000000
60626  40.147  -45.326  53.462 0.0000000000
52839  27.289  -51.479  51.268 0.0000000000
51505  28.139  -51.799  50.073 0.0000000000
88794  52.033  -24.371  38.197 0.0000000000
90243  51.503  -23.711  35.157 0.0000000000
87484  49.580  -25.743  36.646 0.0000000000
53975  26.972  -50.342  58.493 0.0000000000
52732  24.804  -51.146  57.230 0.0000000000
51346  25.758  -51.320  59.971 0.0000000000
51273  22.503  -51.607  63.121 0.0000000000
49978  22.317  -52.457  60.086 0.0000000000
52698  20.395  -50.818  59.469 0.0000000000
52700  18.634  -51.243  60.052 0.0000000000
49950  42.489  -52.640  60.060 0.0000000000
45814  39.409  -54.102  58.911 0.0000000000
48675  39.008  -53.231  56.637 0.0000000000
48593  37.231  -53.426  58.912 0.0000000000
52667  30.450  -51.278  61.188 0.0000000000
52689  32.171  -51.066  59.164 0.0000000000
52710  29.728  -50.745  59.156 0.0000000000
54012  29.410  -50.271  55.975 0.0000000000
76933  49.996  -33.423  40.569 0.0000000000
76971  49.489  -33.660  37.762 0.0000000000
76987  48.468  -33.991  37.464 0.0000000000
45753  14.611  -55.533  65.996 0.0000000000
80819  54.599  -30.161  43.730 0.0000000000
80761  55.985  -28.394  47.316 0.0000000000
85961  50.759  -26.129  50.902 0.0000000000
84740  51.673  -27.025  48.225 0.0000000000
83425  48.781  -28.504  48.882 0.0000000000
82116  46.719  -29.145  46.007 0.0000000000
80752  47.597  -30.436  48.736 0.0000000000
68639  44.875  -39.755  49.761 0.0000000000
71224  47.257  -37.507  50.516 0.0000000000
71248  44.238  -37.845  48.549 0.0000000000
74108  44.056  -35.513  46.653 0.0000000000
69996  41.360  -38.699  45.733 0.0000000000
70018  39.336  -38.624  43.181 0.0000000000
67368  41.249  -40.643  43.951 0.0000000000
67351  36.816  -39.918  44.677 0.0000000000
52832  36.251  -50.612  52.195 0.0000000000
56644  36.330  -48.464  51.488 0.0000000000
55318  34.909  -49.104  50.456 0.0000000000
58096  30.618  -47.367  47.311 0.0000000000
91644  60.235  -22.524  35.166 0.0000000000
93009  58.209  -21.684  34.377 0.0000000000
51271  28.026  -51.418  63.431 0.0000000000
49922  25.853  -52.446  62.697 0.0000000000
48506  25.896  -52.702  64.455 0.0000000000
51221  24.586  -51.884  65.616 0.0000000000
53870  22.642  -50.044  66.236 0.0000000000
48475  35.555  -52.818  63.237 0.0000000000
48541  35.289  -53.297  61.831 0.0000000000
48523  33.014  -52.856  63.269 0.0000000000
49920  30.693  -52.194  63.584 0.0000000000
85937  55.667  -25.619  49.770 0.0000000000
83344  51.843  -27.911  53.474 0.0000000000
64609  47.779  -41.605  53.536 0.0000000000
64637  45.713  -42.117  50.911 0.0000000000
64657  43.937  -42.249  48.961 0.0000000000
64725  41.667  -41.636  46.801 0.0000000000
64659  41.660  -41.951  49.311 0.0000000000
64662  39.105  -42.484  49.647 0.0000000000
63343  36.387  -43.569  48.956 0.0000000000
51479  31.742  -51.221  52.358 0.0000000000
54087  32.132  -49.954  51.215 0.0000000000
54089  30.023  -50.397  50.739 0.0000000000
95511  55.771  -20.265  37.127 0.0000000000
93011  55.658  -21.248  34.502 0.0000000000
91651  53.254  -22.545  34.668 0.0000000000
48581  24.134  -53.208  60.302 0.0000000000
51370  43.777  -50.719  58.475 0.0000000000
55263  41.160  -49.305  57.042 0.0000000000
56624  39.218  -48.436  55.146 0.0000000000
52759  39.325  -51.259  55.516 0.0000000000
50092  37.509  -52.025  53.882 0.0000000000
51438  35.037  -51.664  54.416 0.0000000000
49989  34.987  -52.159  58.975 0.0000000000
51376  33.947  -51.313  56.892 0.0000000000
51440  32.884  -51.115  54.336 0.0000000000
52804  30.112  -50.847  53.555 0.0000000000
54060  27.873  -50.264  53.264 0.0000000000
83538  50.629  -28.803  40.064 0.0000000000
83544  48.311  -28.813  37.659 0.0000000000
79591  48.638  -31.296  37.782 0.0000000000
55088  21.652  -48.968  68.829 0.0000000000
53861  19.997  -49.799  66.767 0.0000000000
51204  17.723  -52.112  67.479 0.0000000000
51275  17.982  -51.633  64.047 0.0000000000
94264  57.300  -20.565  39.179 0.0000000000
91578  55.942  -22.646  39.221 0.0000000000
87447  54.605  -25.251  40.007 0.0000000000
84840  53.578  -27.157  40.902 0.0000000000
83525  52.408  -29.192  41.489 0.0000000000
79556  52.051  -31.848  41.881 0.0000000000
79521  50.808  -31.661  42.963 0.0000000000
83403  54.444  -27.316  47.963 0.0000000000
82128  51.751  -28.377  45.464 0.0000000000
80824  49.453  -30.497  42.628 0.0000000000
82172  46.229  -29.112  43.073 0.0000000000
82174  44.415  -29.888  43.266 0.0000000000
79419  52.115  -31.714  51.857 0.0000000000
71208  50.299  -37.111  51.646 0.0000000000
74059  49.887  -35.065  49.956 0.0000000000
78150  49.160  -32.728  49.314 0.0000000000
76853  46.297  -33.645  46.759 0.0000000000
75534  43.084  -34.011  45.323 0.0000000000
67349  39.064  -40.906  44.235 0.0000000000
58023  37.680  -46.942  52.994 0.0000000000
60683  36.017  -46.001  50.391 0.0000000000
61968  34.647  -45.129  48.268 0.0000000000
56699  33.013  -48.093  48.643 0.0000000000
59407  33.094  -46.381  47.528 0.0000000000
52519  26.912  -51.197  68.045 0.0000000000
55084  26.291  -50.175  68.275 0.0000000000
56615  43.333  -47.557  57.075 0.0000000000
57971  44.651  -46.701  56.439 0.0000000000
57996  43.389  -46.322  55.939 0.0000000000
59317  44.202  -44.978  54.576 0.0000000000
59292  42.620  -45.936  55.398 0.0000000000
60624  41.695  -44.897  53.707 0.0000000000
59293  41.493  -45.891  55.173 0.0000000000
87467  51.615  -25.470  38.575 0.0000000000
88811  50.556  -24.942  37.151 0.0000000000
86172  50.097  -26.119  37.750 0.0000000000
52694  27.642  -50.475  59.893 0.0000000000
52695  26.396  -50.761  59.703 0.0000000000
51326  26.464  -51.218  60.894 0.0000000000
52601  21.890  -50.515  63.421 0.0000000000
52632  21.779  -51.007  61.883 0.0000000000
53934  20.578  -50.419  61.406 0.0000000000
52699  19.481  -50.835  59.764 0.0000000000
53935  19.909  -50.332  61.802 0.0000000000
48520  37.590  -53.516  62.134 0.0000000000
47086  38.980  -53.832  61.780 0.0000000000
47110  39.758  -53.618  60.406 0.0000000000
45789  38.504  -53.775  60.050 0.0000000000
47153  38.578  -54.192  58.693 0.0000000000
47124  37.710  -53.834  60.279 0.0000000000
52668  29.529  -50.935  60.950 0.0000000000
52691  30.527  -51.067  60.124 0.0000000000
52692  29.331  -50.557  60.016 0.0000000000
53973  28.937  -50.517  58.718 0.0000000000
78293  48.769  -32.983  40.229 0.0000000000
76956  48.990  -33.879  38.679 0.0000000000
76957  48.241  -33.444  38.554 0.0000000000
84751  57.055  -27.563  47.085 0.0000000000
82122  56.573  -28.456  46.329 0.0000000000
84739  56.876  -27.175  47.884 0.0000000000
84691  49.938  -27.910  51.494 0.0000000000
84712  50.149  -26.992  50.586 0.0000000000
84714  49.412  -28.630  50.581 0.0000000000
82063  48.471  -29.479  49.557 0.0000000000
80737  48.781  -30.674  49.939 0.0000000000
68649  43.820  -40.039  48.428 0.0000000000
69966  44.788  -38.853  49.350 0.0000000000
69974  43.642  -38.937  48.312 0.0000000000
71258  43.187  -37.664  47.573 0.0000000000
68671  42.024  -39.393  46.282 0.0000000000
68690  41.302  -40.018  44.615 0.0000000000
67334  41.931  -40.571  45.638 0.0000000000
52833  35.606  -50.732  52.266 0.0000000000
54083  36.031  -50.153  51.580 0.0000000000
54074  34.674  -50.319  51.708 0.0000000000
94324  59.417  -20.107  35.138 0.0000000000
95519  58.627  -19.625  35.130 0.0000000000
49884  27.882  -51.830  64.902 0.0000000000
49885  26.968  -52.243  64.360 0.0000000000
48505  26.480  -52.603  64.962 0.0000000000
51185  24.853  -51.870  67.119 0.0000000000
49821  24.875  -52.280  66.219 0.0000000000
52558  24.292  -51.360  66.897 0.0000000000
51222  24.104  -51.338  65.606 0.0000000000
53860  23.188  -50.011  67.270 0.0000000000
49855  33.932  -52.543  64.207 0.0000000000
48501  34.334  -52.916  63.118 0.0000000000
49856  33.063  -52.417  64.202 0.0000000000
49836  28.848  -52.200  65.823 0.0000000000
49881  31.014  -52.342  64.313 0.0000000000
49883  28.974  -51.898  64.856 0.0000000000
51270  29.156  -51.614  63.852 0.0000000000
59262  46.908  -45.197  56.254 0.0000000000
61843  48.326  -43.343  56.168 0.0000000000
61862  48.473  -42.641  55.382 0.0000000000
64590  48.658  -41.585  54.277 0.0000000000
63240  47.855  -42.732  54.395 0.0000000000
60659  44.705  -43.681  52.453 0.0000000000
61902  45.551  -43.089  51.987 0.0000000000
63271  45.006  -43.180  51.387 0.0000000000
64656  44.641  -42.149  49.705 0.0000000000
63308  43.428  -42.588  49.722 0.0000000000
63339  42.804  -42.452  48.818 0.0000000000
63289  43.015  -43.080  50.823 0.0000000000
61909  39.278  -44.319  51.846 0.0000000000
63292  39.764  -43.079  50.803 0.0000000000
61945  38.687  -43.386  50.485 0.0000000000
63342  37.282  -43.069  49.282 0.0000000000
61947  37.236  -44.281  50.379 0.0000000000
51470  30.594  -51.423  52.360 0.0000000000
52838  30.561  -51.179  51.564 0.0000000000
51492  29.879  -51.253  51.372 0.0000000000
94293  55.493  -20.736  37.297 0.0000000000
94315  54.874  -20.804  36.016 0.0000000000
91621  53.629  -21.923  36.558 0.0000000000
88859  51.910  -24.614  34.082 0.0000000000
54028  25.593  -50.737  53.828 0.0000000000
54016  25.497  -50.596  55.007 0.0000000000
48547  24.735  -53.202  62.345 0.0000000000
48566  24.899  -52.797  61.641 0.0000000000
48568  24.179  -53.354  61.394 0.0000000000
51361  22.253  -52.384  58.524 0.0000000000
49992  22.756  -53.000  58.604 0.0000000000
48605  42.154  -52.746  58.728 0.0000000000
49970  42.834  -51.988  59.217 0.0000000000
51372  42.531  -51.459  58.319 0.0000000000
53996  42.503  -50.040  57.903 0.0000000000
52741  41.134  -51.143  57.468 0.0000000000
54009  40.239  -50.456  56.554 0.0000000000
51392  40.189  -51.791  56.667 0.0000000000
48656  37.836  -52.984  56.863 0.0000000000
50069  38.065  -52.689  55.120 0.0000000000
50070  37.391  -52.780  55.163 0.0000000000
50085  36.454  -52.012  53.972 0.0000000000
50048  35.830  -52.171  55.395 0.0000000000
48563  34.509  -52.971  61.504 0.0000000000
48578  35.572  -53.045  60.350 0.0000000000
49974  34.094  -52.209  60.143 0.0000000000
52729  31.805  -50.795  57.787 0.0000000000
52706  33.550  -51.277  58.140 0.0000000000
52744  33.037  -51.181  56.457 0.0000000000
51418  33.195  -51.170  55.333 0.0000000000
52761  32.250  -50.755  55.494 0.0000000000
51442  31.304  -51.175  53.714 0.0000000000
52762  30.853  -50.492  55.892 0.0000000000
54014  27.385  -50.182  55.627 0.0000000000
54025  28.345  -50.109  54.863 0.0000000000
54026  27.261  -50.143  54.600 0.0000000000
82220  50.724  -29.995  40.509 0.0000000000
82227  49.468  -29.859  39.330 0.0000000000
79582  49.794  -31.930  39.083 0.0000000000
76986  49.428  -33.523  36.695 0.0000000000
55076  20.200  -49.227  70.018 0.0000000000
55108  20.907  -49.182  68.046 0.0000000000
53849  19.011  -50.148  68.134 0.0000000000
47062  16.360  -54.427  66.588 0.0000000000
49865  17.241  -52.491  66.235 0.0000000000
51240  17.702  -51.976  65.621 0.0000000000
49889  17.105  -52.557  64.329 0.0000000000
51293  17.455  -52.188  62.659 0.0000000000
48530  16.229  -53.489  63.063 0.0000000000
96621  58.078  -18.644  39.283 0.0000000000
91575  57.826  -21.887  40.187 0.0000000000
90165  56.929  -23.653  40.338 0.0000000000
88773  55.249  -24.391  39.710 0.0000000000
88762  56.237  -24.401  40.237 0.0000000000
84831  55.715  -26.954  41.945 0.0000000000
86116  55.317  -26.588  41.414 0.0000000000
84832  54.546  -27.431  41.620 0.0000000000
84834  52.775  -28.175  41.261 0.0000000000
83523  53.798  -28.472  42.077 0.0000000000
80801  54.452  -30.110  44.497 0.0000000000
79538  53.169  -31.057  42.877 0.0000000000
79503  52.882  -31.003  43.733 0.0000000000
78249  51.658  -32.260  42.668 0.0000000000
80821  51.976  -31.331  43.511 0.0000000000
85938  55.132  -25.793  50.085 0.0000000000
83382  55.488  -27.119  48.612 0.0000000000
84709  53.855  -26.459  49.119 0.0000000000
83438  50.782  -27.756  47.172 0.0000000000
83437  51.810  -27.539  47.187 0.0000000000
82129  50.634  -28.499  45.319 0.0000000000
82168  50.192  -29.528  43.774 0.0000000000
82151  49.543  -28.853  44.324 0.0000000000
80826  47.762  -29.769  42.365 0.0000000000
82153  47.463  -28.773  44.137 0.0000000000
80776  46.024  -30.246  46.378 0.0000000000
82134  45.604  -29.486  44.898 0.0000000000
80788  44.337  -31.139  44.783 0.0000000000
79489  43.966  -31.694  44.653 0.0000000000
78101  52.487  -32.609  51.867 0.0000000000
68586  49.106  -39.276  52.730 0.0000000000
68604  50.252  -38.455  52.716 0.0000000000
68624  48.785  -38.259  51.758 0.0000000000
72629  47.557  -36.089  49.325 0.0000000000
72615  48.984  -36.234  50.081 0.0000000000
74079  49.165  -34.865  49.326 0.0000000000
76827  49.752  -33.980  49.472 0.0000000000
75494  48.311  -34.475  48.301 0.0000000000
76830  48.083  -33.434  48.140 0.0000000000
75496  47.173  -34.458  47.570 0.0000000000
72666  41.926  -35.899  46.062 0.0000000000
74112  43.517  -35.095  46.311 0.0000000000
74123  41.551  -35.233  45.357 0.0000000000
76883  40.748  -33.707  44.074 0.0000000000
74133  39.490  -35.278  43.774 0.0000000000
72680  39.382  -36.436  44.024 0.0000000000
68727  39.600  -39.766  42.159 0.0000000000
70030  39.027  -38.681  41.877 0.0000000000
65987  40.525  -41.335  46.814 0.0000000000
66024  40.410  -41.368  45.281 0.0000000000
67325  39.170  -40.947  45.629 0.0000000000
68707  36.403  -39.572  43.495 0.0000000000
56625  38.457  -48.636  54.436 0.0000000000
57999  38.835  -47.454  54.303 0.0000000000
56630  37.440  -48.625  53.232 0.0000000000
58036  35.677  -47.705  50.631 0.0000000000
59361  36.438  -46.917  51.400 0.0000000000
59380  35.634  -46.433  50.181 0.0000000000
60704  35.472  -45.146  48.863 0.0000000000
60705  34.931  -45.718  48.726 0.0000000000
55336  31.592  -48.830  49.866 0.0000000000
55335  32.630  -48.869  49.908 0.0000000000
56682  32.371  -48.481  49.204 0.0000000000
58113  31.958  -46.733  47.088 0.0000000000
60734  32.596  -45.490  46.739 0.0000000000
90239  54.919  -23.767  33.780 0.0000000000
90238  56.014  -23.643  34.233 0.0000000000
83557  48.141  -28.591  35.736 0.0000000000
48443  27.715  -52.237  66.671 0.0000000000
48445  26.247  -52.637  66.459 0.0000000000
48426  26.452  -52.405  67.481 0.0000000000
51159  25.852  -51.827  68.265 0.0000000000
52522  25.033  -50.975  68.553 0.0000000000
51201  28.987  -51.701  66.384 0.0000000000
55251  45.555  -48.206  57.976 0.0000000000
56551  46.418  -47.201  58.242 0.0000000000
56600  45.985  -47.314  57.391 0.0000000000
57969  46.184  -46.094  56.459 0.0000000000
59314  46.140  -45.019  55.266 0.0000000000
60619  46.237  -44.475  54.647 0.0000000000
59316  45.027  -45.097  54.630 0.0000000000
60622  43.772  -44.596  53.695 0.0000000000
60660  43.126  -43.939  52.530 0.0000000000
63273  42.278  -43.268  51.533 0.0000000000
60639  42.264  -44.382  52.848 0.0000000000
61894  40.768  -44.347  52.695 0.0000000000
60662  39.372  -44.747  52.423 0.0000000000
51473  28.051  -51.513  51.427 0.0000000000
51494  28.313  -51.668  50.694 0.0000000000
51495  27.541  -52.025  50.310 0.0000000000
90208  53.507  -22.925  37.763 0.0000000000
91622  52.762  -22.492  36.413 0.0000000000
90217  51.556  -23.653  36.771 0.0000000000
88827  50.510  -24.504  35.638 0.0000000000
53988  26.787  -50.284  57.455 0.0000000000
54004  25.527  -50.520  56.226 0.0000000000
53976  26.249  -50.483  58.156 0.0000000000
52713  25.552  -50.923  58.656 0.0000000000
49975  24.491  -52.540  59.267 0.0000000000
49924  23.028  -52.241  62.689 0.0000000000
49943  23.330  -52.910  62.086 0.0000000000
51310  22.470  -52.123  61.830 0.0000000000
51349  21.869  -51.898  59.646 0.0000000000
52717  18.893  -51.525  59.128 0.0000000000
47133  41.200  -53.550  59.213 0.0000000000
47171  40.506  -53.517  58.002 0.0000000000
48673  40.014  -53.345  56.879 0.0000000000
47195  39.141  -53.874  57.685 0.0000000000
48630  38.033  -53.763  57.678 0.0000000000
48608  36.991  -53.111  58.244 0.0000000000
51324  31.978  -51.766  61.368 0.0000000000
51322  33.133  -51.774  60.161 0.0000000000
51344  31.730  -51.517  60.332 0.0000000000
52709  30.753  -50.753  59.015 0.0000000000
52730  30.871  -50.818  58.098 0.0000000000
53999  30.377  -50.513  56.555 0.0000000000
53985  29.558  -50.491  58.038 0.0000000000
53987  27.783  -50.252  57.606 0.0000000000
78290  50.942  -32.999  40.328 0.0000000000
78292  50.468  -32.650  39.111 0.0000000000
76955  49.750  -33.604  38.790 0.0000000000
75606  49.298  -34.115  38.000 0.0000000000
47055  15.235  -55.033  66.394 0.0000000000
47078  15.402  -54.489  64.926 0.0000000000
48531  15.655  -53.944  63.594 0.0000000000
45771  14.244  -55.255  64.178 0.0000000000
83493  56.274  -28.476  44.057 0.0000000000
82184  55.258  -29.219  43.561 0.0000000000
82146  55.808  -29.280  44.829 0.0000000000
80783  55.219  -29.580  45.268 0.0000000000
80775  54.955  -29.209  45.869 0.0000000000
85941  52.412  -25.587  50.792 0.0000000000
84710  52.576  -26.340  49.456 0.0000000000
84711  51.365  -26.500  49.862 0.0000000000
84742  50.318  -27.383  48.966 0.0000000000
82094  49.494  -27.908  47.345 0.0000000000
82114  48.449  -28.409  46.349 0.0000000000
82095  48.419  -28.575  47.347 0.0000000000
80764  47.122  -30.538  48.032 0.0000000000
79463  46.315  -31.684  46.867 0.0000000000
68627  46.072  -39.518  50.882 0.0000000000
69954  47.526  -38.244  51.178 0.0000000000
69956  45.903  -38.873  50.471 0.0000000000
71237  46.087  -37.405  49.610 0.0000000000
72640  46.005  -36.376  48.404 0.0000000000
74100  45.708  -35.695  47.634 0.0000000000
72651  43.892  -36.756  47.415 0.0000000000
72661  43.315  -36.575  46.858 0.0000000000
71275  40.582  -37.769  45.256 0.0000000000
71285  39.539  -37.533  44.120 0.0000000000
70005  40.319  -38.731  44.445 0.0000000000
68704  40.475  -39.854  43.576 0.0000000000
67393  40.621  -40.746  42.991 0.0000000000
65990  37.501  -41.481  47.511 0.0000000000
66026  37.550  -40.499  45.795 0.0000000000
66027  36.795  -40.757  46.080 0.0000000000
67352  35.759  -40.139  44.928 0.0000000000
67375  34.494  -39.942  44.125 0.0000000000
54057  37.142  -50.399  52.579 0.0000000000
55278  37.282  -49.143  52.885 0.0000000000
55306  36.489  -49.370  51.669 0.0000000000
55317  35.828  -49.283  51.127 0.0000000000
56678  35.055  -48.410  49.832 0.0000000000
56714  30.357  -47.708  48.014 0.0000000000
58097  29.972  -47.465  46.896 0.0000000000
94323  60.070  -20.652  35.278 0.0000000000
93008  59.237  -21.812  34.550 0.0000000000
90236  58.149  -23.705  34.532 0.0000000000
52631  27.949  -51.057  62.320 0.0000000000
51308  26.631  -51.295  61.476 0.0000000000
49903  26.487  -52.229  63.446 0.0000000000
49904  25.941  -52.635  63.635 0.0000000000
48508  24.869  -52.861  64.298 0.0000000000
48460  25.583  -52.768  65.721 0.0000000000
48484  25.122  -52.855  65.074 0.0000000000
48509  24.491  -52.628  64.211 0.0000000000
49888  23.488  -51.944  64.265 0.0000000000
52587  22.853  -50.589  64.636 0.0000000000
53884  21.739  -49.816  65.188 0.0000000000
47077  36.464  -53.299  62.272 0.0000000000
47103  36.141  -53.450  61.777 0.0000000000
48521  35.095  -53.148  62.439 0.0000000000
48542  34.324  -53.032  62.385 0.0000000000
48565  32.941  -52.804  62.650 0.0000000000
48479  32.146  -52.636  64.073 0.0000000000
48545  31.802  -52.718  63.551 0.0000000000
49940  32.029  -52.210  62.252 0.0000000000
51306  30.745  -51.641  62.203 0.0000000000
52629  29.508  -51.337  62.857 0.0000000000
79576  47.272  -31.186  39.974 0.0000000000
78304  47.040  -32.367  38.767 0.0000000000
78305  46.177  -31.876  38.508 0.0000000000
85970  56.496  -26.285  49.082 0.0000000000
87219  53.323  -24.665  51.798 0.0000000000
85917  51.851  -25.565  52.516 0.0000000000
84674  51.076  -27.354  52.808 0.0000000000
83354  50.937  -28.489  52.717 0.0000000000
65900  49.207  -40.254  53.642 0.0000000000
67238  47.669  -40.432  52.736 0.0000000000
63242  46.750  -43.193  53.720 0.0000000000
63268  46.677  -42.280  52.799 0.0000000000
65917  46.395  -41.036  51.712 0.0000000000
65937  45.462  -41.424  50.440 0.0000000000
65959  44.496  -41.561  49.024 0.0000000000
65984  43.685  -41.412  47.887 0.0000000000
66005  42.517  -41.242  46.519 0.0000000000
64706  42.450  -41.764  47.378 0.0000000000
64707  41.562  -41.675  47.623 0.0000000000
64708  40.519  -41.437  47.707 0.0000000000
63310  41.300  -42.334  50.131 0.0000000000
64660  40.678  -41.888  49.523 0.0000000000
64709  39.322  -41.479  48.067 0.0000000000
64711  37.144  -42.047  48.195 0.0000000000
64712  36.013  -42.489  47.823 0.0000000000
64713  35.218  -42.898  47.524 0.0000000000
52819  32.827  -51.110  52.737 0.0000000000
54075  33.645  -50.455  51.876 0.0000000000
54076  32.375  -50.521  51.785 0.0000000000
54088  31.038  -49.989  51.236 0.0000000000
55323  29.990  -49.672  50.217 0.0000000000
52850  29.236  -51.012  50.680 0.0000000000
55324  29.664  -50.134  50.210 0.0000000000
95509  57.038  -19.270  36.312 0.0000000000
95520  57.336  -19.587  35.405 0.0000000000
94313  55.904  -20.013  35.928 0.0000000000
93012  54.591  -21.847  34.532 0.0000000000
90252  54.288  -24.153  33.807 0.0000000000
91652  52.402  -22.993  34.845 0.0000000000
88840  53.106  -24.204  34.108 0.0000000000
49941  25.294  -52.464  61.551 0.0000000000
49957  24.738  -52.609  60.614 0.0000000000
49976  24.269  -53.020  59.740 0.0000000000
48582  23.599  -53.244  60.383 0.0000000000
48597  23.613  -53.367  59.321 0.0000000000
52686  45.245  -49.468  58.716 0.0000000000
53994  44.076  -49.453  57.967 0.0000000000
55261  43.115  -49.143  57.736 0.0000000000
56617  41.367  -48.023  56.805 0.0000000000
57976  40.373  -47.199  55.675 0.0000000000
55267  40.775  -48.725  56.652 0.0000000000
55269  39.446  -49.515  55.564 0.0000000000
54023  38.495  -50.480  54.521 0.0000000000
50067  39.078  -52.586  55.813 0.0000000000
51452  38.590  -52.089  54.720 0.0000000000
52798  37.976  -51.230  53.666 0.0000000000
51466  36.851  -51.445  53.173 0.0000000000
51467  36.368  -51.472  53.062 0.0000000000
52800  34.594  -51.343  53.390 0.0000000000
48561  36.221  -53.584  60.730 0.0000000000
48594  36.459  -53.016  59.161 0.0000000000
49987  36.294  -52.520  58.237 0.0000000000
51341  34.024  -51.812  59.162 0.0000000000
51356  34.963  -51.712  57.967 0.0000000000
50006  35.222  -51.693  56.746 0.0000000000
51416  35.104  -51.715  55.545 0.0000000000
51439  33.741  -51.320  54.485 0.0000000000
52801  33.432  -51.244  53.437 0.0000000000
51468  32.228  -51.464  52.976 0.0000000000
51459  30.872  -51.424  53.185 0.0000000000
52822  29.681  -51.155  52.878 0.0000000000
52781  29.882  -50.389  54.950 0.0000000000
52805  29.065  -50.381  54.131 0.0000000000
52823  28.719  -50.752  52.928 0.0000000000
52824  27.659  -50.999  51.987 0.0000000000
84847  50.180  -27.705  39.230 0.0000000000
86166  49.687  -26.949  38.334 0.0000000000
83541  49.260  -28.861  38.927 0.0000000000
78315  49.178  -32.770  37.503 0.0000000000
78330  48.971  -32.514  36.473 0.0000000000
76988  47.793  -33.762  36.938 0.0000000000
56401  25.171  -49.024  69.348 0.0000000000
53797  24.642  -49.683  70.004 0.0000000000
52496  23.982  -49.829  69.664 0.0000000000
55059  22.576  -49.208  70.256 0.0000000000
53829  23.538  -49.704  68.851 0.0000000000
55119  22.517  -49.359  67.145 0.0000000000
55133  21.364  -49.447  66.299 0.0000000000
53885  20.390  -49.674  65.295 0.0000000000
52542  18.622  -51.216  68.555 0.0000000000
52573  18.971  -50.961  66.710 0.0000000000
52589  18.958  -50.794  65.845 0.0000000000
52616  19.159  -50.755  64.098 0.0000000000
52634  18.246  -51.372  62.707 0.0000000000
97881  58.525  -17.650  37.507 0.0000000000
96638  57.413  -18.994  38.140 0.0000000000
95475  56.650  -20.194  38.214 0.0000000000
92962  55.871  -21.553  38.282 0.0000000000
94248  58.546  -20.578  40.366 0.0000000000
92946  57.002  -21.406  39.382 0.0000000000
91589  55.443  -22.336  38.660 0.0000000000
88792  53.757  -23.949  38.591 0.0000000000
88775  53.507  -24.765  39.210 0.0000000000
87449  52.886  -25.660  39.484 0.0000000000
87430  55.745  -25.432  40.684 0.0000000000
86153  53.371  -26.144  39.963 0.0000000000
84845  51.969  -27.119  39.853 0.0000000000
84842  51.724  -28.168  40.482 0.0000000000
83534  51.134  -29.220  40.645 0.0000000000
82219  51.345  -30.048  41.037 0.0000000000
82187  53.350  -29.911  42.539 0.0000000000
80859  52.454  -30.920  41.933 0.0000000000
79572  51.260  -31.993  40.806 0.0000000000
76931  50.878  -32.874  41.140 0.0000000000
78270  50.045  -32.617  41.592 0.0000000000
78252  49.709  -32.226  41.835 0.0000000000
82058  56.057  -27.521  48.478 0.0000000000
82078  54.946  -27.787  47.485 0.0000000000
82109  54.078  -28.709  46.081 0.0000000000
83404  53.406  -26.922  48.029 0.0000000000
83450  53.000  -28.262  46.126 0.0000000000
82148  52.575  -29.361  44.640 0.0000000000
80804  51.153  -30.064  43.796 0.0000000000
79522  50.147  -31.157  42.873 0.0000000000
79559  48.303  -31.352  41.228 0.0000000000
80861  47.530  -30.545  41.208 0.0000000000
82208  46.727  -29.812  41.203 0.0000000000
82154  46.358  -28.926  44.099 0.0000000000
82173  45.262  -29.537  43.131 0.0000000000
82022  52.010  -29.977  52.927 0.0000000000
80714  51.050  -30.455  52.128 0.0000000000
72611  51.870  -35.432  51.563 0.0000000000
71222  49.035  -37.020  50.696 0.0000000000
72613  50.644  -35.613  50.809 0.0000000000
75444  51.666  -34.369  50.935 0.0000000000
76797  50.910  -33.799  50.601 0.0000000000
78126  50.503  -32.886  50.470 0.0000000000
79422  49.834  -31.294  50.505 0.0000000000
78151  48.631  -32.167  49.075 0.0000000000
78183  47.182  -33.029  47.482 0.0000000000
78199  46.025  -32.705  46.507 0.0000000000
75514  44.887  -34.828  46.551 0.0000000000
75523  44.586  -34.224  45.898 0.0000000000
78210  44.067  -32.513  45.126 0.0000000000
76894  42.648  -33.018  44.198 0.0000000000
70019  38.604  -38.042  42.738 0.0000000000
70071  38.459  -38.679  40.400 0.0000000000
66039  41.239  -41.251  44.582 0.0000000000
66058  40.384  -41.449  43.546 0.0000000000
67371  39.215  -40.825  43.040 0.0000000000
67350  37.980  -40.287  44.078 0.0000000000
67372  38.241  -40.263  42.724 0.0000000000
59295  39.584  -46.570  54.483 0.0000000000
59339  38.959  -45.893  53.187 0.0000000000
59358  38.769  -45.510  52.567 0.0000000000
58024  37.133  -47.507  52.663 0.0000000000
59360  37.038  -46.461  51.886 0.0000000000
60681  37.781  -44.884  51.134 0.0000000000
61948  36.421  -44.395  49.685 0.0000000000
63344  35.656  -43.894  48.531 0.0000000000
63362  34.611  -43.841  47.518 0.0000000000
55319  33.915  -49.336  50.477 0.0000000000
56680  34.032  -48.439  49.379 0.0000000000
56697  34.320  -48.068  49.132 0.0000000000
58073  31.767  -47.466  48.100 0.0000000000
58093  33.041  -46.931  48.023 0.0000000000
59391  33.560  -46.686  48.021 0.0000000000
60717  33.936  -45.348  47.694 0.0000000000
62001  33.652  -44.386  47.128 0.0000000000
93010  57.034  -21.563  34.306 0.0000000000
90237  57.065  -23.648  34.418 0.0000000000
88836  57.660  -24.630  34.588 0.0000000000
86183  48.567  -26.977  36.950 0.0000000000
57973  42.982  -46.919  56.574 0.0000000000
57972  43.821  -46.832  56.501 0.0000000000
57997  42.699  -46.416  56.131 0.0000000000
59266  41.750  -46.382  55.876 0.0000000000
86164  51.147  -26.081  38.626 0.0000000000
87468  50.971  -25.744  38.283 0.0000000000
86165  50.412  -26.514  38.492 0.0000000000
52669  28.332  -50.593  60.701 0.0000000000
52670  27.052  -50.879  60.706 0.0000000000
53906  21.345  -50.264  62.926 0.0000000000
53919  21.316  -50.462  62.088 0.0000000000
53920  20.650  -50.242  62.357 0.0000000000
53921  19.902  -50.368  62.736 0.0000000000
47088  37.622  -53.625  61.835 0.0000000000
48519  38.052  -53.438  62.252 0.0000000000
47100  38.248  -53.858  61.383 0.0000000000
47111  39.024  -54.019  60.998 0.0000000000
45782  38.233  -53.921  60.795 0.0000000000
45790  37.927  -53.847  60.448 0.0000000000
47113  37.847  -53.790  61.260 0.0000000000
52650  28.653  -50.999  61.697 0.0000000000
52693  28.544  -50.409  59.739 0.0000000000
78294  48.222  -32.753  39.699 0.0000000000
85980  56.743  -26.464  48.364 0.0000000000
83367  49.801  -28.902  51.571 0.0000000000
84713  49.594  -28.150  50.764 0.0000000000
83385  49.463  -29.074  50.971 0.0000000000
82062  48.906  -29.733  50.196 0.0000000000
82045  49.351  -29.908  50.800 0.0000000000
67311  43.748  -40.781  47.862 0.0000000000
68658  43.252  -39.883  47.772 0.0000000000
68659  42.847  -39.478  47.337 0.0000000000
68670  42.435  -39.742  46.743 0.0000000000
68679  42.004  -40.049  46.118 0.0000000000
67333  42.319  -40.583  46.243 0.0000000000
52834  34.886  -50.644  52.207 0.0000000000
52835  34.325  -50.570  52.100 0.0000000000
96689  59.140  -18.833  35.780 0.0000000000
95508  58.015  -18.979  35.900 0.0000000000
49861  27.887  -52.174  65.383 0.0000000000
49862  27.190  -52.405  65.040 0.0000000000
48481  26.744  -52.533  65.489 0.0000000000
51173  24.618  -51.409  67.491 0.0000000000
51186  24.556  -51.834  66.923 0.0000000000
52540  24.345  -51.166  67.443 0.0000000000
52541  23.825  -50.647  67.606 0.0000000000
51216  33.641  -51.476  65.150 0.0000000000
49832  33.317  -52.070  64.692 0.0000000000
51217  32.700  -51.599  65.122 0.0000000000
49837  28.183  -52.313  65.747 0.0000000000
49860  29.011  -52.027  65.336 0.0000000000
60595  47.219  -44.645  55.809 0.0000000000
60582  47.583  -44.194  56.347 0.0000000000
61853  47.906  -43.655  55.823 0.0000000000
61852  48.455  -42.930  55.682 0.0000000000
61863  47.905  -43.241  55.248 0.0000000000
61874  47.853  -42.949  54.790 0.0000000000
61875  47.421  -43.488  54.777 0.0000000000
61904  44.489  -43.504  51.861 0.0000000000
61923  44.245  -43.337  51.124 0.0000000000
63287  44.601  -43.044  50.897 0.0000000000
63288  43.911  -43.060  50.621 0.0000000000
61927  38.990  -43.806  51.120 0.0000000000
61946  38.165  -43.703  50.511 0.0000000000
61928  38.011  -44.317  50.849 0.0000000000
51480  30.175  -51.385  51.759 0.0000000000
92975  54.671  -21.465  37.259 0.0000000000
92987  54.993  -20.984  37.081 0.0000000000
91620  54.182  -21.744  37.110 0.0000000000
48548  24.205  -53.338  62.482 0.0000000000
51379  22.486  -52.583  57.689 0.0000000000
50002  42.286  -52.217  58.584 0.0000000000
51390  41.645  -51.823  57.930 0.0000000000
51391  40.599  -52.204  57.099 0.0000000000
52742  40.373  -51.237  56.940 0.0000000000
50022  36.960  -53.056  56.561 0.0000000000
50046  37.317  -53.082  55.962 0.0000000000
50047  36.668  -52.802  55.670 0.0000000000
49938  33.612  -52.560  61.512 0.0000000000
49937  34.079  -52.617  61.082 0.0000000000
49953  33.600  -52.201  60.663 0.0000000000
52728  32.815  -51.008  57.500 0.0000000000
52760  32.963  -51.149  55.827 0.0000000000
54027  26.304  -50.274  54.259 0.0000000000
80876  50.361  -31.028  40.268 0.0000000000
80885  49.751  -30.974  39.674 0.0000000000
79581  50.371  -31.974  39.688 0.0000000000
55061  20.158  -49.104  70.658 0.0000000000
53813  19.807  -49.659  69.434 0.0000000000
53831  19.170  -50.436  69.203 0.0000000000
48486  16.396  -53.808  65.811 0.0000000000
49841  16.781  -53.161  66.487 0.0000000000
49866  16.920  -52.767  65.403 0.0000000000
49907  16.790  -52.741  63.380 0.0000000000
97829  58.689  -18.435  40.171 0.0000000000
96607  58.926  -18.959  40.551 0.0000000000
90163  58.605  -23.328  40.939 0.0000000000
90164  57.769  -23.297  40.545 0.0000000000
88761  57.379  -24.425  40.916 0.0000000000
84817  54.758  -28.004  42.292 0.0000000000
83522  54.373  -28.198  42.251 0.0000000000
80784  54.355  -29.599  45.165 0.0000000000
80820  53.694  -30.583  43.820 0.0000000000
79504  52.354  -31.189  43.533 0.0000000000
80802  53.459  -30.133  44.451 0.0000000000
85939  54.376  -25.934  50.280 0.0000000000
85957  54.431  -26.182  49.943 0.0000000000
85958  54.043  -26.199  49.988 0.0000000000
82112  50.747  -28.012  46.372 0.0000000000
82130  49.582  -28.503  45.301 0.0000000000
82152  48.549  -28.731  44.199 0.0000000000
82131  48.528  -28.521  45.262 0.0000000000
80777  45.348  -30.800  45.878 0.0000000000
80787  44.813  -30.472  45.061 0.0000000000
79488  44.464  -31.703  45.185 0.0000000000
76773  52.653  -33.327  52.072 0.0000000000
67254  48.020  -39.379  52.438 0.0000000000
68606  48.622  -38.830  52.297 0.0000000000
68607  47.827  -38.989  52.085 0.0000000000
72638  47.444  -35.620  48.812 0.0000000000
74061  48.288  -35.774  49.339 0.0000000000
74080  48.204  -35.269  48.696 0.0000000000
74097  47.990  -34.786  48.176 0.0000000000
75495  47.874  -34.434  47.846 0.0000000000
74098  47.499  -34.939  48.041 0.0000000000
72678  40.855  -35.831  45.302 0.0000000000
74114  41.921  -35.560  45.754 0.0000000000
74124  40.710  -35.259  44.840 0.0000000000
74125  39.960  -35.672  44.418 0.0000000000
67417  39.206  -40.287  41.547 0.0000000000
67439  38.936  -40.035  40.915 0.0000000000
66008  40.088  -41.200  46.161 0.0000000000
66009  39.135  -40.926  46.284 0.0000000000
55273  38.145  -49.628  54.141 0.0000000000
56629  37.895  -48.695  53.807 0.0000000000
58037  35.334  -47.780  49.959 0.0000000000
59371  35.527  -47.113  50.243 0.0000000000
59381  35.137  -46.881  49.649 0.0000000000
60697  35.073  -46.223  49.299 0.0000000000
59389  34.738  -46.738  49.018 0.0000000000
56683  31.473  -48.424  49.167 0.0000000000
90251  54.654  -24.362  33.735 0.0000000000
88855  55.056  -24.756  33.767 0.0000000000
49808  27.800  -51.962  66.987 0.0000000000
48433  26.902  -52.450  67.084 0.0000000000
49796  27.064  -52.106  67.489 0.0000000000
52520  26.164  -51.298  68.566 0.0000000000
51170  26.182  -51.726  68.400 0.0000000000
52521  25.661  -51.258  68.617 0.0000000000
51171  25.477  -51.515  68.253 0.0000000000
53827  25.127  -50.333  68.972 0.0000000000
51183  28.537  -51.539  66.678 0.0000000000
51182  29.223  -51.179  66.518 0.0000000000
49807  28.324  -51.877  66.690 0.0000000000
48442  28.180  -52.154  66.531 0.0000000000
55258  45.280  -48.210  57.676 0.0000000000
55257  45.570  -47.805  57.675 0.0000000000
56602  45.094  -47.888  57.366 0.0000000000
57994  45.000  -46.097  55.793 0.0000000000
57970  45.544  -46.419  56.438 0.0000000000
57993  45.419  -45.868  55.832 0.0000000000
59264  45.896  -45.679  56.106 0.0000000000
59288  45.797  -45.545  55.689 0.0000000000
59315  45.662  -45.085  54.964 0.0000000000
59318  43.209  -45.168  54.534 0.0000000000
60638  43.329  -44.238  52.861 0.0000000000
60661  42.861  -44.119  52.623 0.0000000000
60625  40.691  -45.076  53.645 0.0000000000
60640  41.167  -44.566  53.109 0.0000000000
60641  40.193  -44.872  52.962 0.0000000000
51483  27.854  -51.916  50.990 0.0000000000
51484  26.892  -51.844  50.638 0.0000000000
90191  52.695  -23.890  38.189 0.0000000000
90209  52.408  -23.366  37.418 0.0000000000
88809  51.781  -23.950  37.621 0.0000000000
87483  50.198  -25.300  36.877 0.0000000000
88818  50.480  -24.655  36.586 0.0000000000
87493  50.006  -25.107  35.987 0.0000000000
87494  49.490  -25.787  35.598 0.0000000000
52696  25.697  -51.165  59.553 0.0000000000
51347  25.217  -51.767  59.763 0.0000000000
51290  22.484  -51.980  62.228 0.0000000000
52653  21.052  -50.698  60.896 0.0000000000
52652  21.613  -51.143  61.111 0.0000000000
52672  21.252  -51.058  60.190 0.0000000000
52714  21.276  -51.508  58.715 0.0000000000
52697  21.102  -51.216  59.303 0.0000000000
52715  20.535  -51.137  58.635 0.0000000000
52674  19.361  -50.734  60.985 0.0000000000
51364  18.269  -52.194  58.544 0.0000000000
51350  18.104  -51.948  59.472 0.0000000000
49916  40.690  -52.716  61.147 0.0000000000
45797  39.637  -53.901  59.242 0.0000000000
47121  40.309  -53.662  59.599 0.0000000000
47134  40.386  -53.854  59.049 0.0000000000
47149  41.073  -53.543  58.650 0.0000000000
47172  39.929  -53.738  58.117 0.0000000000
47194  39.602  -53.694  57.703 0.0000000000
47173  39.405  -53.978  58.117 0.0000000000
47137  37.722  -53.872  59.216 0.0000000000
47154  38.105  -54.087  58.327 0.0000000000
48607  37.595  -53.705  58.292 0.0000000000
48631  37.361  -53.238  57.513 0.0000000000
51325  31.059  -51.590  61.548 0.0000000000
51345  31.155  -51.458  60.896 0.0000000000
52731  30.124  -50.629  58.437 0.0000000000
52747  30.243  -50.551  57.734 0.0000000000
53974  28.020  -50.312  58.492 0.0000000000
53986  28.758  -50.435  57.764 0.0000000000
76941  50.591  -33.361  40.176 0.0000000000
76954  50.415  -33.406  39.482 0.0000000000
76942  49.961  -33.588  39.832 0.0000000000
76972  48.698  -33.961  38.089 0.0000000000
75590  49.114  -34.200  38.200 0.0000000000
75607  49.010  -34.301  37.633 0.0000000000
74196  48.881  -34.948  36.476 0.0000000000
75621  48.568  -34.405  36.787 0.0000000000
47063  15.800  -54.543  65.869 0.0000000000
47064  14.972  -54.929  65.509 0.0000000000
47079  14.773  -54.848  64.598 0.0000000000
45764  14.418  -55.443  65.081 0.0000000000
83481  55.934  -28.902  44.288 0.0000000000
83464  56.560  -28.508  45.432 0.0000000000
82106  56.160  -28.608  46.408 0.0000000000
82107  55.970  -28.820  45.961 0.0000000000
80774  55.615  -28.828  46.130 0.0000000000
80762  55.556  -28.427  46.908 0.0000000000
85942  51.447  -25.686  51.301 0.0000000000
85960  51.908  -25.907  50.295 0.0000000000
84729  49.684  -27.559  49.744 0.0000000000
83406  49.708  -27.738  48.958 0.0000000000
83439  49.934  -27.618  47.741 0.0000000000
83424  49.268  -27.991  48.400 0.0000000000
82080  48.333  -28.863  48.520 0.0000000000
82081  47.700  -29.496  48.032 0.0000000000
80765  46.572  -30.472  47.294 0.0000000000
68638  45.465  -39.663  50.357 0.0000000000
71239  44.638  -38.055  49.091 0.0000000000
71238  45.254  -37.793  49.372 0.0000000000
71247  45.110  -37.190  48.752 0.0000000000
72631  46.093  -36.808  49.050 0.0000000000
72641  45.258  -36.666  48.276 0.0000000000
71257  44.131  -37.229  47.922 0.0000000000
71259  42.574  -37.975  47.168 0.0000000000
71267  42.917  -37.329  47.122 0.0000000000
71269  41.704  -37.744  46.228 0.0000000000
72663  41.461  -37.114  46.152 0.0000000000
71274  41.199  -37.763  45.699 0.0000000000
69997  40.775  -38.707  45.235 0.0000000000
68691  40.772  -39.531  44.534 0.0000000000
67369  40.928  -40.484  43.522 0.0000000000
67392  41.040  -40.873  43.394 0.0000000000
66011  36.473  -41.522  46.992 0.0000000000
67353  34.710  -40.614  44.945 0.0000000000
67354  33.973  -40.631  44.512 0.0000000000
52831  36.792  -50.636  52.391 0.0000000000
54071  36.801  -50.085  52.105 0.0000000000
52847  36.554  -50.319  52.075 0.0000000000
54084  35.239  -49.830  51.308 0.0000000000
56660  35.463  -48.483  50.471 0.0000000000
55332  34.766  -48.668  49.847 0.0000000000
94333  58.957  -20.689  34.643 0.0000000000
94332  59.636  -21.221  34.774 0.0000000000
91646  58.632  -22.727  34.570 0.0000000000
51287  27.906  -51.233  62.791 0.0000000000
51272  27.132  -51.776  63.638 0.0000000000
49886  26.319  -52.571  64.024 0.0000000000
48526  25.354  -52.923  63.322 0.0000000000
48507  25.221  -52.870  64.353 0.0000000000
48435  25.968  -52.640  66.950 0.0000000000
48459  26.091  -52.694  65.866 0.0000000000
48447  25.414  -52.702  66.181 0.0000000000
49839  24.832  -52.445  65.642 0.0000000000
48462  24.999  -52.818  65.490 0.0000000000
48485  24.862  -52.708  65.004 0.0000000000
49863  24.501  -52.256  64.893 0.0000000000
49887  23.899  -52.332  64.046 0.0000000000
49864  23.985  -51.963  64.603 0.0000000000
52572  23.372  -50.693  65.519 0.0000000000
53883  22.650  -50.276  65.420 0.0000000000
52588  22.127  -50.288  64.149 0.0000000000
49854  34.854  -52.372  64.198 0.0000000000
51236  35.540  -51.851  64.428 0.0000000000
48499  36.362  -53.201  62.693 0.0000000000
48500  35.486  -53.044  62.719 0.0000000000
47090  36.253  -53.334  62.094 0.0000000000
48502  33.406  -52.829  63.398 0.0000000000
48522  33.924  -52.964  62.964 0.0000000000
48543  33.380  -52.954  62.830 0.0000000000
49834  31.369  -51.990  64.994 0.0000000000
49858  31.240  -52.241  64.553 0.0000000000
49900  30.988  -52.437  63.910 0.0000000000
48525  31.609  -52.696  63.907 0.0000000000
49919  31.549  -52.482  63.082 0.0000000000
51284  31.293  -52.085  62.499 0.0000000000
51285  30.676  -51.911  63.002 0.0000000000
52612  29.393  -51.466  63.310 0.0000000000
52613  28.973  -51.320  63.254 0.0000000000
52630  28.703  -51.161  62.635 0.0000000000
78296  46.602  -31.814  39.112 0.0000000000
87220  52.354  -25.111  52.118 0.0000000000
87199  52.249  -25.126  52.947 0.0000000000
84666  51.756  -27.274  53.582 0.0000000000
85904  51.576  -26.640  53.234 0.0000000000
84673  51.505  -27.289  53.264 0.0000000000
83353  51.616  -28.598  53.290 0.0000000000
57904  46.553  -46.364  57.661 0.0000000000
64608  48.339  -41.648  53.891 0.0000000000
65882  48.638  -41.130  54.012 0.0000000000
65901  48.540  -40.735  53.582 0.0000000000
65902  47.755  -40.871  53.084 0.0000000000
61877  46.064  -43.816  53.666 0.0000000000
63285  45.691  -42.566  51.537 0.0000000000
63269  46.109  -42.572  52.267 0.0000000000
64625  46.114  -41.926  51.579 0.0000000000
64624  46.603  -41.608  52.311 0.0000000000
65936  45.933  -41.274  51.088 0.0000000000
65972  44.029  -41.553  48.376 0.0000000000
64683  43.556  -41.855  48.137 0.0000000000
64705  43.148  -41.811  47.629 0.0000000000
64684  43.125  -42.302  48.350 0.0000000000
64685  42.262  -42.002  48.514 0.0000000000
64686  41.168  -41.639  48.590 0.0000000000
63290  41.900  -42.733  50.844 0.0000000000
63312  39.161  -42.847  50.267 0.0000000000
63311  40.181  -42.474  50.274 0.0000000000
64661  39.655  -42.236  49.598 0.0000000000
64687  40.022  -41.653  48.812 0.0000000000
64688  38.861  -42.170  49.055 0.0000000000
64710  38.194  -41.731  48.217 0.0000000000
64690  36.819  -42.769  48.587 0.0000000000
64691  36.264  -43.007  48.452 0.0000000000
63360  35.869  -43.269  48.373 0.0000000000
51478  32.054  -51.290  52.596 0.0000000000
52836  32.154  -50.958  52.318 0.0000000000
52837  31.419  -51.153  51.979 0.0000000000
54078  30.547  -50.771  51.318 0.0000000000
54077  31.335  -50.669  51.559 0.0000000000
55322  30.789  -49.464  50.453 0.0000000000
51504  28.664  -51.397  50.545 0.0000000000
54090  29.264  -50.552  50.113 0.0000000000
55338  29.491  -49.796  49.677 0.0000000000
95486  56.860  -19.303  37.230 0.0000000000
95521  56.521  -19.673  35.919 0.0000000000
95510  56.164  -19.770  36.677 0.0000000000
93002  53.883  -21.756  35.033 0.0000000000
93001  54.736  -21.059  35.347 0.0000000000
93013  53.986  -22.196  34.616 0.0000000000
91650  54.287  -22.737  34.253 0.0000000000
90240  53.762  -23.595  34.117 0.0000000000
90216  51.969  -22.998  36.235 0.0000000000
91635  52.520  -22.616  35.486 0.0000000000
90224  51.932  -23.211  35.371 0.0000000000
88858  52.502  -24.721  33.834 0.0000000000
53989  25.783  -50.430  57.382 0.0000000000
51309  26.155  -51.954  61.959 0.0000000000
48567  24.595  -53.011  61.344 0.0000000000
49942  24.830  -52.753  61.352 0.0000000000
48580  24.453  -53.004  60.684 0.0000000000
49958  24.385  -53.006  60.365 0.0000000000
48570  23.062  -52.797  60.969 0.0000000000
48583  23.076  -53.022  60.375 0.0000000000
48613  23.262  -53.360  58.508 0.0000000000
51304  42.115  -51.951  60.697 0.0000000000
51321  42.872  -51.969  60.071 0.0000000000
49984  43.322  -51.502  58.851 0.0000000000
51319  43.891  -51.037  59.285 0.0000000000
51338  44.390  -50.530  58.923 0.0000000000
52704  44.294  -50.341  58.597 0.0000000000
52722  44.674  -49.577  58.414 0.0000000000
53983  44.144  -49.781  58.210 0.0000000000
53997  41.617  -50.185  57.523 0.0000000000
55262  42.174  -49.260  57.578 0.0000000000
56606  41.904  -48.472  57.388 0.0000000000
54010  39.681  -50.428  55.898 0.0000000000
54022  39.056  -50.445  55.221 0.0000000000
52775  38.792  -51.229  54.871 0.0000000000
48674  39.543  -53.261  56.699 0.0000000000
50045  39.431  -52.873  56.364 0.0000000000
48695  38.772  -52.833  56.069 0.0000000000
50083  37.749  -52.439  54.483 0.0000000000
50082  38.302  -52.371  54.675 0.0000000000
50091  37.995  -52.197  54.043 0.0000000000
51453  38.284  -51.854  54.147 0.0000000000
51464  37.792  -51.703  53.709 0.0000000000
52813  37.535  -51.221  53.387 0.0000000000
51465  37.301  -51.506  53.464 0.0000000000
51437  35.906  -52.030  54.241 0.0000000000
51454  35.838  -51.720  53.520 0.0000000000
52799  35.328  -51.454  53.133 0.0000000000
51455  35.198  -51.585  53.584 0.0000000000
47115  36.007  -53.565  61.367 0.0000000000
47114  36.931  -53.624  61.119 0.0000000000
49951  35.048  -52.672  59.973 0.0000000000
48595  36.017  -53.038  59.764 0.0000000000
49972  35.511  -52.607  59.405 0.0000000000
49971  35.939  -52.561  58.842 0.0000000000
49988  35.455  -52.042  58.419 0.0000000000
51343  32.571  -51.539  59.646 0.0000000000
51342  33.574  -51.854  59.680 0.0000000000
51359  33.050  -51.661  59.181 0.0000000000
52727  33.728  -51.288  57.311 0.0000000000
52705  34.014  -51.339  57.915 0.0000000000
51375  34.664  -51.439  57.265 0.0000000000
51374  35.257  -51.761  57.731 0.0000000000
51393  34.818  -51.466  56.242 0.0000000000
52778  33.587  -51.347  53.960 0.0000000000
51456  33.215  -51.293  53.967 0.0000000000
52802  32.743  -51.324  53.172 0.0000000000
51457  32.583  -51.274  53.588 0.0000000000
52803  30.886  -51.124  53.702 0.0000000000
51460  30.174  -51.341  52.848 0.0000000000
52763  30.062  -50.393  55.744 0.0000000000
54040  28.099  -50.199  53.877 0.0000000000
54061  27.407  -50.324  52.780 0.0000000000
84848  49.611  -28.256  39.041 0.0000000000
83539  49.836  -28.860  39.479 0.0000000000
80894  48.642  -30.693  38.292 0.0000000000
82229  48.845  -29.796  38.734 0.0000000000
78302  49.939  -32.890  38.478 0.0000000000
78348  49.681  -32.942  35.767 0.0000000000
78318  46.919  -32.596  37.888 0.0000000000
78317  47.585  -32.923  38.432 0.0000000000
76974  47.197  -33.155  37.207 0.0000000000
56418  25.042  -48.570  68.730 0.0000000000
56390  24.549  -48.911  70.102 0.0000000000
55038  24.218  -49.219  70.370 0.0000000000
53798  24.276  -49.788  70.116 0.0000000000
53787  23.872  -49.514  70.294 0.0000000000
55074  22.565  -49.042  69.584 0.0000000000
53812  23.312  -49.537  69.527 0.0000000000
55087  22.666  -49.334  68.554 0.0000000000
55106  22.706  -49.599  67.856 0.0000000000
55107  22.062  -49.133  67.941 0.0000000000
53848  19.950  -49.671  67.629 0.0000000000
55121  20.724  -49.425  67.041 0.0000000000
55134  20.543  -49.504  66.301 0.0000000000
55146  20.436  -49.548  65.848 0.0000000000
53872  19.983  -49.704  66.015 0.0000000000
49840  17.312  -52.717  66.988 0.0000000000
49822  17.362  -53.038  67.871 0.0000000000
51188  17.775  -52.071  68.467 0.0000000000
51187  18.154  -51.649  69.145 0.0000000000
52543  18.230  -51.553  67.843 0.0000000000
52560  18.781  -50.978  67.584 0.0000000000
52561  18.271  -51.466  67.074 0.0000000000
51259  17.985  -51.782  64.771 0.0000000000
52590  18.404  -51.301  65.311 0.0000000000
52603  18.499  -51.220  64.474 0.0000000000
52602  19.027  -50.699  64.973 0.0000000000
52617  18.472  -51.190  63.650 0.0000000000
52633  19.111  -50.745  63.166 0.0000000000
51313  17.415  -52.441  61.699 0.0000000000
48551  15.562  -53.954  62.340 0.0000000000
97862  59.129  -17.034  38.225 0.0000000000
96637  57.774  -18.481  38.232 0.0000000000
95458  57.577  -19.546  39.004 0.0000000000
95459  57.210  -19.999  38.766 0.0000000000
94281  56.452  -20.822  38.293 0.0000000000
94265  56.761  -20.880  38.940 0.0000000000
94247  59.094  -20.638  40.967 0.0000000000
90174  57.052  -22.812  40.114 0.0000000000
91576  57.296  -22.017  39.871 0.0000000000
91577  56.580  -22.246  39.468 0.0000000000
91588  56.035  -22.032  38.948 0.0000000000
90188  54.983  -22.825  38.714 0.0000000000
90176  55.342  -23.292  39.211 0.0000000000
88774  54.121  -24.382  39.202 0.0000000000
87465  53.122  -25.027  39.224 0.0000000000
87448  53.688  -25.334  39.575 0.0000000000
87416  55.898  -25.869  41.221 0.0000000000
84839  54.175  -26.793  40.947 0.0000000000
86137  53.870  -26.522  40.466 0.0000000000
86138  53.168  -26.810  40.330 0.0000000000
86154  52.517  -26.553  39.801 0.0000000000
84841  52.447  -27.664  40.629 0.0000000000
83524  53.004  -28.774  41.636 0.0000000000
83533  51.843  -28.896  40.952 0.0000000000
82206  52.045  -30.009  41.522 0.0000000000
82167  55.055  -29.699  43.709 0.0000000000
82186  54.024  -29.355  42.673 0.0000000000
80840  54.305  -29.933  43.164 0.0000000000
79539  52.597  -31.552  42.644 0.0000000000
80842  53.015  -30.660  42.537 0.0000000000
80860  51.656  -31.180  41.367 0.0000000000
79557  51.565  -32.119  41.335 0.0000000000
78268  51.368  -32.511  41.814 0.0000000000
78235  51.400  -32.125  42.987 0.0000000000
78250  50.945  -32.378  42.521 0.0000000000
78251  50.269  -32.311  42.149 0.0000000000
87252  56.259  -25.546  49.438 0.0000000000
84724  56.461  -26.931  48.684 0.0000000000
84706  56.123  -26.595  49.220 0.0000000000
83383  54.759  -26.856  48.532 0.0000000000
83402  55.015  -27.356  48.093 0.0000000000
82091  54.929  -28.255  46.836 0.0000000000
83419  54.439  -27.834  47.178 0.0000000000
84727  51.953  -26.729  48.761 0.0000000000
84726  53.085  -26.556  48.647 0.0000000000
83405  52.723  -26.737  48.274 0.0000000000
83466  51.943  -28.070  45.780 0.0000000000
83436  52.769  -27.567  46.792 0.0000000000
83465  52.316  -28.200  45.765 0.0000000000
82127  52.951  -28.738  45.406 0.0000000000
82149  51.506  -29.289  44.452 0.0000000000
82169  49.509  -29.510  43.495 0.0000000000
80823  50.441  -30.460  43.336 0.0000000000
80843  49.334  -31.198  42.097 0.0000000000
80844  48.859  -30.790  41.927 0.0000000000
80845  48.008  -30.393  41.798 0.0000000000
82171  47.437  -29.236  43.046 0.0000000000
82188  47.145  -29.532  42.118 0.0000000000
82209  45.589  -29.516  41.396 0.0000000000
82189  46.003  -29.354  42.178 0.0000000000
82115  47.465  -28.726  46.196 0.0000000000
82132  47.505  -28.716  45.190 0.0000000000
82133  46.398  -29.175  45.275 0.0000000000
82156  44.661  -29.799  43.822 0.0000000000
82155  45.255  -29.425  44.111 0.0000000000
82190  45.023  -29.624  42.399 0.0000000000
79409  52.311  -31.326  52.158 0.0000000000
80722  52.043  -31.110  52.130 0.0000000000
80713  51.681  -30.579  52.285 0.0000000000
80723  51.510  -31.104  51.928 0.0000000000
69936  50.197  -37.765  52.115 0.0000000000
69935  50.843  -37.783  52.560 0.0000000000
71207  50.867  -36.919  51.871 0.0000000000
72599  52.002  -35.843  52.082 0.0000000000
69953  48.427  -37.901  51.378 0.0000000000
71223  48.123  -37.393  50.652 0.0000000000
74039  49.456  -35.559  49.987 0.0000000000
72614  49.660  -35.891  50.412 0.0000000000
72627  50.170  -35.396  50.391 0.0000000000
74038  50.963  -35.163  50.617 0.0000000000
74057  51.089  -34.752  50.569 0.0000000000
75445  51.205  -34.336  50.679 0.0000000000
75461  50.905  -34.452  50.485 0.0000000000
76819  49.672  -33.497  49.572 0.0000000000
76798  50.400  -33.421  50.256 0.0000000000
78149  49.939  -32.974  50.012 0.0000000000
79421  50.419  -31.819  50.736 0.0000000000
79437  49.647  -31.748  49.972 0.0000000000
79438  48.733  -31.594  49.471 0.0000000000
76840  46.910  -33.709  47.272 0.0000000000
78169  47.591  -32.811  48.032 0.0000000000
78184  46.639  -32.819  47.059 0.0000000000
72659  44.923  -35.757  47.252 0.0000000000
74106  45.471  -35.338  47.195 0.0000000000
74107  44.788  -35.526  46.904 0.0000000000
75524  43.611  -34.389  45.727 0.0000000000
76867  43.533  -33.624  45.293 0.0000000000
76866  44.213  -33.455  45.446 0.0000000000
76879  43.661  -33.056  45.093 0.0000000000
76880  43.043  -33.327  44.768 0.0000000000
75544  40.198  -34.355  43.864 0.0000000000
70006  39.803  -38.356  44.058 0.0000000000
71298  38.776  -37.417  43.478 0.0000000000
70070  38.927  -39.177  40.773 0.0000000000
70049  38.894  -38.871  41.052 0.0000000000
66006  41.706  -41.419  46.128 0.0000000000
66022  41.743  -41.089  45.406 0.0000000000
66023  41.134  -41.395  45.291 0.0000000000
66041  39.834  -41.414  44.481 0.0000000000
66040  40.707  -41.509  44.440 0.0000000000
66059  39.713  -41.291  43.580 0.0000000000
67370  39.955  -41.301  42.956 0.0000000000
67337  37.275  -40.297  45.270 0.0000000000
67336  38.296  -40.463  45.271 0.0000000000
68729  36.257  -39.177  42.518 0.0000000000
68706  37.390  -39.814  43.476 0.0000000000
68728  37.337  -39.687  42.522 0.0000000000
56623  39.824  -47.920  55.674 0.0000000000
57998  39.681  -47.303  55.069 0.0000000000
58012  38.607  -46.937  53.772 0.0000000000
59323  38.574  -46.574  53.441 0.0000000000
59340  38.206  -46.351  52.965 0.0000000000
56643  36.761  -48.554  52.117 0.0000000000
56633  37.157  -48.601  52.704 0.0000000000
58029  36.563  -47.600  51.813 0.0000000000
59369  36.650  -46.259  51.241 0.0000000000
60665  37.025  -45.925  51.329 0.0000000000
60664  37.526  -45.553  51.505 0.0000000000
60682  36.802  -45.459  50.760 0.0000000000
60695  36.527  -44.900  50.173 0.0000000000
61966  35.800  -44.530  49.001 0.0000000000
61967  35.092  -44.588  48.376 0.0000000000
61984  34.786  -44.135  47.894 0.0000000000
54086  33.232  -49.906  51.177 0.0000000000
55320  32.921  -49.412  50.520 0.0000000000
56681  33.281  -48.499  49.262 0.0000000000
55334  33.561  -48.881  49.885 0.0000000000
56698  33.830  -48.062  48.869 0.0000000000
58074  31.051  -47.541  47.874 0.0000000000
58095  31.536  -47.137  47.453 0.0000000000
59408  32.470  -46.318  47.118 0.0000000000
58094  32.374  -46.922  47.632 0.0000000000
59406  33.786  -46.049  47.798 0.0000000000
60719  32.864  -45.942  47.168 0.0000000000
62003  32.236  -44.832  46.267 0.0000000000
60733  33.174  -44.983  46.849 0.0000000000
93006  60.618  -22.088  35.298 0.0000000000
94335  56.642  -20.658  34.633 0.0000000000
94325  57.153  -20.136  34.864 0.0000000000
84853  48.645  -28.254  38.015 0.0000000000
86174  48.839  -27.123  37.474 0.0000000000
84857  48.562  -27.788  37.457 0.0000000000
52538  27.752  -51.013  67.303 0.0000000000
52518  27.337  -51.420  67.584 0.0000000000
52539  27.253  -50.803  67.791 0.0000000000
53825  26.261  -50.608  68.499 0.0000000000
56614  44.176  -47.446  57.026 0.0000000000
56613  44.947  -47.344  56.924 0.0000000000
57995  44.240  -46.244  55.802 0.0000000000
59290  44.602  -45.578  55.245 0.0000000000
59291  43.729  -45.630  55.295 0.0000000000
59319  42.157  -45.344  54.470 0.0000000000
59320  41.068  -45.445  54.392 0.0000000000
88795  51.471  -24.867  38.056 0.0000000000
88810  51.135  -24.423  37.426 0.0000000000
87475  51.168  -25.221  37.978 0.0000000000
87476  50.554  -25.502  37.662 0.0000000000
87477  49.943  -25.822  37.320 0.0000000000
53963  27.437  -50.392  59.167 0.0000000000
52671  26.411  -51.105  60.544 0.0000000000
52614  22.056  -51.091  63.206 0.0000000000
51291  22.068  -51.474  62.440 0.0000000000
52615  21.807  -50.835  62.689 0.0000000000
53933  21.324  -50.666  61.448 0.0000000000
52673  20.309  -50.570  60.480 0.0000000000
53946  20.034  -50.398  60.995 0.0000000000
48540  39.310  -53.591  61.550 0.0000000000
48539  39.787  -53.421  61.133 0.0000000000
47099  39.119  -53.848  61.408 0.0000000000
45780  39.251  -53.709  60.246 0.0000000000
45798  38.991  -53.914  59.336 0.0000000000
45815  38.919  -54.196  59.003 0.0000000000
45799  38.589  -53.935  59.454 0.0000000000
47136  38.269  -53.998  59.454 0.0000000000
53961  28.683  -50.446  59.240 0.0000000000
53962  28.210  -50.385  59.205 0.0000000000
76934  49.383  -33.270  40.358 0.0000000000
76943  49.112  -33.374  39.532 0.0000000000
76944  48.452  -33.332  39.124 0.0000000000
45754  13.788  -55.980  65.612 0.0000000000
84761  57.243  -27.694  46.165 0.0000000000
83463  56.904  -28.279  45.867 0.0000000000
83448  56.868  -28.090  46.596 0.0000000000
83433  56.723  -28.059  47.035 0.0000000000
82088  56.200  -28.240  47.415 0.0000000000
84690  50.460  -27.214  51.971 0.0000000000
83407  49.067  -28.535  49.512 0.0000000000
83408  48.584  -28.799  49.137 0.0000000000
80751  48.078  -30.467  49.433 0.0000000000
68648  44.328  -39.897  49.095 0.0000000000
69973  44.268  -38.964  48.780 0.0000000000
71249  43.532  -38.018  48.156 0.0000000000
69980  43.147  -38.791  47.742 0.0000000000
69981  42.690  -38.730  47.239 0.0000000000
69988  41.872  -38.670  46.242 0.0000000000
68681  41.088  -39.410  45.204 0.0000000000
68680  41.617  -39.723  45.588 0.0000000000
67348  41.517  -40.649  44.824 0.0000000000
52848  36.352  -50.264  51.900 0.0000000000
54073  35.436  -50.381  51.805 0.0000000000
54085  34.301  -49.828  51.154 0.0000000000
95518  59.869  -19.494  35.542 0.0000000000
95525  58.286  -20.134  34.624 0.0000000000
51256  27.990  -51.605  64.287 0.0000000000
51257  27.487  -51.714  63.998 0.0000000000
48482  25.971  -52.670  65.292 0.0000000000
49810  25.276  -52.304  66.880 0.0000000000
49820  24.990  -52.568  66.109 0.0000000000
49811  24.906  -52.148  66.609 0.0000000000
51202  24.671  -51.911  66.287 0.0000000000
51203  24.397  -51.469  66.213 0.0000000000
52559  23.809  -50.752  66.488 0.0000000000
49830  34.506  -52.076  64.451 0.0000000000
48476  34.592  -52.839  63.532 0.0000000000
48477  33.689  -52.778  63.700 0.0000000000
48478  32.928  -52.542  63.935 0.0000000000
49859  30.019  -51.990  64.982 0.0000000000
49882  30.043  -52.041  64.630 0.0000000000
49901  29.931  -51.994  64.168 0.0000000000
51269  30.127  -51.833  63.620 0.0000000000
49902  29.217  -51.826  64.404 0.0000000000
51255  28.659  -51.743  64.525 0.0000000000
59245  46.828  -45.372  56.848 0.0000000000
59229  47.148  -44.786  56.731 0.0000000000
60566  48.041  -43.434  56.659 0.0000000000
63220  49.356  -41.732  55.505 0.0000000000
64567  49.113  -41.624  54.964 0.0000000000
63222  48.561  -42.291  55.071 0.0000000000
63239  48.283  -42.419  54.641 0.0000000000
63256  47.839  -42.313  53.900 0.0000000000
60636  44.950  -43.838  52.801 0.0000000000
61888  45.846  -43.355  52.721 0.0000000000
60657  45.305  -43.380  52.111 0.0000000000
61922  45.395  -43.039  51.640 0.0000000000
63286  45.268  -42.777  51.084 0.0000000000
64638  45.211  -42.171  50.307 0.0000000000
63306  44.809  -42.575  50.384 0.0000000000
63307  44.205  -42.552  50.068 0.0000000000
64658  43.413  -42.494  48.957 0.0000000000
63309  42.489  -42.473  49.610 0.0000000000
61908  40.288  -43.786  52.120 0.0000000000
63291  40.648  -42.882  51.081 0.0000000000
61926  39.899  -43.385  51.267 0.0000000000
63340  38.726  -42.664  49.719 0.0000000000
63341  38.107  -42.759  49.521 0.0000000000
63313  38.419  -43.118  50.091 0.0000000000
63314  37.705  -43.422  49.938 0.0000000000
63315  36.964  -43.672  49.732 0.0000000000
52820  31.060  -51.386  52.158 0.0000000000
52821  30.771  -51.357  51.892 0.0000000000
52849  29.910  -51.096  51.148 0.0000000000
95488  55.866  -20.514  37.450 0.0000000000
94314  55.360  -20.546  36.426 0.0000000000
92988  54.505  -21.196  36.462 0.0000000000
92989  53.942  -21.510  35.801 0.0000000000
88843  50.721  -24.427  35.007 0.0000000000
88842  51.352  -24.406  34.578 0.0000000000
51360  24.681  -51.820  58.437 0.0000000000
48546  25.096  -52.855  62.151 0.0000000000
51348  22.110  -52.249  59.088 0.0000000000
49977  22.457  -52.753  59.554 0.0000000000
50009  22.969  -53.096  57.723 0.0000000000
48591  42.009  -53.039  59.061 0.0000000000
49949  42.944  -51.907  59.696 0.0000000000
48590  42.593  -52.594  59.092 0.0000000000
49985  42.817  -51.898  58.936 0.0000000000
51371  43.301  -51.192  58.501 0.0000000000
52725  43.309  -50.698  58.224 0.0000000000
51389  42.235  -51.242  58.040 0.0000000000
52740  42.011  -50.910  57.844 0.0000000000
53998  40.859  -50.380  57.016 0.0000000000
55264  40.678  -49.917  56.665 0.0000000000
52758  39.829  -51.343  56.290 0.0000000000
51415  39.499  -51.853  55.841 0.0000000000
48676  38.469  -52.947  56.449 0.0000000000
48696  38.305  -52.753  55.744 0.0000000000
48677  37.892  -52.895  55.920 0.0000000000
50084  37.096  -52.208  54.335 0.0000000000
50071  36.453  -52.300  54.785 0.0000000000
50072  35.817  -52.035  54.703 0.0000000000
48562  35.499  -53.283  61.192 0.0000000000
48579  35.060  -53.005  60.944 0.0000000000
49952  34.573  -52.640  60.547 0.0000000000
49973  34.558  -52.193  59.569 0.0000000000
52707  32.665  -51.217  58.630 0.0000000000
52743  33.616  -51.274  56.737 0.0000000000
51394  33.838  -51.238  56.286 0.0000000000
51395  33.216  -51.203  55.971 0.0000000000
51419  32.508  -50.821  54.725 0.0000000000
51441  32.023  -50.910  54.038 0.0000000000
52779  31.991  -50.647  54.631 0.0000000000
52780  31.161  -50.801  54.468 0.0000000000
54013  28.395  -50.134  55.859 0.0000000000
54024  29.050  -50.116  55.270 0.0000000000
54041  27.200  -50.096  53.626 0.0000000000
82226  50.034  -29.891  40.004 0.0000000000
80886  49.237  -30.864  38.938 0.0000000000
79590  49.179  -31.800  38.251 0.0000000000
75620  49.230  -34.429  36.767 0.0000000000
75642  49.757  -35.059  35.921 0.0000000000
55060  20.700  -48.698  70.290 0.0000000000
55075  21.180  -48.639  69.611 0.0000000000
55089  20.553  -49.058  69.093 0.0000000000
53830  19.871  -49.626  68.612 0.0000000000
47053  16.816  -54.860  67.199 0.0000000000
51223  17.714  -51.987  66.605 0.0000000000
51241  17.518  -52.279  64.880 0.0000000000
51260  17.661  -52.108  64.324 0.0000000000
52635  17.688  -51.724  63.088 0.0000000000
51276  17.524  -52.092  63.609 0.0000000000
97845  58.502  -18.069  39.645 0.0000000000
96608  58.496  -18.886  40.050 0.0000000000
95444  58.136  -19.629  39.920 0.0000000000
92926  58.925  -21.562  40.821 0.0000000000
91558  58.353  -22.370  40.526 0.0000000000
90175  56.317  -23.330  39.676 0.0000000000
88772  55.825  -23.893  39.662 0.0000000000
88763  55.632  -24.820  40.219 0.0000000000
84830  56.306  -26.631  41.947 0.0000000000
86135  55.534  -26.075  41.145 0.0000000000
84833  53.314  -27.887  41.414 0.0000000000
80841  53.658  -30.410  43.111 0.0000000000
79518  53.098  -31.168  43.269 0.0000000000
78267  52.025  -32.154  42.411 0.0000000000
78233  52.138  -32.047  43.172 0.0000000000
79520  51.636  -31.780  43.313 0.0000000000
84688  55.393  -26.157  49.644 0.0000000000
84707  55.547  -26.545  49.267 0.0000000000
84689  55.080  -26.156  49.737 0.0000000000
83384  54.301  -26.807  48.460 0.0000000000
83422  51.350  -27.355  47.862 0.0000000000
83452  51.074  -27.917  46.632 0.0000000000
82111  51.360  -28.018  45.979 0.0000000000
82150  50.542  -29.121  44.280 0.0000000000
80825  48.344  -30.024  42.495 0.0000000000
82170  48.495  -29.382  43.263 0.0000000000
80786  45.530  -29.944  45.617 0.0000000000
80806  44.633  -29.996  44.346 0.0000000000
80807  44.215  -30.660  44.133 0.0000000000
80827  43.525  -30.541  43.197 0.0000000000
79505  43.370  -31.603  43.895 0.0000000000
79408  52.609  -31.704  52.210 0.0000000000
78123  52.279  -32.220  51.791 0.0000000000
68585  49.723  -39.118  53.042 0.0000000000
68584  50.321  -38.953  53.283 0.0000000000
68605  49.542  -38.526  52.388 0.0000000000
69937  49.608  -37.957  51.927 0.0000000000
71236  46.943  -36.899  49.889 0.0000000000
71235  47.839  -36.863  49.982 0.0000000000
72628  48.388  -36.250  49.708 0.0000000000
74060  48.964  -35.586  49.623 0.0000000000
75473  49.940  -34.376  49.676 0.0000000000
75475  48.788  -34.408  48.907 0.0000000000
76828  49.160  -33.733  49.165 0.0000000000
78167  48.802  -33.263  48.927 0.0000000000
76838  48.227  -33.996  47.939 0.0000000000
75512  46.441  -34.416  47.202 0.0000000000
74109  43.180  -35.822  46.424 0.0000000000
74113  42.681  -35.335  45.994 0.0000000000
74122  42.288  -34.998  45.559 0.0000000000
75535  42.385  -34.304  45.128 0.0000000000
76881  42.226  -33.631  44.526 0.0000000000
75536  41.540  -34.396  44.807 0.0000000000
75545  39.486  -34.295  43.317 0.0000000000
72691  38.052  -36.620  42.618 0.0000000000
68705  39.857  -39.587  43.075 0.0000000000
68751  39.177  -39.530  41.185 0.0000000000
66007  40.961  -41.523  46.176 0.0000000000
66025  39.620  -41.160  45.457 0.0000000000
67335  39.116  -40.998  45.120 0.0000000000
67373  36.230  -39.738  44.310 0.0000000000
68693  36.831  -39.687  44.017 0.0000000000
58000  38.348  -48.101  53.942 0.0000000000
58013  38.013  -47.527  53.414 0.0000000000
58030  36.106  -47.649  51.208 0.0000000000
59370  36.059  -46.680  50.786 0.0000000000
60696  35.750  -45.556  49.684 0.0000000000
55321  31.871  -49.413  50.558 0.0000000000
58115  30.481  -46.876  46.595 0.0000000000
91649  55.309  -22.595  34.087 0.0000000000
91648  56.442  -22.562  34.171 0.0000000000
82239  48.048  -29.874  36.623 0.0000000000
83550  48.085  -28.668  36.771 0.0000000000
82238  48.110  -29.533  36.241 0.0000000000
48457  27.704  -52.385  66.172 0.0000000000
48458  26.756  -52.494  66.062 0.0000000000
48444  26.892  -52.471  66.587 0.0000000000
48434  26.348  -52.613  66.995 0.0000000000
48427  26.088  -52.519  67.396 0.0000000000
49797  26.506  -52.084  67.962 0.0000000000
49787  26.265  -52.095  68.107 0.0000000000
49800  25.594  -52.164  67.567 0.0000000000
51160  25.608  -51.861  67.969 0.0000000000
51172  25.105  -51.574  67.740 0.0000000000
51220  30.105  -51.593  65.672 0.0000000000
51200  29.739  -51.460  66.132 0.0000000000
49817  29.445  -51.753  65.988 0.0000000000
48456  28.236  -52.260  66.325 0.0000000000
55238  45.609  -48.423  58.424 0.0000000000
56568  45.901  -47.713  58.161 0.0000000000
56587  46.142  -47.392  57.736 0.0000000000
56599  46.405  -46.898  57.311 0.0000000000
56612  45.439  -47.277  56.973 0.0000000000
57948  46.003  -46.847  56.822 0.0000000000
57947  46.450  -46.274  56.794 0.0000000000
57968  46.460  -45.765  56.409 0.0000000000
59286  46.852  -45.011  55.837 0.0000000000
60618  46.892  -44.214  54.816 0.0000000000
60607  46.563  -44.658  55.185 0.0000000000
60620  45.522  -44.534  54.215 0.0000000000
60621  44.836  -44.448  53.658 0.0000000000
60637  44.265  -43.971  52.831 0.0000000000
61891  43.833  -43.890  52.638 0.0000000000
61905  43.586  -43.670  52.241 0.0000000000
63272  42.835  -43.363  51.550 0.0000000000
61906  42.667  -43.725  52.212 0.0000000000
61892  42.022  -44.017  52.428 0.0000000000
61893  41.391  -44.131  52.560 0.0000000000
51472  28.707  -51.198  51.832 0.0000000000
51482  28.571  -51.452  51.199 0.0000000000
90207  54.065  -22.657  37.845 0.0000000000
91610  53.205  -22.566  37.108 0.0000000000
90225  51.456  -23.574  35.870 0.0000000000
88817  50.930  -24.038  36.300 0.0000000000
88826  51.009  -24.023  35.393 0.0000000000
87508  50.343  -25.149  34.660 0.0000000000
54003  26.488  -50.213  56.452 0.0000000000
52712  26.251  -50.547  58.774 0.0000000000
49923  23.297  -52.735  62.452 0.0000000000
49944  22.766  -52.483  61.612 0.0000000000
49960  22.273  -52.291  60.626 0.0000000000
51311  22.164  -51.793  61.626 0.0000000000
51329  21.913  -51.739  60.722 0.0000000000
52734  21.388  -51.686  58.204 0.0000000000
52716  19.664  -51.087  58.775 0.0000000000
51363  19.043  -51.694  58.128 0.0000000000
48559  40.572  -53.369  60.459 0.0000000000
47108  41.138  -53.475  59.976 0.0000000000
47119  41.719  -53.387  59.767 0.0000000000
48592  41.481  -53.354  58.885 0.0000000000
48629  40.946  -53.327  58.003 0.0000000000
48651  40.822  -53.205  57.732 0.0000000000
50020  40.544  -52.996  57.106 0.0000000000
48652  40.296  -53.348  57.307 0.0000000000
48654  39.309  -53.547  57.197 0.0000000000
47174  38.942  -54.227  58.048 0.0000000000
47196  38.856  -54.000  57.749 0.0000000000
48655  38.690  -53.569  57.283 0.0000000000
50004  36.611  -52.802  57.336 0.0000000000
49955  32.490  -52.108  61.806 0.0000000000
51323  32.675  -51.770  60.601 0.0000000000
52690  31.576  -51.096  59.523 0.0000000000
52708  31.673  -50.772  58.713 0.0000000000
52746  30.802  -50.765  57.091 0.0000000000
54000  29.727  -50.458  57.014 0.0000000000
54001  28.605  -50.272  56.805 0.0000000000
54002  27.565  -50.222  56.631 0.0000000000
78291  50.801  -32.865  39.726 0.0000000000
78301  50.492  -33.165  39.032 0.0000000000
47054  15.998  -54.785  66.834 0.0000000000
48487  15.933  -54.087  65.081 0.0000000000
48511  15.716  -54.105  64.411 0.0000000000
47091  15.265  -54.487  64.071 0.0000000000
47092  14.668  -54.784  63.697 0.0000000000
84798  55.699  -28.270  43.242 0.0000000000
83507  55.280  -28.704  43.140 0.0000000000
83494  55.747  -28.706  43.697 0.0000000000
82166  55.447  -29.429  44.061 0.0000000000
82145  56.235  -28.864  45.325 0.0000000000
80800  55.142  -29.867  44.399 0.0000000000
85959  53.083  -26.086  50.073 0.0000000000
84728  50.697  -26.923  49.358 0.0000000000
84741  51.053  -27.132  48.558 0.0000000000
83423  50.345  -27.498  48.232 0.0000000000
82096  47.340  -29.215  47.287 0.0000000000
82097  46.706  -29.452  46.726 0.0000000000
79475  45.625  -31.662  46.303 0.0000000000
75408  52.561  -34.474  52.326 0.0000000000
68626  46.834  -39.286  51.366 0.0000000000
68625  47.493  -38.895  51.616 0.0000000000
69955  46.614  -38.458  50.711 0.0000000000
71225  46.560  -37.606  50.260 0.0000000000
69965  45.461  -38.625  49.911 0.0000000000
69964  46.082  -38.151  50.241 0.0000000000
72630  46.566  -36.528  49.193 0.0000000000
74082  46.589  -35.699  48.350 0.0000000000
74099  46.430  -35.337  47.737 0.0000000000
72649  45.820  -35.911  47.867 0.0000000000
72650  45.045  -36.242  47.742 0.0000000000
72660  44.340  -36.018  47.165 0.0000000000
72652  43.333  -37.050  47.220 0.0000000000
72662  42.161  -36.519  46.414 0.0000000000
72667  41.161  -36.495  45.714 0.0000000000
72668  40.455  -37.109  45.199 0.0000000000
71284  40.088  -37.685  44.710 0.0000000000
70017  39.941  -39.062  43.681 0.0000000000
68726  40.114  -40.249  42.751 0.0000000000
67394  39.831  -40.756  42.425 0.0000000000
65989  38.620  -41.219  47.297 0.0000000000
66010  37.880  -40.753  46.471 0.0000000000
67338  36.228  -40.482  45.487 0.0000000000
67374  35.447  -39.791  44.269 0.0000000000
55291  37.328  -50.110  52.818 0.0000000000
55292  37.094  -49.539  52.454 0.0000000000
55316  36.226  -49.738  51.488 0.0000000000
56659  35.877  -48.440  51.058 0.0000000000
58050  34.868  -47.791  49.385 0.0000000000
55345  30.111  -48.529  48.815 0.0000000000
56701  30.894  -48.055  48.587 0.0000000000
92999  60.634  -21.399  35.484 0.0000000000
93007  60.103  -21.775  34.914 0.0000000000
91645  59.571  -22.770  34.949 0.0000000000
90235  59.034  -23.662  34.849 0.0000000000
51288  27.009  -51.540  62.650 0.0000000000
49921  26.377  -52.068  62.857 0.0000000000
48527  24.810  -53.155  63.403 0.0000000000
48528  24.339  -53.059  63.452 0.0000000000
48483  25.422  -52.781  65.154 0.0000000000
48461  25.206  -52.834  65.655 0.0000000000
48529  23.971  -52.824  63.535 0.0000000000
49905  23.519  -52.628  63.181 0.0000000000
49906  23.226  -52.084  63.587 0.0000000000
51258  23.022  -51.493  64.035 0.0000000000
51239  23.628  -51.433  64.801 0.0000000000
52600  22.479  -50.897  63.719 0.0000000000
53894  21.455  -50.009  63.851 0.0000000000
48473  36.792  -53.165  63.063 0.0000000000
47076  37.049  -53.434  62.196 0.0000000000
47089  37.034  -53.512  61.878 0.0000000000
47102  37.184  -53.546  61.761 0.0000000000
48564  33.637  -52.794  62.242 0.0000000000
49939  32.894  -52.437  62.131 0.0000000000
49833  32.399  -52.019  64.743 0.0000000000
49857  32.188  -52.383  64.388 0.0000000000
48503  32.583  -52.706  63.635 0.0000000000
48504  31.833  -52.695  64.033 0.0000000000
48524  32.239  -52.765  63.590 0.0000000000
48544  32.410  -52.812  62.984 0.0000000000
49918  32.380  -52.628  62.680 0.0000000000
51305  31.449  -51.850  61.987 0.0000000000
51286  29.875  -51.573  63.244 0.0000000000
51307  30.165  -51.483  62.673 0.0000000000
52649  29.844  -51.115  62.013 0.0000000000
78286  47.922  -31.948  39.940 0.0000000000
78295  47.349  -32.053  39.416 0.0000000000
78332  46.474  -32.827  37.138 0.0000000000
87238  55.754  -25.078  49.947 0.0000000000
87239  55.085  -25.036  50.520 0.0000000000
87240  54.278  -25.181  50.764 0.0000000000
87241  53.399  -25.227  51.086 0.0000000000
87242  52.585  -25.286  51.312 0.0000000000
87243  51.915  -25.456  51.569 0.0000000000
85903  51.764  -26.057  53.211 0.0000000000
85918  51.404  -26.129  52.503 0.0000000000
85919  50.915  -26.678  52.369 0.0000000000
83366  50.342  -28.652  52.156 0.0000000000
67235  49.850  -39.804  53.599 0.0000000000
67236  49.127  -39.815  53.308 0.0000000000
67237  48.276  -39.899  52.857 0.0000000000
67255  47.436  -39.971  52.380 0.0000000000
61876  46.777  -43.694  54.319 0.0000000000
63241  47.325  -42.994  54.093 0.0000000000
63257  47.139  -42.444  53.447 0.0000000000
64610  47.180  -41.639  52.964 0.0000000000
65916  46.824  -40.739  52.208 0.0000000000
67256  46.750  -40.118  51.866 0.0000000000
67274  46.210  -40.305  51.320 0.0000000000
67275  45.673  -40.503  50.720 0.0000000000
67288  45.184  -40.639  50.050 0.0000000000
65958  45.001  -41.509  49.742 0.0000000000
67289  44.677  -40.737  49.341 0.0000000000
67298  44.253  -40.820  48.456 0.0000000000
67323  43.210  -40.679  47.225 0.0000000000
66004  43.064  -41.019  46.831 0.0000000000
65985  43.259  -41.311  47.299 0.0000000000
65986  42.886  -41.583  47.168 0.0000000000
64726  41.078  -41.570  46.992 0.0000000000
65991  36.752  -41.827  47.687 0.0000000000
64689  37.750  -42.436  48.804 0.0000000000
54058  33.317  -50.734  52.406 0.0000000000
54059  32.833  -50.699  52.258 0.0000000000
51493  29.138  -51.250  51.030 0.0000000000
52857  28.674  -51.199  50.010 0.0000000000
96676  57.586  -18.744  36.745 0.0000000000
94326  56.425  -20.144  35.284 0.0000000000
94336  56.002  -20.541  34.847 0.0000000000
94328  55.092  -20.691  35.791 0.0000000000
93000  55.229  -20.838  34.971 0.0000000000
91634  53.278  -22.068  35.636 0.0000000000
90242  52.010  -23.630  34.747 0.0000000000
90241  52.788  -23.508  34.464 0.0000000000
52748  24.991  -51.391  55.878 0.0000000000
51327  25.781  -51.562  60.801 0.0000000000
49956  25.179  -52.193  60.947 0.0000000000
51328  25.181  -52.050  60.576 0.0000000000
48569  23.506  -53.112  61.516 0.0000000000
48598  23.072  -53.308  59.463 0.0000000000
48596  23.987  -53.317  59.046 0.0000000000
51320  43.475  -51.285  59.666 0.0000000000
55207  45.095  -48.952  59.429 0.0000000000
55224  45.699  -48.671  58.834 0.0000000000
53980  45.410  -48.778  58.331 0.0000000000
55253  44.685  -48.986  58.017 0.0000000000
55259  44.652  -48.735  57.733 0.0000000000
53995  43.376  -49.879  58.084 0.0000000000
55260  43.952  -48.990  57.650 0.0000000000
56604  43.672  -48.287  57.421 0.0000000000
56605  42.790  -48.388  57.451 0.0000000000
56616  42.402  -47.662  57.067 0.0000000000
57974  42.075  -46.923  56.473 0.0000000000
57975  41.080  -47.104  56.276 0.0000000000
56618  40.437  -48.138  56.261 0.0000000000
56619  39.764  -48.682  55.869 0.0000000000
55268  40.221  -49.409  56.372 0.0000000000
55272  38.728  -49.547  54.907 0.0000000000
54039  38.060  -50.525  53.760 0.0000000000
51413  40.242  -52.607  56.701 0.0000000000
51434  39.394  -52.268  55.907 0.0000000000
51435  39.058  -51.985  55.217 0.0000000000
50068  38.547  -52.578  55.430 0.0000000000
50081  38.707  -52.328  55.158 0.0000000000
52776  38.412  -51.224  54.191 0.0000000000
54056  37.528  -50.637  53.167 0.0000000000
52814  37.175  -51.065  52.883 0.0000000000
52815  36.606  -51.133  52.664 0.0000000000
50093  36.958  -51.782  53.714 0.0000000000
52816  35.894  -51.254  52.711 0.0000000000
52817  35.071  -51.103  52.682 0.0000000000
47125  37.011  -53.686  60.179 0.0000000000
47138  37.015  -53.494  59.554 0.0000000000
48577  36.410  -53.369  60.011 0.0000000000
51358  33.531  -51.618  58.882 0.0000000000
51357  34.433  -51.634  58.447 0.0000000000
50005  35.736  -52.029  57.285 0.0000000000
50024  35.477  -52.002  56.258 0.0000000000
51417  34.297  -51.351  55.389 0.0000000000
52777  34.064  -51.381  53.938 0.0000000000
51469  31.452  -51.403  52.598 0.0000000000
51458  31.724  -51.399  53.345 0.0000000000
51471  29.642  -51.362  52.295 0.0000000000
52782  29.113  -50.149  54.772 0.0000000000
54062  26.598  -50.690  52.350 0.0000000000
52825  26.628  -51.181  51.740 0.0000000000
52840  26.378  -51.549  51.177 0.0000000000
86156  50.816  -27.045  39.287 0.0000000000
84851  49.825  -27.153  38.698 0.0000000000
84852  49.248  -27.731  38.388 0.0000000000
83542  48.671  -28.831  38.375 0.0000000000
79600  48.830  -31.914  37.555 0.0000000000
78303  47.764  -32.880  39.046 0.0000000000
76973  47.887  -33.382  37.790 0.0000000000
75622  47.506  -34.532  36.243 0.0000000000
56417  25.803  -49.179  68.284 0.0000000000
55086  25.209  -49.751  69.348 0.0000000000
55072  25.124  -49.292  69.965 0.0000000000
53809  25.012  -49.877  69.640 0.0000000000
53810  24.719  -49.953  69.620 0.0000000000
52507  24.681  -50.085  68.991 0.0000000000
53828  24.071  -49.766  68.858 0.0000000000
55040  23.395  -49.161  70.370 0.0000000000
55058  23.187  -49.448  70.043 0.0000000000
53811  23.800  -49.727  69.491 0.0000000000
52524  23.699  -50.286  68.271 0.0000000000
53847  23.181  -50.061  68.149 0.0000000000
55120  21.635  -49.158  67.154 0.0000000000
53871  21.941  -49.713  66.092 0.0000000000
53895  20.651  -49.848  64.296 0.0000000000
52525  18.685  -51.236  69.356 0.0000000000
53862  19.369  -50.311  67.197 0.0000000000
52574  18.309  -51.381  66.198 0.0000000000
53873  19.450  -50.255  66.346 0.0000000000
53886  19.527  -50.130  65.513 0.0000000000
53896  19.713  -50.124  64.626 0.0000000000
53908  19.845  -50.242  63.688 0.0000000000
52654  19.230  -50.881  62.173 0.0000000000
52655  18.521  -51.317  61.648 0.0000000000
51292  17.951  -51.869  61.983 0.0000000000
48550  16.200  -53.547  62.451 0.0000000000
97891  58.789  -17.859  36.787 0.0000000000
96655  57.974  -18.140  37.138 0.0000000000
96656  57.428  -18.852  37.629 0.0000000000
95473  57.431  -19.118  38.429 0.0000000000
95474  57.038  -19.563  38.224 0.0000000000
95487  56.281  -20.113  37.655 0.0000000000
94292  55.938  -20.988  37.728 0.0000000000
92973  55.748  -21.362  37.881 0.0000000000
92963  55.465  -21.880  38.180 0.0000000000
95431  59.269  -19.816  41.034 0.0000000000
95443  58.766  -19.739  40.509 0.0000000000
94263  57.881  -20.501  39.776 0.0000000000
92927  58.222  -21.364  40.243 0.0000000000
92945  57.638  -21.304  39.730 0.0000000000
92947  56.413  -21.462  38.934 0.0000000000
91607  55.184  -22.129  38.083 0.0000000000
90190  53.296  -23.599  38.226 0.0000000000
90177  54.739  -23.798  39.205 0.0000000000
88793  53.157  -24.421  38.671 0.0000000000
87466  52.482  -25.111  38.930 0.0000000000
87450  52.150  -25.809  39.298 0.0000000000
87431  55.083  -25.467  40.452 0.0000000000
86136  54.782  -26.186  40.737 0.0000000000
86152  54.051  -25.886  40.168 0.0000000000
84846  51.332  -27.685  39.890 0.0000000000
83537  51.317  -28.526  40.422 0.0000000000
80875  51.048  -31.068  40.712 0.0000000000
83509  54.200  -28.640  42.443 0.0000000000
82204  53.380  -29.266  42.196 0.0000000000
82205  52.750  -29.805  42.052 0.0000000000
78283  50.968  -32.581  40.403 0.0000000000
78282  51.095  -32.632  40.908 0.0000000000
76932  50.478  -33.177  40.806 0.0000000000
76917  50.853  -32.717  41.509 0.0000000000
76919  49.949  -33.059  41.123 0.0000000000
76920  49.492  -33.131  40.914 0.0000000000
78284  48.912  -32.765  40.865 0.0000000000
79558  48.860  -32.145  41.231 0.0000000000
83400  56.270  -27.501  48.287 0.0000000000
80748  55.869  -28.109  47.938 0.0000000000
82076  55.840  -27.866  47.858 0.0000000000
80750  55.718  -28.202  47.469 0.0000000000
82108  54.713  -28.742  46.219 0.0000000000
82126  53.813  -29.172  45.462 0.0000000000
84725  53.867  -26.770  48.410 0.0000000000
83420  53.610  -27.444  47.372 0.0000000000
83421  52.417  -27.065  47.760 0.0000000000
83449  53.626  -28.492  46.180 0.0000000000
82110  53.525  -28.695  45.855 0.0000000000
82147  53.372  -29.370  44.901 0.0000000000
80803  52.193  -30.437  43.819 0.0000000000
80822  51.385  -31.035  43.456 0.0000000000
79541  49.898  -31.666  42.369 0.0000000000
79542  49.115  -31.682  41.676 0.0000000000
79574  48.563  -32.055  40.871 0.0000000000
79575  48.055  -31.635  40.523 0.0000000000
79560  47.643  -31.059  40.734 0.0000000000
82207  47.392  -30.032  41.557 0.0000000000
82023  51.436  -29.446  52.915 0.0000000000
82031  51.075  -29.693  52.458 0.0000000000
82032  50.455  -29.753  51.910 0.0000000000
74019  52.354  -34.956  51.605 0.0000000000
69939  47.940  -38.493  51.627 0.0000000000
69952  49.257  -37.677  51.514 0.0000000000
71221  49.891  -36.740  51.206 0.0000000000
71220  50.546  -36.482  51.420 0.0000000000
72601  50.982  -36.071  51.461 0.0000000000
74036  51.853  -34.981  51.179 0.0000000000
74018  52.494  -34.532  51.709 0.0000000000
75427  51.993  -33.968  51.066 0.0000000000
76796  51.665  -33.547  51.066 0.0000000000
78125  51.102  -32.799  51.029 0.0000000000
76818  50.267  -33.854  49.924 0.0000000000
79420  51.290  -31.846  51.482 0.0000000000
80724  50.619  -30.845  51.556 0.0000000000
80725  49.856  -30.801  50.960 0.0000000000
80736  49.332  -30.751  50.454 0.0000000000
79453  48.165  -31.557  48.966 0.0000000000
78168  48.327  -32.711  48.672 0.0000000000
79454  47.556  -31.722  48.424 0.0000000000
79462  46.903  -31.929  47.679 0.0000000000
78200  45.380  -32.664  45.989 0.0000000000
74105  46.013  -34.852  47.236 0.0000000000
75513  45.760  -34.434  46.703 0.0000000000
75515  44.135  -34.737  46.308 0.0000000000
75522  45.222  -34.139  46.188 0.0000000000
76854  45.633  -33.542  46.308 0.0000000000
78209  44.709  -32.621  45.534 0.0000000000
78221  43.082  -32.539  44.097 0.0000000000
76895  42.045  -33.041  44.017 0.0000000000
70031  38.287  -37.791  42.051 0.0000000000
70050  38.397  -38.244  41.238 0.0000000000
66021  42.205  -40.947  45.878 0.0000000000
66056  41.344  -41.067  44.185 0.0000000000
66057  41.047  -41.392  43.850 0.0000000000
66077  41.171  -41.087  43.644 0.0000000000
66079  40.392  -41.201  42.914 0.0000000000
67395  38.957  -40.702  41.908 0.0000000000
67326  38.742  -40.744  45.759 0.0000000000
68692  37.292  -39.852  44.082 0.0000000000
59267  40.968  -46.494  55.671 0.0000000000
59294  40.427  -46.326  54.970 0.0000000000
59321  39.987  -45.623  54.117 0.0000000000
59322  39.148  -46.337  53.817 0.0000000000
59338  39.665  -45.580  53.346 0.0000000000
59357  39.439  -45.373  52.853 0.0000000000
60663  38.497  -44.879  51.753 0.0000000000
58014  37.351  -48.060  53.049 0.0000000000
59341  37.548  -46.551  52.616 0.0000000000
59359  37.884  -45.785  52.291 0.0000000000
61929  37.490  -44.737  50.778 0.0000000000
63361  35.241  -43.551  47.906 0.0000000000
63369  34.824  -43.220  47.370 0.0000000000
63370  34.258  -43.441  46.990 0.0000000000
55333  34.346  -48.806  49.865 0.0000000000
56679  34.600  -48.323  49.464 0.0000000000
58051  34.561  -47.951  49.187 0.0000000000
58070  34.422  -47.548  48.861 0.0000000000
56700  32.058  -48.032  48.616 0.0000000000
58072  32.655  -47.454  48.253 0.0000000000
58071  33.581  -47.392  48.370 0.0000000000
59390  34.228  -46.580  48.371 0.0000000000
60706  34.335  -45.604  48.083 0.0000000000
60718  33.356  -45.452  47.309 0.0000000000
61986  33.811  -44.935  47.496 0.0000000000
61985  34.350  -44.657  47.750 0.0000000000
62000  34.208  -44.042  47.374 0.0000000000
64730  33.593  -42.855  46.225 0.0000000000
95526  57.795  -19.878  34.728 0.0000000000
94334  57.717  -20.647  34.494 0.0000000000
91647  57.593  -22.667  34.311 0.0000000000
87504  58.200  -25.614  34.728 0.0000000000
86216  55.459  -26.480  33.235 0.0000000000
86173  49.407  -26.616  37.579 0.0000000000
86182  48.989  -26.378  36.361 0.0000000000
84864  48.208  -27.714  36.383 0.0000000000
86194  48.469  -26.980  36.049 0.0000000000
45779  39.530  -53.644  60.074 0.0000000000
45781  38.695  -53.860  60.573 0.0000000000
45786  39.963  -53.743  59.508 0.0000000000
45787  39.657  -53.700  59.719 0.0000000000
45788  39.079  -53.736  59.806 0.0000000000
45796  39.991  -53.834  59.317 0.0000000000
45816  38.640  -54.125  59.142 0.0000000000
47075  37.353  -53.479  62.163 0.0000000000
47087  38.474  -53.760  61.753 0.0000000000
47098  39.542  -53.717  61.002 0.0000000000
47109  40.752  -53.482  60.022 0.0000000000
47112  38.186  -53.956  61.187 0.0000000000
47120  41.345  -53.467  59.776 0.0000000000
47122  39.875  -53.646  59.842 0.0000000000
47123  38.193  -53.842  59.938 0.0000000000
47132  41.670  -53.352  59.525 0.0000000000
47135  39.953  -54.022  58.902 0.0000000000
47150  40.341  -53.725  58.510 0.0000000000
47151  39.694  -53.950  58.532 0.0000000000
47152  39.170  -54.195  58.546 0.0000000000
47170  40.866  -53.466  58.253 0.0000000000
47175  38.570  -54.103  57.928 0.0000000000
47192  40.443  -53.413  57.693 0.0000000000
47193  40.100  -53.552  57.692 0.0000000000
48424  27.026  -52.297  67.352 0.0000000000
48425  26.837  -52.212  67.543 0.0000000000
48432  27.199  -52.245  67.186 0.0000000000
48446  25.791  -52.703  66.262 0.0000000000
48474  36.421  -53.020  63.082 0.0000000000
48498  37.247  -53.283  62.652 0.0000000000
48517  39.512  -53.268  61.630 0.0000000000
48538  40.379  -53.197  60.943 0.0000000000
48558  41.357  -53.309  60.184 0.0000000000
48560  40.031  -53.465  60.800 0.0000000000
48574  42.561  -52.675  59.441 0.0000000000
48575  42.050  -53.259  59.738 0.0000000000
48576  41.782  -53.402  60.005 0.0000000000
48604  42.624  -52.593  58.908 0.0000000000
48606  41.640  -53.172  58.669 0.0000000000
48627  41.913  -52.677  58.429 0.0000000000
48628  41.424  -53.133  58.159 0.0000000000
48650  41.171  -53.080  57.853 0.0000000000
48653  39.813  -53.493  57.239 0.0000000000
48694  39.060  -52.997  56.353 0.0000000000
48697  37.933  -52.791  55.468 0.0000000000
49786  26.120  -52.177  68.254 0.0000000000
49788  26.037  -52.178  68.066 0.0000000000
49789  25.827  -52.129  67.937 0.0000000000
49798  26.176  -52.320  67.825 0.0000000000
49799  25.917  -52.398  67.599 0.0000000000
49809  25.700  -52.471  67.147 0.0000000000
49818  28.672  -51.995  66.401 0.0000000000
49819  28.052  -52.085  66.702 0.0000000000
49831  34.130  -52.082  64.573 0.0000000000
49838  24.994  -52.691  65.816 0.0000000000
49852  36.724  -52.821  63.229 0.0000000000
49926  16.221  -53.577  62.174 0.0000000000
49934  42.418  -52.399  60.294 0.0000000000
49945  22.268  -52.119  61.144 0.0000000000
49959  22.652  -52.663  60.518 0.0000000000
49969  43.490  -51.493  59.021 0.0000000000
49986  42.513  -52.435  58.856 0.0000000000
50001  42.702  -51.698  58.629 0.0000000000
50003  41.766  -52.511  58.174 0.0000000000
50021  40.249  -53.223  56.912 0.0000000000
50043  40.382  -52.781  56.827 0.0000000000
50044  40.050  -52.977  56.560 0.0000000000
50066  39.525  -52.586  56.264 0.0000000000
50094  36.512  -51.682  53.466 0.0000000000
51157  26.255  -52.189  68.157 0.0000000000
51158  26.110  -51.975  68.320 0.0000000000
51168  27.088  -51.771  67.692 0.0000000000
51169  26.436  -51.797  68.207 0.0000000000
51215  34.659  -51.712  64.581 0.0000000000
51219  30.643  -51.597  65.510 0.0000000000
51238  24.241  -51.786  65.082 0.0000000000
51274  22.013  -51.319  62.905 0.0000000000
51289  26.329  -52.029  62.546 0.0000000000
51303  42.752  -51.582  60.329 0.0000000000
51312  17.867  -51.785  61.220 0.0000000000
51339  43.953  -51.082  59.014 0.0000000000
51340  43.404  -51.506  59.279 0.0000000000
51353  44.342  -50.416  58.732 0.0000000000
51354  43.877  -51.177  58.865 0.0000000000
51355  43.306  -51.364  58.663 0.0000000000
51362  21.806  -51.880  58.609 0.0000000000
51373  41.916  -51.954  58.268 0.0000000000
51414  39.936  -52.150  56.486 0.0000000000
51436  38.612  -51.720  54.600 0.0000000000
52495  24.026  -50.117  69.611 0.0000000000
52505  26.061  -51.570  68.534 0.0000000000
52506  25.942  -51.698  68.450 0.0000000000
52508  24.041  -49.915  68.945 0.0000000000
52571  33.791  -51.148  65.340 0.0000000000
52618  17.935  -51.557  63.420 0.0000000000
52648  30.547  -51.399  61.727 0.0000000000
52675  18.409  -51.287  60.838 0.0000000000
52688  44.291  -50.656  59.105 0.0000000000
52702  45.211  -49.298  58.535 0.0000000000
52703  44.807  -49.816  58.624 0.0000000000
52711  29.050  -50.513  59.355 0.0000000000
52723  44.245  -50.134  58.457 0.0000000000
52724  43.757  -50.472  58.330 0.0000000000
52726  34.231  -51.410  57.732 0.0000000000
52739  42.725  -50.770  58.045 0.0000000000
53788  23.722  -49.627  70.154 0.0000000000
53799  23.797  -49.787  69.886 0.0000000000
53947  19.956  -50.367  61.276 0.0000000000
53959  45.520  -49.234  59.005 0.0000000000
53960  45.231  -49.510  59.184 0.0000000000
53970  45.546  -49.003  58.671 0.0000000000
53971  45.239  -49.097  58.409 0.0000000000
53972  29.580  -50.582  58.592 0.0000000000
53981  44.995  -49.046  58.273 0.0000000000
53982  44.614  -49.335  58.230 0.0000000000
53984  43.805  -49.903  57.919 0.0000000000
53993  44.430  -49.208  58.014 0.0000000000
54011  30.089  -50.413  56.224 0.0000000000
54072  35.871  -50.476  51.948 0.0000000000
54082  36.453  -50.021  51.751 0.0000000000
55039  23.985  -49.322  70.414 0.0000000000
55041  22.838  -48.725  70.302 0.0000000000
55056  24.491  -49.313  70.196 0.0000000000
55057  24.327  -49.501  70.225 0.0000000000
55073  23.336  -49.552  69.787 0.0000000000
55105  26.053  -49.806  68.223 0.0000000000
55132  22.079  -49.420  66.549 0.0000000000
55145  20.898  -49.500  65.773 0.0000000000
55225  45.657  -48.730  59.100 0.0000000000
55252  44.917  -48.749  57.891 0.0000000000
55307  36.160  -48.931  51.286 0.0000000000
56364  23.975  -49.041  70.642 0.0000000000
56378  24.183  -48.952  70.402 0.0000000000
56552  45.845  -47.966  58.681 0.0000000000
56553  45.816  -48.188  59.064 0.0000000000
56567  46.462  -47.220  57.857 0.0000000000
56586  46.519  -46.904  57.541 0.0000000000
56601  45.594  -47.492  57.309 0.0000000000
57949  45.723  -47.057  56.864 0.0000000000
59244  47.130  -44.854  56.431 0.0000000000
59261  47.289  -44.680  56.223 0.0000000000
59263  46.481  -45.509  56.134 0.0000000000
59287  46.449  -45.163  55.658 0.0000000000
60567  47.648  -43.980  56.846 0.0000000000
60581  47.967  -43.585  56.510 0.0000000000
60594  47.501  -44.387  56.019 0.0000000000
60605  47.534  -44.067  55.660 0.0000000000
60635  45.357  -43.516  52.486 0.0000000000
60658  45.032  -43.566  52.240 0.0000000000
61833  48.124  -43.168  56.874 0.0000000000
61844  47.745  -44.069  55.860 0.0000000000
61864  47.502  -43.695  55.113 0.0000000000
61878  45.467  -44.213  53.638 0.0000000000
61890  44.078  -43.732  52.429 0.0000000000
61903  45.193  -43.303  51.785 0.0000000000
61907  41.686  -43.701  52.082 0.0000000000
61921  45.475  -42.836  51.528 0.0000000000
61925  43.214  -43.440  51.632 0.0000000000
63199  49.444  -41.800  55.721 0.0000000000
63221  48.971  -42.072  55.470 0.0000000000
63255  48.255  -42.187  54.183 0.0000000000
63258  46.470  -43.008  53.047 0.0000000000
63270  45.234  -43.072  51.470 0.0000000000
63338  43.085  -42.637  48.999 0.0000000000
64566  49.629  -41.352  55.274 0.0000000000
64568  48.742  -41.817  54.682 0.0000000000
64588  49.597  -41.027  54.784 0.0000000000
64704  43.406  -41.617  47.729 0.0000000000
64724  42.116  -41.582  46.667 0.0000000000
65903  47.259  -40.921  52.578 0.0000000000
66038  41.470  -41.049  44.692 0.0000000000
66078  40.858  -41.198  43.285 0.0000000000
67299  43.956  -40.606  48.226 0.0000000000
67310  43.995  -41.172  48.084 0.0000000000
68623  49.167  -38.263  51.950 0.0000000000
68669  42.848  -40.134  47.188 0.0000000000
68703  40.962  -40.154  44.012 0.0000000000
69938  48.348  -38.494  51.814 0.0000000000
69951  49.866  -37.483  51.677 0.0000000000
69987  42.311  -38.701  46.720 0.0000000000
71234  48.490  -36.761  50.211 0.0000000000
71246  45.716  -37.069  49.042 0.0000000000
71256  44.764  -36.985  48.253 0.0000000000
71268  42.332  -37.619  46.759 0.0000000000
71299  38.154  -37.238  42.809 0.0000000000
72600  51.460  -36.085  51.763 0.0000000000
72612  51.384  -35.481  51.252 0.0000000000
72626  50.405  -35.216  50.374 0.0000000000
72639  46.826  -35.849  48.823 0.0000000000
73998  52.605  -34.619  51.896 0.0000000000
73999  52.557  -35.064  52.124 0.0000000000
74037  51.300  -35.003  50.713 0.0000000000
74040  49.272  -35.804  50.011 0.0000000000
74058  50.757  -34.956  50.412 0.0000000000
74078  49.625  -34.624  49.560 0.0000000000
74132  40.260  -35.006  44.238 0.0000000000
75425  52.545  -34.114  51.821 0.0000000000
75426  52.275  -34.237  51.416 0.0000000000
75443  52.090  -34.656  51.267 0.0000000000
75460  51.266  -34.596  50.671 0.0000000000
75462  50.414  -34.472  50.107 0.0000000000
75474  49.412  -34.323  49.357 0.0000000000
75525  42.820  -34.593  45.554 0.0000000000
75537  40.771  -34.349  44.469 0.0000000000
75589  49.280  -34.012  38.363 0.0000000000
76774  52.438  -33.505  51.687 0.0000000000
76775  52.152  -33.516  51.354 0.0000000000
76817  50.624  -34.161  50.278 0.0000000000
76829  48.538  -33.743  48.567 0.0000000000
76839  47.647  -33.724  47.646 0.0000000000
76865  45.024  -33.501  45.792 0.0000000000
76882  41.439  -33.665  44.348 0.0000000000
76918  50.466  -32.850  41.312 0.0000000000
76940  50.835  -33.070  40.628 0.0000000000
78102  52.303  -33.075  51.583 0.0000000000
78124  51.979  -32.657  51.468 0.0000000000
78220  43.557  -32.484  44.574 0.0000000000
78234  51.907  -32.134  43.141 0.0000000000
78248  52.175  -32.131  42.945 0.0000000000
78269  50.658  -32.597  41.830 0.0000000000
78271  49.388  -32.607  41.367 0.0000000000
78316  48.726  -32.180  37.079 0.0000000000
78331  48.687  -31.921  36.698 0.0000000000
79418  52.405  -32.025  51.937 0.0000000000
79436  50.166  -32.361  50.258 0.0000000000
79519  52.308  -31.684  43.276 0.0000000000
79540  50.483  -32.061  42.538 0.0000000000
79543  48.585  -31.079  41.600 0.0000000000
80712  52.313  -30.817  52.440 0.0000000000
80749  55.906  -28.098  47.719 0.0000000000
80760  55.991  -28.099  47.844 0.0000000000
80763  55.193  -28.669  46.378 0.0000000000
80773  55.916  -28.548  46.765 0.0000000000
80805  50.638  -29.810  43.750 0.0000000000
80818  55.110  -29.907  43.961 0.0000000000
82030  51.757  -30.130  52.590 0.0000000000
82042  56.166  -27.334  48.790 0.0000000000
82043  55.964  -27.396  48.653 0.0000000000
82059  55.753  -27.627  48.242 0.0000000000
82060  55.542  -27.699  47.916 0.0000000000
82061  55.009  -27.563  47.808 0.0000000000
82075  56.004  -27.890  47.959 0.0000000000
82077  55.573  -27.911  47.704 0.0000000000
82079  48.926  -28.141  48.035 0.0000000000
82089  56.160  -28.488  46.830 0.0000000000
82090  55.148  -28.150  47.136 0.0000000000
82092  54.434  -28.423  46.512 0.0000000000
82093  50.338  -27.780  46.906 0.0000000000
82105  56.453  -28.370  46.809 0.0000000000
82123  56.354  -28.697  45.863 0.0000000000
82124  55.894  -29.071  45.581 0.0000000000
82125  54.428  -29.122  45.746 0.0000000000
82185  54.741  -29.409  43.242 0.0000000000
83381  56.040  -27.128  48.873 0.0000000000
83386  49.164  -29.005  50.420 0.0000000000
83401  55.477  -27.500  48.206 0.0000000000
83418  56.471  -27.817  47.645 0.0000000000
83434  54.454  -28.161  46.779 0.0000000000
83435  53.835  -28.119  46.615 0.0000000000
83451  51.741  -27.846  46.270 0.0000000000
83480  56.399  -28.464  44.750 0.0000000000
83508  54.705  -28.617  42.637 0.0000000000
83532  52.473  -28.520  41.211 0.0000000000
84708  54.759  -26.360  49.397 0.0000000000
84730  49.396  -28.365  50.193 0.0000000000
84784  56.551  -28.082  44.199 0.0000000000
84856  48.996  -27.287  37.762 0.0000000000
85943  50.908  -26.262  51.860 0.0000000000
85955  56.130  -26.088  49.462 0.0000000000
85956  55.702  -26.151  49.559 0.0000000000
86115  56.013  -26.323  41.548 0.0000000000
87221  51.976  -25.381  52.012 0.0000000000
87446  55.249  -25.047  40.254 0.0000000000
88841  52.299  -24.196  34.342 0.0000000000
90189  54.329  -23.219  38.485 0.0000000000
90210  51.689  -23.810  37.320 0.0000000000
91559  57.666  -22.478  40.282 0.0000000000
91590  54.899  -22.535  38.347 0.0000000000
91609  53.849  -22.320  37.354 0.0000000000
92974  55.339  -21.484  37.715 0.0000000000
94280  56.883  -20.321  38.629 0.0000000000
94327  55.499  -20.548  35.360 0.0000000000
