#!ascii label  , from subject 3075 vox2ras=TkReg
1187
112766  19.201  -5.222  -17.427 0.2500000000
112780  19.790  -5.559  -18.176 0.2500000000
112779  20.647  -5.353  -18.607 0.7500000000
117087  18.228  -2.053  -16.982 0.2500000000
116029  18.508  -2.655  -17.208 0.1250000000
117086  18.742  -1.571  -17.478 0.3750000000
116028  19.167  -2.691  -17.623 0.2500000000
113888  19.468  -4.462  -17.622 0.2500000000
113908  20.684  -4.471  -18.922 0.7500000000
113909  20.106  -4.496  -18.269 0.3750000000
111642  21.276  -5.999  -19.007 0.8750000000
111656  21.896  -6.392  -19.135 0.8750000000
117085  19.285  -2.152  -17.865 0.3750000000
116046  19.601  -2.718  -18.225 0.3750000000
114981  20.574  -3.525  -19.266 0.8750000000
114982  20.035  -3.588  -18.676 0.7500000000
113923  22.557  -4.356  -19.158 1.0000000000
113925  21.090  -4.194  -19.349 1.0000000000
112791  22.658  -5.435  -19.138 1.0000000000
113907  21.369  -4.746  -18.986 0.8750000000
112776  23.512  -5.460  -18.805 1.0000000000
117065  18.361  -0.867  -16.924 0.2500000000
117104  19.516  -1.654  -18.250 0.7500000000
117103  20.373  -1.647  -18.919 0.8750000000
116063  20.776  -2.602  -19.350 0.8750000000
116045  20.101  -2.630  -18.851 0.7500000000
114996  23.419  -3.504  -19.052 1.0000000000
114998  22.057  -3.512  -19.450 1.0000000000
116061  22.364  -2.627  -19.466 1.0000000000
113905  24.510  -4.489  -18.214 1.0000000000
113922  23.145  -4.361  -19.008 1.0000000000
113906  23.781  -4.443  -18.613 1.0000000000
112790  22.986  -4.919  -19.156 1.0000000000
117067  17.372  -0.686  -15.940 0.1250000000
117105  19.094  -1.279  -17.946 0.6250000000
118176  21.378  -0.895  -19.273 1.0000000000
118158  20.660  -0.739  -19.200 0.8750000000
117122  21.835  -1.769  -19.130 1.0000000000
116042  24.998  -2.903  -18.159 1.0000000000
116043  24.427  -2.458  -18.466 1.0000000000
116060  23.115  -2.679  -19.466 1.0000000000
117120  23.271  -2.169  -19.173 1.0000000000
114961  25.787  -3.485  -17.156 1.0000000000
114980  24.059  -3.495  -18.549 1.0000000000
114959  27.571  -3.760  -16.522 1.0000000000
113887  25.169  -4.605  -17.742 1.0000000000
121698  19.459  3.482  -17.284 0.2500000000
118127  17.934  -0.287  -16.773 0.2500000000
119245  18.638  0.594  -17.922 0.3750000000
118160  18.976  -0.646  -18.147 0.5000000000
119258  21.047  -0.125  -19.273 1.0000000000
119244  19.281  0.505  -18.543 0.6250000000
119257  21.696  -0.200  -19.235 1.0000000000
118156  23.627  -0.657  -18.477 1.0000000000
118174  22.536  -0.735  -18.966 1.0000000000
116025  26.248  -2.436  -17.213 1.0000000000
116026  25.235  -2.354  -17.798 1.0000000000
117084  24.924  -1.127  -17.998 1.0000000000
117062  29.208  -1.792  -15.977 1.0000000000
114948  27.468  -3.131  -16.517 1.0000000000
117061  30.499  -2.090  -16.128 1.0000000000
116010  29.683  -2.935  -16.220 1.0000000000
121715  20.180  3.142  -18.072 0.5000000000
121716  19.338  3.026  -17.768 0.3750000000
120416  19.697  2.388  -18.195 0.3750000000
120433  18.888  1.353  -18.110 0.5000000000
121727  21.017  2.395  -18.565 0.5000000000
120429  22.451  1.335  -18.369 0.8750000000
119242  21.216  0.657  -19.123 1.0000000000
120414  23.171  1.513  -17.910 1.0000000000
118141  25.413  -0.376  -17.589 1.0000000000
119228  23.952  0.499  -17.979 1.0000000000
118125  28.576  -0.584  -16.230 1.0000000000
118139  26.831  -0.538  -16.948 1.0000000000
118122  31.663  -0.407  -16.436 1.0000000000
122942  20.753  3.981  -17.595 0.5000000000
121714  21.235  2.927  -17.869 0.5000000000
121696  24.221  2.659  -17.027 0.6250000000
121711  24.118  2.197  -17.309 1.0000000000
121725  22.314  2.034  -18.266 0.7500000000
120396  26.060  1.442  -16.872 1.0000000000
120391  31.527  1.561  -15.960 1.0000000000
120392  30.565  1.557  -15.640 1.0000000000
119210  28.976  0.559  -16.175 1.0000000000
119212  26.770  0.461  -16.847 1.0000000000
119207  31.980  0.613  -16.393 1.0000000000
119208  31.153  0.515  -15.874 1.0000000000
119224  32.635  0.695  -17.023 0.8750000000
117058  32.484  -0.688  -17.440 0.8750000000
122941  21.670  3.815  -17.538 0.5000000000
122939  23.412  3.217  -17.406 0.8750000000
121675  28.053  2.498  -15.491 1.0000000000
121694  26.513  2.186  -16.383 1.0000000000
121691  31.871  2.556  -16.181 1.0000000000
121673  29.985  2.563  -15.582 1.0000000000
120395  27.244  1.530  -16.487 1.0000000000
122922  32.001  3.421  -16.770 1.0000000000
120427  33.339  1.481  -18.635 1.0000000000
120410  32.831  1.581  -17.217 1.0000000000
122921  32.420  3.061  -17.309 1.0000000000
121709  33.166  2.067  -18.285 1.0000000000
122927  22.350  4.127  -17.147 0.5000000000
122926  23.546  3.741  -17.179 0.8750000000
122924  24.927  3.217  -15.800 1.0000000000
124011  28.759  4.324  -14.805 1.0000000000
122910  28.392  3.382  -15.161 1.0000000000
122912  26.414  3.367  -15.425 1.0000000000
125122  31.149  5.029  -17.995 1.0000000000
124025  31.260  4.361  -16.908 1.0000000000
124049  31.778  4.603  -19.303 1.0000000000
124038  31.812  4.281  -18.038 1.0000000000
124024  31.801  3.913  -17.269 1.0000000000
122959  32.819  3.334  -19.576 1.0000000000
124037  32.318  3.715  -18.418 1.0000000000
121735  33.376  2.466  -19.718 0.8750000000
127223  25.961  7.933  -13.615 1.0000000000
127244  24.670  6.989  -14.315 0.3750000000
126138  25.880  7.125  -13.619 0.8750000000
125080  28.326  6.055  -14.672 1.0000000000
125133  30.609  5.566  -18.272 1.0000000000
126179  30.508  5.803  -17.048 1.0000000000
128267  25.092  8.661  -13.789 0.8750000000
127222  27.066  8.057  -13.886 1.0000000000
126136  27.199  7.496  -13.818 1.0000000000
127243  27.764  7.943  -14.240 1.0000000000
126153  29.175  6.486  -15.061 1.0000000000
126191  30.311  5.985  -17.650 1.0000000000
126192  29.894  6.741  -17.923 1.0000000000
125143  30.252  5.797  -19.347 1.0000000000
129228  25.465  9.613  -13.965 0.7500000000
128285  27.752  8.723  -14.339 1.0000000000
128296  28.686  8.554  -15.326 1.0000000000
127282  29.443  7.478  -17.328 1.0000000000
128304  29.285  7.816  -16.729 1.0000000000
128265  27.020  9.023  -13.920 1.0000000000
128284  28.310  8.780  -14.844 1.0000000000
128305  28.952  8.264  -16.291 1.0000000000
133256  21.422  14.307  -12.410 0.1250000000
133234  20.972  14.171  -11.828 0.1250000000
134271  22.416  14.566  -13.622 0.2500000000
134272  21.970  14.843  -13.230 0.1250000000
134285  22.970  14.895  -14.158 0.3750000000
134287  21.560  15.460  -13.351 0.2500000000
135363  23.472  15.548  -14.978 0.5000000000
135364  22.195  16.143  -14.693 0.2500000000
135381  22.909  16.367  -15.435 0.3750000000
135346  21.297  15.930  -13.021 0.2500000000
135365  21.330  16.126  -13.858 0.2500000000
136404  21.417  16.937  -14.496 0.2500000000
135382  22.241  16.680  -15.362 0.2500000000
136430  21.259  17.433  -16.120 0.2500000000
136417  22.238  16.763  -15.923 0.3750000000
136418  21.645  17.204  -15.566 0.2500000000
137418  22.224  16.839  -17.234 0.3750000000
137409  21.692  17.161  -16.949 0.2500000000
114963  19.618  -3.574  -17.919 0.2500000000
113886  25.823  -4.627  -17.235 1.0000000000
121677  26.041  2.685  -15.783 0.8750000000
122908  30.374  3.574  -15.590 1.0000000000
111630  18.628  -6.599  -16.790 0.1250000000
111643  20.593  -6.383  -18.699 0.6250000000
110454  21.593  -7.074  -18.839 0.7500000000
116030  18.061  -2.566  -16.672 0.1250000000
110453  22.510  -7.088  -18.772 1.0000000000
113889  18.627  -4.420  -17.091 0.1250000000
112777  23.184  -5.974  -18.927 1.0000000000
112765  24.998  -5.454  -17.975 1.0000000000
112763  26.560  -5.629  -16.912 1.0000000000
119214  17.578  0.413  -16.525 0.3750000000
120399  18.342  2.664  -17.045 0.2500000000
120418  18.394  1.686  -17.273 0.2500000000
117080  30.732  -2.779  -16.657 0.8750000000
118153  33.292  0.117  -18.565 0.8750000000
117077  32.374  -1.193  -18.013 0.8750000000
119255  33.480  0.748  -19.057 0.8750000000
127246  22.873  7.333  -14.827 0.1250000000
126159  23.494  6.635  -14.868 0.1250000000
124029  22.754  4.741  -16.530 0.3750000000
124015  24.777  4.447  -15.508 0.6250000000
124048  32.364  3.957  -18.963 1.0000000000
120442  33.561  1.538  -19.421 0.8750000000
127224  24.885  7.628  -14.079 0.5000000000
126158  24.440  6.446  -14.566 0.3750000000
125083  25.161  5.411  -14.782 0.8750000000
125132  31.179  5.167  -18.786 1.0000000000
125154  30.228  5.702  -20.558 1.0000000000
125144  29.710  6.240  -19.554 1.0000000000
128266  26.168  8.817  -13.953 1.0000000000
126204  29.582  6.720  -18.780 1.0000000000
130278  25.987  10.595  -13.985 0.8750000000
130289  27.273  10.638  -14.618 1.0000000000
129258  28.498  9.301  -15.771 1.0000000000
127283  29.030  7.925  -17.436 1.0000000000
132228  21.025  13.438  -10.721 0.1250000000
132259  21.197  12.563  -12.145 0.1250000000
132280  23.803  13.408  -14.132 0.6250000000
135380  24.274  16.254  -15.741 0.5000000000
134273  21.583  15.095  -12.696 0.2500000000
136427  23.519  16.750  -16.729 0.5000000000
135329  21.430  15.684  -12.227 0.2500000000
136385  21.173  16.679  -13.356 0.2500000000
136416  23.115  16.787  -16.026 0.5000000000
136439  22.718  16.587  -17.721 0.5000000000
137388  21.248  17.277  -13.780 0.1250000000
137401  20.903  17.807  -15.889 0.2500000000
138376  21.157  17.957  -17.289 0.2500000000
136440  21.772  16.809  -17.973 0.3750000000
138385  21.455  17.788  -18.141 0.2500000000
137400  21.681  17.608  -15.239 0.1250000000
111629  19.248  -6.172  -17.537 0.1250000000
111644  19.876  -6.782  -18.234 0.5000000000
114964  18.931  -3.541  -17.390 0.1250000000
112778  21.224  -5.207  -18.807 0.8750000000
110468  22.228  -6.614  -19.020 1.0000000000
111655  22.356  -6.255  -19.101 1.0000000000
114999  21.280  -3.499  -19.454 1.0000000000
113924  21.830  -4.456  -19.207 1.0000000000
112775  24.337  -5.405  -18.346 1.0000000000
118159  19.875  -0.611  -18.648 0.8750000000
117102  22.981  -1.140  -19.066 1.0000000000
116027  24.696  -1.821  -18.188 1.0000000000
117100  24.265  -1.348  -18.445 1.0000000000
114960  26.808  -3.440  -16.636 1.0000000000
113885  26.611  -4.527  -16.744 1.0000000000
120443  19.284  1.006  -18.585 0.5000000000
119241  22.252  0.272  -19.006 1.0000000000
119239  23.712  -0.105  -18.207 1.0000000000
116012  27.811  -2.532  -16.504 1.0000000000
117082  26.689  -1.480  -17.033 1.0000000000
117083  25.741  -1.383  -17.419 1.0000000000
117081  27.317  -1.181  -16.763 1.0000000000
117063  28.091  -1.585  -16.459 1.0000000000
117060  31.593  -1.609  -16.369 1.0000000000
120431  20.444  1.855  -18.936 0.6250000000
121713  22.422  2.587  -17.981 0.6250000000
120428  23.028  1.001  -18.202 1.0000000000
120397  24.962  1.881  -17.060 1.0000000000
119225  26.474  -0.034  -17.185 1.0000000000
119226  25.980  0.414  -17.394 1.0000000000
120411  25.964  0.991  -17.271 1.0000000000
118124  29.700  -0.679  -15.889 1.0000000000
118121  32.259  -0.164  -17.046 0.8750000000
117078  31.789  -2.090  -17.552 0.8750000000
121695  25.306  2.509  -16.380 1.0000000000
120376  27.823  1.951  -16.093 1.0000000000
121710  32.799  2.382  -17.691 1.0000000000
119209  30.027  0.563  -15.773 1.0000000000
120393  28.764  1.141  -16.130 1.0000000000
120374  29.600  1.628  -15.583 1.0000000000
118137  33.139  0.391  -18.072 0.8750000000
122909  29.380  3.507  -15.308 1.0000000000
121674  29.017  2.500  -15.387 1.0000000000
121692  30.982  2.569  -15.729 1.0000000000
120375  28.719  1.616  -15.796 1.0000000000
122923  31.315  3.552  -16.022 1.0000000000
122937  32.431  3.290  -17.995 1.0000000000
121724  32.860  2.654  -18.440 1.0000000000
124028  23.795  4.291  -16.382 0.6250000000
124026  25.080  3.864  -15.622 0.7500000000
122913  25.569  3.348  -15.559 1.0000000000
124012  27.734  4.208  -14.877 1.0000000000
124013  26.736  4.184  -15.080 1.0000000000
124010  29.723  4.679  -15.224 1.0000000000
123997  28.991  5.261  -14.648 1.0000000000
125096  29.715  5.649  -15.338 1.0000000000
125123  30.786  5.246  -17.405 1.0000000000
124009  30.691  4.507  -15.856 1.0000000000
126156  26.572  6.514  -13.854 1.0000000000
126157  25.403  6.516  -14.176 0.7500000000
123999  27.048  5.025  -14.792 1.0000000000
125079  29.174  6.042  -14.925 1.0000000000
124000  26.157  4.845  -14.726 1.0000000000
125081  27.316  5.949  -14.542 1.0000000000
125110  30.017  5.868  -15.931 1.0000000000
129227  26.452  9.662  -14.089 0.8750000000
126155  27.646  7.096  -14.153 1.0000000000
127242  28.486  7.906  -14.667 1.0000000000
127257  29.296  7.435  -15.631 1.0000000000
126169  29.525  6.641  -15.473 1.0000000000
126154  28.787  6.789  -14.849 1.0000000000
126203  30.052  6.170  -18.516 1.0000000000
129245  27.975  9.568  -14.967 1.0000000000
127258  28.945  7.874  -15.487 1.0000000000
129268  28.539  9.113  -16.749 1.0000000000
130302  27.887  10.424  -15.521 1.0000000000
129226  27.335  9.712  -14.138 1.0000000000
132244  20.846  13.411  -11.546 0.1250000000
132272  21.750  13.804  -12.826 0.1250000000
132260  21.320  13.505  -12.358 0.1250000000
134261  21.336  14.887  -11.964 0.2500000000
134286  21.939  15.278  -13.883 0.2500000000
133269  22.177  14.025  -13.241 0.3750000000
133268  22.961  13.756  -13.761 0.5000000000
138364  20.847  18.114  -16.474 0.2500000000
137420  21.501  17.384  -17.619 0.2500000000
110427  18.255  -7.301  -16.227 0.1250000000
110442  19.416  -7.360  -17.569 0.1250000000
110455  20.662  -7.436  -18.532 0.6250000000
111641  22.948  -6.430  -18.851 1.0000000000
125085  23.196  6.165  -15.400 0.5000000000
124016  23.961  4.590  -15.623 0.6250000000
124014  25.632  4.310  -15.290 0.8750000000
125097  25.028  4.862  -15.306 0.7500000000
125084  24.054  5.866  -15.076 0.7500000000
125082  26.272  5.674  -14.436 1.0000000000
130277  26.753  10.278  -14.205 1.0000000000
129277  28.399  9.311  -17.616 1.0000000000
132271  22.123  12.852  -13.187 0.3750000000
133278  24.360  13.811  -14.421 0.7500000000
134284  23.996  14.638  -14.584 0.7500000000
133279  23.628  14.091  -14.189 0.5000000000
135362  24.620  15.184  -15.048 0.7500000000
137443  21.523  16.960  -18.911 0.2500000000
136461  22.032  16.467  -19.251 0.3750000000
104442  23.083  -12.290  -17.441 0.7500000000
104440  24.825  -11.898  -17.118 0.7500000000
104443  22.156  -12.350  -17.851 0.7500000000
105639  21.743  -11.591  -18.041 0.7500000000
105636  24.702  -11.140  -17.496 0.7500000000
105637  23.636  -11.215  -17.574 0.7500000000
106901  22.994  -10.606  -17.926 0.7500000000
106887  25.422  -10.579  -17.458 0.7500000000
105652  24.264  -10.567  -17.704 0.7500000000
105653  23.687  -10.415  -17.802 0.7500000000
108123  22.015  -9.124  -18.472 0.7500000000
109267  21.393  -8.225  -18.489 0.6250000000
106919  23.355  -9.868  -18.214 0.7500000000
108122  22.877  -9.099  -18.504 0.8750000000
106899  25.904  -10.082  -17.928 0.7500000000
106900  24.978  -10.161  -17.920 0.7500000000
108120  24.565  -9.222  -18.245 0.7500000000
109264  24.088  -8.265  -18.375 0.8750000000
110452  23.427  -7.327  -18.577 0.8750000000
109254  26.277  -8.401  -17.704 0.7500000000
109255  25.591  -8.480  -18.096 0.7500000000
110450  25.014  -7.711  -18.370 0.8750000000
111640  23.632  -6.531  -18.641 0.8750000000
110440  26.410  -7.554  -17.611 0.7500000000
111638  25.208  -7.136  -18.238 0.8750000000
111628  24.854  -6.003  -18.207 0.8750000000
112761  28.838  -5.697  -17.153 0.8750000000
112762  27.697  -5.491  -16.708 0.8750000000
113868  28.028  -4.347  -16.477 0.8750000000
114976  31.443  -3.408  -19.145 0.3750000000
114957  30.861  -3.690  -18.292 0.6250000000
114958  30.427  -3.890  -17.421 0.7500000000
114945  29.943  -3.899  -16.653 0.7500000000
116069  31.785  -2.596  -20.383 0.5000000000
116059  31.576  -2.513  -19.419 0.5000000000
116041  31.375  -2.687  -18.570 0.7500000000
116022  31.123  -2.919  -17.866 0.7500000000
117157  29.533  -2.155  -22.865 0.1250000000
117147  31.425  -1.682  -21.235 0.3750000000
117135  31.633  -1.586  -20.297 0.6250000000
117099  31.820  -1.948  -18.666 0.6250000000
117098  31.940  -1.232  -18.941 0.6250000000
117167  31.415  -1.902  -23.903 0.1250000000
118214  31.181  -1.658  -23.726 0.1250000000
117155  31.716  -1.138  -22.476 0.1250000000
118212  33.106  -0.755  -23.717 0.1250000000
118195  33.208  -0.245  -21.780 0.6250000000
118186  33.294  -0.117  -20.637 0.6250000000
119267  33.682  0.704  -20.017 0.7500000000
119299  34.693  0.210  -24.890 0.1250000000
119284  33.526  0.458  -22.437 0.1250000000
119274  33.576  0.830  -21.240 0.5000000000
120453  33.767  1.662  -20.353 0.7500000000
117177  33.587  -1.040  -24.128 0.1250000000
120479  33.976  1.010  -23.074 0.5000000000
120469  34.320  1.825  -22.751 0.5000000000
120459  34.315  2.139  -21.977 0.6250000000
121745  33.667  2.529  -20.648 0.7500000000
129229  24.298  9.554  -13.856 0.6250000000
130280  23.633  10.492  -13.664 0.5000000000
130279  24.807  10.492  -13.761 0.7500000000
122981  33.526  3.657  -22.627 0.6250000000
124073  32.460  4.406  -21.828 0.6250000000
124065  32.388  4.283  -20.852 0.8750000000
124091  33.543  4.138  -23.864 0.5000000000
122982  33.029  4.000  -22.101 0.6250000000
124083  32.840  4.786  -23.023 0.6250000000
124066  31.730  4.751  -21.403 0.7500000000
131279  25.261  11.364  -13.815 0.7500000000
124058  31.713  4.689  -20.373 0.8750000000
126217  29.278  6.734  -19.595 0.8750000000
127306  29.276  7.157  -19.082 0.8750000000
125153  31.051  5.303  -20.988 0.7500000000
125165  29.211  6.036  -21.311 0.8750000000
126228  28.883  6.495  -20.499 0.8750000000
127321  28.259  7.319  -20.282 0.8750000000
124092  32.954  4.817  -24.431 0.3750000000
125189  32.141  5.206  -24.216 0.5000000000
125163  31.064  5.256  -22.052 0.6250000000
124097  32.676  4.866  -25.622 0.2500000000
125200  32.273  4.969  -24.905 0.3750000000
125190  31.192  5.314  -24.139 0.5000000000
132269  24.777  12.130  -13.890 0.6250000000
132268  25.382  11.922  -13.936 0.7500000000
131287  26.434  11.401  -14.297 0.8750000000
131288  25.752  11.696  -13.998 0.7500000000
131286  27.148  11.506  -14.773 0.8750000000
128314  28.781  8.436  -17.371 0.8750000000
129287  28.137  9.218  -18.384 0.7500000000
127308  27.955  8.126  -19.730 0.8750000000
125164  30.204  5.638  -21.705 0.6250000000
125201  31.469  5.122  -25.339 0.3750000000
125202  30.349  5.384  -24.855 0.5000000000
126260  27.793  6.108  -22.303 0.7500000000
124098  31.942  5.026  -26.264 0.2500000000
132277  26.931  12.294  -14.753 0.8750000000
131297  27.580  11.317  -15.245 0.8750000000
130323  28.180  10.313  -17.212 0.8750000000
132300  27.635  12.429  -16.624 0.7500000000
129278  28.021  9.791  -18.091 0.8750000000
127322  27.454  7.716  -20.701 0.7500000000
125179  28.358  5.894  -22.240 0.5000000000
126298  29.407  6.397  -25.338 0.2500000000
126291  29.111  5.975  -24.676 0.5000000000
125203  29.625  5.636  -24.425 0.5000000000
125207  31.400  5.174  -26.504 0.2500000000
132270  23.576  12.548  -13.876 0.5000000000
132279  24.570  12.973  -14.195 0.5000000000
133277  25.282  13.532  -14.546 0.6250000000
133276  26.383  13.420  -14.826 0.7500000000
133290  27.495  12.962  -15.880 0.7500000000
133291  26.910  13.613  -15.755 0.7500000000
132319  27.261  12.424  -17.760 0.7500000000
130338  27.122  11.014  -18.676 0.7500000000
131337  27.323  11.520  -18.308 0.7500000000
133319  27.358  13.205  -17.118 0.7500000000
130354  26.780  10.543  -19.227 0.7500000000
129300  27.014  9.527  -19.589 0.7500000000
129301  26.477  9.915  -19.974 0.7500000000
128361  26.571  6.904  -22.629 0.5000000000
127338  26.243  7.712  -22.162 0.3750000000
127323  26.462  8.367  -21.168 0.6250000000
126299  28.699  6.797  -24.970 0.2500000000
126293  27.735  6.380  -24.282 0.3750000000
127366  26.961  6.385  -23.436 0.3750000000
135361  25.486  14.835  -14.940 0.6250000000
134282  25.734  14.207  -14.864 0.7500000000
133305  26.264  14.184  -17.225 0.7500000000
132320  26.812  12.702  -18.413 0.7500000000
131353  26.209  11.464  -19.595 0.7500000000
129315  25.919  9.658  -20.685 0.6250000000
127352  25.483  7.692  -23.048 0.3750000000
128347  25.760  9.018  -21.340 0.3750000000
127388  28.939  7.351  -25.132 0.1250000000
128414  27.339  7.862  -24.235 0.1250000000
128399  26.657  7.066  -23.620 0.2500000000
134300  25.763  14.615  -15.676 0.6250000000
134311  25.920  14.497  -16.338 0.7500000000
133320  26.624  13.445  -17.814 0.6250000000
132344  25.838  12.349  -19.536 0.7500000000
129316  25.225  9.567  -21.503 0.3750000000
131366  25.685  11.180  -20.347 0.3750000000
130366  26.116  10.558  -20.191 0.7500000000
127367  25.133  7.894  -23.358 0.2500000000
127353  25.284  8.120  -22.514 0.3750000000
129351  28.123  9.854  -24.328 0.1250000000
129361  27.625  8.999  -24.976 0.1250000000
128420  29.135  8.422  -25.209 0.1250000000
135379  25.302  15.100  -15.630 0.6250000000
135392  25.174  15.455  -16.599 0.6250000000
134355  25.335  14.058  -18.945 0.3750000000
133321  26.084  14.288  -17.903 0.3750000000
132345  25.044  12.451  -20.108 0.3750000000
129344  23.535  9.515  -22.787 0.2500000000
130367  25.169  10.465  -20.991 0.3750000000
131354  25.571  11.791  -20.030 0.3750000000
129353  26.077  9.121  -23.843 0.1250000000
128382  24.367  8.470  -22.741 0.3750000000
128363  25.207  8.877  -22.101 0.3750000000
129342  28.617  10.109  -23.704 0.1250000000
135419  23.944  15.769  -18.669 0.3750000000
135393  24.429  16.287  -16.985 0.3750000000
134321  25.955  15.527  -17.927 0.3750000000
134356  24.496  14.284  -19.470 0.3750000000
131376  23.328  11.377  -21.620 0.3750000000
132346  24.326  12.764  -20.535 0.3750000000
133352  24.585  13.374  -20.078 0.3750000000
130392  23.366  10.496  -22.513 0.3750000000
130381  24.068  10.481  -21.896 0.3750000000
131368  24.182  11.479  -21.206 0.3750000000
130390  26.364  11.060  -22.986 0.1250000000
128402  23.926  9.083  -23.630 0.1250000000
128403  23.781  9.416  -23.502 0.2500000000
130388  27.919  10.391  -23.253 0.1250000000
134368  23.242  14.556  -20.514 0.2500000000
133366  22.954  13.357  -20.816 0.2500000000
134367  24.112  13.960  -20.259 0.3750000000
131387  22.712  12.325  -22.382 0.1250000000
132354  23.589  12.411  -21.076 0.3750000000
133365  23.814  13.413  -20.573 0.3750000000
131386  22.986  11.523  -22.530 0.1250000000
131377  22.624  11.307  -21.922 0.2500000000
132376  25.598  12.284  -22.965 0.1250000000
130402  23.470  10.578  -23.024 0.1250000000
135420  23.239  15.871  -19.110 0.3750000000
134357  23.649  15.220  -19.515 0.3750000000
132378  22.740  12.966  -22.448 0.1250000000
134392  22.483  14.235  -21.880 0.1250000000
132377  23.260  12.641  -22.930 0.1250000000
133391  23.132  13.790  -22.718 0.1250000000
132364  25.818  12.537  -22.446 0.1250000000
133400  24.907  13.274  -23.530 0.1250000000
170982  23.950  16.135  -22.643 0.1250000000
134396  25.131  14.722  -23.815 0.1250000000
134397  23.997  14.551  -23.628 0.1250000000
170968  25.513  14.565  -22.293 0.1250000000
170967  25.884  14.029  -21.477 0.1250000000
111639  24.557  -6.545  -18.430 0.8750000000
112744  29.115  -5.168  -16.655 0.6250000000
121766  33.996  3.013  -22.802 0.6250000000
125178  29.292  5.690  -22.464 0.5000000000
132278  25.712  12.448  -14.232 0.8750000000
132284  27.608  12.191  -15.510 0.8750000000
132285  27.198  12.959  -15.264 0.7500000000
131309  27.782  11.204  -16.253 0.8750000000
131323  27.670  11.421  -17.437 0.7500000000
130353  27.214  10.010  -18.964 0.7500000000
129288  27.635  9.508  -18.830 0.7500000000
125194  27.968  5.924  -22.954 0.5000000000
126261  27.495  6.192  -22.874 0.5000000000
126230  27.571  6.855  -21.485 0.7500000000
126292  28.401  6.424  -24.555 0.5000000000
131393  25.481  11.514  -23.406 0.1250000000
132356  22.473  12.860  -21.441 0.2500000000
170976  25.317  13.594  -22.744 0.1250000000
118187  32.632  -0.786  -21.199 0.5000000000
118173  32.540  -0.568  -20.106 0.6250000000
118154  32.632  -0.618  -18.937 0.7500000000
121765  34.414  2.511  -23.327 0.3750000000
122988  34.000  3.448  -23.380 0.3750000000
124102  33.614  4.425  -26.383 0.2500000000
126229  28.117  6.778  -20.775 0.7500000000
131395  23.818  11.739  -23.230 0.1250000000
124109  33.533  4.429  -27.323 0.1250000000
103268  23.168  -13.145  -17.326 0.7500000000
104424  24.369  -12.589  -16.762 0.7500000000
104441  24.058  -11.984  -17.238 0.7500000000
105623  25.392  -11.215  -16.896 0.7500000000
108124  21.156  -9.182  -18.357 0.6250000000
106920  22.560  -9.985  -18.500 0.7500000000
108108  26.077  -9.234  -17.619 0.7500000000
109253  27.222  -8.466  -17.441 0.6250000000
110439  27.342  -7.430  -17.513 0.6250000000
112759  30.565  -5.312  -17.695 0.3750000000
112760  29.714  -5.423  -17.427 0.5000000000
114994  32.248  -3.019  -19.875 0.1250000000
116091  30.197  -2.408  -22.457 0.1250000000
117178  29.899  -2.389  -24.089 0.1250000000
116098  32.985  -2.750  -23.396 0.1250000000
117164  35.363  -0.953  -23.863 0.1250000000
117175  35.120  -0.478  -24.770 0.1250000000
118221  35.003  -0.252  -25.429 0.1250000000
118229  35.516  0.140  -26.202 0.1250000000
121769  35.109  2.200  -24.388 0.1250000000
122990  34.672  3.186  -24.864 0.2500000000
124096  33.912  4.176  -25.074 0.2500000000
131281  22.998  11.510  -13.435 0.5000000000
124111  32.377  5.330  -27.753 0.1250000000
124103  32.407  4.656  -26.856 0.2500000000
127393  31.013  6.952  -26.285 0.1250000000
127387  30.036  7.396  -25.700 0.1250000000
128412  29.610  9.210  -24.880 0.1250000000
128398  29.803  9.372  -23.966 0.1250000000
130377  28.640  10.347  -22.363 0.1250000000
129341  29.196  9.778  -23.122 0.1250000000
131383  26.968  11.449  -22.075 0.1250000000
132351  27.204  12.582  -20.693 0.1250000000
135311  21.563  15.438  -11.327 0.1250000000
135446  22.489  15.850  -20.351 0.2500000000
135455  22.871  16.257  -20.901 0.1250000000
134390  23.537  16.631  -21.659 0.1250000000
170989  25.093  15.282  -24.198 0.1250000000
135460  24.078  15.689  -23.342 0.1250000000
134366  26.764  14.370  -20.202 0.1250000000
170978  25.589  15.250  -23.131 0.1250000000
116024  30.390  -3.187  -16.615 0.7500000000
122967  32.895  3.678  -20.451 0.7500000000
122958  33.253  3.068  -20.250 0.7500000000
127294  28.843  7.828  -18.039 0.8750000000
112764  25.701  -5.604  -17.444 0.8750000000
109266  22.278  -8.130  -18.549 0.7500000000
109265  23.168  -8.188  -18.581 0.8750000000
116023  30.755  -3.188  -17.276 0.7500000000
125142  31.022  5.193  -19.879 0.8750000000
130301  28.256  9.968  -15.891 0.8750000000
128323  28.465  8.555  -18.431 0.8750000000
135405  24.110  16.269  -17.972 0.3750000000
135406  23.330  16.194  -18.479 0.3750000000
137452  21.874  17.252  -19.350 0.1250000000
135433  22.113  16.140  -19.862 0.2500000000
105638  22.603  -11.467  -17.746 0.7500000000
103269  22.431  -13.120  -17.575 0.7500000000
104423  25.155  -12.105  -16.560 0.7500000000
106903  21.349  -10.810  -18.160 0.7500000000
106902  22.158  -10.756  -18.123 0.7500000000
106918  24.108  -9.831  -17.857 0.7500000000
109268  20.556  -8.367  -18.324 0.6250000000
108121  23.720  -9.109  -18.364 0.8750000000
108109  25.379  -9.313  -18.101 0.7500000000
109281  24.537  -8.039  -18.395 0.8750000000
110451  24.285  -7.478  -18.475 0.8750000000
110441  25.686  -7.660  -18.025 0.7500000000
111626  26.448  -6.621  -17.264 0.7500000000
111627  25.447  -6.601  -17.842 0.8750000000
111624  28.519  -6.416  -17.461 0.6250000000
113866  29.526  -4.616  -16.712 0.7500000000
113903  31.623  -4.084  -18.606 0.2500000000
113904  31.072  -4.242  -18.496 0.5000000000
113883  30.125  -4.643  -17.409 0.6250000000
116070  31.365  -2.146  -20.398 0.5000000000
116082  31.192  -2.191  -21.749 0.2500000000
116081  31.684  -2.505  -21.017 0.1250000000
117156  30.821  -1.635  -22.663 0.2500000000
117146  31.870  -1.293  -21.771 0.3750000000
117134  32.014  -1.217  -20.696 0.6250000000
117166  32.595  -1.691  -23.682 0.1250000000
117165  33.893  -1.633  -23.502 0.1250000000
118213  31.859  -1.447  -23.563 0.1250000000
118203  32.991  -0.381  -22.833 0.5000000000
119293  33.603  0.151  -23.421 0.1250000000
119300  33.923  -0.081  -24.189 0.1250000000
118222  34.105  -0.447  -24.537 0.1250000000
119292  34.311  0.615  -23.950 0.1250000000
120470  33.923  1.365  -22.125 0.6250000000
120478  34.543  1.519  -23.641 0.1250000000
121760  33.961  3.025  -22.182 0.6250000000
122975  32.978  3.865  -21.301 0.6250000000
124074  31.858  4.890  -22.367 0.6250000000
125166  28.519  6.129  -21.598 0.7500000000
125191  30.295  5.439  -23.821 0.5000000000
128334  27.539  8.665  -19.576 0.7500000000
125209  29.651  5.664  -25.142 0.3750000000
130337  27.574  10.541  -18.379 0.7500000000
127337  26.949  7.046  -22.146 0.6250000000
128345  26.833  8.715  -20.302 0.7500000000
126277  28.739  6.038  -23.998 0.5000000000
126297  30.515  6.344  -26.159 0.1250000000
125208  30.399  5.555  -25.839 0.2500000000
126304  31.326  6.333  -26.878 0.1250000000
134310  26.412  14.010  -16.053 0.7500000000
132334  27.034  12.116  -18.524 0.7500000000
128346  26.221  8.918  -20.778 0.6250000000
128381  26.127  7.291  -23.088 0.3750000000
127339  25.851  8.456  -21.775 0.3750000000
127382  27.791  6.677  -24.482 0.1250000000
127390  27.625  7.096  -24.520 0.3750000000
133350  26.117  12.801  -19.233 0.3750000000
128400  25.943  7.893  -23.729 0.3750000000
128421  28.132  7.994  -25.063 0.1250000000
128415  26.700  8.240  -23.849 0.1250000000
129366  28.293  8.744  -25.227 0.1250000000
129330  24.457  9.413  -22.199 0.3750000000
130368  24.594  10.959  -21.159 0.3750000000
128401  24.714  8.476  -23.376 0.2500000000
130397  27.567  9.969  -23.894 0.1250000000
129360  28.674  9.421  -25.156 0.1250000000
129352  27.265  9.422  -24.116 0.1250000000
135404  25.078  15.513  -17.658 0.3750000000
129343  23.777  8.998  -22.648 0.2500000000
130398  26.947  10.130  -23.695 0.1250000000
130399  25.976  10.594  -23.584 0.1250000000
129354  24.888  9.568  -23.546 0.1250000000
134339  24.355  15.196  -18.930 0.3750000000
132366  22.555  12.214  -21.676 0.3750000000
130389  26.936  10.871  -22.700 0.1250000000
131392  26.044  11.309  -23.100 0.1250000000
131385  25.922  11.766  -22.901 0.1250000000
132363  26.271  12.441  -21.942 0.1250000000
130400  24.843  10.606  -23.583 0.1250000000
130401  24.081  10.645  -23.374 0.1250000000
130378  27.815  10.875  -21.784 0.1250000000
130379  27.293  11.227  -21.989 0.1250000000
135432  22.725  15.777  -19.748 0.2500000000
134381  22.319  14.111  -21.057 0.2500000000
132388  23.860  12.780  -23.615 0.1250000000
133390  25.307  12.870  -23.154 0.1250000000
131394  24.657  11.573  -23.562 0.1250000000
134378  25.664  13.548  -22.121 0.1250000000
134380  22.668  15.162  -21.245 0.1250000000
134391  23.257  15.270  -22.427 0.1250000000
133401  24.313  13.544  -23.891 0.1250000000
132352  26.513  12.807  -21.213 0.1250000000
132387  24.471  12.543  -23.676 0.1250000000
134379  22.978  15.853  -21.599 0.1250000000
103252  22.639  -13.689  -16.879 0.7500000000
104425  23.676  -12.701  -17.127 0.7500000000
103251  23.606  -13.324  -16.695 0.7500000000
106922  20.961  -9.985  -18.100 0.5000000000
106921  21.709  -10.018  -18.420 0.6250000000
109252  27.881  -7.971  -17.472 0.6250000000
119298  35.503  0.766  -25.299 0.1250000000
119311  36.082  0.716  -26.505 0.1250000000
120484  35.051  1.080  -24.473 0.1250000000
131374  27.242  11.618  -21.374 0.1250000000
132362  26.778  12.233  -21.360 0.1250000000
103253  21.693  -13.669  -17.219 0.7500000000
105640  20.942  -11.606  -18.036 0.5000000000
103232  23.859  -13.864  -16.003 0.6250000000
104406  25.535  -12.310  -15.736 0.3750000000
104407  24.812  -12.715  -16.150 0.6250000000
105604  26.382  -11.378  -15.874 0.2500000000
105605  25.627  -11.549  -16.250 0.3750000000
131280  24.164  11.417  -13.740 0.3750000000
106886  26.090  -10.328  -17.034 0.5000000000
108099  26.779  -9.491  -17.156 0.5000000000
103230  25.743  -13.039  -14.999 0.5000000000
103231  24.757  -13.402  -15.474 0.6250000000
110438  28.406  -7.401  -17.519 0.5000000000
100908  23.356  -14.952  -15.109 0.6250000000
104445  20.808  -12.318  -17.531 0.3750000000
103254  20.763  -13.280  -17.240 0.3750000000
102090  23.073  -14.472  -15.663 0.6250000000
103233  23.094  -13.835  -16.231 0.6250000000
102107  21.892  -14.311  -16.592 0.6250000000
102088  24.743  -14.108  -14.854 0.3750000000
105641  20.269  -11.450  -17.253 0.2500000000
106869  27.071  -10.421  -15.819 0.2500000000
104405  26.474  -12.167  -14.968 0.2500000000
106885  26.673  -10.058  -16.498 0.2500000000
109243  27.603  -9.116  -16.794 0.3750000000
109242  28.363  -8.434  -17.005 0.2500000000
110437  29.012  -6.938  -17.665 0.2500000000
111623  29.578  -6.459  -17.559 0.2500000000
120400  17.805  2.419  -16.619 0.1250000000
124041  21.029  4.422  -17.490 0.2500000000
113881  31.615  -4.623  -18.074 0.2500000000
125099  23.670  5.448  -15.621 0.3750000000
127225  24.155  7.889  -14.401 0.2500000000
131282  21.965  11.378  -12.529 0.2500000000
121699  18.816  3.123  -17.071 0.1250000000
120419  17.754  1.604  -16.706 0.2500000000
110456  20.052  -7.671  -18.173 0.2500000000
124017  23.354  4.977  -16.023 0.3750000000
108100  26.272  -9.844  -17.529 0.5000000000
103270  21.588  -12.976  -17.691 0.5000000000
104444  21.395  -12.299  -17.876 0.5000000000
103250  24.302  -13.209  -16.247 0.6250000000
105622  25.960  -10.986  -16.447 0.5000000000
111621  31.006  -5.737  -17.466 0.2500000000
106904  20.648  -10.699  -17.798 0.3750000000
102106  22.567  -14.220  -16.262 0.6250000000
102089  24.073  -14.533  -15.276 0.6250000000
105603  27.354  -11.363  -15.239 0.2500000000
106870  26.441  -10.641  -16.346 0.3750000000
103213  25.245  -13.654  -14.738 0.3750000000
103271  21.166  -12.724  -17.579 0.3750000000
102073  24.533  -14.717  -14.601 0.3750000000
109230  27.650  -9.363  -16.264 0.2500000000
110426  28.930  -7.905  -17.193 0.2500000000
120384  16.547  1.322  -14.602 0.1250000000
99776  21.577  -16.142  -15.287 0.5000000000
99758  22.908  -15.894  -14.218 0.3750000000
100894  22.800  -15.699  -14.502 0.5000000000
99775  22.131  -15.969  -15.271 0.5000000000
99760  21.282  -16.628  -14.873 0.3750000000
100911  20.981  -15.634  -15.638 0.5000000000
102091  22.301  -14.955  -16.073 0.5000000000
100910  21.840  -15.569  -15.663 0.5000000000
102108  20.937  -14.322  -16.859 0.3750000000
98527  19.097  -17.322  -14.201 0.1250000000
99761  20.502  -16.743  -14.933 0.3750000000
96069  20.139  -19.258  -13.441 0.1250000000
98510  19.660  -17.848  -14.300 0.2500000000
98524  20.925  -17.158  -14.535 0.3750000000
100879  23.914  -16.095  -13.796 0.2500000000
99747  22.490  -16.831  -13.888 0.3750000000
99759  22.257  -16.385  -14.585 0.5000000000
97278  19.047  -18.315  -13.925 0.1250000000
98523  21.562  -16.916  -14.461 0.3750000000
100896  19.134  -16.139  -14.299 0.1250000000
102074  19.456  -14.672  -14.648 0.1250000000
124095  34.524  3.585  -25.432 0.1250000000
100909  22.630  -15.386  -15.118 0.5000000000
102109  20.389  -13.932  -16.631 0.2500000000
103255  19.914  -13.198  -16.250 0.2500000000
100892  24.894  -15.102  -14.099 0.2500000000
99777  20.807  -16.245  -15.195 0.5000000000
100893  23.684  -15.450  -14.413 0.3750000000
99746  23.176  -16.382  -13.788 0.3750000000
99778  20.307  -16.369  -15.081 0.2500000000
100912  20.266  -15.850  -15.226 0.1250000000
102093  20.213  -14.664  -15.758 0.1250000000
102092  21.337  -15.031  -16.246 0.5000000000
98512  18.917  -17.420  -13.791 0.1250000000
98525  20.091  -17.376  -14.825 0.2500000000
99763  19.127  -16.888  -14.251 0.1250000000
99749  19.243  -16.880  -13.372 0.1250000000
99762  19.777  -16.559  -14.793 0.1250000000
96070  19.271  -19.143  -13.620 0.1250000000
97277  19.918  -18.463  -13.816 0.1250000000
98509  20.532  -17.840  -14.225 0.3750000000
98506  23.469  -16.981  -13.387 0.2500000000
100895  19.662  -15.558  -14.792 0.1250000000
97276  20.898  -18.468  -13.576 0.2500000000
98493  22.018  -18.052  -13.292 0.2500000000
106923  20.398  -9.926  -17.753 0.2500000000
98508  21.757  -17.474  -13.822 0.2500000000
97275  21.627  -18.259  -13.322 0.1250000000
108110  19.900  -9.543  -17.684 0.1250000000
129230  23.001  9.606  -14.029 0.1250000000
129231  21.752  9.445  -13.433 0.1250000000
129217  21.468  9.828  -12.675 0.1250000000
130281  22.561  10.442  -13.317 0.1250000000
128269  22.469  8.627  -14.179 0.1250000000
130282  21.921  10.232  -12.671 0.1250000000
130267  21.143  10.460  -12.196 0.1250000000
129197  20.570  8.836  -10.976 0.1250000000
128286  23.798  7.955  -14.478 0.1250000000
128268  23.864  8.517  -14.198 0.1250000000
124030  21.599  4.752  -16.776 0.1250000000
104426  20.282  -12.424  -16.932 0.1250000000
105642  19.657  -10.795  -16.834 0.1250000000
125100  22.764  5.853  -16.032 0.1250000000
128287  23.171  7.949  -14.475 0.1250000000
128271  20.969  8.453  -12.872 0.1250000000
128245  20.644  8.667  -11.157 0.1250000000
130257  20.595  10.042  -10.931 0.1250000000
131269  20.799  10.839  -11.297 0.1250000000
127245  23.922  7.350  -14.469 0.1250000000
108125  20.286  -9.230  -18.132 0.1250000000
105625  19.695  -11.470  -16.469 0.1250000000
125111  21.854  5.513  -16.251 0.1250000000
109269  19.844  -8.339  -17.967 0.1250000000
108126  19.696  -8.963  -17.748 0.1250000000
106905  19.850  -10.274  -17.384 0.1250000000
106907  18.823  -9.651  -16.166 0.1250000000
106906  19.254  -9.998  -16.568 0.1250000000
129218  21.008  9.281  -12.492 0.1250000000
128255  20.515  8.347  -12.268 0.1250000000
130268  20.671  9.976  -11.759 0.1250000000
129208  20.421  9.172  -11.573 0.1250000000
127210  20.667  7.915  -12.547 0.1250000000
130246  21.190  9.969  -9.996 0.1250000000
102072  25.286  -14.345  -14.335 0.1250000000
103229  26.502  -13.071  -14.621 0.1250000000
104404  27.272  -11.956  -14.585 0.1250000000
106868  28.161  -10.642  -15.513 0.1250000000
108087  27.778  -9.770  -15.875 0.1250000000
109229  28.072  -9.063  -16.108 0.1250000000
110409  30.684  -7.974  -15.666 0.1250000000
109227  30.024  -8.388  -15.726 0.1250000000
109241  29.219  -8.083  -16.555 0.1250000000
110423  31.350  -6.957  -16.102 0.1250000000
111611  30.000  -7.011  -17.089 0.1250000000
111608  32.574  -6.232  -16.632 0.1250000000
112743  32.030  -5.862  -17.019 0.1250000000
112757  32.489  -5.027  -17.534 0.1250000000
98507  22.879  -17.223  -13.553 0.1250000000
99745  24.173  -16.713  -13.282 0.1250000000
100878  24.607  -15.847  -13.701 0.1250000000
100877  25.739  -15.414  -13.573 0.1250000000
102070  26.814  -14.280  -13.820 0.1250000000
102071  26.255  -14.501  -13.929 0.1250000000
104389  27.058  -12.678  -14.512 0.1250000000
105582  28.605  -11.627  -14.621 0.1250000000
106867  29.065  -10.475  -15.291 0.1250000000
108086  28.652  -9.766  -15.696 0.1250000000
108084  30.714  -9.323  -15.015 0.1250000000
110422  32.391  -6.816  -16.055 0.1250000000
113879  33.229  -4.427  -18.416 0.1250000000
113900  34.027  -4.816  -19.490 0.1250000000
112755  34.221  -5.221  -18.370 0.1250000000
113921  32.960  -3.764  -19.592 0.1250000000
100891  25.532  -14.831  -13.971 0.1250000000
103212  26.014  -13.695  -14.418 0.1250000000
111610  30.571  -6.725  -17.053 0.1250000000
105602  28.193  -11.365  -15.178 0.1250000000
109240  29.725  -7.763  -16.381 0.1250000000
98491  23.676  -17.652  -13.058 0.1250000000
105583  27.882  -11.748  -14.802 0.1250000000
106847  28.685  -11.049  -15.125 0.1250000000
109228  28.963  -8.837  -15.982 0.1250000000
110424  30.370  -7.449  -16.310 0.1250000000
110408  31.299  -7.776  -15.622 0.1250000000
112756  33.533  -5.015  -17.813 0.1250000000
111620  33.934  -5.958  -17.415 0.1250000000
99729  24.961  -17.158  -12.750 0.1250000000
104388  27.896  -12.446  -14.299 0.1250000000
112789  34.005  -5.034  -20.045 0.1250000000
98511  19.184  -17.640  -14.166 0.1250000000
98526  19.460  -17.293  -14.450 0.1250000000
108088  27.227  -9.651  -16.362 0.2500000000
108107  26.616  -8.920  -17.474 0.7500000000
109263  24.889  -8.419  -18.367 0.7500000000
109280  24.768  -8.121  -18.410 0.8750000000
110425  29.436  -7.398  -17.141 0.2500000000
110466  24.961  -7.982  -18.403 0.8750000000
110467  24.721  -7.870  -18.409 0.8750000000
110469  22.075  -6.810  -19.036 1.0000000000
111607  33.332  -6.202  -16.956 0.1250000000
111609  31.498  -6.232  -16.977 0.1250000000
111622  30.479  -6.009  -17.518 0.2500000000
111625  27.508  -6.514  -17.276 0.6250000000
112741  33.186  -5.527  -17.262 0.1250000000
112742  32.532  -5.696  -17.117 0.1250000000
112745  28.386  -5.073  -16.499 0.8750000000
112746  27.867  -4.851  -16.514 0.8750000000
112758  31.546  -5.394  -17.520 0.1250000000
112773  34.291  -4.956  -18.961 0.1250000000
112774  33.843  -4.726  -18.466 0.1250000000
112788  34.392  -5.314  -19.744 0.1250000000
112792  21.813  -5.508  -19.110 0.8750000000
113867  28.753  -4.451  -16.373 0.8750000000
113880  32.497  -4.455  -18.167 0.1250000000
113882  30.740  -4.588  -18.044 0.5000000000
113884  27.411  -4.406  -16.573 0.8750000000
113901  33.569  -4.391  -19.088 0.1250000000
113902  32.473  -4.059  -18.958 0.1250000000
113919  34.025  -4.936  -19.788 0.1250000000
113920  33.722  -4.463  -20.007 0.1250000000
114946  29.159  -3.728  -16.302 0.7500000000
114947  28.209  -3.520  -16.426 1.0000000000
114956  31.053  -3.176  -18.546 0.7500000000
114962  25.347  -3.896  -17.610 1.0000000000
114975  32.281  -3.525  -19.385 0.1250000000
114977  31.137  -3.900  -18.735 0.5000000000
114978  25.287  -3.239  -17.859 1.0000000000
114979  24.826  -3.572  -18.106 1.0000000000
114995  31.660  -2.897  -19.609 0.5000000000
114997  22.785  -3.504  -19.360 1.0000000000
115022  30.882  -2.893  -22.286 0.1250000000
115044  29.118  -3.141  -24.367 0.1250000000
116011  28.692  -2.699  -16.222 1.0000000000
116013  27.048  -2.461  -16.731 1.0000000000
116044  23.687  -2.636  -19.093 1.0000000000
116058  31.656  -2.597  -19.916 0.5000000000
116062  21.551  -2.616  -19.452 1.0000000000
116092  29.442  -2.715  -22.811 0.1250000000
116093  29.054  -2.775  -23.228 0.1250000000
116100  30.952  -2.375  -24.214 0.1250000000
116101  29.346  -2.378  -23.936 0.1250000000
116102  29.037  -2.681  -23.852 0.1250000000
116106  30.240  -2.810  -24.208 0.1250000000
116107  29.390  -2.767  -24.222 0.1250000000
116108  28.958  -2.968  -24.346 0.1250000000
117059  32.203  -1.111  -17.025 0.8750000000
117064  27.395  -1.839  -16.718 1.0000000000
117079  31.191  -2.547  -16.850 0.8750000000
117101  23.517  -1.588  -18.901 1.0000000000
117118  31.943  -1.083  -19.729 0.6250000000
117119  31.688  -1.752  -19.567 0.6250000000
117121  22.723  -1.723  -19.079 1.0000000000
117123  21.071  -1.697  -19.388 0.8750000000
117158  29.126  -2.382  -22.942 0.1250000000
117168  30.474  -1.890  -23.871 0.1250000000
117169  29.589  -2.094  -23.468 0.1250000000
117170  29.089  -2.281  -23.194 0.1250000000
117176  34.440  -0.733  -24.443 0.1250000000
117179  29.705  -2.227  -23.985 0.1250000000
118123  30.833  -0.651  -15.922 1.0000000000
118126  27.580  -0.491  -16.615 1.0000000000
118138  32.807  -0.115  -17.811 0.8750000000
118140  26.186  -0.552  -17.260 1.0000000000
118142  24.675  -0.200  -17.825 1.0000000000
118143  18.457  -0.344  -17.385 0.2500000000
118155  24.203  -0.491  -18.179 1.0000000000
118157  22.987  -0.611  -18.805 1.0000000000
118172  33.200  0.021  -19.537 0.7500000000
118175  22.032  -0.933  -18.949 1.0000000000
118196  32.436  -0.856  -22.232 0.1250000000
118204  31.925  -0.951  -23.068 0.1250000000
118205  31.198  -1.460  -23.463 0.1250000000
118234  36.060  0.429  -26.515 0.1250000000
118235  35.795  0.440  -26.379 0.1250000000
119193  29.288  1.106  -15.897 1.0000000000
119194  28.996  1.120  -16.066 1.0000000000
119211  27.890  0.454  -16.397 1.0000000000
119213  26.213  0.848  -17.150 1.0000000000
119223  33.041  0.809  -17.683 0.8750000000
119227  24.983  0.528  -17.638 1.0000000000
119229  23.344  0.842  -18.151 1.0000000000
119230  18.001  0.690  -17.050 0.3750000000
119231  17.452  1.103  -16.515 0.2500000000
119238  33.284  0.831  -18.301 0.8750000000
119240  23.134  0.301  -18.352 1.0000000000
119243  20.294  0.443  -18.919 0.6250000000
119256  22.148  -0.360  -19.099 1.0000000000
119259  19.120  0.870  -18.560 0.5000000000
119260  18.937  0.907  -18.399 0.5000000000
119305  35.805  0.776  -26.084 0.1250000000
119306  35.262  0.316  -25.811 0.1250000000
119310  36.573  0.964  -27.087 0.1250000000
119312  35.646  0.470  -26.198 0.1250000000
120377  27.358  2.100  -16.307 1.0000000000
120383  16.792  1.959  -15.255 0.1250000000
120390  32.312  1.576  -16.505 1.0000000000
120394  28.255  1.223  -16.227 1.0000000000
120398  24.405  2.061  -17.210 1.0000000000
120401  17.120  1.924  -16.083 0.2500000000
120402  16.837  1.338  -15.433 0.2500000000
120409  33.152  1.531  -17.929 1.0000000000
120412  25.427  1.160  -17.367 1.0000000000
120413  24.343  1.563  -17.538 1.0000000000
120415  22.565  1.876  -18.122 0.7500000000
120417  18.974  2.300  -17.731 0.3750000000
120430  21.510  1.477  -18.764 0.8750000000
120432  19.493  1.392  -18.465 0.5000000000
120444  19.111  1.115  -18.473 0.5000000000
120460  33.995  1.866  -21.267 0.7500000000
121667  16.373  1.921  -13.983 0.1250000000
121676  27.116  2.570  -15.959 1.0000000000
121678  25.418  2.850  -15.779 1.0000000000
121683  16.759  2.146  -14.671 0.1250000000
121690  32.452  2.455  -16.880 1.0000000000
121693  27.103  2.168  -16.402 1.0000000000
121697  23.669  3.060  -17.286 0.8750000000
121700  17.949  3.140  -16.601 0.1250000000
121712  23.523  2.535  -17.497 0.6250000000
121723  33.254  2.177  -18.906 1.0000000000
121726  21.843  2.196  -18.423 0.7500000000
121736  33.014  2.799  -19.055 0.8750000000
121752  34.208  2.612  -22.015 0.6250000000
121753  33.941  2.722  -21.509 0.6250000000
121759  34.235  2.522  -22.501 0.6250000000
122911  27.398  3.330  -15.258 1.0000000000
122925  24.351  3.387  -16.453 1.0000000000
122928  21.670  4.293  -17.185 0.2500000000
122938  32.139  3.622  -17.437 1.0000000000
122940  22.862  3.394  -17.548 0.8750000000
122950  32.619  3.286  -18.734 1.0000000000
122966  33.487  3.298  -20.935 0.7500000000
122974  33.502  3.439  -21.759 0.6250000000
122987  34.582  3.059  -23.969 0.2500000000
122991  34.248  3.688  -24.167 0.3750000000
123996  29.432  5.402  -14.972 1.0000000000
123998  28.061  5.127  -14.599 1.0000000000
124027  24.462  3.946  -15.878 0.7500000000
124031  20.676  4.838  -17.031 0.1250000000
124039  31.238  4.722  -17.572 1.0000000000
124040  21.245  4.497  -17.295 0.2500000000
124057  32.394  4.160  -19.891 0.8750000000
124082  33.430  3.970  -23.216 0.5000000000
124084  31.960  5.107  -22.936 0.6250000000
124101  34.488  3.834  -26.061 0.1250000000
124104  31.830  4.906  -26.734 0.2500000000
124110  32.590  4.900  -27.519 0.2500000000
124117  32.855  5.290  -27.807 0.1250000000
124118  32.555  5.510  -27.832 0.1250000000
125095  30.224  5.248  -15.685 1.0000000000
125098  24.370  5.025  -15.174 0.7500000000
125109  30.550  5.371  -16.472 1.0000000000
125155  29.616  6.195  -20.151 1.0000000000
125175  31.877  5.222  -23.455 0.5000000000
125176  31.194  5.263  -23.065 0.5000000000
125177  30.190  5.356  -22.777 0.5000000000
125180  27.864  5.966  -22.594 0.5000000000
125192  29.377  5.638  -23.569 0.5000000000
125193  28.564  5.866  -23.184 0.5000000000
125206  31.787  4.864  -27.013 0.2500000000
125214  32.038  4.829  -27.278 0.2500000000
125215  31.770  5.401  -27.348 0.2500000000
125216  31.079  5.726  -26.560 0.2500000000
125221  32.755  5.754  -27.814 0.1250000000
125222  32.319  5.746  -27.761 0.1250000000
126137  26.756  7.338  -13.610 1.0000000000
126170  29.029  7.326  -15.185 1.0000000000
126180  30.070  6.464  -16.735 1.0000000000
126216  29.753  6.311  -19.150 1.0000000000
126218  28.623  6.975  -20.093 0.8750000000
126244  28.533  6.332  -21.158 0.7500000000
126245  28.009  6.322  -21.659 0.7500000000
126246  27.456  6.531  -22.214 0.7500000000
126276  29.207  5.857  -24.192 0.5000000000
126278  27.786  6.101  -23.757 0.3750000000
126307  32.520  6.077  -27.763 0.1250000000
127269  29.482  7.448  -16.274 1.0000000000
127270  29.197  7.777  -15.904 1.0000000000
127293  29.336  7.313  -18.441 0.8750000000
127307  28.655  7.684  -19.409 0.8750000000
127324  26.099  8.696  -21.271 0.6250000000
127336  26.904  6.824  -22.421 0.5000000000
127350  26.878  6.699  -22.634 0.5000000000
127351  26.936  6.557  -22.736 0.5000000000
127368  24.838  7.935  -23.032 0.2500000000
127383  27.258  6.640  -24.176 0.3750000000
127389  28.154  7.082  -24.842 0.1250000000
127392  31.705  7.164  -26.848 0.1250000000
128235  20.794  8.742  -10.840 0.1250000000
128246  20.827  8.527  -11.187 0.1250000000
128313  29.164  8.027  -17.038 1.0000000000
128324  27.928  8.832  -18.845 0.7500000000
128333  28.103  8.373  -19.191 0.7500000000
128360  26.742  6.835  -22.574 0.5000000000
128362  26.431  7.112  -22.621 0.5000000000
128379  26.676  6.718  -22.788 0.5000000000
128380  26.523  6.761  -23.000 0.5000000000
128383  23.608  8.831  -23.161 0.2500000000
128384  23.630  9.282  -23.361 0.2500000000
128413  27.724  8.395  -24.962 0.1250000000
128422  27.785  7.489  -24.711 0.1250000000
129191  20.960  9.121  -9.254 0.1250000000
129198  20.664  9.170  -10.634 0.1250000000
129207  20.474  8.852  -11.223 0.1250000000
129244  28.380  9.055  -15.206 1.0000000000
129259  28.175  9.827  -15.519 0.8750000000
129314  26.497  9.329  -20.246 0.7500000000
129331  23.865  9.635  -22.460 0.2500000000
129345  23.449  9.652  -23.076 0.2500000000
129350  29.113  9.902  -24.357 0.1250000000
129355  24.111  9.790  -23.598 0.2500000000
129356  23.691  9.810  -23.341 0.2500000000
129362  26.911  8.694  -24.150 0.1250000000
129363  26.381  8.467  -23.876 0.1250000000
129367  27.935  8.574  -25.150 0.1250000000
130290  26.604  10.724  -14.310 1.0000000000
130311  28.369  9.802  -16.476 1.0000000000
130312  28.101  10.357  -16.269 0.8750000000
130322  28.391  9.642  -17.015 1.0000000000
130380  24.709  9.949  -21.619 0.3750000000
130382  23.137  10.809  -21.943 0.3750000000
130387  28.606  10.190  -23.135 0.1250000000
130391  23.689  10.011  -22.505 0.2500000000
131278  25.910  11.280  -13.892 0.7500000000
131338  26.844  11.495  -18.885 0.7500000000
131365  27.614  11.836  -20.700 0.1250000000
131367  24.977  11.488  -20.645 0.3750000000
131375  26.754  11.864  -21.829 0.1250000000
131378  22.496  11.945  -22.090 0.1250000000
131384  26.404  11.583  -22.472 0.1250000000
132243  20.771  12.644  -11.108 0.1250000000
132276  27.399  11.849  -15.033 0.8750000000
132335  26.553  12.329  -19.067 0.7500000000
132343  27.683  12.789  -20.069 0.1250000000
132353  24.431  12.116  -20.701 0.3750000000
132355  22.740  12.689  -21.219 0.2500000000
132365  22.872  11.970  -21.523 0.3750000000
132367  22.472  12.708  -21.954 0.1250000000
132375  26.022  12.128  -22.539 0.1250000000
132386  25.151  12.362  -23.534 0.1250000000
133270  21.797  14.410  -12.857 0.1250000000
133303  27.367  13.281  -16.415 0.7500000000
133304  26.714  13.756  -16.675 0.7500000000
133336  26.357  13.127  -18.817 0.3750000000
133337  25.881  13.825  -18.526 0.3750000000
133351  25.503  13.305  -19.370 0.3750000000
133363  26.480  13.606  -20.796 0.1250000000
133364  25.943  13.301  -21.570 0.1250000000
133367  22.409  13.351  -21.013 0.2500000000
133378  25.723  13.032  -22.214 0.1250000000
133379  25.544  12.859  -22.710 0.1250000000
133380  22.391  13.436  -21.546 0.2500000000
133392  22.540  13.428  -22.122 0.1250000000
133402  23.652  13.464  -23.553 0.1250000000
134283  24.913  14.354  -14.759 0.7500000000
134299  26.135  14.239  -15.445 0.7500000000
134322  25.828  14.966  -17.423 0.3750000000
134337  25.715  15.496  -18.202 0.3750000000
134338  25.360  14.833  -18.350 0.3750000000
134340  23.805  15.514  -19.078 0.3750000000
134369  22.614  13.818  -20.831 0.2500000000
135360  25.916  14.614  -15.012 0.6250000000
135378  25.747  14.704  -15.286 0.6250000000
135403  25.642  15.729  -18.017 0.3750000000
135417  25.421  15.481  -18.117 0.3750000000
135418  24.731  15.530  -18.323 0.3750000000
135447  22.085  16.327  -20.058 0.2500000000
135461  24.701  15.474  -24.022 0.1250000000
136405  21.150  16.755  -13.881 0.2500000000
136419  21.081  17.576  -16.023 0.2500000000
136428  22.361  16.878  -16.739 0.3750000000
136429  21.608  17.147  -16.320 0.2500000000
136438  23.744  16.562  -17.364 0.3750000000
136441  21.561  17.036  -18.161 0.2500000000
136450  22.607  16.276  -18.732 0.3750000000
136451  21.984  16.561  -18.501 0.3750000000
136452  21.603  16.864  -18.468 0.2500000000
136460  22.617  16.116  -19.247 0.3750000000
136462  21.717  16.706  -18.805 0.2500000000
136474  21.982  16.585  -19.763 0.1250000000
137387  21.593  17.509  -14.401 0.1250000000
137408  22.069  16.953  -16.984 0.3750000000
137410  21.114  17.645  -16.554 0.2500000000
137419  21.902  16.882  -17.413 0.3750000000
137430  21.651  17.444  -18.849 0.2500000000
137431  21.521  17.302  -18.390 0.2500000000
138384  21.758  18.196  -18.059 0.2500000000
138395  21.604  17.621  -18.532 0.2500000000
170966  25.702  13.881  -21.900 0.1250000000
170971  25.508  13.905  -22.219 0.1250000000
170980  25.810  15.764  -22.701 0.1250000000
170981  25.837  15.932  -22.527 0.1250000000
170984  23.541  17.035  -20.951 0.1250000000
170991  25.928  15.844  -22.913 0.1250000000
