#!ascii label  , from subject 3075 vox2ras=TkReg
313
32751  44.846  -66.703  -3.775 0.0000000000
31651  36.682  -67.176  -16.018 0.0000000000
28831  38.290  -69.874  -6.404 0.0000000000
35464  35.696  -65.034  -6.419 0.0000000000
28944  32.508  -70.053  -13.194 0.0000000000
30172  33.794  -68.753  -8.111 0.0000000000
28898  31.513  -69.955  -10.202 0.0000000000
34232  35.017  -65.849  -12.055 0.0000000000
36878  37.937  -63.072  -8.025 0.0000000000
30120  41.787  -68.202  -4.618 0.0000000000
31480  36.730  -68.007  -5.455 0.0000000000
32878  33.647  -66.959  -10.675 0.0000000000
28962  34.080  -69.205  -14.720 0.0000000000
24871  33.588  -72.311  -15.353 0.0000000000
31428  48.740  -67.995  -0.762 0.0000000000
30115  47.037  -68.360  -4.651 0.0000000000
27470  43.092  -70.838  -6.218 0.0000000000
38308  39.317  -62.333  -4.420 0.0000000000
27518  33.448  -70.478  -8.521 0.0000000000
32951  35.258  -66.745  -14.294 0.0000000000
34230  36.496  -64.739  -11.851 0.0000000000
28813  39.740  -69.425  -5.549 0.0000000000
28816  37.420  -69.018  -5.938 0.0000000000
30209  32.448  -68.523  -10.443 0.0000000000
31538  33.252  -67.863  -9.259 0.0000000000
30225  32.935  -68.366  -11.736 0.0000000000
31615  33.774  -68.247  -13.094 0.0000000000
30281  33.480  -69.100  -13.903 0.0000000000
24890  34.886  -72.099  -16.422 0.0000000000
28806  47.341  -69.687  -5.477 0.0000000000
28808  45.486  -69.634  -5.173 0.0000000000
27468  45.251  -70.810  -6.409 0.0000000000
34087  36.799  -65.651  -4.707 0.0000000000
36857  36.945  -63.967  -5.254 0.0000000000
36897  39.941  -63.385  -8.771 0.0000000000
38352  39.619  -61.678  -7.225 0.0000000000
27497  37.219  -70.338  -7.569 0.0000000000
28851  35.751  -69.218  -7.240 0.0000000000
28867  34.615  -69.545  -7.904 0.0000000000
30174  32.679  -69.266  -9.095 0.0000000000
27557  31.697  -70.303  -11.728 0.0000000000
34189  35.273  -64.723  -9.170 0.0000000000
36880  36.580  -63.731  -6.846 0.0000000000
35514  35.980  -64.033  -9.429 0.0000000000
35512  38.074  -63.899  -10.028 0.0000000000
30316  37.698  -68.258  -17.095 0.0000000000
31464  43.361  -67.530  -4.070 0.0000000000
31469  38.112  -67.375  -4.537 0.0000000000
32773  35.558  -66.598  -6.010 0.0000000000
30156  35.002  -68.222  -6.934 0.0000000000
32792  34.780  -67.112  -6.882 0.0000000000
34165  34.394  -65.927  -8.274 0.0000000000
32898  34.235  -66.574  -11.449 0.0000000000
32932  34.712  -66.948  -13.795 0.0000000000
30298  35.209  -68.541  -15.478 0.0000000000
27610  33.032  -70.641  -14.296 0.0000000000
27629  33.843  -70.142  -14.992 0.0000000000
27627  35.014  -70.139  -15.792 0.0000000000
28999  35.961  -69.741  -16.699 0.0000000000
32717  47.574  -66.738  -1.093 0.0000000000
32736  46.816  -66.987  -2.914 0.0000000000
31453  48.519  -67.877  -3.794 0.0000000000
31462  45.387  -67.320  -4.338 0.0000000000
30138  44.182  -68.634  -4.655 0.0000000000
28811  41.809  -69.763  -5.661 0.0000000000
27473  40.231  -70.618  -6.397 0.0000000000
26125  41.315  -71.459  -6.825 0.0000000000
26143  39.070  -71.472  -7.492 0.0000000000
38335  37.839  -62.729  -6.086 0.0000000000
32738  45.119  -65.930  -3.330 0.0000000000
34065  44.578  -65.050  -3.079 0.0000000000
32739  44.272  -65.978  -3.259 0.0000000000
32976  35.639  -66.841  -14.892 0.0000000000
32950  36.092  -66.277  -14.255 0.0000000000
28830  39.176  -70.009  -5.993 0.0000000000
28814  38.802  -69.370  -5.638 0.0000000000
28832  37.412  -69.467  -6.380 0.0000000000
30245  32.491  -68.936  -11.778 0.0000000000
30226  32.525  -68.663  -11.238 0.0000000000
30244  32.903  -68.829  -12.442 0.0000000000
28926  32.800  -69.336  -13.016 0.0000000000
23622  35.528  -73.055  -17.002 0.0000000000
27443  46.807  -70.350  -5.884 0.0000000000
34103  36.114  -65.604  -5.599 0.0000000000
35450  36.675  -64.608  -5.108 0.0000000000
35463  36.065  -64.574  -6.249 0.0000000000
38371  40.419  -62.674  -8.235 0.0000000000
28866  35.607  -69.698  -7.835 0.0000000000
27516  35.364  -70.317  -8.363 0.0000000000
27538  32.078  -70.172  -9.335 0.0000000000
28869  32.914  -69.720  -8.782 0.0000000000
28897  31.935  -69.295  -9.975 0.0000000000
28911  31.398  -70.230  -10.949 0.0000000000
34211  34.844  -65.606  -10.876 0.0000000000
34210  35.501  -64.859  -10.234 0.0000000000
35538  37.591  -64.325  -10.708 0.0000000000
35565  38.208  -64.637  -11.344 0.0000000000
35511  38.970  -64.154  -9.942 0.0000000000
31466  41.200  -67.434  -4.246 0.0000000000
30121  40.759  -68.134  -4.715 0.0000000000
31471  36.309  -67.072  -5.209 0.0000000000
31481  35.995  -67.598  -5.707 0.0000000000
28852  35.126  -69.172  -7.470 0.0000000000
30162  35.200  -68.731  -7.159 0.0000000000
30163  34.510  -68.456  -7.477 0.0000000000
31559  33.172  -67.630  -10.209 0.0000000000
32828  33.550  -67.522  -8.736 0.0000000000
32827  33.932  -66.915  -8.381 0.0000000000
32805  34.491  -66.704  -7.461 0.0000000000
32854  34.053  -66.249  -9.170 0.0000000000
32877  34.152  -66.287  -10.205 0.0000000000
32899  33.777  -67.051  -11.258 0.0000000000
30261  33.847  -68.339  -13.421 0.0000000000
31614  34.212  -67.784  -13.225 0.0000000000
31634  34.630  -67.787  -14.328 0.0000000000
30299  34.562  -68.728  -14.978 0.0000000000
22393  33.855  -74.708  -15.515 0.0000000000
23603  34.234  -73.814  -15.919 0.0000000000
23604  33.573  -73.594  -15.304 0.0000000000
26251  33.713  -71.155  -15.180 0.0000000000
26264  35.514  -71.424  -16.488 0.0000000000
26265  34.900  -71.090  -16.128 0.0000000000
27644  35.281  -70.384  -16.141 0.0000000000
29000  35.502  -69.629  -16.156 0.0000000000
27643  36.065  -70.803  -16.639 0.0000000000
32701  49.205  -66.541  0.231 0.0000000000
31429  48.146  -67.630  -1.078 0.0000000000
32730  46.903  -66.887  -1.884 0.0000000000
31442  47.612  -67.703  -2.212 0.0000000000
30114  48.130  -68.346  -4.736 0.0000000000
30106  49.378  -68.333  -3.459 0.0000000000
31459  48.591  -68.055  -4.392 0.0000000000
31461  46.428  -67.392  -4.341 0.0000000000
30116  45.869  -68.168  -4.458 0.0000000000
30117  44.787  -68.140  -4.510 0.0000000000
28790  45.202  -68.902  -4.619 0.0000000000
27446  43.677  -70.207  -5.678 0.0000000000
28810  43.041  -69.543  -5.348 0.0000000000
27447  42.715  -70.204  -5.814 0.0000000000
28828  40.892  -70.186  -5.966 0.0000000000
27471  41.975  -70.720  -6.180 0.0000000000
26153  39.830  -72.438  -8.498 0.0000000000
26142  40.394  -72.079  -7.781 0.0000000000
26126  40.253  -71.328  -6.842 0.0000000000
36879  37.371  -63.258  -7.394 0.0000000000
36865  37.244  -63.300  -6.378 0.0000000000
38353  38.332  -62.647  -7.294 0.0000000000
39767  40.124  -61.082  -6.677 0.0000000000
32917  35.261  -66.181  -12.903 0.0000000000
34231  35.797  -64.957  -11.633 0.0000000000
30142  40.287  -68.748  -5.228 0.0000000000
30122  39.772  -68.099  -4.721 0.0000000000
30143  39.318  -68.761  -5.155 0.0000000000
30146  36.632  -68.342  -5.754 0.0000000000
30187  32.770  -68.217  -9.715 0.0000000000
31521  33.466  -68.148  -8.577 0.0000000000
31560  32.876  -67.942  -10.682 0.0000000000
31577  33.372  -67.592  -11.329 0.0000000000
31600  33.586  -68.160  -12.438 0.0000000000
30262  33.394  -68.739  -13.292 0.0000000000
26250  34.289  -71.632  -15.836 0.0000000000
23623  34.893  -73.380  -16.768 0.0000000000
30137  46.990  -69.123  -5.119 0.0000000000
28789  46.224  -69.056  -4.748 0.0000000000
28807  46.471  -69.681  -5.392 0.0000000000
27445  44.803  -70.266  -5.653 0.0000000000
27469  44.189  -70.981  -6.120 0.0000000000
36844  37.881  -63.887  -4.474 0.0000000000
36843  38.290  -63.334  -4.452 0.0000000000
38373  38.509  -62.881  -8.249 0.0000000000
38372  39.275  -62.676  -8.147 0.0000000000
38351  41.019  -61.775  -7.862 0.0000000000
28849  36.939  -69.909  -6.924 0.0000000000
27498  36.623  -70.011  -7.479 0.0000000000
28868  33.673  -69.639  -8.336 0.0000000000
30173  33.055  -68.786  -8.846 0.0000000000
30188  32.455  -68.909  -9.511 0.0000000000
28910  31.972  -69.396  -11.079 0.0000000000
34164  34.808  -65.072  -8.496 0.0000000000
35475  36.034  -64.181  -7.339 0.0000000000
35495  35.530  -64.337  -8.143 0.0000000000
36921  36.112  -63.816  -8.522 0.0000000000
36920  36.798  -63.721  -8.908 0.0000000000
35539  36.474  -64.418  -10.736 0.0000000000
35513  37.075  -63.918  -9.877 0.0000000000
36919  37.673  -63.576  -9.256 0.0000000000
36918  38.555  -63.548  -9.428 0.0000000000
36917  39.451  -63.741  -9.416 0.0000000000
31667  37.128  -67.732  -16.588 0.0000000000
32752  43.859  -66.783  -3.668 0.0000000000
32753  42.794  -66.807  -3.677 0.0000000000
32759  36.526  -66.499  -4.986 0.0000000000
34123  35.546  -65.662  -6.398 0.0000000000
31496  35.739  -68.103  -6.254 0.0000000000
31520  33.828  -67.863  -8.083 0.0000000000
31498  34.667  -67.612  -7.107 0.0000000000
31497  35.249  -67.617  -6.526 0.0000000000
32791  35.024  -66.532  -6.727 0.0000000000
32804  34.694  -66.153  -7.274 0.0000000000
34138  34.873  -65.467  -7.429 0.0000000000
34190  34.684  -65.497  -9.498 0.0000000000
31599  34.025  -67.316  -12.116 0.0000000000
32918  34.729  -66.603  -12.721 0.0000000000
31633  35.159  -67.336  -14.765 0.0000000000
31652  35.669  -67.599  -15.587 0.0000000000
27569  31.887  -70.767  -12.642 0.0000000000
27611  32.577  -70.988  -14.026 0.0000000000
27588  32.706  -70.257  -13.752 0.0000000000
28943  33.036  -69.623  -13.738 0.0000000000
28963  33.611  -69.539  -14.401 0.0000000000
28981  33.968  -69.608  -14.851 0.0000000000
27628  34.613  -70.476  -15.652 0.0000000000
28980  34.356  -69.610  -15.162 0.0000000000
28979  35.079  -69.559  -15.638 0.0000000000
30318  35.702  -68.811  -16.172 0.0000000000
31668  36.298  -67.970  -16.342 0.0000000000
30317  36.644  -68.774  -16.913 0.0000000000
34052  47.747  -65.507  -0.889 0.0000000000
34042  48.238  -65.955  -0.548 0.0000000000
32718  47.008  -66.166  -1.441 0.0000000000
32731  46.383  -66.200  -2.038 0.0000000000
32737  45.856  -66.101  -2.927 0.0000000000
32750  45.752  -66.673  -3.873 0.0000000000
30091  50.264  -68.810  -2.067 0.0000000000
30093  48.715  -68.235  -2.419 0.0000000000
31454  47.662  -67.528  -3.413 0.0000000000
32749  46.623  -66.944  -3.788 0.0000000000
31463  44.394  -67.435  -4.176 0.0000000000
30118  43.856  -68.142  -4.432 0.0000000000
30140  42.347  -69.007  -4.872 0.0000000000
28809  44.287  -69.377  -5.023 0.0000000000
30139  43.425  -68.848  -4.760 0.0000000000
28812  40.694  -69.520  -5.549 0.0000000000
28829  40.051  -70.062  -5.939 0.0000000000
27474  39.466  -70.523  -6.384 0.0000000000
26127  39.581  -71.025  -6.735 0.0000000000
27495  38.951  -70.927  -6.821 0.0000000000
36866  36.668  -63.801  -5.778 0.0000000000
38321  37.918  -62.953  -5.401 0.0000000000
38320  38.387  -62.543  -5.168 0.0000000000
38334  38.668  -62.087  -6.279 0.0000000000
38319  39.128  -61.833  -5.474 0.0000000000
27444  45.854  -70.242  -5.880 0.0000000000
27472  41.029  -70.755  -6.385 0.0000000000
27475  38.782  -70.434  -6.554 0.0000000000
27645  34.938  -70.641  -15.976 0.0000000000
28791  44.579  -68.756  -4.634 0.0000000000
28805  48.171  -69.633  -5.434 0.0000000000
28815  37.946  -69.171  -5.843 0.0000000000
28827  41.436  -70.350  -6.034 0.0000000000
28848  37.628  -70.062  -6.940 0.0000000000
28850  36.376  -69.550  -7.103 0.0000000000
28865  36.183  -69.730  -7.623 0.0000000000
28881  32.346  -69.680  -9.329 0.0000000000
28882  31.845  -69.903  -9.634 0.0000000000
29019  36.594  -69.570  -17.092 0.0000000000
30082  48.610  -68.123  -1.485 0.0000000000
30094  48.199  -68.078  -1.797 0.0000000000
30105  50.200  -68.638  -3.098 0.0000000000
30107  48.703  -68.172  -3.275 0.0000000000
30113  48.896  -68.460  -4.700 0.0000000000
30119  42.841  -68.218  -4.484 0.0000000000
30136  47.743  -69.023  -5.042 0.0000000000
30141  41.286  -68.894  -5.117 0.0000000000
30153  36.950  -68.882  -6.047 0.0000000000
30154  36.244  -68.549  -6.254 0.0000000000
30208  32.792  -68.044  -10.259 0.0000000000
30280  33.944  -68.617  -14.068 0.0000000000
30335  36.902  -69.290  -17.216 0.0000000000
31417  48.662  -67.404  -0.274 0.0000000000
31441  48.204  -67.969  -3.110 0.0000000000
31452  49.043  -68.176  -4.119 0.0000000000
31458  49.032  -68.302  -4.407 0.0000000000
31460  47.576  -67.629  -4.190 0.0000000000
31465  42.285  -67.483  -4.204 0.0000000000
31482  35.412  -67.101  -6.196 0.0000000000
31508  34.245  -67.500  -7.666 0.0000000000
31576  33.851  -67.121  -11.550 0.0000000000
31578  32.786  -68.168  -11.107 0.0000000000
31653  35.001  -67.978  -15.068 0.0000000000
32702  48.378  -66.672  -0.371 0.0000000000
32748  47.160  -67.276  -3.683 0.0000000000
32772  35.960  -66.583  -5.480 0.0000000000
32855  33.570  -66.983  -9.508 0.0000000000
32931  35.436  -66.292  -13.482 0.0000000000
32952  34.875  -67.156  -14.333 0.0000000000
34086  37.645  -65.622  -4.327 0.0000000000
34104  35.764  -66.107  -5.849 0.0000000000
34122  35.827  -65.206  -6.149 0.0000000000
34139  34.563  -66.029  -7.593 0.0000000000
34249  36.723  -65.025  -12.521 0.0000000000
34250  35.686  -65.707  -12.794 0.0000000000
34251  35.176  -66.089  -12.622 0.0000000000
34284  36.645  -65.864  -14.191 0.0000000000
35432  38.398  -64.301  -3.977 0.0000000000
35433  37.568  -64.536  -4.460 0.0000000000
35434  37.106  -65.080  -4.543 0.0000000000
35449  37.127  -64.109  -4.962 0.0000000000
35476  35.515  -64.792  -6.951 0.0000000000
35494  36.020  -64.010  -7.880 0.0000000000
35566  37.160  -64.580  -11.654 0.0000000000
35567  36.447  -64.623  -11.488 0.0000000000
36855  38.015  -63.080  -5.071 0.0000000000
36856  37.490  -63.501  -5.208 0.0000000000
36898  38.984  -63.146  -8.859 0.0000000000
36899  38.161  -63.208  -8.743 0.0000000000
36900  37.401  -63.412  -8.388 0.0000000000
36901  36.533  -63.716  -7.932 0.0000000000
36902  36.029  -63.923  -8.120 0.0000000000
38309  38.697  -62.773  -4.442 0.0000000000
38333  39.212  -61.617  -6.266 0.0000000000
38354  37.690  -62.993  -6.803 0.0000000000
39745  39.778  -61.246  -5.973 0.0000000000
