#!ascii label  , from subject 3106 vox2ras=TkReg
1184
45856  20.473  -36.228  34.791 0.0000000000
46914  37.001  -36.015  38.699 0.0000000000
72176  39.173  -13.475  20.582 0.0000000000
60795  34.630  -25.521  27.646 0.0000000000
54048  39.352  -29.861  31.427 0.0000000000
84844  48.522  -2.082  16.093 0.0000000000
73301  38.770  -13.466  25.431 0.0000000000
68613  34.775  -17.489  24.653 0.0000000000
41272  16.484  -41.132  33.369 0.0000000000
48103  29.747  -35.705  37.588 0.0000000000
49365  32.918  -33.471  34.936 0.0000000000
49409  25.322  -33.774  32.594 0.0000000000
79749  43.635  -6.759  18.602 0.0000000000
44624  25.463  -38.258  39.654 0.0000000000
42331  20.004  -40.107  39.224 0.0000000000
76562  43.355  -9.559  21.599 0.0000000000
37673  15.136  -44.438  38.200 0.0000000000
34079  10.351  -46.682  38.094 0.0000000000
65385  35.064  -19.778  29.292 0.0000000000
59585  38.971  -26.158  28.543 0.0000000000
52948  37.386  -31.049  27.376 0.0000000000
50618  35.715  -33.930  30.244 0.0000000000
72060  39.188  -14.064  27.944 0.0000000000
69748  37.286  -15.450  25.718 0.0000000000
68582  37.023  -16.510  27.480 0.0000000000
73254  40.896  -13.294  28.127 0.0000000000
45896  19.652  -37.069  32.347 0.0000000000
42463  17.732  -40.197  31.179 0.0000000000
43576  18.718  -38.822  34.607 0.0000000000
46951  25.611  -36.183  36.449 0.0000000000
49355  27.281  -34.620  35.281 0.0000000000
48183  22.369  -35.533  32.977 0.0000000000
48212  20.849  -35.396  30.443 0.0000000000
75537  38.732  -11.460  19.522 0.0000000000
73314  41.078  -12.441  23.430 0.0000000000
74493  40.804  -11.278  21.594 0.0000000000
76582  40.619  -9.306  20.340 0.0000000000
41150  19.086  -41.278  41.664 0.0000000000
39971  16.672  -41.723  38.756 0.0000000000
38718  16.539  -43.303  41.824 0.0000000000
32790  11.327  -47.330  44.336 0.0000000000
34046  12.491  -47.023  40.726 0.0000000000
32830  10.187  -48.321  40.552 0.0000000000
30309  8.997  -50.346  40.681 0.0000000000
29030  8.673  -51.354  43.499 0.0000000000
60753  41.026  -24.777  30.696 0.0000000000
57349  39.575  -27.502  29.759 0.0000000000
56225  38.592  -28.402  27.789 0.0000000000
52946  37.886  -30.618  28.584 0.0000000000
51672  30.748  -32.432  33.151 0.0000000000
49406  34.607  -33.882  32.868 0.0000000000
51710  32.301  -32.207  31.087 0.0000000000
51766  33.620  -31.509  28.181 0.0000000000
62024  34.669  -22.621  28.938 0.0000000000
64379  32.392  -21.238  26.494 0.0000000000
60797  32.585  -24.180  26.609 0.0000000000
89077  50.856  1.188  15.218 0.0000000000
85892  49.138  -0.678  14.919 0.0000000000
70924  39.086  -13.644  23.053 0.0000000000
69797  37.256  -14.528  23.007 0.0000000000
73271  41.659  -12.607  25.836 0.0000000000
48083  33.444  -35.599  38.200 0.0000000000
48117  34.984  -34.373  36.860 0.0000000000
49341  30.831  -34.572  36.582 0.0000000000
50549  29.015  -33.220  34.484 0.0000000000
51715  26.904  -32.149  31.458 0.0000000000
78690  45.657  -7.443  19.927 0.0000000000
79746  45.774  -5.535  19.023 0.0000000000
82844  46.384  -4.032  17.563 0.0000000000
83877  46.253  -2.919  15.636 0.0000000000
45814  22.922  -37.596  37.221 0.0000000000
43515  20.796  -38.934  37.140 0.0000000000
43484  22.448  -39.096  39.243 0.0000000000
46924  27.036  -36.595  38.602 0.0000000000
78692  42.929  -8.231  19.646 0.0000000000
42393  17.342  -39.761  36.163 0.0000000000
38821  15.744  -42.392  35.748 0.0000000000
37701  13.489  -44.014  36.377 0.0000000000
36505  15.107  -45.606  41.381 0.0000000000
36537  12.478  -45.913  38.298 0.0000000000
24354  7.075  -53.669  43.275 0.0000000000
67497  36.582  -17.675  29.761 0.0000000000
62022  35.843  -23.903  29.076 0.0000000000
61996  38.366  -24.001  30.626 0.0000000000
60784  36.601  -25.952  28.311 0.0000000000
58434  37.966  -27.041  26.682 0.0000000000
54124  37.922  -29.706  25.546 0.0000000000
52996  36.002  -30.800  24.903 0.0000000000
48148  36.746  -34.802  34.188 0.0000000000
48193  37.536  -34.661  31.786 0.0000000000
50634  38.704  -33.159  29.776 0.0000000000
51763  36.763  -32.355  28.533 0.0000000000
51806  35.064  -31.659  26.292 0.0000000000
66451  34.687  -18.025  27.183 0.0000000000
65449  32.551  -19.927  24.226 0.0000000000
70867  38.338  -14.912  28.550 0.0000000000
70891  38.054  -15.071  27.363 0.0000000000
70868  37.736  -15.405  28.338 0.0000000000
73252  40.095  -13.634  29.276 0.0000000000
45895  19.703  -36.627  33.140 0.0000000000
44739  18.406  -37.984  32.656 0.0000000000
44718  18.691  -37.251  34.325 0.0000000000
46963  23.387  -36.620  35.852 0.0000000000
46972  24.252  -35.969  34.918 0.0000000000
46987  20.988  -35.612  34.204 0.0000000000
46998  20.654  -36.263  32.974 0.0000000000
74496  38.536  -12.134  20.274 0.0000000000
72155  39.820  -13.020  22.085 0.0000000000
73344  41.052  -12.503  22.276 0.0000000000
73377  39.367  -12.420  21.527 0.0000000000
74511  39.728  -11.136  20.772 0.0000000000
32801  10.378  -47.454  43.666 0.0000000000
32811  10.388  -47.206  42.433 0.0000000000
32812  9.262  -47.692  43.009 0.0000000000
31560  9.719  -49.350  40.870 0.0000000000
30290  8.859  -49.639  41.981 0.0000000000
30291  9.154  -50.471  41.686 0.0000000000
57338  40.065  -27.291  30.639 0.0000000000
55111  39.188  -29.000  30.779 0.0000000000
55123  38.842  -29.040  29.023 0.0000000000
52927  38.526  -30.509  30.198 0.0000000000
46930  38.345  -35.440  37.692 0.0000000000
51713  29.315  -31.642  31.518 0.0000000000
51711  31.347  -31.946  31.467 0.0000000000
52889  30.911  -31.473  30.807 0.0000000000
52915  31.508  -30.903  29.180 0.0000000000
62037  34.677  -24.488  28.584 0.0000000000
62047  33.235  -23.805  27.696 0.0000000000
84838  48.003  -2.075  17.557 0.0000000000
84836  49.197  -1.660  17.700 0.0000000000
86942  49.601  -0.476  16.959 0.0000000000
86948  49.696  -0.526  16.098 0.0000000000
84853  48.805  -1.248  15.381 0.0000000000
72106  39.155  -13.606  24.185 0.0000000000
70943  37.932  -14.371  23.122 0.0000000000
72107  38.228  -13.965  24.234 0.0000000000
68611  35.911  -15.706  24.952 0.0000000000
68622  35.840  -15.473  24.372 0.0000000000
68624  34.451  -16.828  23.885 0.0000000000
73273  39.691  -13.431  26.772 0.0000000000
73284  39.944  -13.140  25.726 0.0000000000
73316  40.086  -13.162  24.188 0.0000000000
42448  16.865  -40.142  32.559 0.0000000000
40078  15.259  -41.961  33.352 0.0000000000
48085  31.942  -35.666  38.363 0.0000000000
48100  32.885  -35.126  37.646 0.0000000000
48122  30.148  -35.237  36.821 0.0000000000
49372  26.052  -34.409  34.314 0.0000000000
49370  27.855  -34.121  34.844 0.0000000000
50568  26.800  -33.635  33.500 0.0000000000
50587  27.765  -33.152  32.888 0.0000000000
50604  25.682  -32.867  31.776 0.0000000000
49428  24.132  -33.837  31.310 0.0000000000
57387  37.254  -27.905  24.923 0.0000000000
79738  45.063  -6.758  19.626 0.0000000000
79731  46.471  -6.903  19.730 0.0000000000
79748  44.551  -6.380  19.040 0.0000000000
81806  44.521  -4.742  17.136 0.0000000000
82859  44.879  -3.681  15.247 0.0000000000
83868  46.616  -3.229  16.911 0.0000000000
44635  24.052  -38.036  38.764 0.0000000000
44636  23.267  -38.304  38.266 0.0000000000
43483  23.418  -38.697  39.375 0.0000000000
45789  25.915  -37.594  39.304 0.0000000000
45811  25.100  -37.252  38.187 0.0000000000
78686  44.467  -8.473  20.729 0.0000000000
77611  43.741  -9.466  20.813 0.0000000000
78703  41.143  -8.146  18.755 0.0000000000
42352  19.941  -39.697  38.071 0.0000000000
43538  18.939  -39.056  36.962 0.0000000000
42374  18.150  -40.302  37.669 0.0000000000
38755  16.149  -43.231  38.508 0.0000000000
39994  16.865  -42.337  37.266 0.0000000000
37682  15.766  -43.565  37.438 0.0000000000
38796  14.760  -43.532  36.099 0.0000000000
37684  14.289  -44.519  37.403 0.0000000000
35271  14.337  -46.252  42.687 0.0000000000
34058  11.064  -47.017  39.743 0.0000000000
35294  12.650  -46.574  40.037 0.0000000000
35315  11.731  -46.243  38.356 0.0000000000
36558  11.680  -45.574  37.359 0.0000000000
61999  36.132  -22.522  30.704 0.0000000000
59565  40.238  -25.297  29.411 0.0000000000
60755  38.980  -24.276  30.500 0.0000000000
60764  38.660  -25.051  30.173 0.0000000000
62020  36.701  -25.052  29.768 0.0000000000
60782  37.758  -26.291  29.103 0.0000000000
59596  37.599  -26.701  27.471 0.0000000000
58428  38.315  -26.706  27.364 0.0000000000
54085  37.626  -29.840  27.460 0.0000000000
55153  38.444  -29.254  26.628 0.0000000000
54104  37.717  -29.965  26.412 0.0000000000
54105  37.510  -30.309  25.908 0.0000000000
52973  36.677  -30.653  25.874 0.0000000000
49348  34.791  -33.922  35.938 0.0000000000
48135  36.053  -34.791  35.380 0.0000000000
49363  35.355  -34.018  34.778 0.0000000000
50601  34.845  -33.741  31.457 0.0000000000
49425  35.736  -34.395  31.737 0.0000000000
49443  35.871  -34.275  30.791 0.0000000000
49441  37.748  -33.782  30.820 0.0000000000
50636  37.156  -33.406  29.541 0.0000000000
50651  37.909  -33.223  28.689 0.0000000000
51742  36.720  -32.853  29.234 0.0000000000
52951  33.112  -31.065  27.528 0.0000000000
51782  34.366  -32.069  27.160 0.0000000000
66412  36.255  -18.917  29.538 0.0000000000
67516  36.415  -17.997  28.277 0.0000000000
66434  35.135  -19.149  28.358 0.0000000000
64391  31.931  -21.641  25.070 0.0000000000
65440  32.511  -20.207  25.232 0.0000000000
89083  51.582  1.377  14.167 0.0000000000
73274  39.010  -13.761  26.608 0.0000000000
72079  38.078  -14.341  25.537 0.0000000000
70899  38.159  -14.843  26.398 0.0000000000
68600  37.163  -15.991  26.013 0.0000000000
68602  35.720  -17.077  26.031 0.0000000000
73251  40.846  -12.894  29.407 0.0000000000
73264  39.800  -13.462  27.764 0.0000000000
44759  18.554  -38.126  31.177 0.0000000000
43613  17.170  -39.177  32.607 0.0000000000
42434  17.662  -39.769  33.879 0.0000000000
46949  27.425  -35.934  36.900 0.0000000000
48139  27.729  -35.209  35.949 0.0000000000
48141  25.836  -35.420  35.625 0.0000000000
48167  25.083  -35.116  34.467 0.0000000000
49411  23.498  -35.166  32.580 0.0000000000
49429  23.380  -34.825  31.847 0.0000000000
48196  22.198  -35.589  32.033 0.0000000000
47036  20.573  -36.493  30.710 0.0000000000
80780  42.378  -6.625  17.055 0.0000000000
43464  25.281  -39.269  41.165 0.0000000000
74460  42.583  -11.390  23.289 0.0000000000
74471  42.390  -11.242  22.854 0.0000000000
76564  42.113  -10.417  21.532 0.0000000000
76570  41.957  -9.695  20.828 0.0000000000
75549  40.384  -9.899  20.948 0.0000000000
75550  39.689  -10.138  20.496 0.0000000000
42323  19.140  -40.712  40.598 0.0000000000
42333  18.425  -41.008  39.047 0.0000000000
41157  17.932  -41.363  40.560 0.0000000000
39940  16.502  -42.658  39.902 0.0000000000
38727  15.608  -43.667  40.249 0.0000000000
34026  13.090  -46.697  42.541 0.0000000000
34027  12.266  -47.014  42.831 0.0000000000
32821  11.007  -47.641  41.311 0.0000000000
32838  10.608  -47.468  39.679 0.0000000000
31577  9.506  -48.883  39.884 0.0000000000
59564  40.816  -25.696  29.979 0.0000000000
58416  39.143  -26.769  28.596 0.0000000000
58426  38.731  -27.155  27.950 0.0000000000
56224  38.787  -28.319  28.575 0.0000000000
54084  38.110  -29.802  28.047 0.0000000000
52947  37.499  -30.773  27.962 0.0000000000
50563  31.394  -32.644  33.750 0.0000000000
49388  33.593  -33.445  34.134 0.0000000000
51670  32.420  -32.365  32.715 0.0000000000
51688  33.040  -32.269  32.039 0.0000000000
51708  33.891  -32.816  30.948 0.0000000000
50639  34.249  -32.739  29.766 0.0000000000
51725  33.003  -32.148  30.180 0.0000000000
52931  32.370  -30.915  28.329 0.0000000000
64338  34.686  -21.231  29.122 0.0000000000
65401  33.807  -20.411  28.119 0.0000000000
63237  33.190  -22.353  28.114 0.0000000000
63254  31.902  -22.452  26.477 0.0000000000
88008  50.534  0.876  16.029 0.0000000000
86956  50.114  0.292  14.701 0.0000000000
70956  39.624  -14.142  21.541 0.0000000000
71005  38.263  -14.393  19.938 0.0000000000
70957  39.003  -14.390  21.647 0.0000000000
69771  37.063  -14.537  24.440 0.0000000000
69787  35.888  -15.157  23.193 0.0000000000
75485  42.181  -12.107  28.060 0.0000000000
74435  42.315  -11.972  26.320 0.0000000000
74439  42.379  -12.132  25.440 0.0000000000
73297  41.534  -12.469  24.111 0.0000000000
72119  40.372  -13.171  23.195 0.0000000000
46916  35.138  -36.148  38.813 0.0000000000
46932  36.330  -35.502  38.080 0.0000000000
48098  34.675  -35.214  37.618 0.0000000000
49339  33.089  -34.349  36.759 0.0000000000
49350  32.429  -34.057  35.869 0.0000000000
49353  29.252  -34.388  35.812 0.0000000000
49368  29.630  -33.592  35.243 0.0000000000
50547  31.052  -32.965  34.541 0.0000000000
50565  29.457  -32.710  33.568 0.0000000000
51692  28.835  -32.191  32.319 0.0000000000
51728  27.634  -31.165  30.624 0.0000000000
81793  47.157  -5.027  18.709 0.0000000000
80766  44.518  -5.288  18.092 0.0000000000
81794  46.142  -4.794  17.944 0.0000000000
81804  47.234  -4.250  18.286 0.0000000000
82843  47.263  -3.658  17.934 0.0000000000
84846  47.123  -2.716  17.001 0.0000000000
84855  47.612  -2.120  15.661 0.0000000000
84863  47.298  -1.645  14.651 0.0000000000
45837  21.904  -37.067  35.739 0.0000000000
44680  20.451  -38.065  35.765 0.0000000000
44648  22.351  -38.107  37.326 0.0000000000
43499  21.350  -39.130  38.193 0.0000000000
42330  20.829  -39.599  38.818 0.0000000000
43466  23.500  -39.468  40.939 0.0000000000
42322  19.998  -40.386  40.373 0.0000000000
41149  20.122  -41.051  42.055 0.0000000000
46897  36.597  -36.555  39.544 0.0000000000
46899  34.745  -36.470  39.733 0.0000000000
46901  32.803  -36.431  39.590 0.0000000000
46921  30.321  -36.420  38.524 0.0000000000
46905  28.957  -36.670  39.328 0.0000000000
46923  28.284  -36.023  38.524 0.0000000000
46940  26.384  -36.509  37.517 0.0000000000
46952  24.323  -36.747  36.613 0.0000000000
78679  46.275  -7.512  22.079 0.0000000000
78691  44.282  -8.181  20.046 0.0000000000
78701  43.531  -7.572  19.229 0.0000000000
77617  42.076  -8.877  20.009 0.0000000000
78702  42.367  -7.567  18.868 0.0000000000
78713  42.224  -7.423  18.147 0.0000000000
43556  19.517  -38.480  35.341 0.0000000000
43558  18.299  -39.608  35.380 0.0000000000
41252  17.618  -40.969  35.174 0.0000000000
41216  16.703  -40.570  37.646 0.0000000000
40032  16.355  -40.986  35.629 0.0000000000
40053  16.464  -42.077  35.020 0.0000000000
40055  14.577  -42.507  34.485 0.0000000000
38849  13.811  -43.274  34.741 0.0000000000
36504  15.784  -44.812  40.959 0.0000000000
36516  15.200  -45.110  40.085 0.0000000000
36525  14.052  -45.638  39.369 0.0000000000
36535  14.064  -45.018  38.263 0.0000000000
37686  12.464  -44.743  37.480 0.0000000000
26874  8.306  -52.883  43.412 0.0000000000
69694  37.594  -15.902  29.904 0.0000000000
65356  35.949  -20.308  30.388 0.0000000000
63207  35.001  -21.828  29.810 0.0000000000
62023  34.786  -23.416  29.303 0.0000000000
62007  36.769  -23.670  29.614 0.0000000000
62021  37.019  -24.121  28.687 0.0000000000
60794  35.616  -25.671  27.600 0.0000000000
59607  36.421  -27.021  26.877 0.0000000000
58435  37.110  -27.376  26.357 0.0000000000
56241  38.052  -28.508  25.280 0.0000000000
57373  38.510  -28.074  26.907 0.0000000000
56240  38.487  -28.487  26.135 0.0000000000
55166  38.292  -29.053  25.516 0.0000000000
54125  37.205  -30.140  25.058 0.0000000000
52995  36.705  -30.636  24.617 0.0000000000
52899  40.090  -31.397  31.565 0.0000000000
48115  36.806  -35.337  36.244 0.0000000000
48134  37.225  -35.331  35.267 0.0000000000
48164  38.600  -35.312  33.702 0.0000000000
49386  35.301  -34.221  33.631 0.0000000000
48166  36.871  -34.861  32.970 0.0000000000
48191  39.225  -34.956  32.177 0.0000000000
49421  38.951  -34.329  31.493 0.0000000000
50614  39.546  -33.254  30.621 0.0000000000
51740  39.189  -31.976  30.429 0.0000000000
51760  38.082  -32.156  29.201 0.0000000000
51777  37.873  -31.744  28.366 0.0000000000
51779  37.222  -31.844  27.717 0.0000000000
50654  35.093  -32.456  29.127 0.0000000000
51780  36.333  -31.919  27.496 0.0000000000
52950  36.252  -31.240  26.664 0.0000000000
52974  35.719  -31.134  25.890 0.0000000000
68564  36.903  -16.963  28.622 0.0000000000
68593  35.781  -17.345  26.572 0.0000000000
67536  34.890  -17.947  25.672 0.0000000000
66453  33.604  -18.925  27.015 0.0000000000
66476  33.775  -18.736  25.194 0.0000000000
67547  34.179  -18.500  24.520 0.0000000000
84862  47.960  -1.178  13.992 0.0000000000
70855  38.902  -15.003  29.447 0.0000000000
69709  38.108  -15.374  29.439 0.0000000000
72044  39.224  -14.294  29.562 0.0000000000
45876  19.908  -36.050  33.939 0.0000000000
44737  19.096  -36.565  33.833 0.0000000000
44717  19.528  -36.643  34.704 0.0000000000
45855  21.204  -36.544  35.278 0.0000000000
46974  22.239  -36.274  34.798 0.0000000000
46975  21.196  -36.115  34.787 0.0000000000
73379  38.458  -12.890  20.876 0.0000000000
73380  37.982  -12.899  20.543 0.0000000000
72156  39.579  -13.635  21.448 0.0000000000
73362  39.607  -12.698  21.710 0.0000000000
73378  38.886  -12.755  21.483 0.0000000000
32802  9.817  -48.307  44.053 0.0000000000
31532  8.864  -48.717  42.341 0.0000000000
31518  9.049  -48.811  43.442 0.0000000000
30272  8.808  -49.581  42.835 0.0000000000
55103  39.949  -29.110  31.367 0.0000000000
56196  39.682  -28.281  30.811 0.0000000000
54049  38.534  -29.790  30.662 0.0000000000
46913  38.013  -35.867  38.606 0.0000000000
52891  29.279  -31.291  30.621 0.0000000000
52890  30.036  -31.207  30.845 0.0000000000
52902  29.688  -30.917  30.125 0.0000000000
54037  30.053  -30.700  29.710 0.0000000000
62046  33.751  -24.990  27.959 0.0000000000
85878  48.280  -1.681  16.874 0.0000000000
85873  48.277  -1.781  17.365 0.0000000000
85872  48.814  -1.539  17.328 0.0000000000
85877  49.078  -1.256  16.524 0.0000000000
85885  49.171  -0.992  15.549 0.0000000000
84843  48.867  -1.505  15.693 0.0000000000
73300  39.175  -13.189  25.052 0.0000000000
72088  38.283  -13.630  25.069 0.0000000000
68612  35.575  -17.045  24.910 0.0000000000
68623  35.497  -16.051  24.276 0.0000000000
67555  34.432  -17.915  24.401 0.0000000000
73317  39.666  -13.299  24.568 0.0000000000
41271  16.785  -40.909  32.735 0.0000000000
40076  16.639  -41.303  32.344 0.0000000000
41291  16.257  -41.413  32.897 0.0000000000
41292  15.891  -41.554  32.993 0.0000000000
41273  15.778  -41.507  33.682 0.0000000000
46936  30.518  -36.064  37.903 0.0000000000
48102  30.671  -35.428  37.551 0.0000000000
49390  26.252  -33.897  33.536 0.0000000000
49408  26.068  -33.561  32.914 0.0000000000
50589  25.959  -33.359  32.562 0.0000000000
49427  24.970  -33.377  31.773 0.0000000000
56251  37.520  -28.482  24.686 0.0000000000
78711  44.142  -6.863  19.132 0.0000000000
44625  24.610  -38.002  39.285 0.0000000000
43496  24.049  -38.306  39.235 0.0000000000
43482  24.515  -38.639  39.725 0.0000000000
44623  26.373  -38.058  39.704 0.0000000000
45790  25.185  -37.615  39.212 0.0000000000
76556  43.345  -9.578  22.480 0.0000000000
76561  44.134  -8.932  22.100 0.0000000000
77610  44.342  -8.908  21.236 0.0000000000
42373  18.959  -39.795  37.375 0.0000000000
42353  18.926  -39.875  38.495 0.0000000000
37660  15.682  -43.849  38.690 0.0000000000
37672  15.929  -43.886  37.887 0.0000000000
37683  15.295  -43.936  37.140 0.0000000000
35258  14.345  -46.253  43.505 0.0000000000
34070  10.821  -46.675  38.842 0.0000000000
34069  11.595  -46.655  39.237 0.0000000000
35316  10.903  -46.435  38.187 0.0000000000
35329  10.799  -46.438  37.391 0.0000000000
59575  38.796  -25.681  28.911 0.0000000000
60772  38.941  -25.316  29.412 0.0000000000
60773  37.992  -25.509  29.601 0.0000000000
59586  38.452  -26.311  28.686 0.0000000000
59587  37.915  -26.535  28.178 0.0000000000
58418  38.452  -26.678  27.947 0.0000000000
52971  37.112  -30.086  27.123 0.0000000000
54103  37.921  -29.578  26.867 0.0000000000
52972  37.200  -30.483  26.649 0.0000000000
49364  34.141  -33.641  34.959 0.0000000000
50619  35.117  -33.674  30.570 0.0000000000
49444  35.268  -34.111  31.301 0.0000000000
49442  36.870  -33.977  30.509 0.0000000000
49462  36.192  -34.014  30.113 0.0000000000
50637  35.974  -33.402  29.635 0.0000000000
65383  36.180  -19.288  29.559 0.0000000000
67500  35.725  -18.618  28.802 0.0000000000
66414  35.582  -19.104  28.966 0.0000000000
72070  38.844  -14.019  27.148 0.0000000000
72077  38.620  -14.222  26.493 0.0000000000
70890  38.211  -14.843  26.981 0.0000000000
69737  37.630  -15.458  27.143 0.0000000000
68591  37.175  -16.218  26.581 0.0000000000
68601  36.549  -16.251  25.771 0.0000000000
68592  36.520  -17.199  26.784 0.0000000000
73246  41.593  -12.307  29.719 0.0000000000
73256  39.456  -13.879  28.401 0.0000000000
73255  39.965  -13.679  28.618 0.0000000000
72059  39.432  -13.711  27.720 0.0000000000
72069  39.384  -13.719  27.460 0.0000000000
44719  18.598  -38.053  33.800 0.0000000000
43594  17.989  -38.870  33.460 0.0000000000
43595  17.506  -39.374  33.342 0.0000000000
42433  18.128  -39.353  34.346 0.0000000000
48126  26.410  -35.630  36.284 0.0000000000
46961  25.242  -35.768  35.794 0.0000000000
48153  23.167  -35.706  34.503 0.0000000000
48152  23.940  -35.637  34.603 0.0000000000
48169  23.547  -35.243  34.077 0.0000000000
49392  24.495  -34.991  33.588 0.0000000000
48182  23.339  -35.305  33.215 0.0000000000
48195  22.967  -35.400  32.370 0.0000000000
47013  20.258  -36.681  31.925 0.0000000000
47012  21.047  -36.295  31.823 0.0000000000
74451  42.268  -11.894  23.678 0.0000000000
74461  41.792  -11.765  23.132 0.0000000000
74481  41.333  -11.775  21.659 0.0000000000
74472  41.773  -11.613  22.441 0.0000000000
75517  42.185  -10.929  21.847 0.0000000000
75524  41.709  -10.601  21.592 0.0000000000
75533  41.732  -10.168  21.397 0.0000000000
75534  40.845  -10.275  21.517 0.0000000000
74512  39.624  -11.171  20.272 0.0000000000
75551  39.440  -10.554  19.519 0.0000000000
41156  18.707  -41.123  40.895 0.0000000000
41151  18.355  -41.504  41.220 0.0000000000
39939  17.109  -42.165  40.611 0.0000000000
38726  16.214  -43.195  40.744 0.0000000000
34017  12.225  -47.214  43.819 0.0000000000
32829  10.748  -47.607  40.224 0.0000000000
32839  10.214  -48.116  39.362 0.0000000000
30308  9.155  -49.768  41.348 0.0000000000
31561  8.946  -49.580  40.123 0.0000000000
29041  9.035  -51.272  42.407 0.0000000000
27951  8.792  -52.345  42.910 0.0000000000
57348  40.115  -27.137  29.972 0.0000000000
58405  40.418  -26.839  30.139 0.0000000000
58406  40.151  -26.620  29.652 0.0000000000
58407  39.667  -26.376  29.146 0.0000000000
58415  39.478  -26.953  29.207 0.0000000000
57358  39.022  -27.547  28.962 0.0000000000
54064  38.358  -30.236  28.817 0.0000000000
54083  38.562  -29.598  28.691 0.0000000000
50562  32.385  -32.740  33.453 0.0000000000
51671  31.661  -32.334  32.963 0.0000000000
51709  33.252  -32.578  31.030 0.0000000000
51724  33.748  -32.622  30.275 0.0000000000
51726  32.094  -31.926  30.058 0.0000000000
63220  34.966  -21.869  28.839 0.0000000000
64348  34.099  -20.993  28.764 0.0000000000
63228  34.003  -22.024  28.661 0.0000000000
62048  32.413  -23.299  26.861 0.0000000000
62058  31.724  -23.592  26.125 0.0000000000
86954  49.534  -0.285  15.222 0.0000000000
86957  49.460  -0.257  14.294 0.0000000000
70941  39.153  -13.858  22.218 0.0000000000
70942  38.639  -14.076  22.574 0.0000000000
70958  37.858  -13.967  22.142 0.0000000000
69798  36.682  -14.536  22.725 0.0000000000
70901  37.477  -14.884  25.460 0.0000000000
69758  37.127  -14.672  24.751 0.0000000000
69759  36.807  -15.072  25.048 0.0000000000
69774  35.388  -15.844  23.626 0.0000000000
69773  35.784  -15.273  23.892 0.0000000000
69788  35.040  -15.552  23.061 0.0000000000
69800  34.806  -15.047  22.147 0.0000000000
74428  41.766  -12.511  28.224 0.0000000000
75479  42.160  -11.926  28.376 0.0000000000
73262  41.784  -13.027  26.676 0.0000000000
74431  42.075  -12.253  27.309 0.0000000000
73282  41.638  -12.474  24.965 0.0000000000
72105  39.988  -13.329  23.428 0.0000000000
72120  39.604  -13.395  22.803 0.0000000000
46917  34.133  -36.063  38.760 0.0000000000
46934  34.720  -35.690  38.299 0.0000000000
48082  34.165  -35.539  38.103 0.0000000000
49340  31.766  -34.058  37.009 0.0000000000
49329  32.961  -34.667  37.319 0.0000000000
49351  31.294  -34.098  35.861 0.0000000000
48138  28.661  -35.081  36.218 0.0000000000
49354  28.222  -34.475  35.553 0.0000000000
50550  28.099  -33.536  34.433 0.0000000000
49369  28.718  -33.976  34.979 0.0000000000
49367  30.665  -33.427  35.289 0.0000000000
50548  30.002  -32.834  34.654 0.0000000000
50564  30.458  -32.604  33.868 0.0000000000
51694  27.154  -32.741  32.359 0.0000000000
51693  27.906  -32.461  32.267 0.0000000000
51714  28.240  -32.035  31.384 0.0000000000
48211  22.007  -35.556  30.914 0.0000000000
49449  22.320  -34.045  30.800 0.0000000000
49450  21.304  -34.589  30.259 0.0000000000
78684  46.038  -6.730  21.011 0.0000000000
79736  46.015  -5.814  19.468 0.0000000000
80759  46.534  -6.341  19.692 0.0000000000
80758  46.820  -5.691  19.425 0.0000000000
81788  47.615  -5.535  19.536 0.0000000000
80778  43.681  -5.312  17.157 0.0000000000
82845  45.247  -4.102  16.761 0.0000000000
81795  45.187  -4.490  17.826 0.0000000000
82833  45.850  -4.268  17.480 0.0000000000
81805  46.724  -4.492  18.161 0.0000000000
84856  46.978  -2.561  16.229 0.0000000000
45825  22.351  -37.307  36.691 0.0000000000
44661  21.871  -37.724  36.792 0.0000000000
44626  22.681  -38.630  38.838 0.0000000000
44637  22.131  -38.617  38.251 0.0000000000
43498  21.969  -38.972  38.780 0.0000000000
43485  21.695  -39.429  39.129 0.0000000000
43465  24.399  -39.448  41.074 0.0000000000
42314  22.477  -39.856  41.299 0.0000000000
42321  21.314  -40.004  40.034 0.0000000000
42315  20.984  -40.448  41.557 0.0000000000
42316  19.688  -40.623  41.310 0.0000000000
45780  35.394  -36.625  40.005 0.0000000000
46902  31.837  -36.516  39.336 0.0000000000
46907  27.355  -37.086  39.086 0.0000000000
46906  27.909  -36.838  39.250 0.0000000000
45812  24.497  -37.383  37.751 0.0000000000
46942  24.553  -37.111  37.247 0.0000000000
45823  24.096  -37.249  37.152 0.0000000000
45824  23.380  -37.066  36.739 0.0000000000
71006  37.828  -14.545  20.322 0.0000000000
76581  41.413  -9.270  20.422 0.0000000000
77627  41.318  -8.880  20.031 0.0000000000
78693  41.927  -8.248  19.406 0.0000000000
78714  41.603  -7.645  18.048 0.0000000000
44663  20.524  -38.262  36.417 0.0000000000
43537  19.882  -38.607  36.462 0.0000000000
42392  17.787  -39.475  36.890 0.0000000000
42405  18.391  -39.430  36.476 0.0000000000
42406  17.987  -39.925  35.892 0.0000000000
41251  17.844  -40.342  35.491 0.0000000000
41241  17.300  -40.171  35.743 0.0000000000
41170  17.259  -41.378  39.176 0.0000000000
41195  17.819  -41.140  38.694 0.0000000000
41196  16.859  -40.915  38.515 0.0000000000
38794  16.115  -42.766  36.722 0.0000000000
40014  16.755  -42.113  36.123 0.0000000000
40033  15.926  -41.655  35.756 0.0000000000
38846  15.728  -42.309  35.003 0.0000000000
38847  15.203  -42.587  34.977 0.0000000000
38824  13.748  -43.520  35.622 0.0000000000
37713  13.093  -43.735  35.260 0.0000000000
37728  12.664  -44.542  34.849 0.0000000000
36515  15.532  -44.572  40.467 0.0000000000
34037  12.418  -46.922  41.767 0.0000000000
34045  13.052  -46.705  41.224 0.0000000000
35314  12.759  -46.207  38.771 0.0000000000
35304  13.221  -46.260  39.587 0.0000000000
36526  13.401  -46.061  38.997 0.0000000000
36536  13.158  -45.624  38.470 0.0000000000
36547  13.122  -45.021  37.845 0.0000000000
27943  8.477  -52.091  43.864 0.0000000000
26864  8.082  -52.480  44.085 0.0000000000
25651  7.562  -53.216  43.719 0.0000000000
66397  36.685  -18.788  30.337 0.0000000000
65337  36.344  -20.654  30.735 0.0000000000
64312  35.529  -21.042  30.174 0.0000000000
63191  35.562  -21.604  30.411 0.0000000000
62008  35.618  -23.029  29.968 0.0000000000
61997  37.584  -23.962  30.432 0.0000000000
62034  36.823  -25.812  29.147 0.0000000000
62035  36.550  -25.025  28.632 0.0000000000
60785  36.248  -25.180  27.795 0.0000000000
60793  36.101  -25.973  27.817 0.0000000000
59606  37.187  -27.010  27.043 0.0000000000
57375  37.858  -27.754  25.756 0.0000000000
57367  38.598  -27.724  27.356 0.0000000000
56231  38.592  -28.629  26.937 0.0000000000
54123  38.207  -29.610  26.326 0.0000000000
56232  38.534  -28.919  26.458 0.0000000000
55165  38.397  -29.199  26.112 0.0000000000
48097  35.621  -35.250  37.361 0.0000000000
48096  36.556  -35.322  37.190 0.0000000000
48116  35.843  -35.038  36.474 0.0000000000
48149  35.968  -34.577  34.598 0.0000000000
48147  37.873  -35.415  34.391 0.0000000000
49407  33.971  -33.444  33.391 0.0000000000
49387  34.421  -33.932  33.972 0.0000000000
48180  36.985  -34.682  32.128 0.0000000000
49404  36.280  -34.566  32.372 0.0000000000
48179  37.617  -34.961  32.483 0.0000000000
48192  38.299  -34.892  31.915 0.0000000000
50616  38.289  -33.491  30.264 0.0000000000
50615  38.881  -33.294  30.534 0.0000000000
50633  38.992  -32.776  30.261 0.0000000000
51741  38.570  -32.367  29.953 0.0000000000
51759  38.271  -31.783  30.035 0.0000000000
50649  38.796  -32.688  29.524 0.0000000000
50652  37.245  -32.959  28.782 0.0000000000
51761  38.208  -32.456  28.408 0.0000000000
51762  37.603  -32.486  28.282 0.0000000000
51778  37.826  -31.774  27.888 0.0000000000
51745  33.728  -32.317  29.287 0.0000000000
51765  34.635  -32.176  28.465 0.0000000000
51781  35.334  -32.241  27.414 0.0000000000
51805  35.761  -31.686  26.737 0.0000000000
68545  37.183  -16.770  29.764 0.0000000000
67517  35.936  -18.318  28.083 0.0000000000
67527  36.361  -17.839  27.540 0.0000000000
67528  35.599  -17.668  27.155 0.0000000000
67535  35.261  -17.575  26.243 0.0000000000
66464  34.617  -18.114  26.312 0.0000000000
64378  32.951  -20.663  27.114 0.0000000000
65421  33.556  -19.812  27.305 0.0000000000
65439  32.975  -19.319  24.904 0.0000000000
66483  33.826  -19.240  24.327 0.0000000000
66484  33.169  -19.042  24.029 0.0000000000
89082  52.110  1.875  14.599 0.0000000000
89090  52.287  1.719  13.509 0.0000000000
90172  52.625  2.562  14.083 0.0000000000
72051  39.219  -14.227  28.808 0.0000000000
70877  38.466  -14.731  27.608 0.0000000000
70878  37.900  -15.217  27.817 0.0000000000
69725  37.239  -15.772  28.062 0.0000000000
44758  19.136  -37.667  32.121 0.0000000000
44738  19.038  -37.319  33.178 0.0000000000
44701  18.894  -38.050  34.563 0.0000000000
46962  24.547  -36.135  35.588 0.0000000000
46973  23.607  -36.184  34.984 0.0000000000
48170  22.611  -35.407  33.971 0.0000000000
46997  21.588  -35.902  32.517 0.0000000000
46986  21.784  -36.047  33.561 0.0000000000
75536  39.165  -11.547  20.034 0.0000000000
72132  40.567  -12.836  22.827 0.0000000000
73330  40.985  -12.295  22.955 0.0000000000
72154  40.371  -12.854  22.348 0.0000000000
73361  40.474  -12.636  21.822 0.0000000000
74482  40.436  -12.099  21.416 0.0000000000
74494  39.832  -11.700  21.312 0.0000000000
74495  39.034  -11.841  20.811 0.0000000000
39932  18.932  -41.822  42.331 0.0000000000
39933  18.215  -41.892  41.855 0.0000000000
39928  17.642  -42.370  42.266 0.0000000000
32822  9.557  -48.061  41.554 0.0000000000
31545  9.125  -49.069  41.525 0.0000000000
30273  8.931  -50.276  42.422 0.0000000000
30256  8.616  -50.433  43.151 0.0000000000
57339  39.597  -27.831  30.335 0.0000000000
56197  39.322  -28.333  30.134 0.0000000000
56213  39.026  -28.283  29.380 0.0000000000
55112  38.780  -28.995  29.936 0.0000000000
54063  38.572  -29.877  29.537 0.0000000000
52928  37.925  -30.890  29.544 0.0000000000
51712  30.427  -31.649  31.677 0.0000000000
51690  30.991  -32.151  32.341 0.0000000000
52888  31.599  -31.818  30.704 0.0000000000
52900  31.464  -31.380  30.066 0.0000000000
52901  30.616  -30.951  29.930 0.0000000000
54051  30.444  -30.435  29.211 0.0000000000
62038  34.191  -23.100  28.435 0.0000000000
83858  48.338  -2.439  18.093 0.0000000000
83853  49.147  -2.367  18.295 0.0000000000
83854  48.826  -2.284  17.979 0.0000000000
86947  50.218  0.118  16.822 0.0000000000
70925  38.514  -14.065  23.473 0.0000000000
70926  37.740  -14.281  23.928 0.0000000000
73263  40.753  -13.153  27.188 0.0000000000
74432  41.578  -13.019  27.507 0.0000000000
73272  40.764  -12.924  26.288 0.0000000000
73283  40.825  -12.793  25.372 0.0000000000
73298  40.786  -12.718  24.525 0.0000000000
73299  40.103  -13.066  24.893 0.0000000000
42464  16.905  -40.258  31.676 0.0000000000
40098  15.605  -42.311  32.552 0.0000000000
40099  14.808  -42.735  32.869 0.0000000000
48084  32.559  -35.604  38.268 0.0000000000
48101  31.689  -35.165  37.716 0.0000000000
48121  30.990  -35.155  37.066 0.0000000000
49371  26.968  -34.184  34.356 0.0000000000
49389  26.875  -33.830  33.772 0.0000000000
50567  27.371  -33.524  33.764 0.0000000000
50566  28.374  -33.128  33.718 0.0000000000
50603  26.603  -32.739  32.161 0.0000000000
51716  25.528  -31.481  31.040 0.0000000000
50622  23.780  -32.682  31.124 0.0000000000
57376  36.830  -27.699  25.537 0.0000000000
79737  45.666  -6.631  19.483 0.0000000000
79747  45.285  -5.729  19.122 0.0000000000
82846  44.150  -4.539  16.283 0.0000000000
83869  46.021  -3.736  16.798 0.0000000000
83878  45.749  -3.486  16.041 0.0000000000
45802  24.029  -37.777  38.198 0.0000000000
44647  23.089  -38.020  37.507 0.0000000000
45798  26.993  -37.266  39.029 0.0000000000
46925  25.934  -36.750  38.302 0.0000000000
45800  25.490  -37.244  38.694 0.0000000000
45801  24.684  -37.536  38.612 0.0000000000
77615  44.149  -8.946  20.506 0.0000000000
77616  43.189  -9.035  20.354 0.0000000000
77628  40.941  -8.821  19.471 0.0000000000
43516  19.847  -39.245  37.303 0.0000000000
43517  19.301  -39.389  37.328 0.0000000000
39949  16.388  -42.534  39.077 0.0000000000
39972  16.495  -42.393  38.198 0.0000000000
38772  16.176  -43.103  37.584 0.0000000000
38795  15.419  -43.300  36.393 0.0000000000
38822  15.090  -43.138  35.541 0.0000000000
37699  15.024  -43.730  36.522 0.0000000000
37700  14.527  -43.957  36.555 0.0000000000
35281  14.859  -46.015  42.267 0.0000000000
34057  11.993  -46.920  39.900 0.0000000000
35305  12.339  -46.473  39.310 0.0000000000
36548  12.104  -45.361  37.800 0.0000000000
35328  11.699  -46.010  37.370 0.0000000000
63190  36.027  -21.766  30.720 0.0000000000
61998  36.600  -23.294  30.582 0.0000000000
60762  40.500  -24.823  29.920 0.0000000000
60754  39.945  -24.463  30.632 0.0000000000
60763  39.582  -24.862  29.741 0.0000000000
60765  37.781  -24.839  30.401 0.0000000000
60774  37.152  -24.996  30.466 0.0000000000
62019  37.255  -26.022  29.757 0.0000000000
60783  37.218  -26.370  28.736 0.0000000000
59588  37.206  -26.512  28.098 0.0000000000
58433  38.575  -27.053  26.942 0.0000000000
54102  38.049  -29.435  27.355 0.0000000000
55152  38.417  -29.284  27.058 0.0000000000
49337  34.672  -34.130  36.436 0.0000000000
48136  35.479  -34.384  36.075 0.0000000000
49347  35.474  -34.187  35.575 0.0000000000
50582  34.571  -33.531  32.052 0.0000000000
49426  35.104  -33.994  32.030 0.0000000000
49424  36.574  -34.481  31.481 0.0000000000
49423  37.291  -34.261  31.303 0.0000000000
49422  38.051  -34.272  31.393 0.0000000000
50617  37.652  -33.625  30.113 0.0000000000
50635  38.137  -33.465  29.459 0.0000000000
50650  38.760  -33.054  28.867 0.0000000000
51807  34.300  -31.580  26.090 0.0000000000
66411  36.306  -18.328  29.689 0.0000000000
67498  36.134  -17.853  29.036 0.0000000000
67499  35.887  -18.328  28.898 0.0000000000
66433  35.272  -18.440  27.796 0.0000000000
64380  31.835  -21.705  25.853 0.0000000000
65433  32.540  -20.580  25.826 0.0000000000
64390  32.300  -21.051  25.527 0.0000000000
88022  50.792  0.578  14.272 0.0000000000
88015  50.948  1.122  14.880 0.0000000000
73285  39.019  -13.580  25.960 0.0000000000
73286  38.629  -13.691  25.591 0.0000000000
72078  38.450  -14.213  25.840 0.0000000000
70900  37.925  -14.903  25.915 0.0000000000
69736  38.013  -15.125  27.032 0.0000000000
69747  37.633  -15.462  26.374 0.0000000000
43629  17.745  -38.936  30.968 0.0000000000
43612  17.698  -38.524  32.106 0.0000000000
44740  17.220  -39.069  32.088 0.0000000000
42435  17.040  -40.464  33.432 0.0000000000
42422  16.782  -40.663  33.877 0.0000000000
48105  28.115  -35.823  37.481 0.0000000000
48123  29.135  -35.448  36.928 0.0000000000
48125  27.193  -35.599  36.476 0.0000000000
48140  26.759  -35.258  35.757 0.0000000000
48142  25.152  -35.664  35.351 0.0000000000
48150  25.386  -35.305  34.965 0.0000000000
49373  25.598  -34.816  34.653 0.0000000000
49391  25.179  -34.581  33.796 0.0000000000
49410  24.244  -34.776  32.794 0.0000000000
48210  22.621  -35.139  31.580 0.0000000000
47034  21.786  -36.036  31.166 0.0000000000
47035  21.361  -36.046  31.080 0.0000000000
80768  42.983  -6.520  17.721 0.0000000000
80767  43.687  -5.985  17.949 0.0000000000
43481  25.262  -38.820  39.995 0.0000000000
43463  26.111  -39.270  41.163 0.0000000000
75505  42.743  -11.510  23.733 0.0000000000
75504  43.154  -11.143  23.693 0.0000000000
75516  42.628  -10.594  22.495 0.0000000000
76557  42.456  -10.001  22.095 0.0000000000
76569  42.964  -9.745  20.927 0.0000000000
76563  42.279  -10.097  21.483 0.0000000000
76571  41.037  -9.644  20.857 0.0000000000
75535  40.020  -10.581  21.093 0.0000000000
76583  39.932  -9.348  19.627 0.0000000000
42332  18.805  -40.373  39.596 0.0000000000
41168  18.503  -40.893  40.266 0.0000000000
41169  18.036  -41.112  39.600 0.0000000000
41158  17.416  -41.553  39.913 0.0000000000
39938  17.813  -41.843  41.160 0.0000000000
39948  17.037  -42.093  39.505 0.0000000000
38737  15.859  -43.371  39.545 0.0000000000
37661  15.320  -44.242  39.318 0.0000000000
34016  13.034  -46.916  43.418 0.0000000000
32820  11.735  -47.302  41.626 0.0000000000
34038  11.954  -47.459  41.204 0.0000000000
34047  11.583  -47.365  40.497 0.0000000000
34059  10.537  -47.294  39.258 0.0000000000
31590  9.429  -48.832  38.977 0.0000000000
59563  41.268  -26.197  30.406 0.0000000000
59574  39.515  -25.706  28.972 0.0000000000
58417  38.709  -26.716  28.214 0.0000000000
57359  38.794  -27.644  28.182 0.0000000000
55139  38.548  -29.024  28.256 0.0000000000
55140  38.390  -29.082  27.543 0.0000000000
50546  32.025  -33.187  34.269 0.0000000000
50545  32.860  -33.097  34.082 0.0000000000
50561  33.286  -33.064  33.404 0.0000000000
50584  32.990  -32.726  32.807 0.0000000000
51689  31.971  -32.162  32.139 0.0000000000
50583  33.937  -32.931  32.511 0.0000000000
50602  34.335  -33.206  31.366 0.0000000000
50620  34.351  -33.068  30.396 0.0000000000
50638  34.931  -33.085  29.607 0.0000000000
51747  31.985  -31.395  29.520 0.0000000000
51746  32.725  -31.603  29.138 0.0000000000
51767  32.933  -31.300  28.453 0.0000000000
52930  33.030  -31.158  28.145 0.0000000000
64347  34.550  -20.537  29.068 0.0000000000
64362  33.396  -21.091  28.014 0.0000000000
64363  32.846  -21.543  27.440 0.0000000000
63238  32.537  -22.448  27.283 0.0000000000
63255  31.583  -22.531  25.566 0.0000000000
86953  50.085  0.233  15.665 0.0000000000
88016  50.686  0.880  15.096 0.0000000000
86966  50.438  0.327  13.713 0.0000000000
72157  39.826  -13.878  20.606 0.0000000000
72177  38.573  -13.760  20.134 0.0000000000
70984  39.537  -14.447  20.848 0.0000000000
70985  38.543  -14.525  20.684 0.0000000000
72089  37.716  -14.376  25.186 0.0000000000
70910  37.522  -14.401  24.722 0.0000000000
69785  37.089  -14.368  23.700 0.0000000000
69772  36.372  -14.963  24.298 0.0000000000
69786  36.468  -14.734  23.464 0.0000000000
69799  35.840  -14.721  22.536 0.0000000000
74427  42.148  -12.164  27.821 0.0000000000
74445  42.490  -12.014  24.542 0.0000000000
73315  40.630  -12.773  23.737 0.0000000000
72104  40.724  -13.131  23.126 0.0000000000
72133  40.004  -13.145  22.610 0.0000000000
72134  39.390  -13.443  22.098 0.0000000000
46915  36.033  -36.000  38.828 0.0000000000
46933  35.426  -35.599  38.183 0.0000000000
48099  33.747  -35.220  37.581 0.0000000000
48118  33.995  -34.863  36.959 0.0000000000
49338  34.196  -34.191  36.509 0.0000000000
49349  33.601  -33.818  35.881 0.0000000000
48137  29.442  -34.972  36.408 0.0000000000
49342  29.984  -34.592  36.326 0.0000000000
49352  30.286  -34.123  35.852 0.0000000000
49366  31.740  -33.421  35.197 0.0000000000
51673  30.132  -32.532  33.302 0.0000000000
50586  28.606  -32.750  32.917 0.0000000000
50585  29.193  -32.467  32.872 0.0000000000
51691  29.883  -32.214  32.617 0.0000000000
51727  28.637  -31.481  30.766 0.0000000000
59599  35.148  -26.223  27.051 0.0000000000
81787  48.024  -4.885  19.425 0.0000000000
80765  45.522  -5.126  18.568 0.0000000000
80764  46.254  -5.396  18.833 0.0000000000
81792  47.783  -4.325  18.979 0.0000000000
81803  47.863  -3.899  18.554 0.0000000000
82842  47.947  -3.421  18.433 0.0000000000
83867  47.460  -2.875  17.816 0.0000000000
83859  47.764  -2.412  17.643 0.0000000000
84845  47.662  -2.228  16.904 0.0000000000
44698  21.216  -37.085  35.601 0.0000000000
44699  20.387  -36.973  35.536 0.0000000000
44679  21.179  -37.522  35.868 0.0000000000
44662  21.244  -38.153  36.643 0.0000000000
43536  20.589  -38.444  36.707 0.0000000000
44649  21.600  -38.621  37.600 0.0000000000
42351  20.671  -39.433  38.303 0.0000000000
43474  24.859  -39.103  40.426 0.0000000000
43475  23.940  -39.128  40.280 0.0000000000
43476  22.905  -39.452  40.141 0.0000000000
42313  23.848  -39.768  41.808 0.0000000000
42320  22.215  -39.607  40.350 0.0000000000
41143  19.566  -41.462  42.461 0.0000000000
46896  37.649  -36.361  39.490 0.0000000000
46898  35.650  -36.424  39.509 0.0000000000
46900  33.716  -36.301  39.580 0.0000000000
46918  33.171  -36.104  38.801 0.0000000000
46919  32.267  -36.035  38.822 0.0000000000
46920  31.323  -36.060  38.453 0.0000000000
46937  29.821  -36.296  37.975 0.0000000000
46904  29.948  -36.775  39.198 0.0000000000
46922  29.383  -36.250  38.565 0.0000000000
48087  28.968  -35.794  38.303 0.0000000000
46939  27.543  -36.092  37.556 0.0000000000
46941  25.252  -36.948  37.496 0.0000000000
46964  22.555  -36.734  35.625 0.0000000000
78685  45.256  -8.056  21.106 0.0000000000
78700  44.564  -7.175  19.522 0.0000000000
78712  43.845  -7.109  19.116 0.0000000000
79739  43.358  -7.156  18.852 0.0000000000
78694  41.409  -8.430  19.320 0.0000000000
79740  43.035  -7.341  18.812 0.0000000000
79750  42.791  -7.132  18.257 0.0000000000
80769  42.517  -6.859  17.649 0.0000000000
44700  19.628  -37.731  34.902 0.0000000000
43575  19.248  -38.323  34.831 0.0000000000
43557  18.701  -39.071  35.765 0.0000000000
42419  18.265  -39.367  34.684 0.0000000000
42420  18.241  -40.091  34.856 0.0000000000
42421  17.362  -40.496  34.315 0.0000000000
41253  16.883  -41.185  34.489 0.0000000000
42354  18.281  -40.532  38.585 0.0000000000
41215  17.465  -40.565  38.064 0.0000000000
41229  17.228  -39.981  37.474 0.0000000000
39993  16.638  -41.485  37.898 0.0000000000
40013  16.671  -41.296  36.886 0.0000000000
41230  16.713  -40.060  36.627 0.0000000000
40052  17.191  -41.650  35.175 0.0000000000
41254  16.107  -41.340  34.291 0.0000000000
40054  15.343  -41.898  34.392 0.0000000000
40079  14.481  -42.278  33.708 0.0000000000
40080  13.991  -42.818  34.079 0.0000000000
38848  14.557  -42.969  34.958 0.0000000000
40056  14.237  -42.891  34.563 0.0000000000
38869  13.804  -43.628  33.655 0.0000000000
37642  16.264  -44.096  41.446 0.0000000000
37651  15.882  -44.125  40.617 0.0000000000
37652  15.383  -44.221  40.144 0.0000000000
36524  14.868  -45.052  38.892 0.0000000000
34025  13.821  -46.618  42.308 0.0000000000
35282  14.227  -46.337  41.750 0.0000000000
36506  14.571  -46.104  41.074 0.0000000000
35293  13.273  -46.468  40.546 0.0000000000
35303  13.931  -46.235  40.136 0.0000000000
36517  14.549  -45.882  40.451 0.0000000000
36534  14.673  -44.810  38.350 0.0000000000
36546  13.695  -44.804  37.696 0.0000000000
37685  13.271  -44.640  37.241 0.0000000000
37702  12.547  -44.478  36.752 0.0000000000
36549  11.733  -44.946  37.497 0.0000000000
37715  11.826  -44.650  36.372 0.0000000000
37714  12.480  -44.226  35.832 0.0000000000
26884  8.479  -53.059  42.759 0.0000000000
25664  8.197  -53.318  42.883 0.0000000000
26875  7.843  -52.917  43.736 0.0000000000
69693  38.421  -15.640  30.279 0.0000000000
66398  36.440  -19.324  30.018 0.0000000000
65375  36.246  -19.558  29.976 0.0000000000
65376  35.672  -19.870  29.858 0.0000000000
64337  34.991  -20.920  29.422 0.0000000000
63219  35.007  -21.494  29.242 0.0000000000
62010  34.926  -22.382  29.110 0.0000000000
63206  35.565  -22.206  30.440 0.0000000000
62009  34.859  -22.616  29.481 0.0000000000
60786  35.545  -24.998  27.854 0.0000000000
62006  37.266  -24.361  29.730 0.0000000000
62036  36.072  -24.437  28.208 0.0000000000
59598  35.826  -26.490  27.378 0.0000000000
59597  36.660  -26.670  27.684 0.0000000000
57386  37.709  -28.179  25.161 0.0000000000
58427  38.683  -26.999  27.479 0.0000000000
57368  38.628  -27.325  27.072 0.0000000000
57374  38.428  -27.689  26.680 0.0000000000
56239  38.532  -28.224  26.662 0.0000000000
55175  37.751  -29.197  24.727 0.0000000000
54134  37.696  -30.075  24.172 0.0000000000
54135  37.198  -30.515  24.157 0.0000000000
53011  36.932  -31.057  23.746 0.0000000000
52911  39.866  -30.633  31.675 0.0000000000
46931  37.306  -35.280  38.001 0.0000000000
48095  37.520  -35.290  37.031 0.0000000000
48114  37.803  -35.489  36.176 0.0000000000
48133  38.301  -35.610  35.350 0.0000000000
48163  39.461  -35.196  33.987 0.0000000000
49362  35.897  -34.420  34.105 0.0000000000
49405  35.520  -34.259  32.640 0.0000000000
49385  36.135  -34.444  33.324 0.0000000000
48165  37.669  -35.166  33.406 0.0000000000
48178  38.451  -35.134  32.788 0.0000000000
48177  39.317  -35.263  33.097 0.0000000000
48190  40.052  -35.150  32.547 0.0000000000
49440  38.532  -33.740  30.978 0.0000000000
49439  39.354  -33.785  30.986 0.0000000000
50613  40.341  -33.156  30.837 0.0000000000
51723  39.811  -32.411  30.956 0.0000000000
51739  39.729  -31.799  31.102 0.0000000000
52912  39.399  -30.844  30.773 0.0000000000
52913  38.606  -31.205  30.242 0.0000000000
52929  37.419  -31.291  28.757 0.0000000000
50653  35.588  -32.635  29.355 0.0000000000
51764  35.720  -32.262  28.585 0.0000000000
52949  36.883  -31.183  26.998 0.0000000000
52975  35.157  -31.227  25.623 0.0000000000
52997  35.300  -31.144  24.921 0.0000000000
69710  37.741  -15.988  28.894 0.0000000000
68565  36.507  -17.549  28.401 0.0000000000
68583  36.604  -17.345  27.823 0.0000000000
67545  35.334  -17.655  25.550 0.0000000000
67546  34.947  -18.219  24.952 0.0000000000
65400  34.393  -19.841  28.213 0.0000000000
65420  34.004  -18.994  27.459 0.0000000000
66452  34.057  -18.443  26.926 0.0000000000
65432  33.132  -19.958  26.015 0.0000000000
66465  33.773  -18.824  26.303 0.0000000000
66475  34.455  -18.398  25.637 0.0000000000
84854  48.272  -1.320  15.188 0.0000000000
85886  48.850  -1.043  15.080 0.0000000000
85893  48.737  -0.764  14.406 0.0000000000
85901  48.877  -1.024  13.499 0.0000000000
25676  8.208  -53.291  42.574 0.0000000000
32810  11.491  -47.060  42.175 0.0000000000
35292  14.068  -46.328  40.838 0.0000000000
35343  11.584  -45.723  37.093 0.0000000000
37674  14.560  -44.705  38.051 0.0000000000
37687  11.992  -44.820  37.590 0.0000000000
37703  11.916  -44.642  37.132 0.0000000000
38738  15.397  -43.806  39.832 0.0000000000
38773  15.721  -43.321  37.078 0.0000000000
38797  14.151  -43.600  36.074 0.0000000000
38823  14.357  -43.333  35.504 0.0000000000
40077  16.559  -41.253  32.711 0.0000000000
41240  17.732  -40.158  35.690 0.0000000000
42317  19.145  -40.920  41.124 0.0000000000
42372  19.493  -39.495  37.550 0.0000000000
42391  18.501  -39.432  36.946 0.0000000000
42407  17.481  -39.904  35.913 0.0000000000
42436  16.806  -40.754  33.552 0.0000000000
42447  17.288  -39.795  33.176 0.0000000000
43473  25.691  -38.945  40.510 0.0000000000
43477  22.093  -39.478  39.798 0.0000000000
43497  23.667  -38.288  38.945 0.0000000000
43500  20.543  -39.309  37.745 0.0000000000
43577  18.315  -39.325  35.044 0.0000000000
43614  16.852  -39.571  32.108 0.0000000000
43630  17.358  -39.202  31.629 0.0000000000
43631  17.133  -39.608  31.701 0.0000000000
44611  25.646  -38.663  40.049 0.0000000000
44627  22.298  -38.804  38.825 0.0000000000
44638  21.681  -38.787  37.991 0.0000000000
44678  21.442  -37.222  35.793 0.0000000000
44741  17.085  -39.235  32.162 0.0000000000
44760  17.179  -39.225  31.893 0.0000000000
44761  16.942  -39.402  32.029 0.0000000000
45788  26.651  -37.578  39.370 0.0000000000
45799  26.332  -37.168  38.888 0.0000000000
45813  23.637  -37.648  37.543 0.0000000000
45826  21.638  -37.448  36.338 0.0000000000
45836  22.725  -36.997  36.107 0.0000000000
45838  21.564  -37.308  35.988 0.0000000000
46926  25.430  -37.024  38.177 0.0000000000
46935  31.049  -35.640  37.936 0.0000000000
46938  28.127  -35.809  37.841 0.0000000000
46950  26.783  -36.089  36.817 0.0000000000
46953  23.690  -36.788  36.418 0.0000000000
46999  20.014  -36.595  32.573 0.0000000000
47011  21.741  -36.043  31.621 0.0000000000
48086  29.334  -35.937  38.032 0.0000000000
48104  28.717  -35.695  37.725 0.0000000000
48119  33.346  -34.822  37.274 0.0000000000
48120  31.331  -34.744  37.077 0.0000000000
48124  28.101  -35.748  36.854 0.0000000000
48151  24.703  -35.609  34.832 0.0000000000
48168  24.425  -35.178  34.152 0.0000000000
48181  24.019  -35.189  33.584 0.0000000000
48194  37.079  -34.521  31.680 0.0000000000
49330  32.495  -34.508  37.461 0.0000000000
49356  26.285  -34.721  35.103 0.0000000000
49357  25.735  -35.018  35.099 0.0000000000
49438  39.930  -33.718  30.864 0.0000000000
49451  20.769  -34.798  29.931 0.0000000000
49461  36.537  -33.776  29.904 0.0000000000
50551  27.559  -33.835  34.351 0.0000000000
50588  26.653  -33.316  32.820 0.0000000000
50605  24.572  -32.966  31.347 0.0000000000
50632  39.618  -32.707  30.581 0.0000000000
51687  33.754  -32.652  31.594 0.0000000000
51743  36.198  -32.505  29.259 0.0000000000
51744  34.533  -32.524  29.283 0.0000000000
52914  32.153  -31.188  29.069 0.0000000000
58398  40.728  -26.390  30.126 0.0000000000
59555  41.673  -25.641  30.821 0.0000000000
59573  40.132  -25.923  29.358 0.0000000000
60756  38.293  -24.453  30.462 0.0000000000
62033  37.242  -26.228  29.252 0.0000000000
63208  35.029  -22.235  29.297 0.0000000000
64311  35.959  -21.081  30.599 0.0000000000
64327  35.316  -20.963  29.772 0.0000000000
65357  35.525  -20.491  29.992 0.0000000000
65377  35.317  -20.403  29.663 0.0000000000
65384  35.909  -19.406  29.497 0.0000000000
65399  34.647  -18.822  27.683 0.0000000000
65419  34.287  -18.496  27.334 0.0000000000
65448  33.053  -19.117  24.342 0.0000000000
66413  35.929  -18.959  29.317 0.0000000000
66463  34.991  -17.629  26.678 0.0000000000
67518  35.505  -18.682  28.438 0.0000000000
69746  37.926  -15.172  26.767 0.0000000000
69749  37.104  -15.307  25.463 0.0000000000
69760  36.982  -15.055  25.193 0.0000000000
70902  37.170  -15.115  25.368 0.0000000000
70911  37.281  -14.732  25.109 0.0000000000
70912  37.216  -14.906  25.254 0.0000000000
70983  40.120  -14.225  21.027 0.0000000000
72087  38.852  -13.389  24.724 0.0000000000
72103  41.224  -13.197  23.265 0.0000000000
72118  40.961  -13.228  23.210 0.0000000000
72158  39.289  -14.176  20.239 0.0000000000
72175  39.294  -13.564  21.119 0.0000000000
73265  39.571  -13.722  28.191 0.0000000000
73363  39.139  -13.348  21.703 0.0000000000
74450  42.677  -11.461  23.500 0.0000000000
75523  41.916  -10.285  21.426 0.0000000000
76558  42.227  -10.417  21.753 0.0000000000
77618  41.556  -8.616  19.653 0.0000000000
78699  45.307  -7.034  19.680 0.0000000000
80755  46.845  -6.549  19.868 0.0000000000
82834  45.616  -4.355  17.532 0.0000000000
84832  49.101  -2.177  17.952 0.0000000000
84837  48.759  -2.033  17.726 0.0000000000
85879  47.920  -1.859  17.192 0.0000000000
88021  51.114  0.990  14.534 0.0000000000
89067  50.814  1.208  15.493 0.0000000000
89076  51.181  1.406  15.058 0.0000000000
90181  52.682  2.414  13.619 0.0000000000
