#!ascii label  , from subject 3106 vox2ras=TkReg
1201
51840  36.249  -32.871  23.698 0.0000000000
77675  43.189  -9.385  14.173 0.0000000000
65498  34.299  -20.157  19.720 0.0000000000
36595  13.277  -45.728  33.195 0.0000000000
52903  28.695  -30.651  30.178 0.0000000000
72138  34.973  -14.457  20.604 0.0000000000
44799  19.013  -38.647  29.263 0.0000000000
37768  18.636  -44.892  31.125 0.0000000000
48251  23.582  -34.869  26.417 0.0000000000
77671  47.278  -9.305  14.109 0.0000000000
55175  37.751  -29.197  24.727 0.0000000000
58484  36.645  -26.766  21.988 0.0000000000
53008  41.714  -32.324  23.697 0.0000000000
82874  44.578  -4.532  14.515 0.0000000000
82894  48.686  -4.538  12.034 0.0000000000
76598  38.980  -9.752  17.711 0.0000000000
74532  42.831  -12.836  16.380 0.0000000000
73419  37.728  -13.835  16.851 0.0000000000
67611  38.174  -18.691  18.491 0.0000000000
48300  33.255  -35.848  26.188 0.0000000000
30387  13.463  -50.632  35.954 0.0000000000
27989  8.938  -52.265  37.955 0.0000000000
26885  8.227  -53.166  42.287 0.0000000000
52976  33.211  -30.907  26.419 0.0000000000
50669  28.939  -33.340  27.506 0.0000000000
63286  31.508  -22.459  23.482 0.0000000000
62093  38.433  -23.003  22.628 0.0000000000
86973  50.379  -0.063  12.735 0.0000000000
78745  44.802  -8.459  13.347 0.0000000000
76620  44.679  -10.790  14.626 0.0000000000
53010  37.408  -30.810  23.297 0.0000000000
54157  38.801  -30.761  22.406 0.0000000000
51837  39.153  -32.978  24.042 0.0000000000
79771  42.069  -7.358  15.731 0.0000000000
81808  42.748  -4.704  16.418 0.0000000000
80804  43.554  -6.822  14.793 0.0000000000
80801  45.719  -6.449  13.378 0.0000000000
23095  10.213  -57.015  41.161 0.0000000000
74524  37.823  -11.995  17.530 0.0000000000
74498  37.259  -12.621  19.529 0.0000000000
69833  33.655  -17.321  19.748 0.0000000000
69847  35.410  -16.530  18.627 0.0000000000
66539  36.463  -19.029  18.655 0.0000000000
65481  36.928  -20.904  20.291 0.0000000000
36609  15.959  -45.706  32.507 0.0000000000
35373  18.617  -47.231  33.711 0.0000000000
34122  15.480  -48.251  34.385 0.0000000000
32869  15.913  -49.211  36.444 0.0000000000
34105  13.548  -48.221  34.744 0.0000000000
31591  9.207  -49.362  38.297 0.0000000000
27972  8.284  -52.462  40.519 0.0000000000
54067  30.457  -30.289  28.264 0.0000000000
52980  29.781  -31.466  26.331 0.0000000000
52934  27.658  -31.195  27.871 0.0000000000
44812  23.705  -38.675  28.672 0.0000000000
45948  26.058  -37.714  28.591 0.0000000000
58479  41.277  -26.661  22.368 0.0000000000
60871  38.023  -24.660  21.790 0.0000000000
72159  36.989  -13.371  20.959 0.0000000000
68639  34.102  -15.966  22.657 0.0000000000
67566  32.722  -18.452  22.034 0.0000000000
42512  21.611  -40.777  28.207 0.0000000000
40136  20.991  -43.353  30.326 0.0000000000
41344  18.776  -41.875  29.457 0.0000000000
38910  16.640  -43.299  31.552 0.0000000000
40100  13.896  -42.975  33.144 0.0000000000
51750  25.082  -31.377  27.898 0.0000000000
49448  22.943  -32.686  30.017 0.0000000000
45971  21.544  -37.220  27.799 0.0000000000
58436  36.277  -27.169  25.940 0.0000000000
58447  34.259  -26.882  24.360 0.0000000000
56265  36.789  -28.238  23.008 0.0000000000
56278  40.362  -28.804  22.108 0.0000000000
84871  47.456  -2.204  13.584 0.0000000000
82884  46.507  -4.231  13.400 0.0000000000
80812  47.406  -6.741  12.983 0.0000000000
77663  40.884  -9.009  15.360 0.0000000000
75580  42.525  -11.564  15.032 0.0000000000
75572  40.408  -11.433  15.517 0.0000000000
73417  39.750  -13.483  15.653 0.0000000000
71036  40.826  -15.751  17.207 0.0000000000
72179  36.017  -14.154  19.107 0.0000000000
69856  38.215  -16.287  17.238 0.0000000000
49564  35.569  -34.630  24.615 0.0000000000
49546  37.884  -34.430  25.032 0.0000000000
78714  41.603  -7.645  18.048 0.0000000000
35359  11.426  -46.366  35.553 0.0000000000
32873  10.777  -49.058  36.062 0.0000000000
30365  11.196  -51.696  36.561 0.0000000000
26919  12.400  -53.385  38.038 0.0000000000
26905  11.238  -54.446  38.812 0.0000000000
24396  8.949  -55.325  40.244 0.0000000000
23080  7.492  -55.328  41.294 0.0000000000
24372  6.410  -54.685  42.112 0.0000000000
51824  34.187  -31.781  25.106 0.0000000000
50731  32.557  -33.457  25.306 0.0000000000
49533  31.217  -34.401  26.458 0.0000000000
49507  26.263  -34.251  26.644 0.0000000000
64423  32.345  -21.577  21.370 0.0000000000
59667  33.811  -26.015  22.387 0.0000000000
62109  34.331  -23.966  21.284 0.0000000000
64420  35.532  -22.185  21.000 0.0000000000
50691  40.678  -34.041  25.697 0.0000000000
88059  51.536  -0.146  11.075 0.0000000000
84879  48.733  -2.415  12.292 0.0000000000
84886  50.563  -2.444  10.752 0.0000000000
77674  44.124  -9.560  13.754 0.0000000000
76633  45.025  -10.386  14.354 0.0000000000
76642  43.854  -10.166  13.803 0.0000000000
53028  36.747  -31.722  23.527 0.0000000000
53027  37.368  -31.721  23.095 0.0000000000
51838  38.055  -32.806  24.002 0.0000000000
79786  42.516  -7.882  15.190 0.0000000000
79770  42.829  -7.098  15.347 0.0000000000
79785  43.310  -7.746  14.751 0.0000000000
79784  44.193  -7.573  14.212 0.0000000000
21867  9.519  -57.738  41.347 0.0000000000
74497  37.954  -12.128  19.733 0.0000000000
73380  37.982  -12.899  20.543 0.0000000000
67599  33.794  -18.673  19.901 0.0000000000
67597  35.066  -18.423  18.967 0.0000000000
66528  34.660  -19.412  19.323 0.0000000000
65495  37.406  -20.399  19.662 0.0000000000
65497  35.263  -20.144  19.672 0.0000000000
36593  15.314  -45.971  32.727 0.0000000000
34146  16.181  -46.907  32.788 0.0000000000
34137  14.783  -47.369  33.624 0.0000000000
34123  14.192  -47.705  34.279 0.0000000000
35374  13.564  -47.114  33.863 0.0000000000
54038  29.569  -30.420  29.645 0.0000000000
54068  29.601  -30.433  28.032 0.0000000000
52918  27.456  -30.589  28.802 0.0000000000
43645  23.068  -40.144  30.224 0.0000000000
60796  33.357  -25.250  26.812 0.0000000000
60857  42.177  -25.403  22.783 0.0000000000
68640  33.621  -17.051  22.672 0.0000000000
68625  33.389  -17.699  23.404 0.0000000000
43681  20.188  -39.340  27.668 0.0000000000
41342  20.352  -41.888  28.362 0.0000000000
42496  18.967  -40.556  29.283 0.0000000000
41309  17.391  -41.207  31.342 0.0000000000
40097  16.351  -41.715  32.419 0.0000000000
38889  15.598  -43.518  32.231 0.0000000000
50621  24.298  -32.066  30.388 0.0000000000
47055  20.293  -36.504  29.538 0.0000000000
48234  20.531  -35.853  29.000 0.0000000000
44797  20.021  -37.935  28.399 0.0000000000
43694  21.134  -39.099  27.277 0.0000000000
57388  36.448  -27.491  24.591 0.0000000000
55189  37.130  -28.799  23.509 0.0000000000
53024  40.507  -31.451  22.219 0.0000000000
55201  39.797  -29.591  22.211 0.0000000000
54144  41.016  -30.520  22.618 0.0000000000
55186  42.117  -29.724  23.280 0.0000000000
54142  42.602  -30.551  23.046 0.0000000000
82860  44.357  -4.294  15.533 0.0000000000
83884  46.275  -3.061  14.419 0.0000000000
82873  45.565  -4.422  14.157 0.0000000000
78755  46.678  -8.068  12.710 0.0000000000
80813  46.318  -6.579  13.196 0.0000000000
79780  47.797  -8.164  13.004 0.0000000000
77651  40.125  -9.300  16.222 0.0000000000
76608  39.918  -10.280  15.443 0.0000000000
76609  39.111  -9.949  15.876 0.0000000000
73405  37.679  -12.717  17.272 0.0000000000
73418  38.348  -13.051  16.578 0.0000000000
72230  39.212  -14.231  16.251 0.0000000000
71052  40.357  -15.192  16.734 0.0000000000
72210  38.960  -14.787  16.830 0.0000000000
72137  35.541  -13.955  20.908 0.0000000000
73365  36.391  -13.363  19.902 0.0000000000
72161  35.371  -14.224  20.229 0.0000000000
68692  37.381  -17.769  18.055 0.0000000000
69858  36.372  -16.058  17.559 0.0000000000
69845  37.760  -17.068  17.495 0.0000000000
69844  38.842  -17.087  17.451 0.0000000000
49550  33.872  -35.108  25.066 0.0000000000
49548  35.528  -35.328  25.070 0.0000000000
76584  39.684  -9.559  18.870 0.0000000000
77639  40.380  -8.860  18.012 0.0000000000
78724  40.801  -8.455  16.270 0.0000000000
37780  19.812  -44.605  30.686 0.0000000000
36620  19.715  -45.424  31.677 0.0000000000
31616  14.594  -50.030  36.329 0.0000000000
32857  16.333  -50.000  36.869 0.0000000000
31602  14.779  -50.503  37.275 0.0000000000
30339  13.958  -50.657  37.890 0.0000000000
35329  10.799  -46.438  37.391 0.0000000000
34090  11.281  -47.987  35.629 0.0000000000
34080  10.115  -47.462  37.366 0.0000000000
30343  9.392  -51.115  37.616 0.0000000000
30366  9.733  -51.059  36.722 0.0000000000
29109  10.516  -52.013  36.997 0.0000000000
29093  11.915  -52.172  37.146 0.0000000000
27996  11.377  -53.332  37.505 0.0000000000
26913  11.609  -53.925  38.255 0.0000000000
26914  10.779  -53.999  38.269 0.0000000000
26892  8.370  -53.247  41.124 0.0000000000
25695  9.029  -54.671  39.672 0.0000000000
25696  8.424  -54.735  40.390 0.0000000000
24397  8.401  -55.249  40.411 0.0000000000
24370  7.653  -54.386  41.625 0.0000000000
51783  33.671  -31.529  26.851 0.0000000000
51823  34.748  -31.393  25.301 0.0000000000
51808  33.669  -31.511  25.860 0.0000000000
51843  33.605  -32.795  24.890 0.0000000000
51826  32.377  -31.920  25.302 0.0000000000
51785  29.395  -32.574  27.130 0.0000000000
50695  29.986  -33.296  26.320 0.0000000000
50668  29.764  -33.827  26.983 0.0000000000
49469  24.077  -33.331  26.903 0.0000000000
50659  24.759  -32.634  26.809 0.0000000000
48250  24.935  -34.873  25.921 0.0000000000
47069  26.573  -36.497  28.190 0.0000000000
74541  42.338  -12.231  15.517 0.0000000000
75569  43.816  -12.077  15.754 0.0000000000
74523  43.728  -13.462  16.726 0.0000000000
64402  31.656  -21.191  24.079 0.0000000000
65450  31.935  -20.183  23.145 0.0000000000
64413  31.621  -21.395  22.666 0.0000000000
57419  35.422  -27.309  22.699 0.0000000000
58465  33.534  -26.445  23.529 0.0000000000
58485  35.737  -26.632  22.038 0.0000000000
60861  38.291  -24.151  22.356 0.0000000000
60863  36.091  -24.612  21.456 0.0000000000
62107  36.772  -23.743  21.525 0.0000000000
63306  34.872  -22.537  21.046 0.0000000000
64412  36.066  -22.507  21.372 0.0000000000
64418  37.302  -21.736  21.822 0.0000000000
50693  39.056  -34.091  25.572 0.0000000000
88046  51.151  0.159  11.638 0.0000000000
83889  47.397  -3.165  12.941 0.0000000000
84870  48.311  -1.811  13.157 0.0000000000
83895  48.730  -3.486  11.792 0.0000000000
83903  50.604  -3.497  10.854 0.0000000000
83913  51.192  -3.469  10.622 0.0000000000
45914  19.060  -37.787  30.573 0.0000000000
43646  18.121  -38.917  29.847 0.0000000000
78744  45.849  -8.823  13.278 0.0000000000
76631  47.417  -10.155  14.567 0.0000000000
77661  45.924  -10.052  14.501 0.0000000000
54134  37.696  -30.075  24.172 0.0000000000
55188  37.606  -29.450  23.494 0.0000000000
54145  37.831  -30.340  22.852 0.0000000000
53025  39.484  -31.909  22.293 0.0000000000
51836  40.507  -32.852  23.756 0.0000000000
80767  43.687  -5.985  17.949 0.0000000000
80779  42.905  -5.811  16.700 0.0000000000
81831  43.637  -5.809  14.787 0.0000000000
81830  44.420  -5.498  14.317 0.0000000000
81829  45.103  -5.236  14.041 0.0000000000
79783  44.877  -7.198  13.484 0.0000000000
79795  45.519  -7.744  12.939 0.0000000000
23094  11.016  -56.795  41.420 0.0000000000
75561  39.394  -10.180  18.697 0.0000000000
76586  38.453  -10.319  17.657 0.0000000000
75553  37.983  -10.857  18.219 0.0000000000
74513  37.623  -11.853  18.755 0.0000000000
73395  36.903  -13.059  18.094 0.0000000000
69814  33.723  -15.896  20.434 0.0000000000
72181  34.739  -15.047  19.415 0.0000000000
69832  34.295  -16.525  19.336 0.0000000000
68694  35.593  -17.754  18.698 0.0000000000
67612  36.975  -18.436  18.468 0.0000000000
66525  37.767  -20.025  18.996 0.0000000000
65480  38.451  -20.892  20.501 0.0000000000
48272  32.832  -36.553  26.789 0.0000000000
36623  17.458  -45.692  31.633 0.0000000000
35397  18.925  -46.490  31.746 0.0000000000
34144  17.427  -47.283  32.680 0.0000000000
34135  17.098  -47.567  33.361 0.0000000000
32895  17.362  -48.372  34.760 0.0000000000
32883  14.939  -49.258  35.661 0.0000000000
31632  13.433  -49.447  35.374 0.0000000000
32848  9.465  -48.430  38.080 0.0000000000
31561  8.946  -49.580  40.123 0.0000000000
29081  8.811  -51.433  38.789 0.0000000000
27980  8.711  -52.811  39.017 0.0000000000
29068  8.354  -51.399  39.931 0.0000000000
27961  8.638  -52.372  41.763 0.0000000000
27951  8.792  -52.345  42.910 0.0000000000
55141  31.785  -29.763  27.208 0.0000000000
52978  31.109  -30.703  25.933 0.0000000000
54088  30.499  -30.327  27.358 0.0000000000
54090  29.124  -31.241  27.348 0.0000000000
51786  28.353  -32.550  27.179 0.0000000000
45984  23.708  -37.835  27.491 0.0000000000
47071  24.740  -36.453  27.100 0.0000000000
45968  24.605  -38.023  27.840 0.0000000000
72207  42.181  -14.340  16.824 0.0000000000
60808  31.909  -23.955  24.669 0.0000000000
58481  39.401  -26.486  21.703 0.0000000000
58505  37.423  -25.976  21.752 0.0000000000
59661  39.920  -25.422  22.288 0.0000000000
59638  40.313  -24.834  22.768 0.0000000000
86967  49.488  -0.450  13.337 0.0000000000
20601  6.869  -58.264  41.363 0.0000000000
70959  36.793  -14.216  22.005 0.0000000000
69799  35.840  -14.721  22.536 0.0000000000
69800  34.806  -15.047  22.147 0.0000000000
68654  33.436  -16.320  21.573 0.0000000000
68666  33.423  -17.458  20.677 0.0000000000
66515  33.289  -19.286  20.828 0.0000000000
41340  22.479  -41.188  29.846 0.0000000000
40115  21.944  -42.588  31.332 0.0000000000
40152  21.769  -42.334  28.865 0.0000000000
40154  19.731  -43.013  29.588 0.0000000000
38932  18.716  -43.828  30.240 0.0000000000
42479  18.208  -40.722  30.214 0.0000000000
40139  17.589  -42.759  30.263 0.0000000000
37783  17.790  -43.971  30.761 0.0000000000
38888  16.505  -43.897  31.949 0.0000000000
37756  15.090  -44.665  32.095 0.0000000000
37741  14.162  -44.443  33.244 0.0000000000
51748  27.105  -31.048  29.633 0.0000000000
51730  25.283  -31.590  29.480 0.0000000000
49447  23.686  -32.623  28.644 0.0000000000
49470  23.115  -33.358  27.558 0.0000000000
49472  21.602  -34.067  29.323 0.0000000000
49491  22.012  -34.444  27.949 0.0000000000
47073  22.687  -36.552  26.936 0.0000000000
44822  22.566  -38.540  27.436 0.0000000000
43679  22.446  -39.849  27.933 0.0000000000
59608  35.752  -26.604  26.483 0.0000000000
59600  34.295  -26.082  26.782 0.0000000000
58446  35.165  -26.717  24.926 0.0000000000
57400  35.954  -27.316  23.497 0.0000000000
57417  37.033  -27.381  22.434 0.0000000000
55202  38.623  -29.551  22.511 0.0000000000
56280  38.375  -28.359  22.178 0.0000000000
57415  39.159  -27.540  21.555 0.0000000000
57397  41.346  -27.784  22.588 0.0000000000
57396  42.573  -27.981  23.602 0.0000000000
84864  46.608  -2.146  15.213 0.0000000000
83890  46.753  -3.041  13.505 0.0000000000
82896  46.894  -4.652  12.760 0.0000000000
81843  45.739  -5.559  13.481 0.0000000000
81842  46.679  -5.535  13.086 0.0000000000
77677  41.609  -8.773  14.855 0.0000000000
76636  42.336  -9.823  14.459 0.0000000000
76623  41.313  -10.070  14.778 0.0000000000
75581  41.500  -11.220  15.118 0.0000000000
74533  41.561  -12.653  15.677 0.0000000000
74536  38.486  -11.568  16.458 0.0000000000
74534  40.504  -12.654  15.286 0.0000000000
73416  40.912  -13.520  15.906 0.0000000000
72228  41.512  -14.204  16.482 0.0000000000
71035  41.759  -15.977  17.175 0.0000000000
73364  37.015  -12.958  20.313 0.0000000000
74499  36.738  -13.040  19.050 0.0000000000
73407  36.495  -13.954  17.672 0.0000000000
71024  35.248  -15.396  18.620 0.0000000000
71040  36.680  -15.391  17.377 0.0000000000
71039  37.637  -15.434  17.138 0.0000000000
69855  39.230  -16.328  17.168 0.0000000000
50727  35.836  -33.597  24.028 0.0000000000
50726  36.953  -33.706  24.205 0.0000000000
48327  36.868  -34.896  24.539 0.0000000000
48296  37.408  -35.676  25.647 0.0000000000
79761  41.367  -7.767  16.879 0.0000000000
79772  41.364  -7.717  16.018 0.0000000000
36578  12.877  -45.006  33.904 0.0000000000
36565  11.893  -44.849  35.367 0.0000000000
35376  12.253  -46.306  34.484 0.0000000000
34125  12.333  -47.185  34.594 0.0000000000
32886  12.213  -48.396  35.086 0.0000000000
31618  12.690  -49.638  35.686 0.0000000000
32859  9.859  -48.940  36.837 0.0000000000
31620  10.415  -50.103  36.202 0.0000000000
30388  12.451  -50.586  36.175 0.0000000000
30340  12.945  -51.503  37.869 0.0000000000
29091  12.988  -52.285  38.501 0.0000000000
24408  11.129  -55.287  39.845 0.0000000000
26907  9.328  -53.865  39.187 0.0000000000
25694  9.779  -55.169  39.283 0.0000000000
24395  10.007  -55.520  39.963 0.0000000000
23111  10.161  -56.357  40.562 0.0000000000
23096  9.322  -56.812  40.990 0.0000000000
23098  7.528  -56.031  41.414 0.0000000000
23066  7.215  -54.522  41.823 0.0000000000
23081  7.000  -55.477  41.769 0.0000000000
21869  7.399  -56.917  41.643 0.0000000000
53029  36.062  -31.785  23.774 0.0000000000
52997  35.300  -31.144  24.921 0.0000000000
51841  35.138  -32.133  24.073 0.0000000000
50728  34.715  -33.491  24.130 0.0000000000
50729  33.835  -33.434  24.606 0.0000000000
49551  32.761  -35.074  25.471 0.0000000000
51827  31.458  -32.166  25.452 0.0000000000
49552  31.832  -34.060  25.699 0.0000000000
49532  31.696  -35.200  26.149 0.0000000000
52919  26.736  -31.132  28.140 0.0000000000
52956  26.795  -32.396  27.138 0.0000000000
50671  27.276  -33.435  27.142 0.0000000000
48249  26.346  -35.534  27.480 0.0000000000
49487  26.890  -34.906  27.433 0.0000000000
49486  27.909  -34.697  27.670 0.0000000000
75579  43.554  -11.461  14.950 0.0000000000
67558  32.477  -18.560  23.137 0.0000000000
66502  32.374  -19.685  21.585 0.0000000000
65485  33.329  -20.206  20.566 0.0000000000
59611  33.167  -25.810  25.210 0.0000000000
60820  32.402  -24.929  23.932 0.0000000000
60843  32.142  -24.465  23.332 0.0000000000
59665  35.714  -25.575  21.734 0.0000000000
60865  33.873  -25.153  22.291 0.0000000000
62111  31.857  -23.742  22.152 0.0000000000
63308  32.987  -22.834  21.340 0.0000000000
64422  33.614  -21.962  20.988 0.0000000000
65483  34.782  -20.682  20.264 0.0000000000
64431  36.244  -21.621  20.584 0.0000000000
50724  38.594  -33.368  24.465 0.0000000000
51822  40.023  -32.956  24.682 0.0000000000
52994  41.362  -33.085  24.295 0.0000000000
50689  42.339  -33.792  25.656 0.0000000000
52992  42.650  -31.908  24.421 0.0000000000
89119  52.636  1.098  11.097 0.0000000000
85901  48.877  -1.024  13.499 0.0000000000
86974  49.625  -0.665  12.414 0.0000000000
84888  49.240  -2.958  11.581 0.0000000000
84887  49.976  -2.565  11.314 0.0000000000
86980  50.329  -0.515  11.676 0.0000000000
86988  50.870  -1.004  11.022 0.0000000000
87001  51.988  -0.824  9.734 0.0000000000
77680  43.918  -9.914  13.735 0.0000000000
51856  36.586  -32.320  23.555 0.0000000000
51855  37.337  -32.396  23.442 0.0000000000
51839  37.190  -32.957  23.787 0.0000000000
78747  42.861  -8.499  14.631 0.0000000000
78746  43.802  -8.560  14.210 0.0000000000
21868  8.517  -57.488  41.262 0.0000000000
66529  33.750  -19.404  19.911 0.0000000000
67598  34.200  -18.624  19.516 0.0000000000
36594  14.275  -45.608  32.792 0.0000000000
35389  14.989  -46.705  32.851 0.0000000000
35390  13.986  -46.693  33.265 0.0000000000
34138  14.144  -47.227  33.772 0.0000000000
35391  13.058  -46.527  33.530 0.0000000000
54039  28.913  -30.248  29.392 0.0000000000
52917  28.261  -30.430  29.391 0.0000000000
60795  34.630  -25.521  27.646 0.0000000000
42514  19.326  -39.830  28.278 0.0000000000
43665  18.807  -39.028  29.027 0.0000000000
44798  19.393  -38.248  29.131 0.0000000000
45952  20.099  -37.345  29.050 0.0000000000
44814  19.787  -38.519  28.178 0.0000000000
57387  37.254  -27.905  24.923 0.0000000000
55176  37.274  -28.914  24.134 0.0000000000
51851  41.030  -32.042  22.623 0.0000000000
53023  41.587  -31.487  22.878 0.0000000000
54143  41.788  -30.480  23.044 0.0000000000
53007  42.376  -31.387  23.472 0.0000000000
82859  44.879  -3.681  15.247 0.0000000000
82858  45.531  -3.278  14.833 0.0000000000
78743  46.880  -8.495  13.340 0.0000000000
79793  47.201  -7.734  12.743 0.0000000000
79781  47.498  -8.311  13.084 0.0000000000
78742  47.972  -8.587  13.527 0.0000000000
24381  12.130  -55.473  41.123 0.0000000000
77641  39.146  -9.372  16.907 0.0000000000
77652  39.128  -9.622  16.417 0.0000000000
72231  38.300  -14.180  16.586 0.0000000000
73347  35.670  -13.876  20.457 0.0000000000
68691  38.489  -17.904  17.783 0.0000000000
48314  33.657  -35.554  25.649 0.0000000000
48313  34.364  -35.808  25.491 0.0000000000
47128  34.207  -36.322  25.642 0.0000000000
76597  39.469  -9.601  18.246 0.0000000000
77630  39.948  -9.147  18.275 0.0000000000
77640  39.835  -9.067  17.485 0.0000000000
78716  40.134  -8.664  16.942 0.0000000000
37767  19.444  -44.974  31.177 0.0000000000
37766  20.261  -44.832  31.446 0.0000000000
36621  19.038  -45.668  31.445 0.0000000000
30386  14.115  -50.457  36.036 0.0000000000
30362  14.186  -50.807  36.647 0.0000000000
35330  10.436  -47.035  36.764 0.0000000000
29095  9.091  -51.410  37.952 0.0000000000
29094  9.775  -51.965  37.525 0.0000000000
27997  10.651  -52.592  37.434 0.0000000000
27988  10.105  -53.155  38.108 0.0000000000
27987  10.935  -53.724  37.920 0.0000000000
26893  8.118  -53.374  41.777 0.0000000000
25687  8.664  -54.050  40.574 0.0000000000
25688  8.267  -54.119  41.328 0.0000000000
25677  7.859  -53.497  42.248 0.0000000000
52998  33.304  -31.223  25.656 0.0000000000
51825  33.315  -31.983  25.134 0.0000000000
52999  32.700  -30.824  25.543 0.0000000000
51784  29.821  -33.057  26.855 0.0000000000
50655  29.748  -34.650  27.522 0.0000000000
50656  29.259  -34.208  27.763 0.0000000000
48232  23.984  -34.098  26.579 0.0000000000
48231  24.296  -34.097  26.379 0.0000000000
63272  31.510  -22.436  24.622 0.0000000000
64391  31.931  -21.641  25.070 0.0000000000
58486  34.781  -27.171  22.476 0.0000000000
62106  37.767  -23.595  22.291 0.0000000000
63298  36.279  -23.009  21.524 0.0000000000
63297  37.227  -22.787  22.038 0.0000000000
63285  37.789  -22.627  22.904 0.0000000000
86972  50.951  0.224  13.297 0.0000000000
88038  51.189  0.414  12.622 0.0000000000
88039  50.587  0.235  12.045 0.0000000000
83896  48.072  -3.386  12.313 0.0000000000
45913  19.715  -37.488  31.137 0.0000000000
44759  18.554  -38.126  31.177 0.0000000000
44758  19.136  -37.667  32.121 0.0000000000
77672  46.303  -9.319  14.016 0.0000000000
77673  45.257  -9.745  13.816 0.0000000000
77662  45.424  -10.241  14.400 0.0000000000
51854  38.097  -32.799  23.033 0.0000000000
53026  38.321  -31.591  22.604 0.0000000000
51853  39.314  -32.682  22.934 0.0000000000
80780  42.378  -6.625  17.055 0.0000000000
80791  42.404  -6.598  16.096 0.0000000000
80790  43.076  -6.201  15.523 0.0000000000
80803  44.327  -6.519  14.236 0.0000000000
78757  45.583  -8.315  13.008 0.0000000000
75552  38.796  -10.703  18.776 0.0000000000
74514  37.227  -12.678  18.305 0.0000000000
69815  33.446  -16.718  20.084 0.0000000000
66540  35.748  -18.761  18.621 0.0000000000
67613  36.094  -18.343  18.451 0.0000000000
66538  37.398  -19.223  18.752 0.0000000000
66526  36.866  -19.668  19.199 0.0000000000
75551  39.440  -10.554  19.519 0.0000000000
36608  16.754  -45.430  32.117 0.0000000000
35408  17.730  -46.375  31.949 0.0000000000
35399  17.110  -46.370  32.374 0.0000000000
34136  15.948  -47.390  33.260 0.0000000000
34121  16.694  -48.030  34.113 0.0000000000
32896  16.535  -48.615  34.766 0.0000000000
34104  14.533  -48.532  34.883 0.0000000000
32884  13.797  -49.030  35.116 0.0000000000
32898  13.320  -49.101  34.938 0.0000000000
30325  8.825  -50.442  39.513 0.0000000000
30309  8.997  -50.346  40.681 0.0000000000
54050  31.024  -30.611  29.071 0.0000000000
52932  31.757  -30.686  28.585 0.0000000000
54086  31.985  -30.162  27.761 0.0000000000
54087  31.303  -30.127  27.525 0.0000000000
55142  31.518  -29.797  27.055 0.0000000000
54069  28.766  -30.899  27.830 0.0000000000
52933  28.296  -31.192  27.715 0.0000000000
52954  28.562  -31.598  27.361 0.0000000000
52955  27.564  -31.952  27.221 0.0000000000
44820  24.022  -38.274  27.783 0.0000000000
44811  24.045  -38.408  28.118 0.0000000000
62058  31.724  -23.592  26.125 0.0000000000
60807  32.548  -24.663  25.251 0.0000000000
58480  40.439  -26.651  21.722 0.0000000000
59660  41.048  -25.726  22.208 0.0000000000
60839  42.310  -24.920  23.268 0.0000000000
59637  40.872  -24.874  22.466 0.0000000000
60840  41.552  -24.462  22.929 0.0000000000
68653  33.905  -15.456  22.011 0.0000000000
68655  33.196  -17.572  21.821 0.0000000000
67576  33.196  -18.425  21.235 0.0000000000
42494  22.258  -40.894  28.765 0.0000000000
41355  21.659  -41.535  28.383 0.0000000000
41343  19.657  -41.982  28.862 0.0000000000
38952  19.000  -43.432  29.795 0.0000000000
40155  18.612  -42.817  29.507 0.0000000000
42462  17.856  -39.577  30.880 0.0000000000
42478  18.013  -39.825  30.388 0.0000000000
42463  17.732  -40.197  31.179 0.0000000000
40118  17.369  -42.248  31.161 0.0000000000
38909  17.310  -43.390  31.003 0.0000000000
38887  17.091  -43.979  31.533 0.0000000000
40099  14.808  -42.735  32.869 0.0000000000
38890  14.583  -43.814  32.876 0.0000000000
36611  14.491  -44.946  32.720 0.0000000000
38868  14.159  -43.883  33.246 0.0000000000
51729  26.394  -31.280  30.245 0.0000000000
51716  25.528  -31.481  31.040 0.0000000000
49471  22.370  -33.612  28.872 0.0000000000
47075  21.011  -36.478  27.937 0.0000000000
48254  21.028  -35.382  28.158 0.0000000000
48253  22.076  -35.428  27.051 0.0000000000
47074  21.883  -36.704  27.483 0.0000000000
47093  22.546  -37.183  27.440 0.0000000000
45986  22.094  -37.588  27.484 0.0000000000
43680  21.439  -40.101  27.607 0.0000000000
43693  22.065  -39.291  27.355 0.0000000000
43664  22.128  -40.379  28.260 0.0000000000
58437  35.682  -26.688  25.677 0.0000000000
58445  35.939  -27.109  25.149 0.0000000000
56253  36.491  -27.605  23.892 0.0000000000
56266  36.474  -27.777  23.488 0.0000000000
57399  36.412  -27.648  22.947 0.0000000000
56281  37.520  -28.076  22.433 0.0000000000
56279  39.428  -28.649  21.906 0.0000000000
57414  40.321  -27.753  21.703 0.0000000000
57398  40.732  -28.276  22.288 0.0000000000
55185  43.047  -29.788  23.311 0.0000000000
56262  41.745  -28.818  23.186 0.0000000000
80777  44.143  -5.063  17.261 0.0000000000
82872  46.050  -3.831  14.306 0.0000000000
82883  46.981  -3.681  13.120 0.0000000000
80814  45.738  -6.181  13.438 0.0000000000
81841  47.686  -6.019  12.893 0.0000000000
76637  41.607  -9.310  14.657 0.0000000000
75582  40.761  -10.533  15.332 0.0000000000
75571  41.135  -12.066  15.049 0.0000000000
75563  38.137  -10.793  17.150 0.0000000000
75574  38.506  -10.466  16.306 0.0000000000
74535  39.551  -12.204  16.026 0.0000000000
72229  40.521  -14.508  16.340 0.0000000000
72209  40.840  -15.193  16.728 0.0000000000
72178  37.733  -13.679  20.375 0.0000000000
73383  36.014  -13.934  19.505 0.0000000000
73382  36.272  -13.669  19.059 0.0000000000
73396  36.577  -13.420  18.288 0.0000000000
72195  36.103  -14.292  18.457 0.0000000000
71025  34.985  -15.800  18.894 0.0000000000
71007  34.998  -15.288  19.091 0.0000000000
69857  37.201  -16.175  17.440 0.0000000000
71038  38.637  -15.519  17.057 0.0000000000
49563  36.505  -34.411  24.453 0.0000000000
48297  36.313  -36.390  25.527 0.0000000000
48311  36.266  -35.540  25.025 0.0000000000
79751  41.979  -7.233  17.516 0.0000000000
79752  41.397  -7.699  17.471 0.0000000000
78735  41.285  -8.360  15.691 0.0000000000
78749  41.534  -8.531  15.275 0.0000000000
40116  21.358  -43.289  31.207 0.0000000000
35398  18.201  -47.017  32.271 0.0000000000
37727  13.390  -44.171  34.153 0.0000000000
35344  11.328  -46.068  36.607 0.0000000000
36559  11.510  -45.237  37.052 0.0000000000
36566  11.498  -45.437  35.993 0.0000000000
36580  11.790  -45.736  35.110 0.0000000000
35377  11.818  -46.278  35.000 0.0000000000
34126  11.831  -46.743  34.927 0.0000000000
34091  10.634  -47.791  36.033 0.0000000000
32872  11.586  -48.669  35.527 0.0000000000
31619  11.524  -49.825  35.859 0.0000000000
32849  9.335  -49.171  37.818 0.0000000000
32860  9.480  -49.086  37.523 0.0000000000
30390  10.600  -50.993  36.219 0.0000000000
30389  11.400  -50.783  36.205 0.0000000000
30364  12.270  -51.369  36.695 0.0000000000
30341  12.066  -51.850  37.134 0.0000000000
27995  12.324  -53.262  37.536 0.0000000000
29092  12.418  -52.435  37.452 0.0000000000
27986  12.647  -52.952  38.312 0.0000000000
26904  12.162  -54.015  39.232 0.0000000000
25700  11.755  -55.025  39.659 0.0000000000
27979  9.565  -53.500  38.719 0.0000000000
24409  10.785  -55.394  39.904 0.0000000000
24383  7.937  -55.108  40.761 0.0000000000
23113  8.543  -55.608  40.603 0.0000000000
23097  8.181  -56.242  40.921 0.0000000000
24361  7.409  -53.782  42.417 0.0000000000
24362  7.044  -53.964  42.568 0.0000000000
23067  6.983  -54.514  41.954 0.0000000000
21854  7.060  -56.288  41.755 0.0000000000
23082  6.287  -55.594  41.976 0.0000000000
53012  36.404  -31.257  24.168 0.0000000000
51842  34.165  -32.615  24.691 0.0000000000
50730  33.068  -33.188  25.153 0.0000000000
49566  33.318  -34.240  24.741 0.0000000000
49567  32.556  -33.956  25.122 0.0000000000
52979  30.355  -31.036  26.013 0.0000000000
53000  31.712  -31.160  25.352 0.0000000000
51828  30.563  -32.258  25.599 0.0000000000
50694  30.656  -33.801  26.475 0.0000000000
50716  31.012  -33.156  25.875 0.0000000000
49553  31.241  -33.817  26.202 0.0000000000
49503  31.813  -35.862  26.806 0.0000000000
49504  31.152  -35.161  27.235 0.0000000000
51749  26.240  -31.149  28.857 0.0000000000
49535  25.415  -33.488  26.484 0.0000000000
51769  25.645  -32.184  27.198 0.0000000000
51811  26.271  -33.228  26.722 0.0000000000
51788  26.667  -32.982  26.951 0.0000000000
50672  26.628  -33.606  26.790 0.0000000000
45967  25.520  -37.413  28.107 0.0000000000
47070  25.831  -36.516  27.678 0.0000000000
48248  27.004  -36.189  28.243 0.0000000000
48230  27.119  -35.777  28.037 0.0000000000
49467  27.553  -35.491  27.899 0.0000000000
76622  42.333  -10.751  14.583 0.0000000000
76621  43.034  -11.264  14.267 0.0000000000
67557  32.996  -18.476  23.636 0.0000000000
66485  32.442  -19.197  23.514 0.0000000000
65458  31.711  -20.338  21.908 0.0000000000
66493  31.924  -19.755  21.735 0.0000000000
65468  32.372  -20.335  21.372 0.0000000000
65467  32.941  -19.864  21.242 0.0000000000
64435  32.779  -20.705  20.888 0.0000000000
59620  34.329  -26.580  25.225 0.0000000000
59610  33.628  -26.367  25.960 0.0000000000
59621  33.632  -26.441  24.832 0.0000000000
59640  33.537  -26.039  22.977 0.0000000000
59622  33.189  -25.745  24.076 0.0000000000
60842  32.647  -25.175  22.872 0.0000000000
59683  37.975  -25.683  21.864 0.0000000000
59685  36.422  -25.926  21.591 0.0000000000
59664  36.590  -25.105  21.532 0.0000000000
62108  35.638  -23.895  21.120 0.0000000000
60864  35.038  -24.878  21.762 0.0000000000
62110  32.954  -23.981  21.941 0.0000000000
62118  33.691  -23.435  21.266 0.0000000000
63301  32.105  -23.309  21.536 0.0000000000
64421  34.605  -22.073  20.839 0.0000000000
64433  34.219  -21.366  20.499 0.0000000000
64432  35.203  -21.420  20.654 0.0000000000
50713  37.689  -34.009  24.651 0.0000000000
50725  37.847  -33.489  24.321 0.0000000000
50712  38.390  -33.901  25.006 0.0000000000
50692  39.873  -34.032  25.631 0.0000000000
50711  39.331  -33.449  25.048 0.0000000000
50710  40.314  -33.416  25.258 0.0000000000
51821  40.845  -33.185  24.553 0.0000000000
50709  41.036  -33.870  24.992 0.0000000000
51819  42.485  -33.217  24.719 0.0000000000
88045  51.772  0.930  11.961 0.0000000000
89102  52.538  1.211  11.550 0.0000000000
88058  52.287  0.466  10.873 0.0000000000
86986  52.237  -0.332  10.224 0.0000000000
84863  47.298  -1.645  14.651 0.0000000000
85907  48.947  -1.591  12.850 0.0000000000
85900  49.308  -1.082  12.904 0.0000000000
85906  49.419  -1.533  12.321 0.0000000000
85913  49.917  -1.600  11.760 0.0000000000
85912  50.476  -1.662  11.220 0.0000000000
85921  50.946  -1.695  10.493 0.0000000000
76634  44.290  -10.440  13.962 0.0000000000
53011  36.932  -31.057  23.746 0.0000000000
75537  38.732  -11.460  19.522 0.0000000000
74496  38.536  -12.134  20.274 0.0000000000
73381  37.493  -12.751  20.278 0.0000000000
68680  33.842  -18.061  19.951 0.0000000000
68679  34.300  -17.707  19.386 0.0000000000
66527  35.752  -19.428  19.075 0.0000000000
65496  36.335  -20.268  19.628 0.0000000000
36592  15.735  -46.026  32.757 0.0000000000
35400  16.373  -46.505  32.671 0.0000000000
35388  15.803  -46.460  32.793 0.0000000000
34124  13.158  -47.545  34.338 0.0000000000
30291  9.154  -50.471  41.686 0.0000000000
54051  30.444  -30.435  29.211 0.0000000000
54052  29.588  -30.190  28.885 0.0000000000
54053  28.642  -30.430  28.664 0.0000000000
54054  28.118  -30.727  28.298 0.0000000000
43662  23.409  -39.388  29.323 0.0000000000
58461  42.081  -26.760  23.070 0.0000000000
59659  41.818  -25.889  22.625 0.0000000000
58444  42.487  -26.357  23.508 0.0000000000
68641  32.837  -17.747  22.715 0.0000000000
42513  20.423  -40.844  28.141 0.0000000000
41356  20.924  -41.783  27.941 0.0000000000
42495  19.827  -41.306  28.634 0.0000000000
41290  16.613  -40.939  31.977 0.0000000000
40096  17.056  -41.688  31.969 0.0000000000
40119  16.831  -42.515  31.669 0.0000000000
38911  16.131  -43.357  31.755 0.0000000000
48213  20.352  -35.808  29.869 0.0000000000
48233  20.568  -35.196  29.445 0.0000000000
47076  20.617  -36.481  28.577 0.0000000000
45972  20.758  -37.463  28.136 0.0000000000
45987  21.326  -37.847  27.619 0.0000000000
43695  20.644  -38.795  27.473 0.0000000000
57377  36.332  -27.437  25.325 0.0000000000
56252  36.665  -28.292  24.109 0.0000000000
53042  39.543  -31.190  21.820 0.0000000000
54156  39.466  -30.397  22.139 0.0000000000
54155  40.224  -30.510  22.010 0.0000000000
55200  40.633  -29.636  22.422 0.0000000000
56263  40.994  -28.812  22.633 0.0000000000
55187  41.329  -29.651  22.958 0.0000000000
82861  43.591  -4.511  15.627 0.0000000000
82845  45.247  -4.102  16.761 0.0000000000
83877  46.253  -2.919  15.636 0.0000000000
82885  46.030  -4.907  13.414 0.0000000000
79794  46.275  -7.534  12.908 0.0000000000
79792  48.150  -7.769  13.127 0.0000000000
76624  40.478  -9.710  15.309 0.0000000000
75573  39.237  -10.996  15.795 0.0000000000
71053  39.749  -14.852  16.614 0.0000000000
71037  39.695  -15.518  17.041 0.0000000000
72136  36.320  -13.532  21.115 0.0000000000
73345  36.562  -13.350  20.672 0.0000000000
73346  36.014  -13.577  20.552 0.0000000000
73366  35.798  -13.879  20.010 0.0000000000
68693  36.317  -17.625  18.297 0.0000000000
69859  35.918  -16.283  17.843 0.0000000000
69846  36.597  -16.811  17.857 0.0000000000
49565  34.340  -34.406  24.547 0.0000000000
49549  34.860  -35.177  25.095 0.0000000000
48312  35.321  -36.098  25.260 0.0000000000
76583  39.932  -9.348  19.627 0.0000000000
77629  40.420  -8.942  18.724 0.0000000000
78704  40.589  -8.514  18.247 0.0000000000
78715  40.636  -8.182  17.494 0.0000000000
78725  40.381  -8.574  16.699 0.0000000000
38930  20.357  -44.097  30.671 0.0000000000
38908  20.888  -43.790  31.640 0.0000000000
32870  15.420  -49.664  36.452 0.0000000000
32858  15.461  -50.373  36.904 0.0000000000
32847  15.240  -50.326  37.572 0.0000000000
31589  15.046  -50.344  38.257 0.0000000000
35328  11.699  -46.010  37.370 0.0000000000
35360  11.034  -46.461  36.025 0.0000000000
34108  10.930  -46.939  35.717 0.0000000000
35345  10.685  -46.678  36.361 0.0000000000
30344  9.151  -50.462  38.315 0.0000000000
31604  9.397  -49.834  37.441 0.0000000000
30367  9.360  -50.632  37.523 0.0000000000
30342  11.640  -51.997  37.056 0.0000000000
29108  11.470  -52.419  37.076 0.0000000000
29107  12.011  -53.008  36.932 0.0000000000
26920  12.120  -53.679  37.863 0.0000000000
26912  12.346  -53.545  38.491 0.0000000000
26906  10.187  -54.116  38.713 0.0000000000
26900  8.824  -53.491  40.069 0.0000000000
50714  32.765  -32.516  25.274 0.0000000000
51810  29.545  -32.291  26.446 0.0000000000
51829  29.816  -32.153  25.774 0.0000000000
51809  29.706  -32.804  26.654 0.0000000000
50667  30.576  -34.424  26.825 0.0000000000
49505  30.252  -34.728  27.195 0.0000000000
50640  24.366  -32.154  28.339 0.0000000000
49488  24.691  -33.708  26.433 0.0000000000
49508  25.300  -33.856  26.369 0.0000000000
47054  26.259  -37.851  28.960 0.0000000000
47053  26.457  -37.270  28.688 0.0000000000
75570  43.007  -11.982  15.581 0.0000000000
74531  44.112  -12.777  16.372 0.0000000000
64401  32.294  -20.852  24.797 0.0000000000
65449  32.551  -19.927  24.226 0.0000000000
57401  34.940  -27.508  23.144 0.0000000000
58448  33.605  -26.654  23.994 0.0000000000
57402  34.573  -27.472  22.824 0.0000000000
59666  34.509  -26.223  22.159 0.0000000000
60872  37.272  -24.646  21.526 0.0000000000
62116  37.254  -24.104  21.677 0.0000000000
63300  34.464  -23.301  21.178 0.0000000000
63299  35.159  -23.005  21.320 0.0000000000
64419  36.553  -22.044  21.238 0.0000000000
64411  36.753  -22.285  21.853 0.0000000000
49529  38.383  -34.778  25.533 0.0000000000
49528  39.483  -34.843  25.764 0.0000000000
49527  40.368  -34.663  26.172 0.0000000000
84880  47.914  -2.529  12.768 0.0000000000
84897  51.256  -2.795  10.406 0.0000000000
44780  18.973  -38.528  29.479 0.0000000000
43647  18.693  -38.676  29.545 0.0000000000
44779  18.827  -38.222  29.951 0.0000000000
43629  17.745  -38.936  30.968 0.0000000000
47036  20.573  -36.493  30.710 0.0000000000
45934  19.993  -37.204  30.022 0.0000000000
45953  19.706  -37.613  29.563 0.0000000000
76632  46.697  -9.923  14.428 0.0000000000
76618  46.498  -10.689  14.917 0.0000000000
53043  38.988  -31.398  22.225 0.0000000000
51852  40.379  -32.373  22.743 0.0000000000
51835  41.154  -32.359  23.105 0.0000000000
81816  42.955  -5.049  15.417 0.0000000000
82875  43.851  -4.856  14.917 0.0000000000
80802  45.242  -6.212  13.782 0.0000000000
79782  45.661  -6.940  13.260 0.0000000000
78756  46.147  -8.200  12.866 0.0000000000
24382  11.679  -56.106  41.641 0.0000000000
75562  39.059  -10.100  18.325 0.0000000000
76585  38.606  -10.285  18.175 0.0000000000
75538  38.145  -11.307  19.075 0.0000000000
74525  37.458  -12.642  17.618 0.0000000000
73406  37.198  -13.260  17.449 0.0000000000
70962  34.431  -15.041  20.570 0.0000000000
72162  34.721  -14.623  19.943 0.0000000000
70988  34.299  -15.409  19.777 0.0000000000
69848  34.793  -16.130  19.000 0.0000000000
69831  34.940  -16.758  19.116 0.0000000000
68678  34.999  -17.277  19.139 0.0000000000
66537  38.153  -19.494  18.749 0.0000000000
66524  38.714  -19.912  19.341 0.0000000000
65494  38.100  -20.361  19.586 0.0000000000
66514  39.367  -20.127  20.105 0.0000000000
48271  33.449  -36.628  26.219 0.0000000000
47090  33.972  -36.834  27.105 0.0000000000
36622  18.260  -45.593  31.256 0.0000000000
35406  18.621  -46.024  31.493 0.0000000000
35407  18.191  -46.268  31.640 0.0000000000
34134  18.094  -47.521  33.325 0.0000000000
34145  16.669  -47.117  32.724 0.0000000000
32882  16.008  -49.125  35.376 0.0000000000
34103  15.213  -48.951  34.956 0.0000000000
31631  14.139  -49.602  35.610 0.0000000000
31617  13.756  -49.960  35.868 0.0000000000
31590  9.429  -48.832  38.977 0.0000000000
31578  8.977  -49.523  39.186 0.0000000000
29054  8.910  -51.437  41.149 0.0000000000
27962  8.245  -52.928  41.872 0.0000000000
52952  32.842  -30.283  27.306 0.0000000000
52977  32.794  -30.194  26.375 0.0000000000
54126  32.254  -29.988  26.076 0.0000000000
54107  31.427  -29.929  26.620 0.0000000000
54108  30.514  -30.588  26.572 0.0000000000
54109  30.076  -30.957  26.500 0.0000000000
54089  29.725  -30.914  27.130 0.0000000000
52953  29.427  -31.666  27.013 0.0000000000
47072  23.680  -36.738  26.908 0.0000000000
45951  23.931  -38.224  29.038 0.0000000000
45950  24.486  -38.219  29.027 0.0000000000
45949  25.603  -38.211  29.160 0.0000000000
73414  42.363  -13.784  16.680 0.0000000000
73404  43.012  -13.864  17.144 0.0000000000
63255  31.583  -22.531  25.566 0.0000000000
62076  31.930  -23.303  24.177 0.0000000000
58482  38.463  -26.666  21.791 0.0000000000
58483  37.569  -26.566  21.816 0.0000000000
59663  38.147  -26.181  21.969 0.0000000000
59662  38.666  -25.761  22.091 0.0000000000
60870  38.389  -25.268  22.001 0.0000000000
60860  38.861  -24.661  22.463 0.0000000000
62105  38.721  -23.592  22.528 0.0000000000
20600  7.776  -58.395  41.389 0.0000000000
70986  37.519  -13.899  21.168 0.0000000000
70987  36.797  -13.891  21.709 0.0000000000
70960  35.924  -14.070  21.777 0.0000000000
70961  34.938  -14.616  21.262 0.0000000000
69801  34.212  -15.410  21.339 0.0000000000
68665  33.473  -16.605  20.694 0.0000000000
67587  33.492  -18.562  20.376 0.0000000000
42476  22.544  -40.942  30.272 0.0000000000
41325  22.140  -41.707  30.427 0.0000000000
40135  21.725  -42.472  29.853 0.0000000000
40170  20.797  -42.350  28.169 0.0000000000
40153  20.831  -42.920  28.774 0.0000000000
40137  20.241  -43.687  30.072 0.0000000000
38931  19.597  -43.955  30.149 0.0000000000
37781  19.106  -44.404  30.693 0.0000000000
42497  18.583  -41.149  29.802 0.0000000000
41326  18.135  -41.451  30.015 0.0000000000
41308  17.998  -41.123  30.743 0.0000000000
40117  17.868  -41.869  30.618 0.0000000000
40138  18.016  -42.218  29.775 0.0000000000
38954  17.839  -43.186  29.919 0.0000000000
37782  18.305  -44.237  30.679 0.0000000000
37769  17.631  -44.636  31.048 0.0000000000
37754  16.936  -44.734  31.729 0.0000000000
37755  16.167  -44.675  32.140 0.0000000000
36610  14.859  -45.374  32.354 0.0000000000
36577  13.655  -44.893  33.531 0.0000000000
52904  27.769  -30.675  29.771 0.0000000000
51728  27.634  -31.165  30.624 0.0000000000
48277  23.310  -34.428  26.821 0.0000000000
49473  21.016  -34.629  29.291 0.0000000000
49490  22.715  -33.920  27.551 0.0000000000
48279  22.634  -34.926  26.827 0.0000000000
48252  22.926  -35.541  26.545 0.0000000000
47092  23.171  -37.204  27.374 0.0000000000
45985  22.965  -37.855  27.509 0.0000000000
44821  23.483  -38.628  27.757 0.0000000000
44823  21.710  -38.470  27.354 0.0000000000
43692  22.844  -39.255  27.610 0.0000000000
43678  23.185  -39.413  28.317 0.0000000000
43663  22.541  -39.984  28.996 0.0000000000
42493  22.528  -40.783  29.600 0.0000000000
59609  34.884  -26.436  26.013 0.0000000000
58462  35.805  -26.948  24.371 0.0000000000
58463  34.997  -27.217  23.942 0.0000000000
57418  36.188  -27.234  22.544 0.0000000000
56264  37.654  -28.772  22.843 0.0000000000
57416  37.968  -27.467  21.928 0.0000000000
57434  39.851  -27.511  21.354 0.0000000000
58503  40.233  -27.227  21.440 0.0000000000
57413  40.842  -27.207  22.097 0.0000000000
84872  46.723  -2.273  14.203 0.0000000000
82895  47.449  -4.308  12.647 0.0000000000
81851  46.682  -4.930  12.820 0.0000000000
81850  47.239  -5.207  12.729 0.0000000000
81849  48.212  -5.605  12.591 0.0000000000
77676  42.249  -8.995  14.525 0.0000000000
74542  41.819  -12.015  15.140 0.0000000000
76599  38.647  -10.003  16.981 0.0000000000
73415  41.782  -13.511  16.432 0.0000000000
72227  41.992  -14.038  16.578 0.0000000000
72208  41.513  -15.068  17.032 0.0000000000
74483  37.091  -12.784  19.893 0.0000000000
74484  36.873  -12.880  19.779 0.0000000000
74515  36.859  -13.050  18.429 0.0000000000
72212  37.137  -14.446  17.084 0.0000000000
72180  35.464  -14.569  19.291 0.0000000000
72196  35.592  -14.862  18.397 0.0000000000
71041  35.779  -15.501  17.878 0.0000000000
72214  35.888  -14.819  18.062 0.0000000000
72213  36.282  -14.713  17.695 0.0000000000
72232  37.782  -14.294  16.811 0.0000000000
72211  38.061  -14.768  16.909 0.0000000000
69854  40.066  -16.273  17.383 0.0000000000
49547  37.283  -34.573  24.618 0.0000000000
48310  37.090  -35.282  24.797 0.0000000000
49530  37.632  -34.954  25.145 0.0000000000
79760  41.845  -7.139  16.543 0.0000000000
78734  41.816  -8.057  15.505 0.0000000000
78748  42.103  -8.468  15.011 0.0000000000
36607  19.495  -45.973  32.190 0.0000000000
37742  13.728  -44.147  33.649 0.0000000000
36579  12.256  -45.341  34.524 0.0000000000
36596  12.610  -45.875  33.810 0.0000000000
35375  12.799  -46.886  34.071 0.0000000000
34106  12.645  -47.932  34.840 0.0000000000
34107  11.625  -47.551  35.301 0.0000000000
32885  12.939  -48.824  34.731 0.0000000000
32871  12.352  -49.068  35.053 0.0000000000
31603  9.827  -49.988  36.797 0.0000000000
30363  13.343  -51.287  36.742 0.0000000000
29080  13.737  -52.183  38.675 0.0000000000
25693  11.904  -55.297  40.256 0.0000000000
24393  12.009  -55.419  40.542 0.0000000000
25702  9.706  -54.656  38.985 0.0000000000
25701  10.622  -55.110  39.225 0.0000000000
24394  11.295  -55.868  40.429 0.0000000000
23110  10.727  -56.566  40.820 0.0000000000
23112  9.239  -55.959  40.630 0.0000000000
59607  36.421  -27.021  26.877 0.0000000000
53013  35.791  -31.434  24.361 0.0000000000
51857  35.972  -32.265  23.655 0.0000000000
50715  32.196  -33.009  25.461 0.0000000000
49568  32.295  -33.632  25.393 0.0000000000
49531  32.454  -35.769  26.373 0.0000000000
52935  26.619  -31.760  27.482 0.0000000000
51787  27.453  -32.747  27.118 0.0000000000
50670  28.062  -33.307  27.345 0.0000000000
48276  25.849  -34.744  26.552 0.0000000000
48275  26.355  -34.914  26.952 0.0000000000
49506  27.125  -34.142  27.173 0.0000000000
50658  27.740  -33.879  27.519 0.0000000000
50657  28.477  -34.001  27.717 0.0000000000
49485  28.830  -34.803  28.108 0.0000000000
76635  43.283  -10.379  14.043 0.0000000000
75589  43.704  -11.026  14.229 0.0000000000
75588  44.183  -11.094  14.536 0.0000000000
75578  44.540  -11.396  15.174 0.0000000000
67556  33.993  -18.417  23.814 0.0000000000
68626  32.745  -18.078  23.224 0.0000000000
67567  32.540  -18.343  22.719 0.0000000000
66492  32.255  -19.211  22.325 0.0000000000
66491  32.565  -18.921  21.953 0.0000000000
66501  32.793  -19.127  21.607 0.0000000000
65499  33.761  -20.146  19.992 0.0000000000
60806  33.075  -25.591  25.857 0.0000000000
60821  32.059  -24.173  24.095 0.0000000000
62096  31.625  -23.672  23.149 0.0000000000
58506  36.956  -26.224  21.630 0.0000000000
62095  32.153  -24.278  22.641 0.0000000000
63302  31.462  -22.708  22.100 0.0000000000
63309  32.146  -22.623  21.492 0.0000000000
63307  34.191  -22.828  21.110 0.0000000000
64434  33.296  -21.123  20.616 0.0000000000
65484  33.898  -20.676  20.142 0.0000000000
65482  35.797  -20.857  20.163 0.0000000000
64430  37.322  -21.661  20.884 0.0000000000
64429  38.031  -21.530  21.523 0.0000000000
49526  40.997  -34.219  26.428 0.0000000000
50690  41.447  -33.994  25.721 0.0000000000
50708  41.901  -34.130  24.866 0.0000000000
52993  41.886  -32.837  24.201 0.0000000000
54133  43.137  -30.824  23.789 0.0000000000
86958  49.122  -0.619  13.808 0.0000000000
86968  49.175  -0.715  13.553 0.0000000000
82904  48.964  -4.011  11.681 0.0000000000
83904  49.745  -3.565  11.347 0.0000000000
84878  49.487  -2.241  11.894 0.0000000000
86981  49.721  -1.039  11.964 0.0000000000
86979  51.130  -0.477  11.241 0.0000000000
86987  51.523  -0.670  10.503 0.0000000000
85920  51.806  -1.775  9.959 0.0000000000
26884  8.479  -53.059  42.759 0.0000000000
27952  8.498  -52.797  42.328 0.0000000000
31633  12.920  -49.294  35.103 0.0000000000
31645  13.216  -49.266  35.092 0.0000000000
31646  13.072  -49.176  34.864 0.0000000000
32897  13.449  -49.212  35.133 0.0000000000
35387  18.716  -47.163  33.164 0.0000000000
35392  12.668  -46.403  33.950 0.0000000000
36624  14.516  -45.056  32.560 0.0000000000
36625  14.549  -44.769  32.872 0.0000000000
37726  13.688  -44.395  33.612 0.0000000000
37757  14.605  -44.607  32.687 0.0000000000
37770  14.600  -44.912  32.323 0.0000000000
37771  14.570  -44.826  32.637 0.0000000000
38891  14.077  -43.600  33.201 0.0000000000
38933  17.936  -43.573  30.327 0.0000000000
38953  18.323  -43.340  29.836 0.0000000000
40120  16.056  -42.697  31.791 0.0000000000
40156  17.956  -42.885  29.694 0.0000000000
40169  21.322  -42.300  28.279 0.0000000000
41324  22.384  -41.370  30.079 0.0000000000
41341  22.255  -41.603  29.448 0.0000000000
42461  22.353  -41.211  30.682 0.0000000000
42477  22.364  -41.310  30.381 0.0000000000
43666  18.817  -38.747  29.357 0.0000000000
43682  19.351  -38.948  28.319 0.0000000000
44796  24.040  -38.734  29.499 0.0000000000
44813  20.411  -38.324  27.790 0.0000000000
44824  20.997  -38.410  27.470 0.0000000000
45935  19.399  -37.700  30.053 0.0000000000
45966  25.993  -37.264  28.294 0.0000000000
45969  24.133  -38.263  28.547 0.0000000000
45970  21.871  -37.191  27.605 0.0000000000
45988  20.859  -37.998  27.717 0.0000000000
47033  26.347  -37.714  29.363 0.0000000000
47094  22.216  -37.179  27.482 0.0000000000
47095  20.736  -36.245  28.123 0.0000000000
47096  20.665  -36.187  28.379 0.0000000000
47113  34.079  -36.801  25.880 0.0000000000
47127  34.594  -36.420  25.584 0.0000000000
48255  20.637  -35.941  28.494 0.0000000000
48278  23.066  -34.720  26.762 0.0000000000
48280  20.810  -35.959  27.825 0.0000000000
48281  20.694  -35.831  28.057 0.0000000000
48299  33.821  -36.172  25.797 0.0000000000
48328  36.476  -34.985  24.681 0.0000000000
49468  26.958  -35.431  27.754 0.0000000000
49489  23.238  -34.083  27.074 0.0000000000
49492  21.387  -34.547  28.656 0.0000000000
49502  32.261  -36.222  26.735 0.0000000000
49509  23.049  -34.249  27.051 0.0000000000
49510  22.666  -34.451  27.175 0.0000000000
49511  22.336  -34.739  27.159 0.0000000000
49534  25.698  -33.733  26.488 0.0000000000
50673  25.392  -33.042  26.579 0.0000000000
50696  29.643  -32.874  26.208 0.0000000000
50697  26.081  -33.560  26.605 0.0000000000
50698  25.687  -33.302  26.562 0.0000000000
50717  30.042  -32.853  25.723 0.0000000000
50718  29.605  -32.596  25.921 0.0000000000
51768  25.986  -31.265  27.751 0.0000000000
51789  26.028  -32.829  26.778 0.0000000000
51812  26.011  -33.198  26.644 0.0000000000
51820  41.580  -33.431  24.485 0.0000000000
52916  30.889  -30.711  29.362 0.0000000000
52936  26.261  -32.365  27.121 0.0000000000
52957  26.406  -32.645  26.992 0.0000000000
53001  30.899  -31.479  25.631 0.0000000000
53002  30.225  -31.646  25.758 0.0000000000
53009  41.253  -32.856  24.133 0.0000000000
53022  42.183  -31.005  22.969 0.0000000000
53041  40.136  -31.112  21.733 0.0000000000
53055  39.999  -31.146  21.636 0.0000000000
53056  39.812  -31.012  21.662 0.0000000000
54065  31.839  -30.569  28.275 0.0000000000
54066  31.281  -30.479  28.479 0.0000000000
54070  28.191  -31.032  28.008 0.0000000000
54106  32.241  -29.701  26.880 0.0000000000
54127  31.835  -30.396  25.766 0.0000000000
54170  40.018  -30.880  21.694 0.0000000000
54171  39.792  -30.765  21.790 0.0000000000
55154  31.885  -29.673  26.848 0.0000000000
55155  31.695  -29.730  26.878 0.0000000000
56261  42.468  -29.063  23.506 0.0000000000
57420  34.913  -27.417  22.768 0.0000000000
57433  40.099  -27.424  21.350 0.0000000000
58464  33.862  -27.282  23.092 0.0000000000
58504  39.862  -27.114  21.382 0.0000000000
58507  36.425  -26.426  21.731 0.0000000000
59636  42.320  -25.808  23.203 0.0000000000
59639  33.806  -26.478  22.554 0.0000000000
59682  38.332  -25.569  22.016 0.0000000000
59684  37.256  -25.470  21.551 0.0000000000
60841  40.679  -24.372  23.075 0.0000000000
60858  41.842  -25.058  22.313 0.0000000000
60862  36.804  -24.429  21.469 0.0000000000
62059  31.706  -23.471  25.074 0.0000000000
62094  38.143  -22.894  22.805 0.0000000000
62115  37.583  -24.233  21.794 0.0000000000
62117  34.164  -23.395  21.143 0.0000000000
65459  31.794  -20.017  21.654 0.0000000000
65469  31.930  -20.197  21.566 0.0000000000
65486  32.877  -20.302  21.012 0.0000000000
66503  32.034  -19.964  21.477 0.0000000000
67614  35.620  -18.326  18.665 0.0000000000
68627  32.529  -18.233  23.048 0.0000000000
68642  32.581  -18.013  22.964 0.0000000000
71008  34.646  -15.684  19.240 0.0000000000
72135  36.627  -13.390  20.948 0.0000000000
72160  36.737  -13.683  21.430 0.0000000000
76610  38.761  -9.887  16.415 0.0000000000
76641  44.099  -10.071  13.712 0.0000000000
77642  38.857  -9.658  16.674 0.0000000000
77650  40.691  -8.999  15.992 0.0000000000
77653  38.893  -9.712  16.448 0.0000000000
77664  40.532  -9.370  15.641 0.0000000000
77681  43.668  -9.884  13.857 0.0000000000
81807  43.763  -4.775  16.729 0.0000000000
81809  42.634  -4.548  15.754 0.0000000000
81810  42.248  -4.656  15.718 0.0000000000
81817  42.848  -4.668  15.635 0.0000000000
81818  42.553  -4.587  15.472 0.0000000000
82847  43.321  -4.398  16.144 0.0000000000
82848  42.735  -4.410  15.935 0.0000000000
82849  42.474  -4.548  15.791 0.0000000000
82862  43.020  -4.476  15.689 0.0000000000
82863  42.648  -4.548  15.686 0.0000000000
83902  51.240  -3.882  10.768 0.0000000000
88047  50.620  0.049  11.729 0.0000000000
