#!ascii label  , from subject 3104 vox2ras=TkReg
1653
58957  -43.874  -26.826  35.804 0.0000000000
71807  -55.405  -14.090  31.594 0.0000000000
67518  -49.522  -20.655  32.645 0.0000000000
36186  -19.757  -48.196  51.936 0.0000000000
57821  -41.987  -27.013  41.058 0.0000000000
36276  -34.036  -47.536  48.609 0.0000000000
43005  -42.948  -42.098  47.729 0.0000000000
49202  -48.461  -35.493  43.021 0.0000000000
55906  -47.792  -29.679  44.532 0.0000000000
44042  -25.092  -43.079  44.906 0.0000000000
39690  -30.366  -44.987  50.210 0.0000000000
41969  -29.636  -43.852  44.786 0.0000000000
45052  -38.299  -40.461  42.477 0.0000000000
45056  -44.429  -40.432  42.477 0.0000000000
61016  -45.491  -25.372  42.656 0.0000000000
61073  -49.067  -25.058  39.382 0.0000000000
68624  -52.540  -18.051  31.414 0.0000000000
62216  -46.255  -23.333  33.488 0.0000000000
75093  -51.120  -12.925  29.264 0.0000000000
33926  -17.010  -51.378  52.120 0.0000000000
58772  -44.769  -26.503  45.322 0.0000000000
59927  -41.399  -25.756  39.506 0.0000000000
43095  -34.519  -42.276  43.492 0.0000000000
41896  -37.500  -42.899  48.337 0.0000000000
62190  -51.996  -23.430  36.185 0.0000000000
77071  -58.272  -10.300  25.909 0.0000000000
49242  -46.993  -35.257  41.401 0.0000000000
52713  -47.257  -32.460  41.502 0.0000000000
43048  -27.627  -42.703  45.101 0.0000000000
46013  -42.704  -39.100  40.337 0.0000000000
46035  -45.249  -37.788  40.414 0.0000000000
45991  -47.318  -38.315  42.831 0.0000000000
59955  -44.550  -26.476  38.521 0.0000000000
59898  -47.913  -25.544  41.209 0.0000000000
59983  -46.801  -25.789  37.270 0.0000000000
69676  -54.341  -16.271  31.443 0.0000000000
69625  -54.635  -16.825  34.894 0.0000000000
74045  -56.393  -11.862  32.181 0.0000000000
35124  -17.594  -49.035  47.843 0.0000000000
33928  -18.500  -49.931  51.775 0.0000000000
56847  -44.889  -27.667  43.319 0.0000000000
57790  -46.285  -27.542  45.326 0.0000000000
58801  -42.933  -26.099  43.759 0.0000000000
60992  -42.702  -25.507  42.918 0.0000000000
59895  -41.134  -26.082  40.541 0.0000000000
37378  -31.620  -47.048  49.354 0.0000000000
37343  -31.630  -47.223  51.876 0.0000000000
35099  -33.302  -48.914  51.207 0.0000000000
36230  -35.724  -47.354  50.730 0.0000000000
44168  -31.937  -40.605  40.211 0.0000000000
46004  -33.938  -39.309  41.116 0.0000000000
43057  -41.141  -41.930  45.573 0.0000000000
43054  -37.859  -41.591  45.527 0.0000000000
41899  -40.391  -42.456  48.416 0.0000000000
40773  -39.081  -43.890  50.885 0.0000000000
38594  -21.943  -44.758  47.812 0.0000000000
40764  -23.528  -43.832  50.940 0.0000000000
40720  -24.048  -43.897  54.808 0.0000000000
64317  -47.651  -22.075  33.165 0.0000000000
62187  -49.622  -23.221  35.096 0.0000000000
64286  -50.823  -21.335  34.816 0.0000000000
78107  -59.918  -8.255  24.790 0.0000000000
35018  -19.132  -49.092  55.743 0.0000000000
48020  -50.815  -36.207  45.665 0.0000000000
52650  -49.880  -32.879  45.960 0.0000000000
52679  -48.433  -32.300  43.449 0.0000000000
55918  -46.919  -29.124  42.519 0.0000000000
41889  -25.543  -42.802  48.320 0.0000000000
40753  -28.288  -43.840  51.232 0.0000000000
41891  -27.751  -43.635  47.953 0.0000000000
40801  -29.538  -44.513  47.723 0.0000000000
38649  -31.403  -45.376  45.983 0.0000000000
46007  -36.591  -39.666  41.263 0.0000000000
46009  -39.043  -39.273  40.897 0.0000000000
45053  -41.150  -40.235  42.766 0.0000000000
44094  -43.697  -41.584  44.439 0.0000000000
44097  -46.757  -40.334  44.241 0.0000000000
45948  -49.184  -38.860  44.979 0.0000000000
41950  -23.595  -43.386  45.378 0.0000000000
60949  -47.279  -25.704  45.289 0.0000000000
62018  -50.167  -24.471  47.115 0.0000000000
60973  -48.782  -25.257  44.581 0.0000000000
62082  -50.374  -24.584  42.068 0.0000000000
66437  -50.766  -19.835  31.852 0.0000000000
66407  -51.494  -19.293  34.496 0.0000000000
68589  -53.052  -18.240  34.805 0.0000000000
27078  -13.564  -54.800  53.720 0.0000000000
61161  -44.873  -25.635  33.902 0.0000000000
63318  -44.630  -22.396  30.785 0.0000000000
66466  -48.038  -19.775  30.480 0.0000000000
68653  -49.380  -18.088  29.628 0.0000000000
69672  -51.160  -15.947  30.520 0.0000000000
71789  -51.923  -14.306  31.496 0.0000000000
75052  -52.661  -12.634  31.198 0.0000000000
74054  -50.207  -13.410  30.144 0.0000000000
33874  -17.685  -50.361  55.615 0.0000000000
32735  -15.529  -52.072  55.574 0.0000000000
30554  -14.430  -52.638  55.032 0.0000000000
56771  -49.337  -28.183  50.031 0.0000000000
55855  -49.270  -29.872  47.316 0.0000000000
56795  -47.903  -27.835  47.286 0.0000000000
58750  -46.645  -26.395  46.724 0.0000000000
60969  -44.077  -25.049  44.412 0.0000000000
61052  -43.781  -25.503  40.776 0.0000000000
59978  -42.822  -26.156  37.685 0.0000000000
38497  -30.760  -45.448  52.965 0.0000000000
40873  -31.731  -44.182  42.929 0.0000000000
39742  -33.900  -45.016  45.572 0.0000000000
45030  -35.994  -39.453  43.987 0.0000000000
42997  -36.038  -42.583  45.933 0.0000000000
38577  -36.092  -45.570  48.262 0.0000000000
39663  -36.700  -44.790  51.114 0.0000000000
36289  -19.195  -47.234  47.407 0.0000000000
37422  -20.631  -46.056  47.547 0.0000000000
37337  -20.951  -46.451  51.430 0.0000000000
61128  -48.124  -24.923  36.161 0.0000000000
61114  -51.160  -24.407  38.024 0.0000000000
62133  -53.254  -23.869  38.888 0.0000000000
65306  -53.680  -20.557  36.186 0.0000000000
75080  -53.529  -12.465  30.552 0.0000000000
75098  -56.419  -11.701  30.038 0.0000000000
75100  -58.446  -10.949  29.130 0.0000000000
76092  -56.899  -11.151  26.784 0.0000000000
77064  -59.665  -9.578  27.679 0.0000000000
49240  -45.664  -35.382  40.827 0.0000000000
51602  -46.111  -33.606  40.619 0.0000000000
51601  -45.142  -33.540  40.121 0.0000000000
47019  -43.807  -37.243  40.284 0.0000000000
48092  -44.694  -36.161  40.414 0.0000000000
48074  -46.434  -36.356  41.375 0.0000000000
60004  -44.750  -25.829  37.246 0.0000000000
59956  -45.453  -26.138  38.498 0.0000000000
60029  -44.921  -25.880  36.596 0.0000000000
70707  -55.310  -14.823  31.615 0.0000000000
70668  -55.862  -15.629  33.249 0.0000000000
71792  -56.055  -14.589  32.372 0.0000000000
72981  -56.777  -13.561  33.365 0.0000000000
73012  -55.367  -13.181  31.619 0.0000000000
36220  -18.949  -48.202  49.963 0.0000000000
35093  -18.432  -48.942  50.003 0.0000000000
35077  -19.479  -48.766  51.406 0.0000000000
57810  -42.986  -27.142  42.979 0.0000000000
57798  -43.280  -26.866  43.744 0.0000000000
58814  -42.659  -26.826  43.370 0.0000000000
59872  -42.228  -26.099  42.459 0.0000000000
58827  -41.958  -26.593  41.616 0.0000000000
41811  -26.309  -43.400  53.454 0.0000000000
36275  -32.916  -47.552  48.612 0.0000000000
36247  -32.308  -47.579  49.940 0.0000000000
36249  -33.957  -48.126  49.450 0.0000000000
36210  -34.782  -48.778  51.571 0.0000000000
36250  -35.073  -47.630  49.474 0.0000000000
43032  -42.501  -42.102  46.679 0.0000000000
43030  -40.738  -42.103  46.679 0.0000000000
42981  -41.476  -42.202  48.364 0.0000000000
41876  -41.197  -42.468  50.145 0.0000000000
41866  -24.591  -43.244  49.478 0.0000000000
41834  -24.576  -43.172  52.010 0.0000000000
41820  -24.588  -43.603  52.993 0.0000000000
57746  -50.236  -27.572  49.859 0.0000000000
66419  -49.043  -21.262  32.900 0.0000000000
64304  -49.441  -21.443  33.969 0.0000000000
65331  -49.848  -20.971  33.535 0.0000000000
49204  -50.236  -35.498  43.737 0.0000000000
50350  -49.630  -34.139  44.372 0.0000000000
50366  -48.856  -34.426  43.338 0.0000000000
54892  -47.237  -30.331  42.016 0.0000000000
56880  -46.129  -28.936  41.515 0.0000000000
56863  -45.690  -27.919  42.110 0.0000000000
42993  -25.411  -42.673  47.037 0.0000000000
42978  -26.520  -43.291  47.900 0.0000000000
43020  -26.008  -42.627  46.016 0.0000000000
43049  -28.267  -43.199  45.001 0.0000000000
43023  -28.309  -43.365  45.807 0.0000000000
40844  -29.544  -44.166  45.695 0.0000000000
39740  -30.276  -45.189  46.797 0.0000000000
39761  -30.579  -45.254  45.770 0.0000000000
46053  -38.471  -39.168  39.145 0.0000000000
45084  -43.822  -39.778  41.877 0.0000000000
45082  -41.709  -40.278  41.780 0.0000000000
45055  -43.291  -40.717  42.465 0.0000000000
44118  -42.761  -41.405  43.396 0.0000000000
44119  -44.065  -41.214  43.298 0.0000000000
44072  -45.775  -41.397  45.567 0.0000000000
44121  -46.176  -40.479  43.337 0.0000000000
46975  -48.169  -37.649  42.756 0.0000000000
45965  -48.199  -38.527  43.657 0.0000000000
46958  -49.193  -37.565  43.545 0.0000000000
46948  -50.121  -37.511  44.754 0.0000000000
43046  -24.042  -42.951  44.914 0.0000000000
60971  -46.585  -25.733  44.333 0.0000000000
60972  -47.683  -25.417  44.483 0.0000000000
60997  -47.147  -25.553  43.480 0.0000000000
61054  -48.472  -25.441  39.933 0.0000000000
61036  -48.606  -25.015  41.489 0.0000000000
61056  -49.479  -24.440  40.869 0.0000000000
63170  -51.057  -24.071  40.910 0.0000000000
62114  -50.637  -23.469  40.126 0.0000000000
67543  -52.111  -18.738  31.750 0.0000000000
68608  -51.872  -18.445  33.319 0.0000000000
68600  -53.343  -18.021  33.519 0.0000000000
70648  -55.979  -15.622  35.868 0.0000000000
67559  -49.141  -18.890  30.070 0.0000000000
68641  -47.646  -17.425  29.606 0.0000000000
69670  -49.216  -15.630  29.652 0.0000000000
70701  -49.578  -15.047  30.518 0.0000000000
70685  -51.198  -14.857  31.479 0.0000000000
71787  -50.583  -14.519  31.126 0.0000000000
74039  -50.774  -13.793  30.575 0.0000000000
35091  -16.953  -50.354  49.873 0.0000000000
32777  -15.999  -51.813  51.814 0.0000000000
35009  -18.805  -49.249  56.628 0.0000000000
35028  -18.810  -49.592  55.420 0.0000000000
33866  -17.808  -50.482  57.379 0.0000000000
31634  -16.167  -51.926  57.306 0.0000000000
31632  -15.177  -51.980  57.023 0.0000000000
31650  -14.366  -52.213  55.302 0.0000000000
29448  -15.104  -53.004  56.611 0.0000000000
28241  -14.851  -53.769  56.172 0.0000000000
53769  -49.041  -31.674  45.408 0.0000000000
53756  -49.664  -31.440  47.054 0.0000000000
55873  -48.715  -29.726  46.028 0.0000000000
57775  -45.246  -27.136  45.856 0.0000000000
56817  -46.726  -27.946  46.178 0.0000000000
58774  -45.702  -27.087  46.166 0.0000000000
57768  -47.165  -27.267  47.367 0.0000000000
59795  -45.598  -26.242  46.211 0.0000000000
60926  -45.834  -25.799  45.723 0.0000000000
59840  -45.103  -26.099  44.952 0.0000000000
61050  -42.276  -25.396  40.719 0.0000000000
61032  -43.296  -25.495  41.643 0.0000000000
61070  -42.709  -25.121  40.061 0.0000000000
59953  -42.933  -25.743  38.596 0.0000000000
59952  -42.106  -25.944  38.596 0.0000000000
40768  -29.051  -44.307  50.524 0.0000000000
40744  -29.987  -44.323  52.798 0.0000000000
39661  -30.391  -44.924  52.216 0.0000000000
43124  -33.370  -41.874  41.611 0.0000000000
42014  -32.003  -42.885  41.810 0.0000000000
40875  -33.457  -43.314  43.478 0.0000000000
39779  -33.027  -44.500  44.117 0.0000000000
40858  -34.211  -43.299  44.514 0.0000000000
45078  -37.672  -39.895  42.377 0.0000000000
45981  -36.036  -40.046  42.049 0.0000000000
44113  -37.473  -40.410  43.229 0.0000000000
41934  -37.978  -41.942  47.030 0.0000000000
43025  -36.908  -41.616  46.589 0.0000000000
41895  -36.669  -42.839  47.831 0.0000000000
39705  -36.188  -43.856  47.594 0.0000000000
39706  -36.621  -44.065  48.239 0.0000000000
38530  -36.697  -45.578  50.391 0.0000000000
40788  -37.509  -43.659  49.768 0.0000000000
45001  -46.633  -39.996  47.425 0.0000000000
38565  -21.395  -45.493  48.006 0.0000000000
38523  -21.563  -46.028  49.762 0.0000000000
38522  -21.058  -46.379  49.252 0.0000000000
40701  -23.802  -44.376  56.250 0.0000000000
61162  -45.685  -25.058  33.916 0.0000000000
61145  -46.735  -25.134  35.108 0.0000000000
61164  -47.344  -23.912  34.556 0.0000000000
62188  -50.563  -23.324  35.464 0.0000000000
62169  -49.880  -23.988  36.188 0.0000000000
62171  -51.603  -23.821  36.654 0.0000000000
62132  -51.972  -24.204  38.975 0.0000000000
62154  -52.931  -23.476  37.704 0.0000000000
67487  -52.712  -19.005  36.173 0.0000000000
65318  -52.851  -20.528  35.708 0.0000000000
65291  -53.362  -20.086  36.899 0.0000000000
76062  -52.205  -13.047  30.234 0.0000000000
76037  -53.173  -12.038  31.074 0.0000000000
75079  -52.854  -13.051  29.923 0.0000000000
74085  -54.944  -12.619  29.546 0.0000000000
74086  -56.023  -12.320  29.414 0.0000000000
75084  -57.538  -10.777  30.139 0.0000000000
74100  -57.256  -12.090  28.772 0.0000000000
76117  -56.681  -10.520  25.560 0.0000000000
76104  -55.872  -11.252  26.114 0.0000000000
76106  -57.705  -10.671  26.223 0.0000000000
76094  -58.681  -10.679  27.571 0.0000000000
77063  -59.090  -9.744  27.115 0.0000000000
77073  -59.533  -9.200  26.671 0.0000000000
78108  -60.512  -8.188  25.265 0.0000000000
49224  -47.859  -35.896  42.637 0.0000000000
50365  -48.165  -34.538  42.980 0.0000000000
50385  -47.060  -34.187  41.905 0.0000000000
52730  -46.574  -32.482  40.600 0.0000000000
44044  -26.336  -42.644  45.124 0.0000000000
47018  -42.806  -38.046  40.311 0.0000000000
46995  -43.741  -38.178  40.499 0.0000000000
45989  -45.320  -38.777  41.263 0.0000000000
45086  -45.993  -39.415  41.730 0.0000000000
45990  -46.157  -38.107  42.009 0.0000000000
48057  -46.957  -36.421  41.849 0.0000000000
59913  -45.334  -25.778  40.445 0.0000000000
59886  -47.183  -25.506  41.841 0.0000000000
59914  -46.475  -25.898  40.227 0.0000000000
59933  -47.012  -25.570  39.246 0.0000000000
61092  -47.595  -25.368  38.065 0.0000000000
68625  -53.667  -17.292  31.423 0.0000000000
68601  -54.231  -17.391  33.143 0.0000000000
69645  -54.910  -16.442  32.832 0.0000000000
70659  -56.171  -15.545  34.638 0.0000000000
75055  -56.406  -10.921  32.224 0.0000000000
35092  -17.718  -49.731  50.049 0.0000000000
33927  -17.708  -50.690  51.610 0.0000000000
56838  -46.799  -28.047  44.145 0.0000000000
55887  -47.257  -28.575  44.753 0.0000000000
57801  -45.565  -27.442  44.394 0.0000000000
57799  -44.098  -27.129  44.358 0.0000000000
58789  -43.895  -26.108  45.040 0.0000000000
60945  -42.911  -24.926  45.160 0.0000000000
59856  -42.310  -25.464  44.026 0.0000000000
61011  -41.992  -25.706  41.874 0.0000000000
59911  -41.294  -25.607  40.046 0.0000000000
38550  -30.998  -45.902  49.824 0.0000000000
38529  -31.222  -46.128  51.150 0.0000000000
37361  -31.979  -47.185  50.601 0.0000000000
36208  -32.230  -48.485  51.480 0.0000000000
36194  -35.488  -48.574  52.462 0.0000000000
45095  -33.148  -40.202  41.127 0.0000000000
45047  -34.105  -40.790  42.773 0.0000000000
43098  -39.745  -41.398  43.969 0.0000000000
43077  -38.382  -41.590  44.690 0.0000000000
43078  -39.313  -41.810  44.767 0.0000000000
41936  -39.326  -42.232  46.838 0.0000000000
41897  -38.485  -42.690  48.439 0.0000000000
41873  -38.107  -43.037  49.255 0.0000000000
41874  -39.162  -42.959  49.433 0.0000000000
40824  -22.549  -44.290  46.667 0.0000000000
40811  -22.916  -44.229  47.625 0.0000000000
40749  -23.077  -44.261  51.646 0.0000000000
39655  -23.356  -44.451  52.682 0.0000000000
41819  -24.245  -43.964  53.167 0.0000000000
64301  -47.094  -22.492  33.349 0.0000000000
62202  -47.733  -23.235  34.234 0.0000000000
63256  -48.283  -22.572  33.843 0.0000000000
63242  -50.148  -22.445  34.902 0.0000000000
63243  -51.282  -22.525  35.170 0.0000000000
74081  -50.822  -12.698  28.945 0.0000000000
74082  -51.841  -13.047  28.864 0.0000000000
74094  -51.485  -12.618  28.200 0.0000000000
77102  -57.789  -10.022  24.292 0.0000000000
77104  -59.483  -9.447  24.809 0.0000000000
77132  -58.610  -9.364  23.986 0.0000000000
78132  -58.726  -8.469  23.427 0.0000000000
36175  -20.475  -47.858  53.140 0.0000000000
35043  -20.006  -48.606  53.326 0.0000000000
50288  -51.227  -34.186  47.046 0.0000000000
50308  -50.835  -34.333  46.067 0.0000000000
51491  -49.745  -33.121  44.971 0.0000000000
53784  -48.553  -31.457  44.382 0.0000000000
52696  -48.333  -32.758  42.875 0.0000000000
53798  -47.691  -31.420  43.181 0.0000000000
54861  -47.616  -30.121  43.844 0.0000000000
56849  -46.596  -28.366  43.033 0.0000000000
56861  -44.027  -27.586  42.309 0.0000000000
41849  -25.574  -43.014  50.293 0.0000000000
40751  -26.921  -43.370  51.471 0.0000000000
41850  -26.463  -43.176  49.883 0.0000000000
41852  -27.826  -43.310  49.462 0.0000000000
40786  -29.144  -43.961  49.186 0.0000000000
42996  -27.789  -43.343  46.645 0.0000000000
41913  -28.537  -44.002  47.763 0.0000000000
39703  -29.548  -44.494  48.944 0.0000000000
38573  -30.448  -45.393  48.584 0.0000000000
38574  -31.723  -46.019  48.463 0.0000000000
37427  -32.771  -46.836  47.512 0.0000000000
45116  -37.803  -39.801  40.277 0.0000000000
45079  -38.576  -39.978  42.045 0.0000000000
46011  -40.850  -38.918  40.627 0.0000000000
45081  -40.664  -40.221  41.651 0.0000000000
44140  -40.292  -40.535  42.259 0.0000000000
44092  -41.189  -41.448  43.753 0.0000000000
43081  -42.289  -41.871  44.788 0.0000000000
43033  -43.396  -41.946  46.787 0.0000000000
44031  -44.533  -41.263  47.741 0.0000000000
44051  -45.232  -41.425  46.801 0.0000000000
44052  -46.393  -40.670  46.843 0.0000000000
44074  -47.365  -40.141  45.892 0.0000000000
44122  -46.811  -39.910  43.489 0.0000000000
45032  -48.207  -39.462  44.544 0.0000000000
45017  -48.440  -39.339  46.048 0.0000000000
45934  -49.662  -38.309  46.266 0.0000000000
41928  -23.299  -43.604  46.274 0.0000000000
60901  -47.931  -25.225  47.649 0.0000000000
60929  -48.914  -25.266  46.567 0.0000000000
60951  -49.367  -25.121  45.605 0.0000000000
60975  -50.774  -24.487  44.669 0.0000000000
61018  -47.805  -25.321  42.387 0.0000000000
61000  -50.433  -24.795  43.625 0.0000000000
67529  -49.707  -20.208  32.178 0.0000000000
66421  -50.581  -20.237  33.435 0.0000000000
67509  -51.180  -19.345  33.890 0.0000000000
67511  -52.215  -18.405  34.902 0.0000000000
67488  -53.432  -18.576  36.501 0.0000000000
68590  -54.140  -17.683  34.293 0.0000000000
68581  -53.912  -17.514  35.447 0.0000000000
60049  -42.539  -26.959  34.251 0.0000000000
58978  -44.547  -26.502  35.163 0.0000000000
60064  -43.648  -25.721  33.344 0.0000000000
61175  -44.492  -24.930  33.145 0.0000000000
62214  -45.097  -23.978  32.590 0.0000000000
63284  -45.414  -22.796  32.284 0.0000000000
65342  -46.678  -22.163  31.967 0.0000000000
65361  -47.010  -21.633  31.576 0.0000000000
66433  -48.396  -21.423  31.737 0.0000000000
67539  -48.788  -20.664  31.269 0.0000000000
66450  -49.560  -20.168  31.333 0.0000000000
66469  -50.667  -19.326  30.411 0.0000000000
67562  -51.427  -18.454  30.672 0.0000000000
69685  -48.858  -16.591  29.662 0.0000000000
69686  -49.921  -16.548  29.448 0.0000000000
68646  -52.221  -17.210  30.791 0.0000000000
69674  -52.739  -16.629  31.119 0.0000000000
71804  -52.563  -14.656  31.251 0.0000000000
71790  -53.522  -13.787  31.615 0.0000000000
73011  -54.325  -13.351  31.731 0.0000000000
74041  -52.328  -13.225  31.352 0.0000000000
75050  -51.400  -13.490  30.439 0.0000000000
75076  -50.548  -13.259  29.737 0.0000000000
74079  -48.939  -12.306  29.091 0.0000000000
35042  -19.392  -49.283  53.561 0.0000000000
33891  -18.004  -50.477  53.767 0.0000000000
33890  -17.453  -51.006  53.855 0.0000000000
32724  -16.998  -50.894  57.159 0.0000000000
32737  -16.579  -51.171  55.591 0.0000000000
32747  -16.570  -51.812  53.964 0.0000000000
31660  -15.385  -52.365  54.210 0.0000000000
31658  -14.652  -52.783  53.729 0.0000000000
30566  -13.956  -53.499  53.322 0.0000000000
28261  -13.915  -54.234  54.374 0.0000000000
58733  -48.837  -26.679  49.235 0.0000000000
55841  -49.605  -30.165  48.572 0.0000000000
55853  -47.518  -28.491  46.413 0.0000000000
55839  -48.661  -28.973  47.796 0.0000000000
56783  -48.479  -28.425  49.032 0.0000000000
58751  -47.968  -26.958  48.265 0.0000000000
59799  -48.185  -26.383  47.935 0.0000000000
60927  -46.984  -26.320  45.837 0.0000000000
60948  -46.155  -25.826  45.067 0.0000000000
60995  -44.819  -25.023  43.525 0.0000000000
60994  -43.676  -24.725  43.569 0.0000000000
61015  -44.477  -24.866  42.593 0.0000000000
61034  -45.165  -25.389  41.617 0.0000000000
58872  -43.835  -26.291  39.668 0.0000000000
59979  -43.595  -25.837  37.869 0.0000000000
58934  -43.189  -27.139  36.771 0.0000000000
58842  -41.047  -26.768  40.236 0.0000000000
58858  -40.537  -26.429  39.951 0.0000000000
59925  -39.663  -26.933  39.047 0.0000000000
61067  -40.068  -26.808  38.798 0.0000000000
58892  -40.588  -27.109  37.945 0.0000000000
58913  -41.344  -27.200  37.500 0.0000000000
58933  -42.001  -27.297  36.423 0.0000000000
60028  -42.158  -27.402  34.723 0.0000000000
38511  -30.990  -46.060  52.339 0.0000000000
41992  -29.398  -43.250  42.122 0.0000000000
40918  -30.631  -43.450  41.438 0.0000000000
40872  -30.715  -44.246  43.465 0.0000000000
38669  -31.699  -44.910  45.068 0.0000000000
38632  -33.135  -45.521  46.042 0.0000000000
38603  -33.929  -45.832  47.024 0.0000000000
46991  -35.375  -38.870  41.174 0.0000000000
45961  -34.930  -40.364  42.672 0.0000000000
45027  -34.668  -40.697  43.639 0.0000000000
44068  -37.047  -41.412  44.908 0.0000000000
44066  -35.722  -41.325  45.157 0.0000000000
43051  -34.658  -42.071  45.039 0.0000000000
40828  -35.341  -43.626  46.150 0.0000000000
38604  -35.260  -45.442  47.166 0.0000000000
37405  -35.394  -46.493  48.527 0.0000000000
36252  -36.410  -46.618  50.064 0.0000000000
37364  -36.616  -46.335  50.773 0.0000000000
37395  -18.243  -47.611  46.989 0.0000000000
36221  -19.850  -47.812  49.779 0.0000000000
38622  -20.153  -45.764  46.293 0.0000000000
38621  -19.150  -45.982  46.222 0.0000000000
37397  -20.076  -46.776  47.978 0.0000000000
36222  -20.213  -47.320  49.456 0.0000000000
36203  -20.193  -47.187  51.480 0.0000000000
37313  -20.698  -46.960  52.741 0.0000000000
40709  -23.172  -44.349  54.786 0.0000000000
60031  -46.200  -25.473  35.638 0.0000000000
61110  -47.603  -25.411  36.828 0.0000000000
61111  -48.459  -25.008  37.172 0.0000000000
61147  -48.528  -24.379  35.448 0.0000000000
61112  -49.604  -24.837  37.308 0.0000000000
61094  -49.785  -24.688  38.614 0.0000000000
62131  -51.140  -23.722  39.561 0.0000000000
65316  -51.247  -20.408  34.676 0.0000000000
64287  -52.109  -21.532  35.143 0.0000000000
64275  -53.329  -22.225  36.109 0.0000000000
74057  -54.394  -12.480  31.478 0.0000000000
75066  -54.957  -11.937  31.172 0.0000000000
75067  -55.599  -11.264  31.565 0.0000000000
74070  -53.537  -13.135  29.981 0.0000000000
75082  -55.666  -11.352  30.920 0.0000000000
76066  -56.573  -10.684  31.313 0.0000000000
77039  -57.488  -10.182  31.192 0.0000000000
76068  -58.407  -9.940  30.300 0.0000000000
75121  -56.043  -11.822  27.110 0.0000000000
75124  -58.173  -11.309  28.095 0.0000000000
76086  -59.497  -10.108  28.661 0.0000000000
78098  -60.047  -8.542  25.989 0.0000000000
49256  -45.507  -35.066  40.489 0.0000000000
50425  -45.818  -34.593  40.820 0.0000000000
49239  -45.236  -35.586  40.577 0.0000000000
48072  -45.177  -35.782  40.804 0.0000000000
58935  -44.283  -27.002  36.795 0.0000000000
58958  -44.742  -26.327  36.016 0.0000000000
71793  -56.580  -14.081  32.804 0.0000000000
72996  -55.945  -13.824  31.786 0.0000000000
72997  -56.455  -13.319  32.223 0.0000000000
36201  -18.973  -48.503  50.692 0.0000000000
57809  -42.221  -27.099  42.725 0.0000000000
57808  -41.852  -26.874  42.271 0.0000000000
41822  -26.565  -43.457  52.146 0.0000000000
36248  -32.982  -47.978  49.671 0.0000000000
43004  -42.022  -42.331  47.599 0.0000000000
42982  -42.239  -41.870  48.614 0.0000000000
41821  -25.447  -43.428  52.648 0.0000000000
66404  -49.110  -21.029  33.429 0.0000000000
66420  -49.749  -20.622  33.171 0.0000000000
49203  -49.527  -35.347  43.331 0.0000000000
50367  -49.474  -34.514  43.733 0.0000000000
54906  -46.122  -30.015  40.709 0.0000000000
55940  -46.261  -29.643  41.338 0.0000000000
42994  -26.352  -42.788  46.951 0.0000000000
41968  -29.167  -43.333  44.419 0.0000000000
41951  -28.965  -43.796  45.466 0.0000000000
40845  -30.021  -44.392  45.248 0.0000000000
40855  -30.145  -44.332  44.331 0.0000000000
44120  -45.127  -40.700  43.383 0.0000000000
45057  -45.545  -40.230  42.409 0.0000000000
48059  -48.382  -36.552  42.674 0.0000000000
46976  -48.694  -37.065  43.034 0.0000000000
48046  -49.064  -36.422  43.164 0.0000000000
48047  -50.104  -36.427  43.588 0.0000000000
43018  -24.688  -43.105  45.400 0.0000000000
60996  -45.993  -25.357  43.496 0.0000000000
61017  -46.624  -25.407  42.635 0.0000000000
61055  -48.885  -24.955  40.414 0.0000000000
61074  -49.821  -24.145  39.789 0.0000000000
62113  -49.946  -23.937  40.536 0.0000000000
67532  -52.303  -18.693  32.047 0.0000000000
68609  -52.528  -18.352  32.690 0.0000000000
69615  -55.531  -16.379  36.456 0.0000000000
68650  -47.514  -18.349  29.343 0.0000000000
70683  -50.194  -14.914  31.081 0.0000000000
71785  -49.367  -14.243  30.519 0.0000000000
72990  -49.573  -13.988  30.480 0.0000000000
33942  -16.380  -51.171  50.448 0.0000000000
33867  -18.415  -49.719  57.461 0.0000000000
33860  -17.849  -49.975  58.271 0.0000000000
30539  -15.099  -52.457  57.011 0.0000000000
28233  -15.247  -53.793  57.099 0.0000000000
54847  -48.606  -30.619  45.243 0.0000000000
55889  -48.149  -29.692  45.056 0.0000000000
58773  -45.113  -26.939  45.936 0.0000000000
58761  -45.606  -26.720  46.284 0.0000000000
59794  -45.367  -26.389  45.939 0.0000000000
59839  -44.218  -25.927  45.191 0.0000000000
61069  -42.019  -25.426  40.049 0.0000000000
59928  -42.389  -25.523  39.402 0.0000000000
39673  -29.887  -44.590  50.495 0.0000000000
40769  -29.881  -44.301  50.943 0.0000000000
39674  -30.281  -44.707  51.091 0.0000000000
43109  -33.607  -41.854  42.752 0.0000000000
41996  -33.060  -42.258  42.459 0.0000000000
41985  -33.522  -42.731  43.172 0.0000000000
40857  -33.614  -43.688  44.119 0.0000000000
43096  -34.364  -42.600  43.869 0.0000000000
45051  -38.102  -39.966  42.893 0.0000000000
44137  -37.541  -39.897  42.915 0.0000000000
41918  -37.860  -42.278  47.421 0.0000000000
41917  -37.045  -42.337  47.485 0.0000000000
40803  -36.940  -43.450  48.323 0.0000000000
39693  -37.325  -43.946  49.157 0.0000000000
41872  -37.669  -43.282  49.064 0.0000000000
45002  -47.415  -39.501  46.953 0.0000000000
38491  -22.517  -45.222  51.973 0.0000000000
62200  -46.030  -23.913  33.764 0.0000000000
61163  -46.619  -24.480  34.471 0.0000000000
62189  -51.477  -23.376  35.820 0.0000000000
62172  -52.427  -23.599  36.685 0.0000000000
67475  -53.219  -19.298  36.765 0.0000000000
66383  -52.891  -19.716  36.310 0.0000000000
75078  -51.901  -13.114  29.796 0.0000000000
76063  -52.560  -12.901  30.324 0.0000000000
74098  -55.703  -12.466  28.353 0.0000000000
74087  -56.970  -12.077  29.337 0.0000000000
77084  -57.687  -10.137  25.410 0.0000000000
76118  -57.164  -10.441  25.857 0.0000000000
77072  -58.767  -10.042  26.454 0.0000000000
49223  -47.428  -35.560  41.997 0.0000000000
50405  -47.320  -34.766  41.604 0.0000000000
51603  -46.695  -33.058  41.071 0.0000000000
47045  -43.257  -37.441  39.909 0.0000000000
47020  -44.569  -37.171  40.425 0.0000000000
46996  -44.074  -37.741  40.479 0.0000000000
46014  -44.076  -38.303  40.428 0.0000000000
45988  -44.383  -39.095  40.805 0.0000000000
46015  -44.801  -38.177  40.380 0.0000000000
46016  -45.660  -37.982  40.861 0.0000000000
49241  -46.289  -35.498  41.191 0.0000000000
46998  -46.639  -36.840  41.676 0.0000000000
49222  -46.837  -35.846  41.531 0.0000000000
48058  -47.640  -36.588  42.269 0.0000000000
59931  -44.728  -26.340  39.538 0.0000000000
59896  -45.954  -26.065  41.109 0.0000000000
59932  -45.918  -25.868  39.378 0.0000000000
59982  -45.876  -25.927  37.555 0.0000000000
59957  -46.438  -25.717  38.333 0.0000000000
61072  -47.976  -24.962  39.287 0.0000000000
68626  -54.253  -16.763  31.507 0.0000000000
68611  -54.330  -17.136  32.110 0.0000000000
69657  -54.583  -16.352  31.893 0.0000000000
71756  -56.270  -14.823  35.482 0.0000000000
74046  -57.042  -11.238  32.442 0.0000000000
74044  -55.853  -11.534  31.989 0.0000000000
35076  -18.547  -49.242  50.997 0.0000000000
35075  -18.189  -50.190  50.887 0.0000000000
33943  -17.426  -50.461  50.551 0.0000000000
56848  -45.565  -27.704  43.563 0.0000000000
57813  -45.243  -27.316  44.020 0.0000000000
58802  -43.648  -26.361  44.309 0.0000000000
57787  -44.245  -26.656  44.871 0.0000000000
58787  -42.638  -25.667  44.160 0.0000000000
59837  -42.540  -25.396  44.433 0.0000000000
58800  -42.357  -25.789  44.020 0.0000000000
59884  -41.967  -26.145  41.171 0.0000000000
61029  -41.887  -25.851  40.923 0.0000000000
61049  -41.636  -25.626  40.481 0.0000000000
61048  -41.321  -25.853  40.537 0.0000000000
36227  -32.609  -48.243  50.596 0.0000000000
35098  -32.784  -48.924  51.494 0.0000000000
36229  -34.906  -48.207  50.514 0.0000000000
36211  -35.713  -47.670  51.736 0.0000000000
46003  -33.476  -39.765  41.188 0.0000000000
45073  -33.552  -40.596  41.619 0.0000000000
45979  -34.341  -40.237  41.968 0.0000000000
43079  -40.349  -41.688  44.709 0.0000000000
43002  -40.528  -42.293  47.541 0.0000000000
43029  -40.049  -42.331  46.899 0.0000000000
41920  -39.791  -42.440  47.632 0.0000000000
41919  -38.885  -42.376  47.600 0.0000000000
41898  -39.545  -42.654  48.553 0.0000000000
41854  -41.030  -42.412  50.614 0.0000000000
41907  -23.069  -43.656  47.170 0.0000000000
41886  -23.193  -43.355  48.155 0.0000000000
40750  -23.415  -43.574  51.919 0.0000000000
41810  -25.338  -43.649  53.816 0.0000000000
41798  -25.296  -43.485  54.905 0.0000000000
64302  -47.462  -22.387  33.464 0.0000000000
63255  -47.389  -22.675  33.774 0.0000000000
63271  -48.167  -22.102  33.503 0.0000000000
63258  -50.028  -21.830  34.307 0.0000000000
74093  -50.203  -12.312  27.893 0.0000000000
77082  -56.334  -10.318  24.254 0.0000000000
77101  -56.933  -10.118  23.792 0.0000000000
77131  -57.770  -9.265  23.673 0.0000000000
36164  -20.159  -48.238  54.222 0.0000000000
35004  -19.801  -48.461  57.507 0.0000000000
47999  -51.018  -36.321  46.632 0.0000000000
49143  -51.055  -35.431  46.461 0.0000000000
49163  -50.833  -35.276  45.345 0.0000000000
51515  -49.355  -33.296  44.504 0.0000000000
51516  -49.767  -33.595  44.787 0.0000000000
52664  -48.887  -32.484  44.528 0.0000000000
51559  -47.506  -33.516  42.067 0.0000000000
51560  -48.285  -33.515  42.727 0.0000000000
52695  -47.825  -32.394  42.533 0.0000000000
55931  -47.018  -29.688  42.317 0.0000000000
53815  -47.500  -31.329  42.545 0.0000000000
55919  -47.344  -29.647  42.857 0.0000000000
54875  -47.564  -30.470  43.298 0.0000000000
56850  -47.331  -28.922  43.140 0.0000000000
56877  -43.849  -27.847  41.874 0.0000000000
41867  -25.713  -43.155  48.970 0.0000000000
42979  -27.221  -43.470  47.768 0.0000000000
41869  -27.514  -43.431  48.900 0.0000000000
41870  -28.218  -43.478  49.027 0.0000000000
40785  -28.642  -43.754  49.529 0.0000000000
41892  -28.488  -43.719  48.278 0.0000000000
43021  -27.006  -42.652  45.837 0.0000000000
40812  -29.085  -44.137  47.277 0.0000000000
41932  -28.426  -43.777  46.518 0.0000000000
40800  -29.034  -44.288  48.298 0.0000000000
39704  -29.800  -44.696  48.341 0.0000000000
39717  -30.134  -44.920  47.690 0.0000000000
38630  -31.178  -45.455  46.669 0.0000000000
38600  -30.910  -45.490  47.595 0.0000000000
38601  -31.839  -45.838  47.337 0.0000000000
38575  -32.267  -46.268  47.666 0.0000000000
38631  -32.048  -45.631  46.427 0.0000000000
45118  -38.770  -39.247  39.834 0.0000000000
45136  -38.002  -39.720  39.648 0.0000000000
45117  -38.318  -39.549  40.062 0.0000000000
45100  -38.470  -39.597  40.953 0.0000000000
45983  -39.271  -39.243  41.455 0.0000000000
46033  -42.228  -38.625  40.377 0.0000000000
46012  -41.824  -38.849  40.817 0.0000000000
44116  -40.399  -40.881  43.381 0.0000000000
44117  -41.590  -41.101  43.168 0.0000000000
44093  -42.879  -41.646  44.300 0.0000000000
43082  -43.079  -41.660  44.927 0.0000000000
43059  -42.955  -41.884  45.744 0.0000000000
44070  -43.606  -41.768  45.343 0.0000000000
44050  -44.204  -41.619  46.802 0.0000000000
44071  -44.518  -41.733  45.625 0.0000000000
44096  -45.857  -40.711  44.419 0.0000000000
44073  -46.690  -40.583  45.460 0.0000000000
44053  -47.085  -40.377  46.351 0.0000000000
45087  -46.711  -39.010  42.368 0.0000000000
45058  -46.500  -39.813  42.635 0.0000000000
45059  -47.289  -39.166  43.252 0.0000000000
45966  -48.991  -38.285  44.105 0.0000000000
45947  -48.558  -38.995  44.375 0.0000000000
45033  -48.487  -39.430  45.288 0.0000000000
45933  -48.944  -38.838  46.513 0.0000000000
45949  -49.813  -38.111  45.511 0.0000000000
46949  -50.866  -36.844  45.130 0.0000000000
46938  -50.837  -37.050  45.841 0.0000000000
41888  -25.064  -42.527  48.220 0.0000000000
60928  -47.903  -25.676  46.585 0.0000000000
60902  -48.415  -24.979  47.543 0.0000000000
60950  -48.273  -25.333  45.525 0.0000000000
60952  -50.332  -24.500  45.622 0.0000000000
60974  -49.931  -25.095  44.647 0.0000000000
59897  -46.905  -25.758  41.081 0.0000000000
59887  -47.699  -25.340  41.791 0.0000000000
61035  -47.976  -25.235  41.717 0.0000000000
61037  -49.522  -24.638  41.733 0.0000000000
61019  -48.977  -25.194  42.518 0.0000000000
61020  -49.960  -24.698  42.498 0.0000000000
61001  -51.353  -24.383  43.835 0.0000000000
61021  -51.069  -24.579  42.567 0.0000000000
62093  -51.574  -24.157  41.349 0.0000000000
67530  -50.464  -19.834  32.447 0.0000000000
67520  -50.875  -19.578  33.129 0.0000000000
68599  -52.354  -18.154  33.831 0.0000000000
68587  -51.825  -18.277  34.263 0.0000000000
67512  -52.620  -18.468  35.222 0.0000000000
67500  -52.916  -18.525  35.710 0.0000000000
68580  -53.461  -18.129  35.938 0.0000000000
69637  -54.840  -16.909  33.842 0.0000000000
69614  -54.689  -16.941  35.995 0.0000000000
28274  -13.332  -54.568  53.522 0.0000000000
28283  -12.989  -54.517  53.036 0.0000000000
27088  -12.738  -55.004  53.593 0.0000000000
61186  -43.580  -25.078  32.239 0.0000000000
61187  -44.372  -24.253  32.080 0.0000000000
62225  -44.797  -23.388  31.929 0.0000000000
64328  -45.152  -22.545  31.641 0.0000000000
64315  -46.111  -22.389  32.537 0.0000000000
64329  -45.861  -22.269  31.623 0.0000000000
65360  -46.434  -21.737  31.282 0.0000000000
65379  -46.729  -21.361  31.116 0.0000000000
66432  -47.615  -21.589  31.781 0.0000000000
66447  -47.053  -20.944  31.004 0.0000000000
66448  -48.136  -20.589  31.028 0.0000000000
66449  -48.804  -20.336  30.906 0.0000000000
66467  -48.835  -19.574  30.447 0.0000000000
67576  -49.216  -18.396  29.729 0.0000000000
66468  -49.740  -19.536  30.435 0.0000000000
67560  -49.877  -18.497  29.930 0.0000000000
66470  -51.321  -18.964  30.649 0.0000000000
67561  -50.924  -18.455  30.302 0.0000000000
69671  -50.282  -15.737  30.073 0.0000000000
69687  -51.010  -16.677  29.864 0.0000000000
69688  -51.788  -16.719  30.401 0.0000000000
69689  -52.201  -16.679  30.751 0.0000000000
69673  -51.904  -16.150  30.871 0.0000000000
71788  -51.229  -14.404  31.541 0.0000000000
71803  -51.721  -14.815  31.334 0.0000000000
71805  -53.549  -14.397  31.325 0.0000000000
73009  -52.392  -14.096  31.526 0.0000000000
72994  -52.887  -13.690  31.518 0.0000000000
72993  -51.841  -13.816  31.539 0.0000000000
74038  -50.091  -13.797  30.369 0.0000000000
74055  -50.884  -13.717  30.074 0.0000000000
31685  -15.085  -51.933  51.156 0.0000000000
35030  -19.688  -48.779  54.074 0.0000000000
35029  -19.322  -49.267  54.701 0.0000000000
33875  -18.209  -49.837  55.807 0.0000000000
33880  -18.467  -50.044  54.740 0.0000000000
33879  -17.474  -50.796  54.756 0.0000000000
33859  -17.437  -50.528  58.172 0.0000000000
32722  -15.944  -51.816  56.360 0.0000000000
32730  -16.160  -51.452  56.094 0.0000000000
32736  -16.071  -51.595  55.505 0.0000000000
32742  -16.737  -51.384  54.808 0.0000000000
32741  -15.893  -52.078  54.803 0.0000000000
32746  -15.799  -52.284  53.795 0.0000000000
32740  -15.362  -52.215  55.196 0.0000000000
31649  -14.126  -52.169  55.539 0.0000000000
31653  -14.686  -52.572  54.505 0.0000000000
30559  -14.452  -52.810  54.340 0.0000000000
30567  -14.328  -53.098  53.605 0.0000000000
30558  -14.144  -53.145  54.153 0.0000000000
29472  -13.764  -53.758  53.869 0.0000000000
29466  -14.174  -53.409  54.711 0.0000000000
27057  -15.110  -54.382  56.696 0.0000000000
57732  -49.391  -27.946  50.178 0.0000000000
57745  -49.438  -27.434  49.872 0.0000000000
57744  -48.791  -27.784  49.534 0.0000000000
51470  -50.755  -33.268  46.584 0.0000000000
51455  -50.964  -33.020  47.497 0.0000000000
52635  -50.594  -32.770  47.065 0.0000000000
54833  -49.666  -30.877  47.072 0.0000000000
54819  -49.938  -30.749  47.752 0.0000000000
54805  -49.947  -31.041  48.561 0.0000000000
55856  -49.615  -30.201  48.192 0.0000000000
56828  -46.660  -27.710  45.162 0.0000000000
55871  -47.096  -28.615  45.598 0.0000000000
56806  -47.318  -28.081  46.850 0.0000000000
55838  -48.212  -28.247  47.088 0.0000000000
56796  -48.378  -28.306  48.027 0.0000000000
55825  -48.718  -28.930  48.605 0.0000000000
58763  -46.980  -26.577  47.208 0.0000000000
57769  -47.634  -26.973  47.830 0.0000000000
58764  -47.782  -26.608  47.755 0.0000000000
59798  -47.830  -25.945  47.347 0.0000000000
59797  -46.879  -26.274  46.541 0.0000000000
60947  -44.998  -25.880  44.868 0.0000000000
60970  -45.396  -25.484  44.277 0.0000000000
60968  -42.768  -24.857  44.538 0.0000000000
60993  -42.904  -24.990  43.366 0.0000000000
61014  -43.544  -25.089  42.588 0.0000000000
61033  -44.138  -25.281  41.711 0.0000000000
61053  -44.582  -25.560  40.999 0.0000000000
59930  -43.733  -26.116  39.871 0.0000000000
59954  -43.655  -26.253  38.838 0.0000000000
60002  -43.735  -26.847  37.570 0.0000000000
58857  -39.775  -27.142  39.568 0.0000000000
61066  -39.814  -26.936  38.818 0.0000000000
59926  -40.335  -26.447  39.123 0.0000000000
61091  -40.025  -27.045  38.383 0.0000000000
58891  -39.917  -27.352  37.784 0.0000000000
58912  -40.338  -27.528  37.247 0.0000000000
57911  -40.328  -27.586  36.823 0.0000000000
58955  -41.574  -27.336  35.138 0.0000000000
40752  -27.401  -43.471  51.008 0.0000000000
40741  -27.798  -43.660  51.825 0.0000000000
40742  -28.521  -43.594  52.248 0.0000000000
39656  -30.403  -44.848  53.248 0.0000000000
40896  -31.866  -43.215  42.482 0.0000000000
40919  -31.425  -43.212  41.644 0.0000000000
40895  -30.939  -43.684  42.379 0.0000000000
39798  -31.535  -44.631  43.735 0.0000000000
39777  -30.902  -45.002  44.572 0.0000000000
39764  -33.486  -44.693  44.877 0.0000000000
39741  -33.227  -45.201  45.270 0.0000000000
38633  -34.377  -45.333  46.324 0.0000000000
46970  -35.787  -39.519  41.378 0.0000000000
45049  -35.926  -40.245  43.201 0.0000000000
45962  -35.461  -40.371  42.900 0.0000000000
45946  -35.617  -39.409  43.731 0.0000000000
45944  -34.858  -39.984  43.693 0.0000000000
45012  -34.967  -39.574  44.168 0.0000000000
44069  -37.642  -41.419  44.549 0.0000000000
44028  -36.710  -42.068  46.383 0.0000000000
44067  -36.535  -41.515  45.354 0.0000000000
44047  -36.342  -41.903  45.729 0.0000000000
44065  -35.044  -41.472  44.870 0.0000000000
43024  -35.433  -42.472  45.548 0.0000000000
41933  -35.225  -42.993  45.277 0.0000000000
41914  -35.756  -42.997  45.956 0.0000000000
39720  -36.274  -44.299  47.710 0.0000000000
39719  -35.777  -44.344  47.105 0.0000000000
38576  -35.407  -45.961  48.089 0.0000000000
37406  -35.842  -46.073  48.577 0.0000000000
37379  -35.512  -46.993  49.086 0.0000000000
38551  -36.126  -45.845  48.887 0.0000000000
39676  -36.690  -44.725  50.509 0.0000000000
38512  -36.734  -45.486  51.133 0.0000000000
40789  -38.597  -43.472  50.084 0.0000000000
36241  -19.031  -48.360  48.681 0.0000000000
36242  -19.674  -47.476  48.756 0.0000000000
39713  -21.793  -44.903  47.176 0.0000000000
38624  -21.547  -45.077  46.968 0.0000000000
38593  -21.688  -45.230  47.432 0.0000000000
38564  -20.902  -45.823  48.037 0.0000000000
38592  -20.919  -45.676  47.328 0.0000000000
38591  -20.408  -46.079  47.018 0.0000000000
37441  -19.866  -46.206  46.656 0.0000000000
37421  -19.979  -46.467  47.271 0.0000000000
37398  -20.546  -46.314  47.988 0.0000000000
38502  -20.982  -46.287  50.152 0.0000000000
37356  -20.584  -46.811  49.656 0.0000000000
37336  -20.531  -46.817  50.818 0.0000000000
37335  -20.244  -47.513  50.448 0.0000000000
37322  -20.541  -46.836  51.801 0.0000000000
40730  -23.772  -44.170  53.622 0.0000000000
39644  -23.147  -44.694  53.490 0.0000000000
40719  -23.625  -44.097  54.474 0.0000000000
60880  -50.022  -25.171  47.832 0.0000000000
60051  -44.289  -26.198  34.199 0.0000000000
60052  -45.378  -25.995  34.896 0.0000000000
61127  -47.503  -25.338  35.995 0.0000000000
60032  -47.019  -25.400  35.608 0.0000000000
62203  -48.613  -23.216  34.380 0.0000000000
62185  -48.110  -23.871  34.786 0.0000000000
62186  -48.903  -23.684  34.948 0.0000000000
62151  -50.401  -24.459  36.945 0.0000000000
61113  -50.494  -24.591  37.842 0.0000000000
61095  -50.794  -24.186  38.883 0.0000000000
62116  -52.498  -23.993  40.023 0.0000000000
66406  -51.213  -19.996  34.273 0.0000000000
66391  -51.350  -20.061  34.665 0.0000000000
65319  -53.388  -21.129  35.852 0.0000000000
64288  -52.926  -21.637  35.697 0.0000000000
64289  -53.357  -21.640  35.988 0.0000000000
74042  -53.087  -12.846  31.546 0.0000000000
74043  -53.763  -12.854  31.780 0.0000000000
74056  -53.557  -12.431  31.422 0.0000000000
75065  -53.696  -12.001  31.100 0.0000000000
74083  -52.854  -13.031  29.180 0.0000000000
75097  -55.340  -11.942  30.114 0.0000000000
75096  -54.910  -12.254  30.191 0.0000000000
77038  -56.938  -10.455  31.490 0.0000000000
75083  -57.004  -11.132  30.576 0.0000000000
76076  -57.781  -10.549  29.872 0.0000000000
77049  -58.848  -9.875  30.199 0.0000000000
76077  -58.691  -10.368  29.625 0.0000000000
76091  -56.395  -11.233  26.584 0.0000000000
75133  -55.463  -11.618  26.734 0.0000000000
75122  -57.031  -11.622  27.410 0.0000000000
75123  -57.781  -11.443  27.755 0.0000000000
76095  -59.309  -10.353  28.104 0.0000000000
76078  -59.543  -9.867  29.205 0.0000000000
77057  -60.061  -9.249  28.701 0.0000000000
50403  -46.040  -34.839  41.168 0.0000000000
50404  -46.659  -34.595  41.384 0.0000000000
51580  -46.168  -34.232  41.222 0.0000000000
48118  -43.480  -36.664  39.337 0.0000000000
48091  -44.065  -36.577  40.000 0.0000000000
48093  -45.005  -36.643  40.598 0.0000000000
47021  -45.374  -37.192  40.594 0.0000000000
48073  -45.556  -36.221  40.899 0.0000000000
59980  -44.301  -25.784  37.914 0.0000000000
59981  -45.033  -25.844  37.772 0.0000000000
60005  -45.302  -25.740  36.952 0.0000000000
60006  -46.086  -25.768  36.609 0.0000000000
70706  -54.521  -15.524  31.414 0.0000000000
70687  -55.371  -15.429  32.177 0.0000000000
71770  -56.339  -15.043  32.999 0.0000000000
74019  -57.225  -12.933  33.945 0.0000000000
74030  -57.158  -12.727  33.102 0.0000000000
73013  -55.951  -12.439  31.903 0.0000000000
36240  -18.294  -48.915  48.337 0.0000000000
33929  -19.184  -49.416  51.798 0.0000000000
57825  -44.271  -27.085  42.937 0.0000000000
57811  -43.801  -27.072  43.382 0.0000000000
58813  -42.354  -26.317  43.177 0.0000000000
58812  -42.079  -26.537  42.438 0.0000000000
41799  -26.156  -43.608  54.764 0.0000000000
37403  -31.989  -47.121  48.617 0.0000000000
36274  -32.360  -47.447  49.219 0.0000000000
36228  -33.785  -48.780  50.470 0.0000000000
36209  -33.935  -49.000  51.528 0.0000000000
41956  -41.667  -41.892  45.318 0.0000000000
43031  -41.596  -41.999  46.628 0.0000000000
43003  -41.209  -42.143  47.495 0.0000000000
42980  -40.924  -42.291  48.130 0.0000000000
42966  -40.953  -42.314  48.838 0.0000000000
42967  -41.480  -42.189  49.447 0.0000000000
40765  -23.971  -43.428  50.731 0.0000000000
41847  -23.891  -43.275  51.512 0.0000000000
41833  -23.887  -43.273  52.430 0.0000000000
65344  -48.256  -21.691  32.866 0.0000000000
64318  -48.217  -21.846  33.328 0.0000000000
65345  -48.723  -21.493  33.298 0.0000000000
64305  -50.182  -21.311  34.022 0.0000000000
48039  -50.739  -36.297  44.517 0.0000000000
49184  -50.615  -35.145  44.355 0.0000000000
49183  -49.934  -34.851  43.996 0.0000000000
50349  -49.247  -33.915  43.860 0.0000000000
51537  -48.739  -33.369  43.618 0.0000000000
53835  -47.413  -31.374  41.713 0.0000000000
52714  -47.607  -31.887  42.067 0.0000000000
54908  -47.094  -30.855  41.394 0.0000000000
54891  -46.746  -30.101  41.655 0.0000000000
55930  -46.588  -29.624  41.850 0.0000000000
56864  -46.463  -28.466  41.942 0.0000000000
57842  -45.894  -28.567  41.508 0.0000000000
42976  -25.315  -42.436  47.714 0.0000000000
42964  -25.901  -43.011  48.296 0.0000000000
42977  -25.717  -42.704  47.799 0.0000000000
42995  -27.399  -43.291  47.041 0.0000000000
43073  -27.829  -42.718  44.101 0.0000000000
40826  -29.248  -44.176  46.346 0.0000000000
40813  -29.674  -44.564  47.002 0.0000000000
40827  -29.888  -44.560  46.140 0.0000000000
45987  -43.507  -39.449  40.872 0.0000000000
45986  -42.272  -39.501  41.201 0.0000000000
45083  -42.776  -40.152  41.801 0.0000000000
45054  -42.169  -40.272  42.842 0.0000000000
44095  -44.778  -41.042  44.493 0.0000000000
45992  -47.891  -38.199  43.049 0.0000000000
46957  -48.509  -37.916  43.298 0.0000000000
46947  -49.363  -38.059  44.334 0.0000000000
46959  -50.034  -37.169  43.888 0.0000000000
48038  -50.380  -36.910  44.084 0.0000000000
41929  -24.177  -43.292  46.142 0.0000000000
41910  -25.006  -42.725  46.658 0.0000000000
60998  -48.300  -25.412  43.516 0.0000000000
59916  -48.361  -25.559  40.540 0.0000000000
59899  -48.527  -25.386  40.943 0.0000000000
62102  -50.067  -24.240  41.188 0.0000000000
62092  -50.802  -24.367  41.483 0.0000000000
62103  -50.633  -23.910  40.758 0.0000000000
67531  -51.626  -19.176  32.358 0.0000000000
69626  -55.415  -16.286  35.367 0.0000000000
77031  -58.806  -9.412  31.867 0.0000000000
64347  -45.217  -22.345  30.978 0.0000000000
67573  -47.634  -19.069  29.384 0.0000000000
66483  -48.135  -19.302  29.869 0.0000000000
67574  -48.190  -18.749  29.417 0.0000000000
68651  -48.259  -18.016  29.438 0.0000000000
68652  -48.922  -17.944  29.573 0.0000000000
70702  -50.473  -15.331  30.980 0.0000000000
70703  -51.326  -15.359  31.171 0.0000000000
70684  -50.754  -14.924  31.450 0.0000000000
72992  -50.935  -13.884  31.288 0.0000000000
72991  -50.360  -14.179  30.586 0.0000000000
32794  -15.583  -51.631  51.098 0.0000000000
32776  -15.614  -52.162  52.114 0.0000000000
35017  -18.659  -49.523  56.050 0.0000000000
33871  -18.273  -49.842  56.637 0.0000000000
33870  -17.785  -50.301  56.448 0.0000000000
32717  -16.626  -51.450  57.615 0.0000000000
31633  -15.651  -51.993  57.098 0.0000000000
31646  -15.107  -51.891  55.960 0.0000000000
31651  -14.940  -52.300  55.563 0.0000000000
31638  -14.822  -52.031  56.612 0.0000000000
30551  -14.105  -52.081  56.333 0.0000000000
29463  -14.675  -53.116  55.562 0.0000000000
29457  -15.006  -53.692  56.702 0.0000000000
28242  -15.027  -54.163  56.823 0.0000000000
52633  -49.551  -32.381  46.235 0.0000000000
53755  -49.385  -31.961  46.297 0.0000000000
54832  -49.547  -30.747  46.313 0.0000000000
57777  -46.358  -27.502  45.608 0.0000000000
57776  -45.976  -27.261  46.058 0.0000000000
56816  -46.678  -27.605  46.463 0.0000000000
57767  -46.745  -27.596  46.887 0.0000000000
57757  -47.396  -27.668  47.252 0.0000000000
58762  -46.264  -26.963  46.688 0.0000000000
58748  -45.904  -26.425  46.545 0.0000000000
59778  -46.339  -26.223  46.535 0.0000000000
60900  -46.244  -25.829  46.190 0.0000000000
59817  -45.566  -25.979  45.648 0.0000000000
61031  -42.553  -25.540  41.499 0.0000000000
61013  -42.898  -25.494  42.398 0.0000000000
61051  -42.966  -25.315  40.769 0.0000000000
61071  -43.365  -25.163  40.114 0.0000000000
59929  -43.133  -25.500  39.478 0.0000000000
59977  -42.019  -26.641  38.042 0.0000000000
40754  -29.098  -43.846  51.641 0.0000000000
40755  -29.868  -44.101  51.643 0.0000000000
36207  -31.862  -48.134  51.905 0.0000000000
36191  -31.454  -48.379  52.739 0.0000000000
43144  -33.136  -41.840  40.668 0.0000000000
42037  -32.076  -42.685  40.941 0.0000000000
42016  -32.982  -42.358  41.738 0.0000000000
40897  -32.435  -42.944  42.645 0.0000000000
40874  -32.934  -43.734  42.975 0.0000000000
39799  -32.393  -44.469  43.531 0.0000000000
40856  -33.166  -44.119  43.617 0.0000000000
40846  -33.827  -44.163  44.770 0.0000000000
39765  -34.200  -44.531  45.154 0.0000000000
46006  -36.541  -39.814  41.950 0.0000000000
45098  -37.008  -39.740  42.103 0.0000000000
44152  -36.670  -40.128  42.750 0.0000000000
44112  -36.423  -40.279  43.523 0.0000000000
43027  -37.687  -41.728  46.520 0.0000000000
43053  -37.188  -41.650  45.899 0.0000000000
43000  -37.224  -41.845  46.962 0.0000000000
42999  -36.771  -42.129  46.966 0.0000000000
42998  -36.428  -42.407  46.553 0.0000000000
41915  -36.086  -42.860  46.696 0.0000000000
41894  -36.188  -42.922  47.422 0.0000000000
38578  -36.595  -44.836  48.451 0.0000000000
38552  -36.535  -45.422  49.388 0.0000000000
39692  -36.921  -44.358  49.340 0.0000000000
40770  -36.812  -44.270  50.707 0.0000000000
39688  -22.634  -45.167  48.899 0.0000000000
38566  -22.203  -45.371  47.861 0.0000000000
38542  -21.914  -45.513  48.485 0.0000000000
38541  -21.381  -45.870  48.716 0.0000000000
38540  -20.933  -46.232  48.503 0.0000000000
37323  -21.310  -46.429  52.054 0.0000000000
40711  -24.272  -44.119  55.633 0.0000000000
60053  -46.160  -25.275  34.788 0.0000000000
61146  -47.525  -24.720  35.239 0.0000000000
62170  -50.790  -23.800  36.433 0.0000000000
62152  -51.105  -24.425  37.204 0.0000000000
61096  -51.463  -24.274  38.419 0.0000000000
62153  -51.873  -24.196  37.669 0.0000000000
66393  -52.338  -19.583  35.508 0.0000000000
65305  -53.130  -20.131  36.687 0.0000000000
76035  -52.555  -12.638  30.958 0.0000000000
75053  -53.127  -12.247  31.215 0.0000000000
76049  -52.771  -12.515  30.741 0.0000000000
76064  -52.984  -12.564  30.532 0.0000000000
74088  -57.491  -11.881  29.108 0.0000000000
76116  -55.792  -10.578  24.906 0.0000000000
76105  -56.799  -10.941  26.138 0.0000000000
76093  -57.761  -11.134  27.010 0.0000000000
76107  -58.266  -10.667  26.759 0.0000000000
79132  -60.512  -7.763  24.476 0.0000000000
50386  -47.701  -34.469  42.254 0.0000000000
52694  -47.316  -33.022  41.945 0.0000000000
51581  -46.791  -33.600  41.535 0.0000000000
53834  -46.953  -31.485  40.973 0.0000000000
44043  -25.651  -42.832  45.074 0.0000000000
43072  -27.187  -42.599  44.208 0.0000000000
43074  -28.531  -43.016  43.784 0.0000000000
41982  -29.345  -43.195  43.332 0.0000000000
47043  -41.659  -37.765  39.117 0.0000000000
47017  -42.250  -38.028  39.736 0.0000000000
46994  -43.578  -38.896  40.357 0.0000000000
46972  -44.031  -38.949  40.490 0.0000000000
45085  -44.824  -39.541  41.878 0.0000000000
46997  -46.203  -37.223  41.378 0.0000000000
46973  -46.414  -37.568  41.879 0.0000000000
46974  -46.869  -37.320  42.147 0.0000000000
59885  -46.191  -25.754  41.878 0.0000000000
59915  -47.682  -25.879  40.167 0.0000000000
68610  -53.496  -17.785  32.353 0.0000000000
70667  -55.212  -15.818  32.637 0.0000000000
69646  -55.338  -16.396  33.543 0.0000000000
69638  -55.518  -16.399  34.264 0.0000000000
74020  -57.731  -12.386  34.371 0.0000000000
75056  -57.106  -10.803  32.309 0.0000000000
76039  -56.797  -10.583  32.048 0.0000000000
35110  -17.806  -49.332  48.864 0.0000000000
35109  -16.807  -49.966  48.892 0.0000000000
55904  -47.477  -28.490  44.163 0.0000000000
55888  -47.447  -29.284  44.988 0.0000000000
56837  -46.116  -27.625  44.588 0.0000000000
56827  -46.199  -27.592  44.999 0.0000000000
57800  -45.030  -27.249  44.527 0.0000000000
57789  -45.859  -27.487  45.158 0.0000000000
57788  -44.922  -27.123  45.346 0.0000000000
58790  -44.600  -26.662  45.256 0.0000000000
59838  -42.977  -25.315  45.097 0.0000000000
59857  -42.498  -25.189  44.647 0.0000000000
60967  -42.476  -25.189  43.652 0.0000000000
59873  -42.446  -25.952  43.331 0.0000000000
60991  -42.474  -25.756  42.618 0.0000000000
61012  -42.373  -25.626  42.107 0.0000000000
61030  -42.054  -25.604  41.329 0.0000000000
61068  -41.586  -25.568  40.017 0.0000000000
39691  -30.747  -45.349  50.753 0.0000000000
37344  -32.058  -47.742  51.359 0.0000000000
36226  -32.302  -47.640  50.358 0.0000000000
37362  -32.236  -47.889  50.978 0.0000000000
36192  -31.899  -48.843  52.169 0.0000000000
35084  -34.296  -49.101  52.180 0.0000000000
44169  -32.563  -40.792  40.745 0.0000000000
44150  -33.327  -41.000  41.317 0.0000000000
44133  -33.658  -41.110  42.078 0.0000000000
44109  -34.170  -41.336  43.189 0.0000000000
44115  -39.237  -41.007  43.164 0.0000000000
44114  -38.247  -40.933  42.932 0.0000000000
43097  -38.800  -41.417  43.839 0.0000000000
43055  -38.763  -41.802  45.671 0.0000000000
43056  -39.831  -42.229  45.875 0.0000000000
41955  -38.995  -42.024  46.277 0.0000000000
41954  -38.626  -41.844  46.243 0.0000000000
41935  -38.429  -42.010  46.763 0.0000000000
40790  -39.743  -43.289  50.338 0.0000000000
41875  -40.540  -42.761  49.772 0.0000000000
39714  -22.287  -44.872  47.424 0.0000000000
39702  -22.705  -44.944  47.856 0.0000000000
40799  -23.231  -44.324  48.420 0.0000000000
39660  -22.562  -45.034  51.342 0.0000000000
39654  -22.655  -44.769  52.434 0.0000000000
40738  -23.240  -44.166  52.182 0.0000000000
40739  -23.863  -44.071  52.566 0.0000000000
41808  -23.994  -43.777  53.774 0.0000000000
41809  -24.450  -43.715  54.105 0.0000000000
41797  -24.718  -43.683  55.189 0.0000000000
63269  -46.395  -22.765  33.256 0.0000000000
62201  -46.780  -23.313  33.978 0.0000000000
62204  -49.148  -23.180  34.635 0.0000000000
64303  -48.834  -21.851  33.628 0.0000000000
63257  -49.346  -22.499  34.329 0.0000000000
63241  -49.681  -22.679  34.828 0.0000000000
63244  -52.435  -22.777  35.757 0.0000000000
75094  -51.434  -13.099  29.225 0.0000000000
74095  -52.486  -13.191  28.252 0.0000000000
77083  -56.838  -10.183  24.778 0.0000000000
77085  -58.929  -10.157  25.494 0.0000000000
77103  -58.737  -10.066  24.606 0.0000000000
77133  -59.162  -9.503  24.286 0.0000000000
78133  -59.382  -8.742  24.079 0.0000000000
35059  -20.060  -48.227  52.577 0.0000000000
35003  -18.934  -48.944  57.437 0.0000000000
51493  -50.599  -33.600  45.787 0.0000000000
50330  -50.463  -34.298  45.157 0.0000000000
51492  -50.127  -33.307  45.308 0.0000000000
52649  -49.494  -32.628  45.591 0.0000000000
54862  -47.974  -30.402  44.164 0.0000000000
51536  -48.482  -33.978  43.190 0.0000000000
51561  -48.512  -32.988  43.145 0.0000000000
52678  -47.937  -31.874  43.214 0.0000000000
53799  -48.134  -31.360  43.599 0.0000000000
55905  -47.631  -29.387  43.942 0.0000000000
56839  -47.311  -28.535  43.664 0.0000000000
56862  -44.549  -27.707  42.653 0.0000000000
57824  -43.665  -27.312  42.420 0.0000000000
57823  -42.527  -27.378  41.973 0.0000000000
41837  -27.027  -43.267  50.388 0.0000000000
40766  -27.468  -43.301  50.322 0.0000000000
41868  -26.684  -43.322  48.879 0.0000000000
41851  -27.311  -43.273  49.721 0.0000000000
40767  -28.104  -43.368  50.130 0.0000000000
39689  -29.647  -44.685  49.720 0.0000000000
41911  -27.743  -43.671  47.334 0.0000000000
43022  -28.029  -42.853  46.175 0.0000000000
41931  -27.999  -43.457  46.540 0.0000000000
41912  -28.017  -43.741  47.192 0.0000000000
41893  -28.873  -43.654  48.527 0.0000000000
38548  -29.693  -44.890  49.228 0.0000000000
38549  -30.109  -45.197  49.405 0.0000000000
36296  -32.752  -47.274  47.902 0.0000000000
36297  -33.347  -47.311  47.869 0.0000000000
47013  -37.088  -38.523  39.645 0.0000000000
46008  -37.145  -39.415  40.402 0.0000000000
45099  -37.581  -39.763  41.341 0.0000000000
46010  -39.575  -38.963  40.541 0.0000000000
45985  -41.227  -39.689  41.049 0.0000000000
45984  -40.256  -38.978  41.564 0.0000000000
45080  -39.721  -39.752  41.903 0.0000000000
44139  -39.483  -40.639  42.386 0.0000000000
44091  -40.711  -41.498  44.054 0.0000000000
43080  -41.357  -41.751  44.591 0.0000000000
43100  -41.948  -41.628  43.881 0.0000000000
41973  -41.745  -41.961  44.981 0.0000000000
43058  -42.017  -41.875  45.709 0.0000000000
43006  -43.786  -41.647  47.703 0.0000000000
45060  -47.749  -39.224  43.884 0.0000000000
45031  -47.467  -39.830  43.974 0.0000000000
45015  -47.440  -40.094  44.937 0.0000000000
45016  -47.906  -39.700  45.613 0.0000000000
46937  -50.248  -37.685  46.069 0.0000000000
40842  -22.585  -43.926  45.720 0.0000000000
41927  -22.933  -43.818  46.635 0.0000000000
41908  -23.650  -43.110  47.255 0.0000000000
60930  -49.760  -24.646  46.495 0.0000000000
62034  -50.594  -24.334  46.494 0.0000000000
60999  -49.424  -25.211  43.564 0.0000000000
61039  -51.940  -24.360  42.200 0.0000000000
67519  -49.976  -20.013  32.934 0.0000000000
67521  -51.420  -18.794  33.546 0.0000000000
67510  -51.689  -18.589  34.335 0.0000000000
67498  -51.954  -19.022  34.932 0.0000000000
67499  -52.448  -18.799  35.410 0.0000000000
30574  -13.578  -53.557  52.461 0.0000000000
58976  -43.102  -26.890  34.583 0.0000000000
60050  -43.281  -26.383  34.117 0.0000000000
60065  -44.323  -25.638  33.607 0.0000000000
60077  -43.509  -25.473  32.780 0.0000000000
61176  -45.426  -24.253  33.279 0.0000000000
62215  -45.722  -23.371  33.003 0.0000000000
61201  -44.297  -23.744  31.513 0.0000000000
62226  -45.241  -23.354  32.473 0.0000000000
63268  -45.841  -22.730  32.847 0.0000000000
64316  -46.902  -22.331  32.749 0.0000000000
65343  -47.529  -21.965  32.250 0.0000000000
66417  -47.750  -21.794  32.019 0.0000000000
66418  -48.097  -21.597  32.266 0.0000000000
66434  -49.346  -21.343  32.195 0.0000000000
67527  -48.999  -21.070  31.556 0.0000000000
67528  -49.449  -20.792  32.015 0.0000000000
67541  -49.486  -20.473  31.798 0.0000000000
66435  -49.717  -20.148  31.833 0.0000000000
66436  -49.957  -19.889  31.873 0.0000000000
66451  -50.303  -19.810  31.188 0.0000000000
66452  -51.193  -19.467  31.238 0.0000000000
67542  -51.712  -18.596  31.254 0.0000000000
68623  -51.868  -18.095  31.155 0.0000000000
68642  -48.514  -17.324  29.667 0.0000000000
68643  -49.418  -17.502  29.600 0.0000000000
68644  -50.465  -17.591  29.918 0.0000000000
68645  -51.583  -17.779  30.592 0.0000000000
69675  -53.837  -16.370  31.244 0.0000000000
70704  -52.247  -15.521  31.062 0.0000000000
70705  -53.273  -15.531  31.153 0.0000000000
71806  -54.677  -14.199  31.350 0.0000000000
73023  -54.864  -13.656  31.458 0.0000000000
71791  -53.936  -13.837  31.782 0.0000000000
72995  -53.578  -13.376  31.749 0.0000000000
74040  -51.549  -13.550  31.078 0.0000000000
75051  -52.123  -13.099  30.865 0.0000000000
75064  -51.861  -13.168  30.274 0.0000000000
75063  -51.252  -13.477  29.878 0.0000000000
75077  -50.970  -13.268  29.486 0.0000000000
74068  -50.124  -12.931  29.495 0.0000000000
74069  -50.790  -12.870  29.359 0.0000000000
74080  -49.529  -12.408  28.777 0.0000000000
35058  -19.842  -49.053  52.398 0.0000000000
33909  -18.951  -49.612  52.651 0.0000000000
33881  -19.049  -49.689  54.158 0.0000000000
33892  -18.730  -49.933  53.599 0.0000000000
33908  -18.310  -50.328  52.712 0.0000000000
33907  -17.522  -50.741  52.915 0.0000000000
33906  -17.027  -51.310  53.299 0.0000000000
32732  -17.322  -50.723  56.342 0.0000000000
32731  -16.702  -51.078  56.278 0.0000000000
32738  -17.133  -50.882  55.636 0.0000000000
33878  -17.254  -51.204  54.383 0.0000000000
33889  -17.134  -51.477  54.065 0.0000000000
32760  -16.471  -51.941  52.921 0.0000000000
32759  -15.710  -52.457  52.713 0.0000000000
31654  -15.129  -52.347  54.749 0.0000000000
31659  -15.138  -52.541  53.800 0.0000000000
29480  -13.437  -53.980  53.094 0.0000000000
28250  -14.487  -53.901  55.335 0.0000000000
28262  -14.471  -54.509  55.097 0.0000000000
57733  -49.937  -27.960  50.360 0.0000000000
52634  -49.975  -32.473  46.760 0.0000000000
55872  -47.816  -29.111  45.806 0.0000000000
55854  -48.317  -29.031  46.778 0.0000000000
55840  -49.354  -29.626  48.473 0.0000000000
57743  -48.281  -28.005  49.071 0.0000000000
57758  -48.174  -27.623  48.181 0.0000000000
57759  -48.420  -27.152  48.797 0.0000000000
58752  -48.371  -26.647  48.428 0.0000000000
59820  -47.672  -25.725  46.912 0.0000000000
60946  -43.436  -25.330  44.991 0.0000000000
59912  -44.448  -25.792  40.324 0.0000000000
60003  -44.400  -26.473  37.529 0.0000000000
59909  -40.049  -26.595  39.495 0.0000000000
59910  -40.787  -25.844  40.031 0.0000000000
59950  -40.196  -26.920  38.433 0.0000000000
59951  -41.146  -26.566  38.510 0.0000000000
58914  -42.361  -27.066  37.414 0.0000000000
58932  -40.638  -27.423  36.363 0.0000000000
58956  -42.810  -27.253  35.287 0.0000000000
41823  -27.476  -43.490  52.341 0.0000000000
41813  -28.045  -43.351  52.853 0.0000000000
40743  -29.410  -43.744  52.549 0.0000000000
39675  -30.668  -45.416  51.584 0.0000000000
39662  -30.616  -45.460  52.123 0.0000000000
43094  -28.578  -42.992  42.612 0.0000000000
41983  -29.887  -43.647  43.885 0.0000000000
38668  -31.271  -45.280  45.367 0.0000000000
39778  -32.082  -44.824  44.413 0.0000000000
38650  -32.060  -45.075  45.691 0.0000000000
38602  -32.782  -46.115  47.015 0.0000000000
37428  -33.599  -46.658  47.409 0.0000000000
36298  -34.117  -47.111  47.927 0.0000000000
46990  -34.682  -39.187  41.343 0.0000000000
46969  -35.347  -39.994  41.593 0.0000000000
46967  -34.465  -40.050  41.661 0.0000000000
44085  -35.085  -41.621  43.894 0.0000000000
44090  -37.919  -41.172  43.817 0.0000000000
44089  -36.971  -41.182  43.804 0.0000000000
44088  -36.200  -40.667  44.272 0.0000000000
44087  -35.792  -40.749  44.586 0.0000000000
44086  -35.384  -41.055  44.311 0.0000000000
43075  -34.922  -42.072  44.226 0.0000000000
41953  -34.567  -42.901  44.708 0.0000000000
40847  -34.568  -43.775  45.011 0.0000000000
39743  -34.934  -44.690  45.850 0.0000000000
40829  -35.572  -43.893  46.727 0.0000000000
39744  -35.349  -44.244  46.520 0.0000000000
38634  -34.960  -45.062  46.495 0.0000000000
37429  -34.601  -46.319  47.843 0.0000000000
36277  -34.748  -46.978  48.612 0.0000000000
36251  -36.049  -47.193  49.787 0.0000000000
37381  -36.655  -46.102  49.952 0.0000000000
36231  -36.256  -46.917  50.534 0.0000000000
37363  -36.251  -46.895  51.118 0.0000000000
40771  -37.149  -44.066  50.692 0.0000000000
39678  -37.401  -44.395  51.205 0.0000000000
36267  -17.975  -48.355  47.397 0.0000000000
36202  -19.794  -47.828  50.991 0.0000000000
37420  -18.935  -46.725  46.981 0.0000000000
36269  -19.669  -47.284  47.916 0.0000000000
37373  -20.493  -46.640  48.707 0.0000000000
37372  -20.012  -47.019  48.501 0.0000000000
36187  -20.043  -47.451  52.145 0.0000000000
40710  -23.568  -44.294  55.329 0.0000000000
58979  -45.019  -26.318  35.397 0.0000000000
60030  -45.360  -25.795  36.037 0.0000000000
60007  -46.935  -25.750  36.274 0.0000000000
61093  -48.708  -24.838  38.350 0.0000000000
61148  -49.281  -24.094  35.499 0.0000000000
61129  -49.024  -24.609  36.271 0.0000000000
61075  -50.601  -23.791  39.620 0.0000000000
62115  -51.581  -23.585  39.959 0.0000000000
65347  -50.329  -20.675  33.486 0.0000000000
65332  -50.600  -20.715  34.007 0.0000000000
65317  -51.757  -20.483  35.202 0.0000000000
63227  -53.208  -23.006  36.712 0.0000000000
63209  -53.261  -23.120  37.250 0.0000000000
74059  -55.926  -12.035  31.970 0.0000000000
74058  -55.569  -11.889  31.703 0.0000000000
75054  -55.835  -11.105  31.979 0.0000000000
76038  -56.159  -10.695  31.998 0.0000000000
75095  -52.164  -13.098  29.391 0.0000000000
74071  -54.241  -12.750  30.162 0.0000000000
75081  -54.579  -12.083  30.614 0.0000000000
76065  -55.891  -11.030  31.560 0.0000000000
76052  -56.627  -10.569  31.758 0.0000000000
77029  -57.292  -10.361  31.534 0.0000000000
77030  -58.076  -10.064  31.481 0.0000000000
76067  -57.679  -10.266  30.457 0.0000000000
77040  -58.686  -9.490  30.819 0.0000000000
74109  -55.148  -12.227  27.630 0.0000000000
75108  -56.539  -12.157  27.881 0.0000000000
75110  -57.748  -11.661  28.570 0.0000000000
75111  -58.352  -11.216  28.604 0.0000000000
76085  -58.940  -10.733  28.628 0.0000000000
77086  -59.436  -9.149  25.771 0.0000000000
28273  -12.712  -55.119  53.256 0.0000000000
29449  -15.131  -53.155  56.868 0.0000000000
29456  -15.023  -53.137  56.350 0.0000000000
30533  -15.495  -52.275  57.301 0.0000000000
30538  -14.983  -52.898  56.742 0.0000000000
30545  -14.740  -52.399  56.086 0.0000000000
30546  -14.561  -52.141  56.471 0.0000000000
30550  -14.059  -52.240  55.850 0.0000000000
30555  -14.565  -52.531  54.837 0.0000000000
31625  -15.405  -51.982  57.138 0.0000000000
31626  -15.872  -52.128  57.420 0.0000000000
31639  -15.530  -51.956  56.652 0.0000000000
31640  -15.898  -51.924  56.969 0.0000000000
31644  -13.975  -51.974  55.707 0.0000000000
31645  -14.209  -51.890  56.082 0.0000000000
31655  -15.541  -52.277  54.411 0.0000000000
31670  -15.324  -52.050  51.819 0.0000000000
31671  -15.606  -51.799  51.532 0.0000000000
31686  -15.404  -51.818  51.400 0.0000000000
32723  -16.332  -51.704  56.773 0.0000000000
32725  -17.598  -50.777  56.844 0.0000000000
32729  -15.707  -51.854  56.054 0.0000000000
32743  -16.983  -51.070  55.206 0.0000000000
32745  -15.493  -52.498  53.364 0.0000000000
33865  -17.298  -50.735  57.738 0.0000000000
35111  -18.557  -48.807  49.192 0.0000000000
36163  -19.756  -48.716  54.566 0.0000000000
36243  -20.207  -47.039  49.029 0.0000000000
36290  -19.578  -46.893  47.505 0.0000000000
37345  -36.100  -47.183  51.417 0.0000000000
37355  -20.440  -47.339  50.045 0.0000000000
37380  -36.113  -46.369  49.254 0.0000000000
37404  -32.301  -46.868  48.040 0.0000000000
37440  -19.345  -46.401  46.672 0.0000000000
38510  -30.665  -45.452  52.409 0.0000000000
38572  -29.723  -45.078  48.849 0.0000000000
38605  -36.208  -44.885  47.677 0.0000000000
38606  -36.480  -44.507  47.998 0.0000000000
38651  -32.691  -45.153  45.376 0.0000000000
39645  -23.712  -44.479  53.031 0.0000000000
39677  -36.805  -44.409  51.049 0.0000000000
39707  -37.150  -43.969  48.724 0.0000000000
39718  -35.238  -44.742  46.650 0.0000000000
39736  -21.527  -44.756  46.437 0.0000000000
39762  -32.259  -44.848  45.124 0.0000000000
39763  -32.804  -44.971  44.814 0.0000000000
39780  -33.489  -44.282  44.463 0.0000000000
39800  -32.919  -44.286  43.495 0.0000000000
40718  -23.365  -44.405  54.130 0.0000000000
40729  -23.474  -44.413  53.750 0.0000000000
40731  -23.886  -43.796  54.160 0.0000000000
40740  -27.230  -43.497  51.758 0.0000000000
40787  -36.922  -44.142  50.271 0.0000000000
40802  -36.330  -43.367  47.809 0.0000000000
40804  -37.440  -43.596  48.855 0.0000000000
40814  -35.774  -43.229  46.494 0.0000000000
40815  -35.893  -43.476  47.045 0.0000000000
40825  -22.867  -43.870  46.261 0.0000000000
41824  -27.962  -43.572  52.331 0.0000000000
41871  -28.801  -43.510  48.896 0.0000000000
41890  -27.151  -43.450  48.279 0.0000000000
41916  -36.499  -42.517  47.212 0.0000000000
41930  -24.784  -42.945  46.312 0.0000000000
41952  -29.557  -44.016  45.303 0.0000000000
41957  -41.943  -42.026  45.199 0.0000000000
41970  -33.751  -43.062  43.722 0.0000000000
41971  -34.116  -42.907  44.161 0.0000000000
41972  -41.484  -41.832  45.116 0.0000000000
41984  -32.824  -42.757  42.820 0.0000000000
41986  -34.096  -42.722  43.651 0.0000000000
41994  -32.275  -42.832  42.206 0.0000000000
41995  -32.672  -42.630  42.272 0.0000000000
42015  -32.503  -42.646  41.670 0.0000000000
42038  -32.961  -42.394  41.144 0.0000000000
42039  -33.193  -42.229  41.336 0.0000000000
42965  -26.188  -43.212  48.507 0.0000000000
42992  -25.093  -42.427  47.590 0.0000000000
43001  -37.684  -41.935  47.050 0.0000000000
43026  -37.130  -41.693  46.555 0.0000000000
43028  -38.275  -41.723  46.179 0.0000000000
43050  -34.746  -41.942  44.689 0.0000000000
43052  -36.925  -41.737  46.144 0.0000000000
43060  -43.769  -41.920  46.060 0.0000000000
43076  -34.588  -42.474  44.222 0.0000000000
43099  -40.304  -41.403  44.010 0.0000000000
43101  -42.480  -41.641  44.060 0.0000000000
43123  -33.361  -41.514  41.264 0.0000000000
43145  -33.284  -42.163  41.082 0.0000000000
44027  -36.285  -42.271  45.951 0.0000000000
44029  -36.957  -41.832  46.654 0.0000000000
44030  -36.933  -41.585  46.637 0.0000000000
44045  -26.778  -42.544  45.093 0.0000000000
44046  -35.518  -41.915  45.557 0.0000000000
44048  -36.866  -41.793  46.344 0.0000000000
44049  -36.931  -41.433  46.786 0.0000000000
44064  -34.868  -41.778  44.555 0.0000000000
44110  -35.947  -40.370  43.324 0.0000000000
44111  -36.103  -40.244  43.463 0.0000000000
44132  -33.544  -40.877  41.666 0.0000000000
44134  -36.181  -40.387  43.295 0.0000000000
44135  -36.452  -40.325  43.115 0.0000000000
44136  -36.999  -40.085  42.969 0.0000000000
44138  -38.732  -40.753  42.455 0.0000000000
44151  -33.449  -41.359  41.574 0.0000000000
44153  -36.918  -39.900  42.577 0.0000000000
44182  -38.269  -39.729  38.878 0.0000000000
44183  -38.309  -39.759  39.003 0.0000000000
44192  -38.338  -39.679  38.643 0.0000000000
44193  -38.445  -39.568  38.804 0.0000000000
45013  -35.416  -39.191  44.133 0.0000000000
45014  -35.675  -39.006  43.971 0.0000000000
45028  -35.126  -40.246  44.230 0.0000000000
45029  -35.581  -39.834  44.361 0.0000000000
45048  -36.022  -40.474  43.151 0.0000000000
45050  -36.155  -39.809  43.684 0.0000000000
45074  -33.852  -40.545  42.009 0.0000000000
45075  -36.227  -40.429  43.059 0.0000000000
45076  -36.247  -40.330  42.793 0.0000000000
45077  -37.242  -39.875  42.619 0.0000000000
45097  -36.577  -39.964  42.369 0.0000000000
45101  -38.811  -39.297  40.480 0.0000000000
45137  -38.366  -39.556  39.284 0.0000000000
45138  -38.463  -39.246  39.154 0.0000000000
45148  -38.374  -39.488  38.808 0.0000000000
45149  -38.536  -39.289  38.869 0.0000000000
45930  -34.796  -39.568  43.962 0.0000000000
45931  -34.933  -39.358  43.935 0.0000000000
45932  -35.352  -39.174  43.865 0.0000000000
45943  -34.786  -40.384  43.483 0.0000000000
45945  -35.223  -39.806  43.645 0.0000000000
45960  -34.699  -40.545  43.036 0.0000000000
45963  -35.908  -39.739  43.613 0.0000000000
45964  -47.597  -38.669  43.225 0.0000000000
45978  -33.681  -40.060  41.524 0.0000000000
45980  -34.752  -40.281  42.044 0.0000000000
45982  -36.105  -39.595  41.354 0.0000000000
46028  -37.772  -39.242  39.549 0.0000000000
46029  -38.401  -38.622  39.294 0.0000000000
46034  -44.946  -37.566  40.312 0.0000000000
46052  -38.151  -39.464  39.418 0.0000000000
46054  -38.574  -38.939  39.149 0.0000000000
46065  -38.608  -39.059  38.915 0.0000000000
46066  -38.744  -38.811  38.885 0.0000000000
46955  -34.969  -40.259  41.985 0.0000000000
46956  -35.136  -40.275  42.167 0.0000000000
46968  -34.768  -40.078  41.691 0.0000000000
46971  -43.831  -39.173  40.544 0.0000000000
46989  -34.395  -39.728  41.549 0.0000000000
48048  -50.538  -35.852  43.969 0.0000000000
49201  -47.852  -35.207  42.670 0.0000000000
49255  -45.082  -35.187  40.158 0.0000000000
50329  -49.924  -34.036  44.893 0.0000000000
50351  -50.085  -34.504  44.562 0.0000000000
51469  -50.303  -33.047  46.055 0.0000000000
53737  -50.176  -31.215  48.466 0.0000000000
53746  -50.071  -30.837  48.145 0.0000000000
54803  -49.608  -30.147  48.803 0.0000000000
54804  -49.768  -30.756  48.639 0.0000000000
54818  -49.606  -30.544  47.120 0.0000000000
54820  -50.018  -30.869  48.389 0.0000000000
54876  -47.835  -30.903  43.550 0.0000000000
56794  -47.117  -27.925  46.986 0.0000000000
56805  -46.829  -27.875  46.739 0.0000000000
56879  -45.510  -28.797  41.485 0.0000000000
57731  -49.125  -27.947  50.043 0.0000000000
57756  -47.016  -27.742  47.113 0.0000000000
57812  -44.693  -27.305  43.602 0.0000000000
57826  -46.012  -28.192  41.576 0.0000000000
57827  -46.266  -28.414  41.675 0.0000000000
57843  -46.106  -28.444  41.553 0.0000000000
57910  -39.977  -27.749  36.735 0.0000000000
57923  -40.250  -27.616  36.591 0.0000000000
58749  -46.334  -26.500  46.667 0.0000000000
58760  -45.264  -26.626  45.899 0.0000000000
58765  -47.988  -26.674  48.072 0.0000000000
58788  -43.146  -25.684  44.398 0.0000000000
58873  -44.041  -26.405  39.586 0.0000000000
58893  -43.844  -26.363  39.435 0.0000000000
58894  -44.137  -26.512  39.187 0.0000000000
58936  -44.828  -26.477  36.878 0.0000000000
58959  -45.153  -26.101  35.587 0.0000000000
58977  -43.658  -26.710  34.839 0.0000000000
59776  -45.813  -26.131  46.470 0.0000000000
59777  -46.001  -26.131  46.611 0.0000000000
59796  -45.944  -25.846  46.378 0.0000000000
59816  -45.220  -26.360  45.487 0.0000000000
59818  -45.764  -25.745  45.970 0.0000000000
59819  -47.476  -25.992  46.639 0.0000000000
59855  -42.495  -25.734  43.293 0.0000000000
60027  -41.860  -27.433  34.728 0.0000000000
60877  -47.793  -25.168  47.892 0.0000000000
60899  -45.928  -25.682  46.129 0.0000000000
60925  -45.492  -26.014  45.354 0.0000000000
60966  -42.604  -25.568  43.152 0.0000000000
61038  -51.370  -24.422  41.844 0.0000000000
61065  -39.434  -27.183  38.665 0.0000000000
61174  -43.837  -25.338  32.870 0.0000000000
62081  -50.096  -24.612  42.110 0.0000000000
62091  -50.113  -24.551  41.812 0.0000000000
63177  -50.916  -23.569  40.585 0.0000000000
63185  -50.941  -23.145  40.337 0.0000000000
63254  -46.883  -22.767  33.625 0.0000000000
63270  -47.774  -22.332  33.559 0.0000000000
63283  -44.948  -22.857  31.809 0.0000000000
65290  -53.065  -20.113  37.083 0.0000000000
65330  -48.969  -20.967  33.648 0.0000000000
65346  -50.168  -20.548  33.333 0.0000000000
66368  -53.057  -19.833  37.052 0.0000000000
66392  -51.576  -19.801  34.899 0.0000000000
66405  -49.344  -20.971  33.367 0.0000000000
66482  -47.533  -19.449  29.840 0.0000000000
66484  -48.629  -19.036  29.851 0.0000000000
67540  -49.213  -20.630  31.491 0.0000000000
67558  -46.947  -19.076  29.370 0.0000000000
67575  -48.742  -18.497  29.638 0.0000000000
68571  -53.655  -18.224  36.357 0.0000000000
68588  -52.051  -18.160  34.411 0.0000000000
68598  -51.786  -18.267  33.989 0.0000000000
71786  -49.780  -14.547  30.586 0.0000000000
71813  -54.904  -13.901  31.307 0.0000000000
71814  -55.088  -14.042  31.311 0.0000000000
72989  -49.152  -14.057  30.559 0.0000000000
73010  -52.846  -14.195  31.424 0.0000000000
73024  -55.123  -13.789  31.447 0.0000000000
74072  -54.674  -12.417  30.186 0.0000000000
74099  -56.640  -12.320  28.655 0.0000000000
75062  -50.792  -13.501  29.812 0.0000000000
75099  -57.659  -11.260  29.540 0.0000000000
75109  -57.220  -12.015  28.114 0.0000000000
76036  -52.875  -12.242  31.028 0.0000000000
76048  -52.365  -12.899  30.585 0.0000000000
76050  -53.111  -12.133  30.874 0.0000000000
76051  -56.016  -10.866  31.819 0.0000000000
