#!ascii label  , from subject 3104 vox2ras=TkReg
1937
50142  -40.394  -34.295  54.571 0.0000000000
70576  -48.532  -15.673  42.419 0.0000000000
68368  -38.252  -18.439  51.464 0.0000000000
45890  -10.392  -39.819  49.878 0.0000000000
51354  -24.050  -32.991  53.670 0.0000000000
51372  -9.530  -31.320  52.805 0.0000000000
51261  -10.476  -33.212  58.920 0.0000000000
67333  -43.512  -18.280  47.279 0.0000000000
56811  -11.740  -28.431  46.623 0.0000000000
40697  -9.121  -42.978  55.662 0.0000000000
55824  -40.721  -30.548  49.863 0.0000000000
50220  -36.630  -34.352  51.225 0.0000000000
47878  -32.848  -35.587  54.260 0.0000000000
74955  -49.893  -12.348  41.524 0.0000000000
66161  -41.205  -19.608  49.617 0.0000000000
52592  -20.748  -31.633  49.143 0.0000000000
59767  -8.618  -25.832  48.454 0.0000000000
49025  -13.370  -35.953  51.740 0.0000000000
50251  -14.017  -34.613  48.173 0.0000000000
46923  -10.518  -38.359  45.878 0.0000000000
46824  -13.886  -37.377  59.085 0.0000000000
44909  -11.945  -39.683  60.686 0.0000000000
64130  -35.291  -21.624  52.740 0.0000000000
50108  -28.476  -34.373  57.086 0.0000000000
50236  -28.709  -33.629  49.786 0.0000000000
52475  -10.709  -31.648  55.624 0.0000000000
47855  -11.917  -37.352  54.859 0.0000000000
65211  -46.702  -17.478  44.191 0.0000000000
48940  -15.722  -35.370  56.954 0.0000000000
50131  -17.367  -33.196  53.680 0.0000000000
54794  -10.851  -30.420  48.856 0.0000000000
51472  -13.839  -33.385  45.660 0.0000000000
50020  -10.485  -34.049  62.835 0.0000000000
45837  -10.792  -38.695  57.941 0.0000000000
43977  -9.445  -41.085  53.487 0.0000000000
52489  -43.076  -32.170  55.374 0.0000000000
49021  -41.486  -34.245  52.105 0.0000000000
53680  -42.102  -31.574  52.013 0.0000000000
49018  -38.684  -34.240  53.495 0.0000000000
49078  -39.250  -34.353  49.600 0.0000000000
47882  -36.469  -35.800  54.407 0.0000000000
71697  -49.059  -14.067  41.524 0.0000000000
68538  -45.836  -16.542  40.252 0.0000000000
71702  -46.642  -14.161  40.331 0.0000000000
73970  -47.882  -12.788  40.213 0.0000000000
65117  -40.510  -19.436  50.613 0.0000000000
66155  -35.440  -19.674  49.855 0.0000000000
66182  -37.466  -18.839  48.540 0.0000000000
67328  -38.494  -18.624  47.275 0.0000000000
46883  -11.755  -37.869  50.947 0.0000000000
47942  -12.316  -37.631  49.300 0.0000000000
46911  -10.746  -38.947  47.493 0.0000000000
44077  -10.045  -40.454  45.006 0.0000000000
44037  -10.740  -41.315  47.293 0.0000000000
43964  -13.846  -38.928  56.465 0.0000000000
43959  -12.431  -40.859  57.842 0.0000000000
61944  -35.958  -23.825  53.705 0.0000000000
130446  -39.514  -27.113  51.847 0.0000000000
57754  -38.484  -27.907  49.864 0.0000000000
59751  -37.308  -25.674  51.855 0.0000000000
61961  -35.696  -24.093  51.447 0.0000000000
48921  -30.502  -35.769  59.284 0.0000000000
47935  -32.414  -35.878  50.767 0.0000000000
49011  -30.585  -35.519  52.184 0.0000000000
75978  -49.232  -10.470  37.882 0.0000000000
76981  -50.676  -9.104  36.759 0.0000000000
52439  -10.797  -32.493  57.570 0.0000000000
51333  -13.121  -33.333  55.342 0.0000000000
50101  -12.863  -34.032  57.088 0.0000000000
66246  -44.826  -18.021  45.511 0.0000000000
68471  -41.588  -17.531  44.838 0.0000000000
67379  -42.685  -17.687  44.087 0.0000000000
65223  -43.856  -18.060  42.150 0.0000000000
51234  -17.017  -34.624  60.352 0.0000000000
51249  -18.120  -32.917  59.419 0.0000000000
55791  -8.880  -29.325  52.092 0.0000000000
56762  -9.725  -28.831  50.188 0.0000000000
53702  -10.039  -31.013  51.043 0.0000000000
48006  -13.379  -36.385  45.201 0.0000000000
50273  -14.366  -33.520  47.321 0.0000000000
49192  -13.398  -35.374  43.882 0.0000000000
50014  -11.753  -34.704  64.241 0.0000000000
41754  -10.862  -41.660  58.272 0.0000000000
44907  -11.175  -39.225  59.966 0.0000000000
42896  -9.892  -40.735  56.969 0.0000000000
44929  -9.176  -39.909  56.114 0.0000000000
41792  -8.996  -42.319  54.258 0.0000000000
55799  -40.570  -29.752  52.235 0.0000000000
47828  -32.039  -36.163  57.706 0.0000000000
47864  -34.878  -36.713  55.705 0.0000000000
47912  -34.467  -35.619  53.413 0.0000000000
75967  -49.799  -10.917  40.142 0.0000000000
73983  -48.233  -11.544  38.160 0.0000000000
66213  -42.414  -18.842  48.469 0.0000000000
67348  -39.856  -18.284  46.338 0.0000000000
50232  -24.984  -33.312  49.743 0.0000000000
53708  -23.793  -31.565  51.201 0.0000000000
56809  -7.710  -28.923  46.392 0.0000000000
51376  -13.068  -32.764  52.457 0.0000000000
52572  -12.686  -31.876  51.237 0.0000000000
49063  -13.798  -35.846  49.668 0.0000000000
47972  -12.358  -36.768  47.134 0.0000000000
48023  -10.898  -37.961  44.142 0.0000000000
47789  -14.645  -36.597  62.219 0.0000000000
46809  -13.197  -37.304  63.437 0.0000000000
45833  -13.403  -38.720  60.688 0.0000000000
41760  -11.050  -41.979  58.688 0.0000000000
66107  -36.131  -18.897  52.666 0.0000000000
64153  -34.847  -21.677  50.748 0.0000000000
50118  -26.223  -33.382  55.606 0.0000000000
50122  -30.387  -35.521  55.791 0.0000000000
50156  -27.803  -34.203  53.770 0.0000000000
49007  -25.956  -34.074  51.660 0.0000000000
55768  -7.148  -30.180  54.030 0.0000000000
54689  -8.509  -30.673  55.287 0.0000000000
52494  -9.654  -31.964  54.284 0.0000000000
52518  -12.485  -32.062  54.122 0.0000000000
48979  -12.983  -36.114  53.610 0.0000000000
46877  -10.849  -38.571  52.527 0.0000000000
68483  -47.830  -17.221  43.014 0.0000000000
68523  -45.702  -17.730  41.171 0.0000000000
50038  -15.997  -35.034  62.044 0.0000000000
47812  -14.727  -36.389  58.114 0.0000000000
45859  -14.336  -37.935  55.115 0.0000000000
54727  -21.843  -30.347  53.478 0.0000000000
53620  -19.286  -30.764  55.493 0.0000000000
52441  -18.538  -31.811  57.490 0.0000000000
50115  -16.962  -33.914  55.615 0.0000000000
46873  -15.613  -37.398  52.957 0.0000000000
58727  -10.145  -26.058  49.881 0.0000000000
55818  -8.689  -28.489  48.670 0.0000000000
130404  -9.833  -28.908  47.396 0.0000000000
52587  -12.936  -31.799  49.125 0.0000000000
53741  -13.199  -31.494  47.743 0.0000000000
54811  -13.736  -30.594  47.373 0.0000000000
51231  -9.754  -33.554  60.757 0.0000000000
47791  -11.185  -36.799  62.413 0.0000000000
47799  -11.649  -36.417  60.438 0.0000000000
47811  -12.467  -35.749  58.906 0.0000000000
46841  -11.780  -37.495  56.735 0.0000000000
46859  -10.399  -39.455  53.653 0.0000000000
44951  -9.360  -40.158  51.992 0.0000000000
38474  -9.060  -45.240  52.675 0.0000000000
40745  -9.449  -44.476  51.851 0.0000000000
41881  -10.362  -42.176  49.077 0.0000000000
51330  -42.326  -33.136  55.308 0.0000000000
51310  -41.115  -33.761  56.362 0.0000000000
50161  -40.600  -33.735  52.995 0.0000000000
51346  -41.756  -32.500  53.548 0.0000000000
50141  -39.681  -34.723  54.051 0.0000000000
50178  -39.382  -34.090  52.865 0.0000000000
48978  -40.335  -35.646  55.353 0.0000000000
47902  -39.254  -36.020  54.185 0.0000000000
71684  -48.830  -14.933  42.732 0.0000000000
69564  -47.121  -16.572  41.749 0.0000000000
70602  -46.539  -15.447  40.487 0.0000000000
71695  -47.550  -14.946  41.202 0.0000000000
71704  -48.489  -14.122  40.972 0.0000000000
67244  -39.465  -19.025  51.196 0.0000000000
66110  -40.574  -19.314  52.673 0.0000000000
66108  -39.210  -18.758  52.649 0.0000000000
66181  -36.428  -19.086  48.697 0.0000000000
67279  -38.393  -18.423  50.156 0.0000000000
66159  -39.326  -18.828  49.872 0.0000000000
45884  -11.376  -38.956  50.569 0.0000000000
46895  -11.247  -38.389  49.034 0.0000000000
46901  -10.428  -39.068  48.645 0.0000000000
44997  -10.825  -39.975  46.723 0.0000000000
44976  -10.236  -39.973  48.902 0.0000000000
43974  -13.902  -40.176  54.940 0.0000000000
42915  -12.969  -40.835  55.585 0.0000000000
58696  -38.573  -26.331  52.864 0.0000000000
130443  -38.499  -26.475  51.481 0.0000000000
60838  -38.010  -25.055  52.707 0.0000000000
60836  -36.895  -25.105  52.844 0.0000000000
75974  -50.188  -10.062  38.889 0.0000000000
75980  -50.207  -9.853  36.965 0.0000000000
78011  -50.967  -8.625  38.061 0.0000000000
52426  -10.379  -32.582  58.311 0.0000000000
51294  -12.359  -33.101  57.280 0.0000000000
50069  -11.832  -34.023  58.316 0.0000000000
67335  -44.376  -18.557  46.159 0.0000000000
67318  -45.048  -19.025  47.582 0.0000000000
68460  -42.591  -17.873  46.020 0.0000000000
68481  -42.094  -17.585  44.461 0.0000000000
67367  -43.060  -18.179  45.353 0.0000000000
67368  -43.757  -17.772  44.961 0.0000000000
51236  -17.895  -33.267  60.780 0.0000000000
52417  -18.705  -32.086  59.539 0.0000000000
51317  -25.723  -32.866  55.170 0.0000000000
53642  -25.473  -31.922  54.092 0.0000000000
130406  -9.588  -28.797  45.478 0.0000000000
53683  -8.706  -30.555  52.990 0.0000000000
53700  -8.993  -30.248  51.847 0.0000000000
53686  -10.077  -30.907  51.611 0.0000000000
49167  -12.537  -36.736  44.162 0.0000000000
48026  -13.507  -35.801  44.855 0.0000000000
49190  -12.343  -35.943  43.403 0.0000000000
51205  -12.530  -33.495  64.480 0.0000000000
48870  -12.959  -34.828  65.258 0.0000000000
40678  -9.781  -42.756  56.902 0.0000000000
43946  -9.913  -40.921  57.757 0.0000000000
42900  -9.625  -41.667  56.280 0.0000000000
42907  -9.360  -41.336  55.687 0.0000000000
40696  -9.421  -42.779  55.129 0.0000000000
55780  -42.657  -30.697  53.350 0.0000000000
55800  -41.699  -30.408  52.358 0.0000000000
55777  -41.663  -29.090  53.296 0.0000000000
57712  -40.771  -28.320  53.279 0.0000000000
47915  -36.584  -35.042  53.506 0.0000000000
46875  -35.472  -36.301  53.712 0.0000000000
49014  -35.383  -34.476  52.811 0.0000000000
47937  -33.961  -35.259  51.608 0.0000000000
74968  -49.668  -11.937  40.840 0.0000000000
73966  -48.551  -12.849  40.783 0.0000000000
73976  -48.412  -11.927  38.938 0.0000000000
73972  -49.131  -11.999  39.778 0.0000000000
74977  -49.571  -11.437  39.787 0.0000000000
66186  -41.565  -19.242  49.043 0.0000000000
66145  -43.195  -20.373  50.685 0.0000000000
65120  -42.527  -20.373  50.732 0.0000000000
66210  -39.574  -18.867  48.204 0.0000000000
66226  -38.937  -18.518  46.316 0.0000000000
67314  -40.534  -18.511  48.063 0.0000000000
67315  -41.764  -18.301  48.063 0.0000000000
60887  -8.192  -25.304  47.808 0.0000000000
130410  -8.401  -26.696  47.117 0.0000000000
57748  -8.122  -27.167  48.051 0.0000000000
50183  -13.719  -34.692  52.194 0.0000000000
51377  -13.681  -33.448  51.656 0.0000000000
49046  -13.399  -36.074  50.688 0.0000000000
47954  -12.244  -37.840  47.354 0.0000000000
49084  -12.658  -36.937  48.389 0.0000000000
47971  -11.789  -37.026  47.208 0.0000000000
47987  -12.227  -37.197  46.287 0.0000000000
48003  -10.880  -37.862  45.031 0.0000000000
46942  -9.273  -38.384  44.219 0.0000000000
47793  -14.626  -36.670  61.485 0.0000000000
46817  -13.586  -37.836  61.224 0.0000000000
45836  -13.404  -38.440  59.645 0.0000000000
41766  -11.737  -42.058  57.053 0.0000000000
42893  -11.684  -41.370  58.923 0.0000000000
39586  -11.603  -43.441  57.808 0.0000000000
39584  -10.758  -43.522  58.473 0.0000000000
66106  -35.695  -19.735  53.119 0.0000000000
63061  -35.317  -22.882  52.234 0.0000000000
63073  -35.009  -22.849  51.084 0.0000000000
65096  -35.010  -21.338  51.956 0.0000000000
65097  -34.954  -20.721  51.571 0.0000000000
50074  -27.938  -33.765  58.249 0.0000000000
51280  -26.618  -33.294  57.557 0.0000000000
50107  -27.320  -34.177  56.738 0.0000000000
48959  -32.285  -35.868  55.806 0.0000000000
48943  -31.363  -35.637  56.350 0.0000000000
48973  -31.114  -34.858  54.608 0.0000000000
50193  -29.663  -34.318  51.477 0.0000000000
50158  -29.909  -34.498  53.285 0.0000000000
50192  -28.258  -33.482  51.969 0.0000000000
50171  -27.391  -34.457  52.994 0.0000000000
51384  -27.030  -33.161  51.156 0.0000000000
50233  -25.820  -33.452  49.410 0.0000000000
53595  -9.475  -31.458  56.611 0.0000000000
53615  -9.222  -31.356  55.630 0.0000000000
53633  -8.286  -31.596  54.157 0.0000000000
52495  -10.603  -31.798  54.548 0.0000000000
52517  -11.575  -31.689  53.943 0.0000000000
52496  -11.537  -31.961  54.782 0.0000000000
50127  -13.627  -34.589  55.176 0.0000000000
50128  -13.575  -34.657  54.314 0.0000000000
47873  -12.375  -36.615  54.380 0.0000000000
47904  -12.267  -36.904  52.927 0.0000000000
47887  -11.533  -37.865  53.851 0.0000000000
66282  -46.940  -17.629  43.698 0.0000000000
67372  -48.153  -17.740  44.706 0.0000000000
66249  -47.081  -17.708  45.085 0.0000000000
66280  -45.707  -18.279  43.399 0.0000000000
65248  -44.531  -18.071  41.284 0.0000000000
67395  -45.850  -18.175  42.218 0.0000000000
67410  -46.280  -17.816  41.813 0.0000000000
50033  -16.943  -34.318  62.922 0.0000000000
50071  -16.484  -34.647  58.937 0.0000000000
50055  -15.926  -35.050  59.722 0.0000000000
48930  -15.323  -35.761  57.640 0.0000000000
46834  -14.285  -37.321  56.832 0.0000000000
47841  -14.648  -36.732  56.287 0.0000000000
52577  -22.318  -31.064  50.431 0.0000000000
53673  -23.007  -30.683  52.308 0.0000000000
53690  -20.821  -31.011  51.423 0.0000000000
51351  -17.853  -32.826  52.678 0.0000000000
53639  -19.040  -31.198  54.113 0.0000000000
53638  -18.382  -31.614  54.664 0.0000000000
53599  -19.437  -31.073  56.491 0.0000000000
51316  -17.710  -32.233  55.530 0.0000000000
51296  -17.397  -33.269  56.370 0.0000000000
50130  -17.076  -34.164  54.179 0.0000000000
46879  -15.596  -37.041  51.823 0.0000000000
58718  -10.758  -26.108  50.291 0.0000000000
55820  -9.768  -29.361  49.409 0.0000000000
55819  -9.460  -28.980  49.521 0.0000000000
55831  -9.344  -29.266  48.586 0.0000000000
55845  -8.991  -29.146  47.373 0.0000000000
54793  -9.918  -29.519  48.220 0.0000000000
51405  -14.112  -33.381  49.353 0.0000000000
53722  -13.145  -31.831  50.407 0.0000000000
52589  -14.163  -32.833  49.108 0.0000000000
51457  -13.916  -33.390  46.355 0.0000000000
51440  -14.280  -32.914  47.336 0.0000000000
52626  -14.227  -32.548  46.877 0.0000000000
53742  -14.052  -31.663  47.328 0.0000000000
53750  -14.579  -31.694  46.753 0.0000000000
53760  -14.931  -31.591  45.853 0.0000000000
50034  -10.453  -34.029  61.706 0.0000000000
45826  -12.138  -38.713  62.289 0.0000000000
46811  -11.715  -37.729  62.744 0.0000000000
45825  -11.561  -38.492  62.016 0.0000000000
45834  -11.078  -38.900  58.832 0.0000000000
45832  -11.405  -38.354  60.373 0.0000000000
46823  -11.581  -37.483  59.899 0.0000000000
47800  -12.028  -35.793  59.712 0.0000000000
46828  -11.395  -37.539  58.722 0.0000000000
47823  -12.148  -36.728  58.130 0.0000000000
46832  -11.123  -38.154  57.366 0.0000000000
43971  -9.336  -40.858  54.513 0.0000000000
44936  -10.197  -39.525  55.412 0.0000000000
45854  -9.827  -40.315  53.843 0.0000000000
44947  -9.385  -39.730  52.749 0.0000000000
43981  -9.811  -41.018  52.587 0.0000000000
37320  -8.969  -46.678  51.378 0.0000000000
39650  -9.223  -44.823  52.232 0.0000000000
54719  -42.562  -29.957  54.563 0.0000000000
50225  -40.880  -33.576  50.469 0.0000000000
51392  -41.963  -33.103  50.533 0.0000000000
51370  -41.733  -32.962  51.825 0.0000000000
52530  -42.508  -32.081  53.261 0.0000000000
49040  -37.829  -34.020  51.866 0.0000000000
49041  -38.572  -33.764  52.386 0.0000000000
50222  -39.655  -34.252  51.098 0.0000000000
48975  -37.241  -35.397  54.313 0.0000000000
72911  -49.226  -13.321  41.722 0.0000000000
70610  -45.708  -14.823  39.347 0.0000000000
71716  -46.259  -13.883  38.917 0.0000000000
72925  -46.408  -13.123  38.607 0.0000000000
72915  -46.783  -13.730  40.309 0.0000000000
72917  -48.705  -13.525  41.017 0.0000000000
65118  -40.921  -19.705  50.432 0.0000000000
65100  -41.969  -20.205  51.246 0.0000000000
66127  -40.807  -19.650  51.685 0.0000000000
65065  -41.312  -19.606  53.816 0.0000000000
64166  -34.714  -21.465  48.680 0.0000000000
64177  -34.827  -20.683  47.877 0.0000000000
65156  -35.504  -19.868  47.388 0.0000000000
66224  -36.847  -19.213  46.540 0.0000000000
66242  -37.177  -18.717  45.386 0.0000000000
66208  -37.921  -18.656  47.617 0.0000000000
66184  -39.567  -18.915  48.883 0.0000000000
47917  -12.918  -36.532  51.303 0.0000000000
47929  -12.706  -36.712  50.586 0.0000000000
47928  -12.264  -37.383  50.340 0.0000000000
46903  -11.835  -38.441  47.831 0.0000000000
47968  -10.889  -38.472  46.700 0.0000000000
45926  -9.459  -38.861  44.725 0.0000000000
45927  -10.206  -39.198  45.675 0.0000000000
44056  -10.331  -40.731  45.642 0.0000000000
45845  -13.743  -38.298  57.616 0.0000000000
44920  -13.455  -39.401  58.174 0.0000000000
44926  -13.522  -39.480  57.427 0.0000000000
63045  -35.459  -22.908  53.547 0.0000000000
130445  -39.600  -28.436  50.574 0.0000000000
57742  -39.814  -28.777  49.876 0.0000000000
130450  -38.901  -27.161  51.350 0.0000000000
130452  -38.565  -27.141  50.708 0.0000000000
130451  -37.644  -25.888  49.712 0.0000000000
61962  -36.481  -24.786  50.776 0.0000000000
61954  -35.616  -23.904  52.837 0.0000000000
48933  -29.545  -35.423  58.174 0.0000000000
47910  -32.434  -35.712  52.629 0.0000000000
47893  -30.765  -36.179  52.544 0.0000000000
47922  -31.303  -35.655  51.276 0.0000000000
49032  -30.156  -34.566  50.532 0.0000000000
75985  -48.593  -9.546  36.969 0.0000000000
76001  -49.590  -8.980  36.633 0.0000000000
76017  -49.775  -8.547  36.283 0.0000000000
78038  -50.555  -8.120  35.106 0.0000000000
52457  -10.021  -32.073  56.682 0.0000000000
52476  -11.742  -31.782  55.657 0.0000000000
52459  -12.189  -32.109  56.680 0.0000000000
50113  -13.314  -34.288  56.193 0.0000000000
48948  -13.073  -35.543  55.882 0.0000000000
65201  -45.579  -18.054  45.062 0.0000000000
66216  -45.587  -18.714  46.684 0.0000000000
68491  -41.685  -16.912  42.759 0.0000000000
67407  -42.618  -17.526  41.812 0.0000000000
65245  -43.086  -18.391  41.262 0.0000000000
66278  -43.638  -17.822  43.314 0.0000000000
67381  -44.540  -18.198  43.753 0.0000000000
51214  -17.590  -33.796  62.648 0.0000000000
51224  -17.875  -33.120  61.528 0.0000000000
51248  -16.971  -33.639  59.954 0.0000000000
51263  -16.476  -34.213  58.271 0.0000000000
50184  -17.959  -34.204  50.853 0.0000000000
48983  -17.340  -34.772  52.810 0.0000000000
56755  -9.866  -28.610  51.473 0.0000000000
56763  -10.017  -28.269  50.419 0.0000000000
55803  -9.042  -29.344  51.080 0.0000000000
53717  -9.133  -30.336  50.789 0.0000000000
53719  -10.512  -30.642  50.177 0.0000000000
49108  -13.688  -35.348  47.364 0.0000000000
50252  -14.490  -33.806  47.992 0.0000000000
49127  -13.833  -35.326  46.284 0.0000000000
49150  -13.696  -35.046  45.425 0.0000000000
50310  -13.620  -34.300  45.191 0.0000000000
52375  -12.241  -32.816  63.810 0.0000000000
50029  -11.943  -33.911  64.014 0.0000000000
50021  -11.062  -34.441  63.572 0.0000000000
43943  -11.229  -40.662  60.215 0.0000000000
44908  -11.359  -39.338  60.541 0.0000000000
43941  -10.300  -40.908  59.037 0.0000000000
43954  -10.312  -40.261  58.261 0.0000000000
44914  -10.155  -39.931  57.451 0.0000000000
45842  -10.374  -39.558  56.891 0.0000000000
43957  -8.890  -40.036  56.810 0.0000000000
42912  -9.218  -41.293  54.948 0.0000000000
42916  -8.866  -41.691  53.929 0.0000000000
54774  -41.863  -30.705  50.185 0.0000000000
52583  -42.310  -31.986  50.738 0.0000000000
53710  -41.750  -31.081  50.843 0.0000000000
55811  -40.181  -29.576  51.335 0.0000000000
57721  -40.679  -28.161  52.202 0.0000000000
58707  -39.779  -27.186  52.628 0.0000000000
47879  -33.630  -36.258  54.456 0.0000000000
46854  -35.310  -36.689  55.047 0.0000000000
47897  -34.215  -36.369  53.759 0.0000000000
48990  -33.607  -35.964  53.505 0.0000000000
47925  -33.257  -35.466  52.508 0.0000000000
73982  -47.433  -12.042  38.164 0.0000000000
75972  -49.141  -10.755  38.344 0.0000000000
74983  -49.884  -10.651  39.042 0.0000000000
67316  -43.113  -18.687  48.156 0.0000000000
67299  -44.041  -19.387  48.529 0.0000000000
66188  -43.848  -19.523  49.367 0.0000000000
66243  -38.244  -18.485  45.510 0.0000000000
67349  -40.220  -17.843  45.880 0.0000000000
68443  -42.092  -17.596  46.677 0.0000000000
51383  -24.487  -33.363  51.109 0.0000000000
52545  -24.154  -32.228  52.683 0.0000000000
52595  -23.898  -32.316  50.196 0.0000000000
51410  -22.717  -31.847  48.902 0.0000000000
130416  -7.931  -28.578  45.731 0.0000000000
54854  -8.685  -29.355  45.414 0.0000000000
51362  -11.050  -31.458  52.490 0.0000000000
52553  -11.375  -31.564  52.043 0.0000000000
52554  -12.392  -31.966  51.935 0.0000000000
51393  -13.769  -33.488  50.320 0.0000000000
50228  -14.019  -34.556  49.368 0.0000000000
49062  -13.102  -36.466  49.987 0.0000000000
49085  -13.073  -36.556  48.774 0.0000000000
49107  -13.036  -36.214  47.521 0.0000000000
47988  -13.057  -36.637  46.314 0.0000000000
47780  -13.806  -36.255  64.487 0.0000000000
46810  -13.741  -37.155  63.106 0.0000000000
45830  -12.957  -38.833  61.753 0.0000000000
44910  -12.657  -39.513  60.721 0.0000000000
43956  -12.741  -40.098  58.825 0.0000000000
43945  -12.701  -39.953  60.205 0.0000000000
42888  -11.458  -41.563  59.913 0.0000000000
41756  -11.093  -41.928  59.071 0.0000000000
39583  -10.286  -43.323  58.287 0.0000000000
38418  -9.945  -43.577  56.433 0.0000000000
67226  -36.912  -18.606  52.147 0.0000000000
67215  -38.432  -18.567  53.816 0.0000000000
66091  -36.898  -18.666  53.788 0.0000000000
56792  -39.149  -30.290  50.049 0.0000000000
63091  -34.922  -22.326  49.224 0.0000000000
67240  -35.965  -18.856  51.155 0.0000000000
51299  -25.977  -33.042  56.589 0.0000000000
48951  -24.951  -34.543  54.498 0.0000000000
47827  -31.070  -36.338  57.887 0.0000000000
47842  -30.633  -35.423  57.296 0.0000000000
48941  -29.200  -35.038  56.865 0.0000000000
48972  -30.060  -35.483  54.137 0.0000000000
50138  -29.419  -34.740  54.786 0.0000000000
50120  -28.583  -34.591  56.009 0.0000000000
50136  -26.859  -33.899  54.404 0.0000000000
50154  -25.842  -34.155  53.411 0.0000000000
50168  -24.619  -34.122  52.606 0.0000000000
50211  -25.527  -34.226  50.290 0.0000000000
79065  -51.201  -7.256  35.091 0.0000000000
80115  -51.552  -6.292  34.388 0.0000000000
81143  -51.755  -5.464  34.022 0.0000000000
54724  -8.671  -29.877  53.302 0.0000000000
52512  -7.271  -31.573  53.098 0.0000000000
55755  -8.265  -30.386  54.429 0.0000000000
52492  -7.991  -31.892  53.939 0.0000000000
51348  -9.387  -31.949  53.203 0.0000000000
52538  -12.434  -31.979  53.134 0.0000000000
51363  -12.932  -32.964  53.414 0.0000000000
50164  -13.669  -34.624  53.183 0.0000000000
51334  -13.391  -33.910  54.575 0.0000000000
50146  -13.549  -34.711  53.782 0.0000000000
49001  -13.318  -35.521  52.843 0.0000000000
49023  -12.535  -36.973  52.094 0.0000000000
45878  -11.391  -38.497  51.231 0.0000000000
45877  -10.917  -38.949  51.358 0.0000000000
68495  -48.440  -16.958  42.760 0.0000000000
66315  -43.656  -18.426  40.562 0.0000000000
67440  -44.298  -17.989  40.441 0.0000000000
67456  -43.955  -17.734  39.793 0.0000000000
68525  -46.011  -17.374  40.750 0.0000000000
69563  -46.680  -17.108  41.529 0.0000000000
48887  -15.262  -35.772  62.224 0.0000000000
48896  -14.934  -36.055  61.164 0.0000000000
48898  -16.808  -35.311  60.780 0.0000000000
48897  -15.654  -35.662  60.518 0.0000000000
46825  -14.291  -36.853  58.647 0.0000000000
44932  -14.166  -38.714  55.809 0.0000000000
54747  -23.987  -31.378  53.745 0.0000000000
54728  -22.976  -30.258  53.903 0.0000000000
54692  -22.051  -30.055  55.616 0.0000000000
53670  -19.982  -31.548  52.218 0.0000000000
54707  -20.853  -30.289  54.501 0.0000000000
54678  -21.626  -30.161  56.705 0.0000000000
53580  -20.475  -30.807  57.611 0.0000000000
53566  -19.860  -31.276  58.599 0.0000000000
52418  -19.247  -31.717  59.161 0.0000000000
51265  -17.951  -32.686  58.082 0.0000000000
51277  -17.251  -33.236  57.428 0.0000000000
50102  -16.434  -34.507  56.493 0.0000000000
48982  -16.763  -35.354  53.112 0.0000000000
48964  -16.232  -35.494  54.414 0.0000000000
47858  -15.775  -36.098  54.955 0.0000000000
46863  -15.244  -37.919  54.271 0.0000000000
58725  -8.869  -26.340  49.319 0.0000000000
57736  -9.714  -27.909  49.722 0.0000000000
57735  -9.024  -27.362  49.504 0.0000000000
57749  -8.266  -27.331  48.401 0.0000000000
56789  -8.339  -28.075  48.194 0.0000000000
130407  -9.147  -29.172  46.481 0.0000000000
56801  -11.003  -28.746  47.200 0.0000000000
53704  -11.567  -31.369  50.753 0.0000000000
53720  -11.345  -31.011  50.112 0.0000000000
53731  -11.585  -31.115  49.262 0.0000000000
52606  -14.030  -32.644  48.619 0.0000000000
52604  -12.859  -31.794  48.677 0.0000000000
54795  -11.892  -30.660  48.541 0.0000000000
54810  -12.584  -30.484  47.892 0.0000000000
55846  -12.272  -29.259  47.393 0.0000000000
55862  -12.611  -28.853  46.882 0.0000000000
54827  -14.625  -30.497  46.744 0.0000000000
48881  -12.396  -35.973  64.294 0.0000000000
47787  -11.702  -36.559  63.280 0.0000000000
48885  -11.085  -35.689  63.070 0.0000000000
45828  -11.481  -38.404  61.297 0.0000000000
47795  -11.118  -37.297  61.656 0.0000000000
48888  -10.945  -35.697  62.083 0.0000000000
50043  -11.435  -34.159  60.860 0.0000000000
50053  -11.525  -34.295  59.824 0.0000000000
50054  -11.954  -34.143  59.091 0.0000000000
48917  -12.490  -34.695  58.471 0.0000000000
47840  -12.535  -36.522  56.853 0.0000000000
46851  -11.976  -37.792  55.733 0.0000000000
45848  -10.560  -39.171  56.443 0.0000000000
45851  -10.904  -38.998  55.454 0.0000000000
46861  -11.478  -38.273  54.206 0.0000000000
46868  -10.461  -38.959  53.118 0.0000000000
45869  -10.104  -39.210  52.472 0.0000000000
45882  -10.416  -39.974  51.027 0.0000000000
38448  -9.382  -44.329  54.429 0.0000000000
36156  -8.661  -46.563  52.921 0.0000000000
38447  -9.344  -44.085  54.112 0.0000000000
39630  -9.469  -43.695  53.899 0.0000000000
40725  -9.508  -43.498  53.115 0.0000000000
41803  -9.380  -42.795  52.800 0.0000000000
40746  -9.527  -44.270  51.627 0.0000000000
42927  -9.279  -42.651  52.014 0.0000000000
42936  -9.764  -42.241  51.277 0.0000000000
42945  -9.914  -41.430  50.324 0.0000000000
44011  -9.847  -40.588  49.436 0.0000000000
42989  -10.962  -41.505  48.093 0.0000000000
41924  -10.393  -42.642  46.328 0.0000000000
51344  -41.355  -33.542  54.813 0.0000000000
51329  -41.342  -33.455  55.576 0.0000000000
51328  -40.659  -33.956  55.627 0.0000000000
50143  -41.074  -33.506  54.030 0.0000000000
50160  -39.997  -34.309  53.394 0.0000000000
50126  -40.541  -34.765  55.760 0.0000000000
48977  -39.775  -35.510  54.456 0.0000000000
50111  -40.970  -34.775  56.444 0.0000000000
70567  -49.107  -15.305  43.021 0.0000000000
70577  -49.183  -15.813  42.905 0.0000000000
69565  -47.899  -16.010  41.786 0.0000000000
70589  -47.277  -15.455  41.343 0.0000000000
70590  -48.014  -15.503  41.762 0.0000000000
71696  -48.183  -14.809  41.707 0.0000000000
67243  -38.700  -18.801  51.611 0.0000000000
66125  -39.186  -18.979  52.332 0.0000000000
67258  -37.748  -18.140  50.784 0.0000000000
67278  -37.488  -18.542  49.939 0.0000000000
68386  -38.236  -18.185  51.017 0.0000000000
67280  -38.887  -18.668  50.375 0.0000000000
46887  -10.779  -39.581  49.963 0.0000000000
46888  -11.231  -39.158  49.815 0.0000000000
46893  -10.481  -39.379  49.365 0.0000000000
45895  -10.329  -39.580  49.124 0.0000000000
42919  -13.586  -41.011  54.015 0.0000000000
60827  -38.078  -24.919  53.006 0.0000000000
51274  -10.959  -32.897  58.369 0.0000000000
51262  -11.286  -33.606  58.633 0.0000000000
67334  -44.076  -18.655  46.657 0.0000000000
66214  -44.626  -19.087  46.844 0.0000000000
67317  -44.300  -18.630  47.750 0.0000000000
67350  -43.392  -18.126  46.366 0.0000000000
67351  -43.888  -18.204  45.878 0.0000000000
53543  -19.448  -31.680  60.952 0.0000000000
52410  -18.530  -32.197  60.596 0.0000000000
52411  -19.110  -31.792  60.013 0.0000000000
51339  -24.960  -33.068  54.214 0.0000000000
52481  -25.688  -32.277  54.830 0.0000000000
51355  -24.738  -32.664  53.851 0.0000000000
56810  -10.014  -28.723  46.092 0.0000000000
57772  -10.812  -28.489  45.996 0.0000000000
52549  -9.127  -30.751  52.922 0.0000000000
52548  -9.060  -30.432  52.529 0.0000000000
52550  -9.941  -30.888  52.171 0.0000000000
48871  -13.486  -35.035  65.355 0.0000000000
40687  -9.326  -42.792  56.276 0.0000000000
41770  -9.663  -42.371  56.575 0.0000000000
40686  -9.282  -42.568  55.720 0.0000000000
41777  -9.451  -42.138  55.613 0.0000000000
54738  -42.632  -29.848  53.897 0.0000000000
55788  -41.790  -29.873  52.945 0.0000000000
55778  -42.178  -29.233  53.525 0.0000000000
57705  -41.708  -28.189  53.821 0.0000000000
50177  -36.322  -34.440  52.363 0.0000000000
49015  -35.949  -34.430  53.069 0.0000000000
50198  -35.753  -34.609  51.926 0.0000000000
73954  -49.230  -12.630  41.294 0.0000000000
73967  -49.041  -12.369  40.484 0.0000000000
66162  -42.294  -20.068  49.959 0.0000000000
65134  -41.929  -20.313  50.273 0.0000000000
66185  -40.462  -19.130  48.739 0.0000000000
66211  -40.021  -18.743  48.204 0.0000000000
67296  -40.958  -18.983  48.566 0.0000000000
67297  -41.351  -18.793  48.485 0.0000000000
60855  -8.819  -24.995  49.001 0.0000000000
59766  -8.414  -26.160  48.186 0.0000000000
59784  -8.275  -25.980  47.885 0.0000000000
58737  -8.366  -26.555  48.325 0.0000000000
47918  -13.202  -36.265  51.158 0.0000000000
47969  -11.223  -38.114  46.439 0.0000000000
47970  -11.442  -37.617  46.685 0.0000000000
47985  -10.910  -37.966  46.066 0.0000000000
47986  -11.502  -37.691  46.218 0.0000000000
46932  -10.493  -38.334  45.427 0.0000000000
48002  -10.248  -38.556  44.767 0.0000000000
47796  -13.891  -36.831  60.202 0.0000000000
46822  -14.007  -37.343  60.844 0.0000000000
46821  -13.701  -37.412  60.244 0.0000000000
40679  -11.814  -43.010  57.508 0.0000000000
65080  -35.293  -20.555  52.567 0.0000000000
65064  -35.683  -20.710  53.557 0.0000000000
64143  -35.157  -21.798  51.776 0.0000000000
50075  -28.431  -34.394  58.697 0.0000000000
50091  -28.527  -34.246  57.884 0.0000000000
50090  -27.791  -33.870  57.498 0.0000000000
47861  -32.127  -35.382  54.927 0.0000000000
47877  -31.843  -35.283  53.887 0.0000000000
50214  -28.498  -33.337  50.761 0.0000000000
51385  -27.581  -33.197  51.307 0.0000000000
51399  -27.760  -33.103  50.941 0.0000000000
50213  -27.502  -33.231  50.390 0.0000000000
50235  -27.975  -33.360  49.857 0.0000000000
53616  -9.937  -31.291  56.118 0.0000000000
53635  -9.861  -31.517  55.147 0.0000000000
48962  -13.321  -35.690  54.577 0.0000000000
47872  -11.636  -37.021  54.204 0.0000000000
65226  -46.580  -17.809  43.846 0.0000000000
66266  -47.359  -17.637  44.485 0.0000000000
65203  -46.876  -17.622  44.545 0.0000000000
66293  -45.359  -18.212  42.419 0.0000000000
66294  -46.372  -17.849  43.254 0.0000000000
67397  -46.539  -17.668  43.248 0.0000000000
50088  -15.914  -34.868  57.824 0.0000000000
50087  -15.415  -35.372  58.211 0.0000000000
48939  -15.255  -36.128  56.634 0.0000000000
52576  -20.963  -31.076  50.147 0.0000000000
52560  -21.223  -30.820  50.908 0.0000000000
50149  -17.691  -32.958  53.256 0.0000000000
51337  -18.097  -32.563  53.589 0.0000000000
51336  -17.724  -32.615  53.987 0.0000000000
52479  -18.175  -31.486  55.545 0.0000000000
52498  -17.495  -32.542  54.862 0.0000000000
51315  -17.454  -32.985  55.276 0.0000000000
51335  -17.348  -32.900  54.408 0.0000000000
57724  -10.508  -27.474  50.722 0.0000000000
54782  -10.185  -29.877  49.562 0.0000000000
55832  -9.762  -29.544  48.925 0.0000000000
50229  -14.256  -33.933  48.725 0.0000000000
52637  -13.960  -32.944  46.292 0.0000000000
52625  -14.039  -33.005  46.572 0.0000000000
52638  -14.322  -32.525  46.004 0.0000000000
51473  -14.304  -32.974  45.464 0.0000000000
50027  -10.421  -34.100  62.130 0.0000000000
45829  -12.292  -39.161  61.873 0.0000000000
44905  -11.826  -39.273  61.612 0.0000000000
45838  -11.168  -38.322  58.565 0.0000000000
45835  -11.316  -38.287  59.367 0.0000000000
46833  -11.510  -37.492  57.742 0.0000000000
46827  -11.164  -38.063  58.071 0.0000000000
44934  -9.680  -40.398  54.253 0.0000000000
44946  -9.433  -40.242  52.856 0.0000000000
35088  -9.532  -47.974  50.339 0.0000000000
36198  -9.198  -47.278  50.878 0.0000000000
37333  -8.939  -46.983  50.796 0.0000000000
53649  -42.914  -31.286  54.647 0.0000000000
50204  -40.941  -33.530  51.690 0.0000000000
50182  -41.469  -33.478  51.689 0.0000000000
52510  -42.767  -32.237  54.334 0.0000000000
52531  -43.313  -31.873  53.766 0.0000000000
53650  -43.533  -31.306  53.892 0.0000000000
49017  -37.746  -34.156  53.206 0.0000000000
50179  -40.332  -34.138  52.401 0.0000000000
50202  -40.277  -34.185  51.656 0.0000000000
49042  -40.701  -34.474  51.779 0.0000000000
50224  -40.415  -33.704  50.806 0.0000000000
48995  -39.138  -35.296  53.856 0.0000000000
47901  -38.806  -35.806  54.025 0.0000000000
48994  -38.139  -35.030  54.184 0.0000000000
72895  -49.499  -13.575  42.222 0.0000000000
72912  -49.796  -13.182  42.032 0.0000000000
68547  -45.264  -16.794  39.793 0.0000000000
69593  -45.324  -16.033  39.664 0.0000000000
68548  -45.605  -16.178  40.007 0.0000000000
71712  -46.342  -14.992  40.131 0.0000000000
70611  -45.897  -15.119  39.749 0.0000000000
71710  -45.894  -14.563  39.304 0.0000000000
71715  -45.632  -14.390  38.725 0.0000000000
71711  -46.161  -14.312  39.821 0.0000000000
72921  -46.493  -13.447  39.564 0.0000000000
71705  -49.031  -13.867  41.203 0.0000000000
72918  -48.922  -13.525  41.407 0.0000000000
66143  -40.317  -19.249  50.279 0.0000000000
65099  -41.097  -20.154  51.058 0.0000000000
65098  -40.496  -19.684  51.006 0.0000000000
66093  -40.623  -18.849  53.970 0.0000000000
65131  -35.133  -20.495  49.310 0.0000000000
65143  -35.146  -20.186  48.418 0.0000000000
66206  -35.780  -19.482  48.218 0.0000000000
66207  -36.607  -19.249  47.700 0.0000000000
65157  -36.296  -19.612  47.060 0.0000000000
66160  -40.419  -19.331  49.707 0.0000000000
47916  -12.400  -37.209  51.488 0.0000000000
46890  -11.933  -38.062  50.052 0.0000000000
46902  -11.017  -38.757  48.178 0.0000000000
45907  -11.564  -38.577  47.291 0.0000000000
46922  -10.515  -38.698  46.317 0.0000000000
45917  -10.654  -39.341  47.096 0.0000000000
44036  -10.504  -40.816  46.526 0.0000000000
43038  -10.241  -41.159  45.676 0.0000000000
43012  -10.334  -41.218  46.080 0.0000000000
44922  -13.827  -38.466  57.099 0.0000000000
44921  -13.689  -38.895  57.506 0.0000000000
44927  -13.763  -38.994  57.016 0.0000000000
130448  -39.712  -27.762  51.121 0.0000000000
130444  -39.644  -27.344  51.517 0.0000000000
59752  -38.342  -26.196  50.828 0.0000000000
59775  -37.962  -26.449  49.741 0.0000000000
60847  -37.398  -25.521  50.291 0.0000000000
60846  -36.997  -25.603  50.982 0.0000000000
60835  -36.142  -24.502  53.367 0.0000000000
60844  -36.125  -24.628  52.483 0.0000000000
48920  -29.858  -35.420  59.176 0.0000000000
47924  -32.448  -35.938  51.667 0.0000000000
47909  -31.600  -36.143  52.042 0.0000000000
47923  -31.660  -35.991  51.083 0.0000000000
74992  -49.097  -10.352  37.499 0.0000000000
75003  -49.197  -10.075  37.127 0.0000000000
75986  -49.591  -9.843  36.676 0.0000000000
76016  -49.116  -8.606  36.207 0.0000000000
76018  -50.240  -8.553  36.316 0.0000000000
75988  -50.548  -9.005  36.565 0.0000000000
52458  -11.247  -31.996  56.532 0.0000000000
52440  -11.681  -32.522  57.276 0.0000000000
48938  -12.778  -35.104  56.870 0.0000000000
65200  -45.176  -17.795  45.176 0.0000000000
65187  -45.402  -18.042  45.670 0.0000000000
65172  -45.091  -18.372  45.891 0.0000000000
67391  -42.126  -17.587  43.455 0.0000000000
67392  -42.482  -17.656  42.820 0.0000000000
66290  -43.009  -17.933  42.257 0.0000000000
66277  -43.188  -17.836  43.191 0.0000000000
67369  -44.559  -17.812  44.700 0.0000000000
67370  -45.064  -18.121  44.254 0.0000000000
51264  -17.193  -33.768  58.622 0.0000000000
49026  -17.647  -34.603  51.308 0.0000000000
49027  -17.536  -35.001  50.741 0.0000000000
56746  -9.196  -28.894  52.203 0.0000000000
56754  -9.395  -28.890  51.228 0.0000000000
53701  -9.305  -30.564  51.327 0.0000000000
54771  -8.829  -30.031  51.325 0.0000000000
53718  -9.654  -30.476  50.492 0.0000000000
49126  -13.428  -35.943  46.674 0.0000000000
47989  -13.585  -36.108  45.975 0.0000000000
49168  -13.228  -36.031  44.170 0.0000000000
48027  -13.508  -35.443  45.069 0.0000000000
49169  -13.488  -35.149  44.574 0.0000000000
50015  -12.111  -34.490  64.796 0.0000000000
51213  -12.206  -33.727  64.329 0.0000000000
50022  -11.838  -34.116  64.086 0.0000000000
42887  -10.806  -41.550  59.705 0.0000000000
43942  -10.578  -40.953  59.625 0.0000000000
42886  -10.431  -41.374  58.989 0.0000000000
43952  -9.926  -40.824  57.319 0.0000000000
43947  -10.121  -40.735  58.420 0.0000000000
43953  -9.962  -40.328  57.478 0.0000000000
44915  -10.531  -39.656  58.065 0.0000000000
44918  -9.809  -39.936  56.999 0.0000000000
43958  -9.266  -40.093  56.861 0.0000000000
41784  -9.429  -42.125  55.002 0.0000000000
42913  -9.280  -40.826  55.580 0.0000000000
54787  -42.249  -31.432  49.165 0.0000000000
51390  -42.189  -32.639  51.562 0.0000000000
52565  -42.233  -32.552  50.625 0.0000000000
53696  -42.157  -31.437  51.431 0.0000000000
54765  -41.408  -30.706  51.427 0.0000000000
55812  -40.844  -30.176  50.928 0.0000000000
55798  -40.291  -29.348  51.685 0.0000000000
56761  -40.675  -28.746  52.126 0.0000000000
58708  -40.316  -27.698  52.967 0.0000000000
49077  -38.424  -34.500  49.836 0.0000000000
47846  -34.408  -36.658  56.451 0.0000000000
47863  -33.941  -36.399  55.461 0.0000000000
46856  -36.696  -36.340  55.628 0.0000000000
46866  -36.245  -36.190  55.032 0.0000000000
46881  -35.015  -35.942  53.417 0.0000000000
46864  -35.041  -36.535  54.130 0.0000000000
49013  -33.943  -35.997  53.459 0.0000000000
49012  -33.492  -35.537  53.472 0.0000000000
49035  -33.562  -35.196  53.228 0.0000000000
49055  -33.846  -35.112  50.787 0.0000000000
75968  -50.153  -10.398  39.811 0.0000000000
72926  -46.754  -12.977  39.335 0.0000000000
73974  -46.631  -12.735  38.503 0.0000000000
73975  -47.296  -12.619  39.029 0.0000000000
74991  -48.564  -10.823  37.823 0.0000000000
74981  -48.844  -11.241  38.577 0.0000000000
74982  -49.485  -11.051  38.927 0.0000000000
74978  -49.718  -10.900  39.515 0.0000000000
67298  -43.460  -19.298  48.758 0.0000000000
66187  -42.772  -19.135  49.184 0.0000000000
66163  -43.525  -19.714  50.270 0.0000000000
65081  -42.293  -19.878  52.173 0.0000000000
66225  -38.084  -18.689  46.512 0.0000000000
67330  -39.751  -18.667  46.900 0.0000000000
66245  -39.667  -17.830  45.381 0.0000000000
67332  -41.613  -17.749  47.196 0.0000000000
68429  -42.462  -17.854  47.550 0.0000000000
51396  -24.600  -32.915  50.282 0.0000000000
130413  -7.948  -26.268  46.861 0.0000000000
57763  -8.359  -27.257  47.386 0.0000000000
130408  -8.515  -27.475  46.647 0.0000000000
55859  -7.614  -28.828  45.894 0.0000000000
55893  -8.135  -29.577  44.707 0.0000000000
54825  -7.667  -30.004  45.415 0.0000000000
52537  -11.251  -31.654  52.891 0.0000000000
52555  -13.138  -32.612  51.782 0.0000000000
50207  -13.904  -34.905  50.834 0.0000000000
47943  -12.630  -36.938  49.653 0.0000000000
47956  -12.708  -37.146  48.863 0.0000000000
49106  -12.475  -36.781  47.832 0.0000000000
49086  -13.588  -35.530  48.457 0.0000000000
49147  -11.449  -37.610  44.531 0.0000000000
48004  -12.013  -37.381  45.135 0.0000000000
45006  -9.517  -39.226  44.705 0.0000000000
45938  -8.760  -38.807  44.422 0.0000000000
45021  -9.702  -39.720  44.530 0.0000000000
47781  -14.441  -36.259  64.002 0.0000000000
47788  -14.190  -36.933  62.909 0.0000000000
46813  -13.686  -37.614  62.366 0.0000000000
44916  -12.995  -39.268  59.170 0.0000000000
43950  -12.298  -40.788  59.452 0.0000000000
42889  -11.974  -41.427  59.809 0.0000000000
43944  -12.167  -40.601  60.221 0.0000000000
41757  -11.346  -41.791  59.374 0.0000000000
38410  -10.634  -44.293  57.354 0.0000000000
39578  -10.712  -43.047  58.639 0.0000000000
39592  -10.291  -44.050  57.974 0.0000000000
39591  -9.927  -43.413  57.437 0.0000000000
67213  -36.861  -18.559  53.026 0.0000000000
57755  -39.471  -29.112  49.477 0.0000000000
63082  -35.087  -22.545  50.007 0.0000000000
61971  -35.502  -23.538  50.230 0.0000000000
66123  -35.588  -19.540  51.967 0.0000000000
66140  -35.465  -19.613  50.812 0.0000000000
66124  -36.239  -18.803  51.860 0.0000000000
67241  -36.816  -18.421  51.330 0.0000000000
51300  -26.452  -33.770  56.844 0.0000000000
50117  -25.860  -33.201  55.371 0.0000000000
50104  -25.730  -33.032  55.477 0.0000000000
48952  -25.261  -34.120  54.583 0.0000000000
48957  -30.858  -35.573  56.356 0.0000000000
47860  -30.931  -35.279  56.864 0.0000000000
48956  -30.050  -35.412  56.580 0.0000000000
48942  -29.782  -35.364  57.485 0.0000000000
50121  -29.652  -35.216  55.746 0.0000000000
47876  -30.740  -35.852  53.526 0.0000000000
48989  -30.076  -35.512  53.181 0.0000000000
50157  -29.140  -34.323  53.777 0.0000000000
48971  -29.620  -35.147  53.869 0.0000000000
50137  -28.172  -34.175  54.762 0.0000000000
49008  -26.484  -34.171  52.048 0.0000000000
50170  -26.548  -34.283  52.799 0.0000000000
50169  -25.545  -34.023  52.333 0.0000000000
50153  -25.199  -33.914  53.148 0.0000000000
50188  -24.508  -34.176  51.567 0.0000000000
50189  -25.250  -34.351  51.163 0.0000000000
50259  -26.375  -32.552  48.494 0.0000000000
78033  -50.773  -7.723  35.853 0.0000000000
80116  -52.358  -6.010  34.935 0.0000000000
55769  -8.705  -29.845  53.596 0.0000000000
54723  -8.236  -30.032  53.864 0.0000000000
53651  -6.895  -31.286  53.184 0.0000000000
54722  -7.031  -30.609  53.701 0.0000000000
54705  -8.169  -31.011  54.142 0.0000000000
52493  -8.752  -32.064  54.063 0.0000000000
52514  -8.575  -32.021  53.497 0.0000000000
52515  -9.437  -32.099  53.515 0.0000000000
52536  -10.160  -31.847  53.142 0.0000000000
52516  -10.435  -31.973  53.694 0.0000000000
51364  -13.611  -33.677  52.800 0.0000000000
51350  -13.524  -33.906  53.777 0.0000000000
52477  -12.460  -32.323  55.846 0.0000000000
52497  -12.348  -32.272  54.915 0.0000000000
48963  -13.500  -35.100  54.060 0.0000000000
48980  -13.407  -35.303  53.654 0.0000000000
49000  -12.764  -36.381  52.711 0.0000000000
49024  -12.716  -36.601  51.952 0.0000000000
48999  -12.492  -36.802  52.425 0.0000000000
46870  -11.664  -37.706  52.863 0.0000000000
46878  -11.618  -38.039  52.118 0.0000000000
45871  -11.034  -38.576  51.872 0.0000000000
68484  -48.600  -16.889  43.563 0.0000000000
67229  -39.093  -18.469  53.365 0.0000000000
65233  -43.432  -18.232  41.678 0.0000000000
65246  -43.484  -18.405  41.091 0.0000000000
65234  -43.956  -18.203  41.643 0.0000000000
66302  -45.050  -17.807  41.232 0.0000000000
66316  -44.374  -18.122  40.795 0.0000000000
66332  -43.616  -17.948  39.904 0.0000000000
67441  -44.569  -17.637  40.256 0.0000000000
67442  -45.028  -17.313  39.925 0.0000000000
68524  -45.740  -17.627  40.950 0.0000000000
68482  -46.885  -17.354  42.770 0.0000000000
68493  -46.676  -17.486  42.140 0.0000000000
68494  -47.396  -16.999  42.398 0.0000000000
69551  -47.520  -16.729  42.156 0.0000000000
50031  -15.733  -35.209  62.582 0.0000000000
48890  -15.472  -35.538  61.609 0.0000000000
50047  -17.496  -34.860  61.116 0.0000000000
48892  -17.119  -35.198  61.218 0.0000000000
48899  -17.276  -35.207  60.893 0.0000000000
48906  -15.314  -35.752  59.409 0.0000000000
47803  -14.490  -36.225  58.964 0.0000000000
47798  -15.209  -36.510  59.743 0.0000000000
46826  -14.437  -36.640  58.378 0.0000000000
45841  -13.903  -37.183  57.680 0.0000000000
46831  -14.188  -36.877  57.776 0.0000000000
46843  -14.386  -37.471  55.993 0.0000000000
45849  -14.135  -38.028  56.418 0.0000000000
45858  -14.202  -38.465  55.675 0.0000000000
44938  -14.239  -39.071  55.341 0.0000000000
44942  -14.211  -38.787  54.729 0.0000000000
53709  -24.352  -31.769  51.579 0.0000000000
53675  -24.243  -31.548  53.140 0.0000000000
53693  -23.837  -31.210  51.878 0.0000000000
54744  -22.415  -30.529  52.794 0.0000000000
54745  -23.057  -30.475  53.061 0.0000000000
54709  -23.151  -29.834  54.823 0.0000000000
54708  -21.907  -30.201  54.672 0.0000000000
52542  -20.150  -31.670  51.963 0.0000000000
52541  -19.424  -31.974  52.206 0.0000000000
54706  -19.919  -30.498  54.379 0.0000000000
54690  -20.195  -30.499  55.058 0.0000000000
54691  -20.736  -30.510  55.764 0.0000000000
54677  -20.804  -30.635  56.912 0.0000000000
53600  -20.129  -30.852  56.722 0.0000000000
52442  -18.989  -31.572  56.794 0.0000000000
53579  -19.437  -31.273  57.467 0.0000000000
53578  -18.871  -31.465  57.924 0.0000000000
52428  -19.237  -31.575  58.609 0.0000000000
52427  -18.731  -31.961  58.536 0.0000000000
50103  -16.866  -33.804  56.312 0.0000000000
50114  -16.639  -34.823  55.156 0.0000000000
49002  -17.068  -35.718  52.161 0.0000000000
47905  -16.467  -36.345  51.939 0.0000000000
47892  -16.165  -36.591  52.909 0.0000000000
47891  -15.671  -36.883  53.738 0.0000000000
47875  -15.658  -36.350  54.381 0.0000000000
47890  -15.536  -37.246  54.066 0.0000000000
47874  -15.520  -37.066  54.409 0.0000000000
46872  -15.460  -37.637  53.890 0.0000000000
59760  -10.212  -25.285  49.728 0.0000000000
59759  -9.277  -25.479  49.464 0.0000000000
58726  -9.560  -26.117  49.760 0.0000000000
56777  -9.865  -28.336  49.840 0.0000000000
56775  -8.714  -28.002  48.945 0.0000000000
57734  -8.559  -27.431  48.925 0.0000000000
130403  -9.527  -29.233  47.737 0.0000000000
130405  -9.284  -28.994  47.061 0.0000000000
53689  -11.901  -31.672  51.643 0.0000000000
53688  -11.519  -31.487  51.379 0.0000000000
53705  -12.225  -31.594  51.126 0.0000000000
53721  -12.531  -31.379  50.040 0.0000000000
50272  -14.234  -34.428  47.110 0.0000000000
51420  -14.456  -33.008  47.951 0.0000000000
52615  -13.808  -32.343  47.747 0.0000000000
52614  -13.176  -32.012  47.985 0.0000000000
53733  -12.897  -31.709  48.290 0.0000000000
53732  -12.448  -31.382  48.795 0.0000000000
54796  -12.423  -30.917  48.371 0.0000000000
53740  -12.714  -31.200  48.206 0.0000000000
55847  -13.091  -29.890  47.512 0.0000000000
54826  -14.024  -30.158  47.083 0.0000000000
55863  -13.550  -29.489  46.941 0.0000000000
51245  -10.593  -33.532  60.049 0.0000000000
47783  -12.944  -36.540  64.282 0.0000000000
46819  -11.563  -37.511  61.150 0.0000000000
47794  -11.229  -36.660  61.560 0.0000000000
48895  -11.393  -35.444  61.175 0.0000000000
48904  -11.622  -35.220  60.202 0.0000000000
48905  -12.224  -34.930  59.472 0.0000000000
47839  -12.021  -37.123  57.378 0.0000000000
46842  -12.382  -37.198  56.334 0.0000000000
46852  -12.275  -37.495  56.088 0.0000000000
44924  -9.682  -39.736  56.551 0.0000000000
45847  -10.252  -39.523  56.620 0.0000000000
44925  -10.161  -39.505  56.318 0.0000000000
45856  -10.629  -39.406  54.706 0.0000000000
46849  -11.333  -38.890  54.716 0.0000000000
46850  -11.399  -38.002  55.020 0.0000000000
46860  -11.006  -38.927  53.931 0.0000000000
44952  -9.248  -39.946  52.366 0.0000000000
45868  -9.692  -39.479  52.723 0.0000000000
45875  -9.549  -39.640  52.047 0.0000000000
44957  -9.934  -40.385  51.230 0.0000000000
37286  -9.405  -45.102  53.988 0.0000000000
37310  -8.492  -46.380  52.327 0.0000000000
36170  -8.391  -47.205  52.427 0.0000000000
37298  -8.820  -45.558  53.095 0.0000000000
37285  -9.251  -44.868  53.686 0.0000000000
38461  -9.250  -44.588  53.406 0.0000000000
40735  -9.551  -44.061  52.567 0.0000000000
41814  -9.469  -43.351  52.759 0.0000000000
41828  -9.598  -43.789  52.291 0.0000000000
41816  -9.235  -43.211  51.931 0.0000000000
42937  -9.376  -42.945  51.344 0.0000000000
42947  -9.926  -42.690  50.620 0.0000000000
42960  -10.471  -42.334  50.074 0.0000000000
42959  -10.278  -41.615  49.683 0.0000000000
44002  -9.675  -40.915  49.743 0.0000000000
42973  -10.560  -41.462  48.689 0.0000000000
52488  -42.650  -32.509  55.013 0.0000000000
52490  -43.594  -32.416  55.832 0.0000000000
51312  -43.149  -33.160  55.934 0.0000000000
51311  -42.090  -33.179  55.983 0.0000000000
48996  -41.047  -34.183  52.313 0.0000000000
50162  -40.893  -33.306  52.543 0.0000000000
50144  -41.234  -33.174  53.395 0.0000000000
51345  -41.940  -33.060  54.312 0.0000000000
50159  -39.343  -34.434  53.619 0.0000000000
47885  -39.615  -36.231  54.903 0.0000000000
48960  -40.938  -35.517  56.208 0.0000000000
71685  -49.180  -14.338  42.386 0.0000000000
71669  -49.473  -14.769  43.125 0.0000000000
69578  -46.429  -16.249  40.836 0.0000000000
69587  -46.022  -15.934  40.219 0.0000000000
71703  -47.206  -14.569  40.618 0.0000000000
66142  -39.931  -19.190  50.759 0.0000000000
66126  -39.834  -19.265  51.748 0.0000000000
66092  -39.875  -18.762  53.635 0.0000000000
66180  -35.604  -19.583  49.004 0.0000000000
67277  -36.860  -18.762  49.780 0.0000000000
66157  -37.107  -18.812  49.294 0.0000000000
66158  -38.085  -18.569  49.365 0.0000000000
45885  -11.614  -38.428  50.519 0.0000000000
46889  -11.662  -38.668  49.852 0.0000000000
46894  -10.615  -38.867  49.232 0.0000000000
45905  -10.393  -39.444  48.235 0.0000000000
44988  -10.357  -40.021  47.951 0.0000000000
44022  -10.698  -40.874  47.773 0.0000000000
43969  -13.909  -39.170  55.909 0.0000000000
43968  -13.470  -40.136  55.746 0.0000000000
43973  -13.360  -40.593  55.247 0.0000000000
42918  -12.960  -41.174  54.787 0.0000000000
58706  -39.074  -26.750  52.094 0.0000000000
130447  -39.195  -26.983  51.759 0.0000000000
58705  -38.427  -26.408  51.929 0.0000000000
59746  -37.952  -25.651  52.443 0.0000000000
59750  -36.984  -25.507  52.404 0.0000000000
59744  -37.092  -25.373  52.636 0.0000000000
48908  -30.695  -35.690  59.909 0.0000000000
49053  -32.156  -35.341  50.399 0.0000000000
75973  -49.613  -10.419  38.361 0.0000000000
75979  -49.695  -10.187  37.383 0.0000000000
76969  -49.909  -9.796  38.139 0.0000000000
76974  -50.187  -9.612  37.604 0.0000000000
76971  -51.455  -8.639  39.023 0.0000000000
51275  -11.644  -33.180  57.951 0.0000000000
50086  -12.215  -34.039  57.717 0.0000000000
67352  -44.423  -18.104  45.621 0.0000000000
66229  -44.801  -18.701  46.194 0.0000000000
68459  -41.771  -17.501  45.741 0.0000000000
68472  -42.317  -17.731  45.062 0.0000000000
67380  -43.735  -18.032  43.920 0.0000000000
52401  -18.455  -32.586  61.791 0.0000000000
53542  -18.989  -32.119  61.502 0.0000000000
52463  -25.593  -32.514  56.592 0.0000000000
56819  -8.844  -28.733  45.505 0.0000000000
57780  -9.801  -28.121  46.066 0.0000000000
57771  -10.203  -28.556  46.127 0.0000000000
54758  -8.639  -30.220  53.038 0.0000000000
54759  -8.745  -29.820  52.296 0.0000000000
53699  -8.957  -30.340  52.372 0.0000000000
52569  -9.579  -30.563  52.004 0.0000000000
49149  -12.949  -36.630  44.654 0.0000000000
50016  -12.478  -33.952  65.174 0.0000000000
40665  -11.003  -42.263  57.751 0.0000000000
42890  -10.216  -41.304  58.224 0.0000000000
41758  -10.569  -41.797  57.546 0.0000000000
42895  -10.042  -41.354  57.024 0.0000000000
42901  -9.593  -40.971  56.463 0.0000000000
54756  -42.559  -31.165  52.748 0.0000000000
54754  -42.321  -31.170  51.953 0.0000000000
55789  -42.211  -30.368  53.076 0.0000000000
55787  -41.383  -29.267  53.020 0.0000000000
56753  -40.811  -28.870  52.759 0.0000000000
47899  -36.289  -35.611  53.706 0.0000000000
47881  -36.009  -36.176  53.802 0.0000000000
47898  -35.871  -36.023  53.293 0.0000000000
47913  -35.294  -35.188  53.471 0.0000000000
47927  -34.699  -34.668  52.971 0.0000000000
47938  -34.538  -34.836  52.118 0.0000000000
75955  -49.920  -11.331  40.554 0.0000000000
73971  -48.459  -12.445  39.844 0.0000000000
73977  -49.176  -11.584  39.144 0.0000000000
66212  -41.972  -18.923  48.613 0.0000000000
66144  -42.672  -20.242  50.457 0.0000000000
65121  -43.642  -20.701  51.423 0.0000000000
67329  -38.957  -18.563  47.064 0.0000000000
67313  -39.645  -18.816  47.645 0.0000000000
67331  -40.676  -18.104  46.993 0.0000000000
50258  -24.607  -32.640  48.318 0.0000000000
130409  -8.119  -26.409  47.113 0.0000000000
58754  -8.099  -26.317  47.399 0.0000000000
57762  -8.177  -27.088  47.818 0.0000000000
56799  -8.315  -27.564  47.634 0.0000000000
47955  -12.452  -37.366  48.179 0.0000000000
48022  -10.366  -38.447  44.230 0.0000000000
46814  -14.488  -37.195  61.871 0.0000000000
46818  -14.250  -37.327  61.389 0.0000000000
42904  -11.984  -41.394  57.460 0.0000000000
43955  -12.306  -40.768  58.482 0.0000000000
42899  -11.772  -41.317  57.818 0.0000000000
41761  -11.271  -42.085  58.009 0.0000000000
40674  -11.456  -42.963  58.145 0.0000000000
40673  -11.116  -42.994  58.643 0.0000000000
39585  -11.293  -43.614  58.192 0.0000000000
39593  -10.908  -44.197  57.919 0.0000000000
50073  -27.220  -33.670  57.957 0.0000000000
50089  -26.881  -34.064  57.364 0.0000000000
51319  -26.584  -33.634  56.267 0.0000000000
48945  -32.337  -36.063  56.320 0.0000000000
47843  -31.442  -35.559  56.998 0.0000000000
48944  -31.839  -35.774  56.342 0.0000000000
48958  -31.403  -35.524  55.714 0.0000000000
50140  -30.856  -35.080  55.424 0.0000000000
50194  -30.602  -34.721  51.951 0.0000000000
50174  -30.352  -34.528  52.608 0.0000000000
50173  -29.368  -34.153  52.740 0.0000000000
50172  -28.250  -34.289  52.862 0.0000000000
49031  -27.773  -34.147  52.327 0.0000000000
49030  -27.246  -33.893  51.974 0.0000000000
49029  -26.486  -33.710  51.523 0.0000000000
49048  -26.035  -34.147  50.670 0.0000000000
50212  -26.527  -33.695  50.382 0.0000000000
50234  -27.241  -32.870  49.519 0.0000000000
76998  -48.325  -8.858  35.175 0.0000000000
53614  -8.644  -31.245  55.000 0.0000000000
53634  -9.026  -31.657  54.719 0.0000000000
53652  -11.943  -31.811  54.418 0.0000000000
53653  -12.127  -31.974  54.568 0.0000000000
47889  -12.251  -36.716  53.546 0.0000000000
47888  -11.705  -37.355  53.449 0.0000000000
46869  -11.308  -38.226  53.291 0.0000000000
67384  -47.172  -17.167  42.960 0.0000000000
67385  -47.865  -17.373  43.986 0.0000000000
66283  -47.400  -17.546  44.219 0.0000000000
67371  -47.678  -17.848  45.067 0.0000000000
66292  -44.420  -18.156  42.612 0.0000000000
65224  -44.401  -17.975  42.112 0.0000000000
66303  -44.937  -17.769  41.614 0.0000000000
67409  -45.703  -17.918  41.749 0.0000000000
68508  -46.012  -17.795  41.369 0.0000000000
67396  -46.377  -17.911  42.568 0.0000000000
67383  -46.651  -17.572  42.824 0.0000000000
50056  -16.503  -34.575  60.034 0.0000000000
50070  -15.583  -35.163  58.791 0.0000000000
48918  -14.901  -35.646  58.531 0.0000000000
47825  -14.699  -36.582  57.243 0.0000000000
46853  -14.624  -37.593  55.397 0.0000000000
53707  -23.032  -31.484  50.940 0.0000000000
53692  -22.646  -31.076  51.449 0.0000000000
52561  -21.904  -30.922  51.050 0.0000000000
53691  -21.466  -30.904  51.528 0.0000000000
53672  -21.710  -30.711  52.408 0.0000000000
52540  -18.289  -32.439  51.990 0.0000000000
52520  -18.819  -32.085  53.290 0.0000000000
52480  -18.588  -30.844  55.820 0.0000000000
52461  -18.688  -31.003  56.255 0.0000000000
52460  -18.238  -31.652  56.585 0.0000000000
51278  -17.761  -32.399  57.028 0.0000000000
51297  -17.806  -32.354  56.069 0.0000000000
46884  -16.152  -36.833  51.512 0.0000000000
45872  -15.427  -38.046  52.249 0.0000000000
45867  -15.136  -38.111  53.135 0.0000000000
58717  -10.033  -26.704  49.945 0.0000000000
55830  -8.562  -28.820  48.060 0.0000000000
130402  -9.752  -29.244  47.807 0.0000000000
52573  -13.182  -32.388  50.990 0.0000000000
53706  -12.776  -31.789  50.768 0.0000000000
52588  -13.512  -32.379  49.626 0.0000000000
50291  -14.175  -33.759  46.715 0.0000000000
51458  -14.160  -33.186  46.859 0.0000000000
54812  -14.422  -31.117  47.221 0.0000000000
46812  -12.628  -37.951  62.941 0.0000000000
46808  -12.373  -37.138  63.494 0.0000000000
45831  -11.136  -38.935  59.800 0.0000000000
47810  -11.805  -36.611  59.298 0.0000000000
43972  -9.343  -40.629  55.180 0.0000000000
44930  -9.735  -39.648  55.931 0.0000000000
44935  -9.569  -40.036  55.092 0.0000000000
45855  -10.170  -40.119  53.993 0.0000000000
44941  -9.520  -39.990  53.175 0.0000000000
36181  -8.567  -47.324  51.752 0.0000000000
38487  -9.137  -45.823  51.832 0.0000000000
39657  -9.255  -45.326  51.480 0.0000000000
50245  -40.829  -34.063  49.507 0.0000000000
50226  -41.208  -33.658  49.923 0.0000000000
50205  -41.615  -33.475  50.878 0.0000000000
51391  -42.218  -33.079  51.365 0.0000000000
51369  -41.876  -32.490  51.877 0.0000000000
50145  -41.170  -32.855  52.861 0.0000000000
52529  -41.945  -32.095  52.671 0.0000000000
52547  -42.232  -32.028  52.807 0.0000000000
54740  -42.872  -31.059  53.118 0.0000000000
55765  -42.825  -30.370  53.803 0.0000000000
50200  -36.708  -34.300  51.789 0.0000000000
49059  -37.881  -34.202  50.753 0.0000000000
49060  -38.809  -34.129  50.921 0.0000000000
50201  -39.488  -33.908  51.868 0.0000000000
49061  -39.568  -34.024  50.342 0.0000000000
50244  -40.541  -34.021  49.953 0.0000000000
47865  -36.849  -35.941  55.077 0.0000000000
47884  -38.495  -36.019  54.567 0.0000000000
47883  -37.429  -35.796  54.745 0.0000000000
48993  -37.050  -35.078  53.625 0.0000000000
49016  -36.840  -34.403  52.798 0.0000000000
73955  -50.108  -12.830  41.891 0.0000000000
70618  -45.673  -15.574  39.789 0.0000000000
70617  -45.415  -15.442  39.400 0.0000000000
70616  -45.246  -15.032  38.894 0.0000000000
71714  -45.285  -14.488  38.412 0.0000000000
72924  -45.857  -13.642  38.161 0.0000000000
72922  -47.053  -12.992  39.996 0.0000000000
72916  -47.894  -13.449  40.551 0.0000000000
73965  -48.157  -13.008  40.525 0.0000000000
73953  -48.852  -12.748  41.193 0.0000000000
65132  -41.058  -19.628  50.027 0.0000000000
65133  -41.479  -20.036  50.117 0.0000000000
66111  -41.455  -19.552  52.447 0.0000000000
65185  -36.092  -19.695  46.114 0.0000000000
66241  -36.445  -19.156  45.413 0.0000000000
66183  -38.568  -18.771  48.693 0.0000000000
66209  -38.840  -19.124  48.057 0.0000000000
46896  -11.898  -38.248  49.352 0.0000000000
47941  -12.162  -38.142  48.538 0.0000000000
46904  -12.156  -38.235  47.247 0.0000000000
46913  -11.875  -38.147  46.781 0.0000000000
47984  -10.791  -38.204  46.274 0.0000000000
45007  -10.374  -39.948  45.451 0.0000000000
43064  -10.246  -41.080  45.285 0.0000000000
46829  -13.757  -37.529  58.383 0.0000000000
45839  -13.574  -38.336  58.467 0.0000000000
43960  -13.092  -40.371  57.739 0.0000000000
42911  -13.061  -40.473  56.211 0.0000000000
42906  -12.839  -40.513  56.812 0.0000000000
42905  -12.382  -41.132  57.185 0.0000000000
41773  -11.892  -41.923  56.618 0.0000000000
64119  -35.416  -21.707  54.157 0.0000000000
56770  -39.672  -29.320  50.798 0.0000000000
56781  -39.551  -30.140  50.254 0.0000000000
58747  -38.207  -26.877  49.903 0.0000000000
61964  -37.034  -25.282  50.091 0.0000000000
61963  -36.835  -25.173  50.350 0.0000000000
60845  -36.550  -25.185  51.844 0.0000000000
50076  -29.093  -34.722  59.134 0.0000000000
48932  -28.999  -35.041  57.637 0.0000000000
47895  -32.593  -35.450  53.396 0.0000000000
47894  -31.614  -35.800  52.979 0.0000000000
47908  -31.039  -35.979  51.650 0.0000000000
49052  -31.567  -35.167  50.509 0.0000000000
49033  -30.864  -35.103  51.220 0.0000000000
50215  -29.514  -33.819  50.203 0.0000000000
50237  -29.202  -33.749  49.592 0.0000000000
75999  -48.247  -9.603  35.897 0.0000000000
76000  -48.823  -9.036  36.656 0.0000000000
76015  -48.568  -8.921  35.864 0.0000000000
76999  -48.815  -8.563  35.448 0.0000000000
77000  -49.618  -8.404  35.493 0.0000000000
77001  -50.226  -8.264  35.941 0.0000000000
76994  -50.685  -8.356  36.256 0.0000000000
76976  -51.262  -8.680  37.286 0.0000000000
53596  -9.787  -31.618  56.492 0.0000000000
53617  -11.674  -31.708  56.207 0.0000000000
53618  -12.052  -31.721  56.203 0.0000000000
51314  -12.839  -33.154  56.437 0.0000000000
47856  -12.492  -36.820  55.563 0.0000000000
66265  -46.205  -17.545  44.113 0.0000000000
65189  -46.568  -17.890  45.069 0.0000000000
65188  -46.053  -17.979  45.526 0.0000000000
66215  -45.190  -19.110  46.777 0.0000000000
68480  -41.719  -17.440  43.922 0.0000000000
66301  -42.814  -18.167  41.388 0.0000000000
65221  -43.101  -18.004  42.036 0.0000000000
66291  -43.722  -17.820  42.753 0.0000000000
67393  -44.003  -17.893  43.369 0.0000000000
67394  -44.312  -18.150  43.131 0.0000000000
66279  -44.936  -18.423  43.166 0.0000000000
66264  -45.705  -17.913  44.181 0.0000000000
52388  -17.760  -33.357  62.276 0.0000000000
51223  -17.675  -33.845  61.597 0.0000000000
51235  -17.299  -34.265  60.682 0.0000000000
51247  -16.745  -34.185  60.247 0.0000000000
50072  -16.828  -34.231  59.441 0.0000000000
52607  -19.484  -32.817  48.537 0.0000000000
52590  -19.290  -32.707  48.993 0.0000000000
52574  -19.317  -32.767  49.989 0.0000000000
51380  -18.983  -33.122  50.640 0.0000000000
51379  -18.301  -33.373  51.053 0.0000000000
51366  -17.674  -33.112  51.892 0.0000000000
50165  -17.571  -34.058  51.616 0.0000000000
50148  -17.455  -33.892  52.823 0.0000000000
49003  -17.650  -35.158  51.958 0.0000000000
47906  -17.126  -35.898  51.603 0.0000000000
56756  -10.446  -28.274  51.671 0.0000000000
56764  -10.332  -28.284  51.001 0.0000000000
54781  -9.548  -29.801  50.284 0.0000000000
54783  -10.646  -30.377  49.558 0.0000000000
48007  -13.630  -35.731  45.448 0.0000000000
50290  -13.771  -34.209  46.106 0.0000000000
51495  -13.812  -33.794  44.898 0.0000000000
51204  -11.943  -33.464  63.985 0.0000000000
51203  -11.088  -33.308  63.857 0.0000000000
44912  -11.261  -40.114  59.734 0.0000000000
44911  -11.163  -39.490  59.390 0.0000000000
42891  -10.163  -41.087  58.739 0.0000000000
43948  -10.734  -40.334  59.021 0.0000000000
44919  -10.605  -39.394  57.402 0.0000000000
44923  -9.079  -39.901  56.690 0.0000000000
42908  -9.188  -40.459  56.210 0.0000000000
43961  -8.897  -40.081  56.446 0.0000000000
43967  -9.281  -40.499  55.658 0.0000000000
43966  -9.283  -40.876  55.152 0.0000000000
54786  -41.422  -31.272  49.142 0.0000000000
51404  -41.535  -32.933  49.918 0.0000000000
53712  -41.967  -31.997  50.015 0.0000000000
53711  -42.157  -31.367  50.551 0.0000000000
54775  -42.291  -31.109  49.878 0.0000000000
55823  -40.200  -29.913  50.599 0.0000000000
56760  -40.051  -28.793  51.596 0.0000000000
58715  -40.047  -27.580  51.951 0.0000000000
58697  -39.422  -26.736  53.220 0.0000000000
47829  -32.955  -36.435  57.502 0.0000000000
47862  -32.927  -36.145  55.175 0.0000000000
46865  -35.747  -36.394  54.469 0.0000000000
47880  -34.539  -36.488  54.718 0.0000000000
47911  -33.128  -35.552  53.243 0.0000000000
47936  -33.240  -35.752  51.145 0.0000000000
74989  -46.524  -11.876  37.601 0.0000000000
65101  -43.017  -20.376  51.727 0.0000000000
68458  -40.902  -17.421  45.415 0.0000000000
68442  -41.162  -17.430  46.381 0.0000000000
68444  -42.948  -17.709  46.983 0.0000000000
51367  -23.011  -33.882  52.486 0.0000000000
52522  -23.558  -32.770  53.137 0.0000000000
52563  -24.213  -32.556  51.731 0.0000000000
52579  -24.451  -32.213  50.905 0.0000000000
52578  -23.467  -31.771  50.550 0.0000000000
51411  -23.945  -32.408  49.373 0.0000000000
52594  -23.037  -31.905  49.824 0.0000000000
52593  -21.906  -31.530  49.465 0.0000000000
51408  -20.850  -31.764  48.253 0.0000000000
52617  -20.147  -32.441  48.225 0.0000000000
56832  -8.459  -29.168  44.946 0.0000000000
55895  -9.251  -29.087  45.202 0.0000000000
51361  -10.540  -31.543  52.693 0.0000000000
51374  -10.876  -31.212  52.227 0.0000000000
51375  -11.139  -31.385  52.266 0.0000000000
46934  -12.381  -37.216  45.170 0.0000000000
48005  -12.674  -36.964  45.247 0.0000000000
48024  -12.334  -37.153  44.602 0.0000000000
46930  -9.255  -38.581  44.576 0.0000000000
47784  -13.851  -36.652  63.615 0.0000000000
45827  -12.849  -38.378  62.432 0.0000000000
44906  -12.324  -39.371  61.419 0.0000000000
44913  -13.149  -39.464  60.105 0.0000000000
43951  -12.785  -40.145  59.782 0.0000000000
41755  -10.972  -41.818  58.869 0.0000000000
40672  -10.884  -42.920  59.009 0.0000000000
40667  -10.992  -42.500  58.794 0.0000000000
39576  -10.883  -42.495  58.084 0.0000000000
40671  -10.280  -42.496  57.437 0.0000000000
39602  -9.631  -43.186  56.628 0.0000000000
39611  -9.358  -43.336  55.967 0.0000000000
67242  -37.750  -18.375  51.601 0.0000000000
67228  -38.741  -18.560  52.776 0.0000000000
67227  -37.758  -18.600  52.410 0.0000000000
67214  -37.662  -18.590  53.371 0.0000000000
56791  -38.618  -29.326  49.040 0.0000000000
63101  -34.572  -22.296  48.928 0.0000000000
65116  -34.907  -20.532  50.314 0.0000000000
67256  -35.946  -19.056  50.625 0.0000000000
51279  -26.379  -32.892  57.301 0.0000000000
51298  -25.351  -33.002  56.000 0.0000000000
50133  -24.731  -33.720  54.000 0.0000000000
47814  -30.973  -36.045  59.009 0.0000000000
47826  -30.256  -35.871  58.262 0.0000000000
50139  -30.301  -34.899  55.104 0.0000000000
48988  -29.726  -34.879  53.593 0.0000000000
50119  -27.011  -33.748  55.615 0.0000000000
48970  -26.255  -33.508  54.864 0.0000000000
50155  -26.774  -34.227  53.582 0.0000000000
50135  -26.148  -34.291  53.980 0.0000000000
48969  -25.749  -34.086  54.383 0.0000000000
48968  -25.105  -34.839  54.285 0.0000000000
48966  -24.737  -33.869  53.636 0.0000000000
50167  -24.033  -34.307  52.952 0.0000000000
50210  -24.818  -33.967  50.603 0.0000000000
78037  -49.775  -7.953  34.549 0.0000000000
79070  -50.016  -7.278  34.058 0.0000000000
79071  -50.726  -7.339  34.332 0.0000000000
80122  -50.947  -6.759  33.654 0.0000000000
55781  -8.832  -29.400  52.867 0.0000000000
54743  -8.686  -29.798  52.963 0.0000000000
54742  -8.469  -30.203  53.404 0.0000000000
53668  -7.661  -31.113  53.061 0.0000000000
51371  -8.937  -31.405  53.227 0.0000000000
55754  -6.814  -30.504  54.136 0.0000000000
54704  -6.920  -30.987  54.205 0.0000000000
54703  -6.520  -30.694  53.998 0.0000000000
52491  -6.991  -31.705  53.520 0.0000000000
52534  -8.378  -31.814  53.362 0.0000000000
51360  -9.777  -31.722  52.924 0.0000000000
51349  -12.946  -33.091  54.335 0.0000000000
47903  -12.142  -37.298  52.498 0.0000000000
45883  -10.919  -39.414  50.733 0.0000000000
69553  -49.096  -16.438  42.845 0.0000000000
68485  -49.211  -16.770  43.158 0.0000000000
130750  -43.205  -19.219  39.930 0.0000000000
130762  -43.381  -19.039  39.077 0.0000000000
65247  -44.101  -18.265  41.165 0.0000000000
66331  -43.585  -18.845  39.665 0.0000000000
66346  -43.530  -19.152  38.739 0.0000000000
66347  -43.550  -18.158  39.407 0.0000000000
66367  -43.976  -17.645  39.240 0.0000000000
67457  -44.477  -17.379  39.613 0.0000000000
68537  -45.512  -17.189  40.272 0.0000000000
68526  -46.116  -16.930  40.561 0.0000000000
68509  -46.387  -17.508  41.396 0.0000000000
69577  -46.434  -16.991  41.133 0.0000000000
69552  -47.993  -16.500  42.334 0.0000000000
47790  -14.891  -36.089  62.175 0.0000000000
48889  -14.857  -36.042  61.748 0.0000000000
47797  -14.513  -36.758  60.497 0.0000000000
47801  -13.878  -36.750  59.825 0.0000000000
50039  -16.954  -34.631  61.948 0.0000000000
48891  -16.340  -35.223  61.346 0.0000000000
50045  -16.498  -35.153  60.342 0.0000000000
47802  -14.409  -36.702  59.448 0.0000000000
46830  -13.893  -37.055  58.225 0.0000000000
44928  -13.930  -38.453  56.590 0.0000000000
43970  -13.981  -38.723  56.155 0.0000000000
52523  -24.541  -32.242  53.516 0.0000000000
53658  -24.659  -31.608  53.865 0.0000000000
53640  -24.366  -31.249  54.516 0.0000000000
53674  -23.933  -30.895  52.632 0.0000000000
54729  -23.790  -30.852  54.224 0.0000000000
54710  -24.191  -30.343  54.837 0.0000000000
55743  -22.054  -29.770  56.323 0.0000000000
52559  -20.341  -31.624  51.296 0.0000000000
53671  -20.597  -31.219  52.064 0.0000000000
53655  -20.603  -30.776  52.866 0.0000000000
53654  -19.730  -31.330  52.858 0.0000000000
54725  -19.895  -30.708  53.497 0.0000000000
54726  -20.690  -30.452  53.609 0.0000000000
54679  -21.922  -29.954  57.097 0.0000000000
54663  -21.082  -30.513  57.373 0.0000000000
53581  -21.064  -30.421  57.994 0.0000000000
51276  -16.579  -33.931  57.592 0.0000000000
50147  -17.241  -34.578  53.256 0.0000000000
50129  -16.788  -34.917  54.468 0.0000000000
48981  -15.953  -36.040  53.656 0.0000000000
48950  -15.781  -35.671  55.708 0.0000000000
47857  -15.257  -36.812  55.313 0.0000000000
46862  -15.189  -37.580  54.663 0.0000000000
45860  -14.953  -38.059  54.549 0.0000000000
45866  -14.939  -38.273  53.961 0.0000000000
45865  -14.387  -38.317  54.579 0.0000000000
59758  -8.861  -25.669  49.087 0.0000000000
57723  -9.724  -27.389  49.937 0.0000000000
56776  -9.524  -28.256  49.469 0.0000000000
57722  -9.189  -27.169  49.933 0.0000000000
58716  -9.184  -26.818  50.029 0.0000000000
58724  -8.523  -26.945  48.895 0.0000000000
58738  -8.622  -26.468  48.719 0.0000000000
56788  -8.268  -27.551  47.900 0.0000000000
56800  -8.072  -28.258  47.217 0.0000000000
55844  -8.041  -29.090  46.793 0.0000000000
55861  -8.193  -29.393  45.971 0.0000000000
52551  -10.462  -30.989  51.699 0.0000000000
52571  -11.054  -31.328  51.151 0.0000000000
53703  -10.785  -31.174  50.782 0.0000000000
53730  -10.999  -30.687  49.595 0.0000000000
51406  -14.381  -33.235  48.651 0.0000000000
52605  -13.243  -32.168  48.542 0.0000000000
54809  -11.091  -29.974  47.680 0.0000000000
54828  -15.427  -30.086  46.259 0.0000000000
54840  -15.478  -30.777  46.102 0.0000000000
47779  -13.288  -35.964  64.658 0.0000000000
48875  -12.700  -35.373  64.799 0.0000000000
48874  -11.989  -35.031  64.576 0.0000000000
47782  -12.237  -36.358  63.886 0.0000000000
48880  -11.820  -35.518  64.001 0.0000000000
50028  -10.641  -34.811  62.593 0.0000000000
44904  -11.544  -38.892  61.606 0.0000000000
46815  -11.223  -37.691  61.913 0.0000000000
46820  -11.179  -37.537  61.646 0.0000000000
47792  -10.958  -37.223  61.900 0.0000000000
50035  -10.806  -34.483  61.597 0.0000000000
50036  -10.933  -34.136  61.333 0.0000000000
51246  -11.021  -33.976  59.212 0.0000000000
48929  -12.674  -34.695  57.593 0.0000000000
47824  -12.700  -35.604  57.829 0.0000000000
45843  -10.860  -38.927  57.126 0.0000000000
46840  -11.201  -38.361  56.308 0.0000000000
44931  -10.332  -39.376  55.882 0.0000000000
47854  -11.629  -37.492  54.578 0.0000000000
47871  -11.553  -37.630  54.257 0.0000000000
45863  -10.168  -39.339  53.018 0.0000000000
45870  -10.506  -38.836  52.065 0.0000000000
45876  -10.338  -39.293  51.623 0.0000000000
44958  -10.046  -40.238  50.291 0.0000000000
38430  -9.402  -43.909  55.355 0.0000000000
36157  -8.988  -46.461  53.280 0.0000000000
37299  -8.989  -45.725  53.411 0.0000000000
38429  -9.123  -43.810  54.767 0.0000000000
39621  -9.392  -43.386  54.576 0.0000000000
40706  -9.654  -42.899  54.441 0.0000000000
39639  -9.371  -44.149  53.074 0.0000000000
40716  -9.645  -43.178  53.702 0.0000000000
41802  -9.387  -42.686  53.386 0.0000000000
40759  -9.322  -45.005  51.338 0.0000000000
41829  -9.614  -43.777  51.904 0.0000000000
42923  -9.312  -42.674  52.525 0.0000000000
42922  -9.290  -42.047  52.881 0.0000000000
42926  -9.623  -41.742  51.935 0.0000000000
43986  -9.867  -40.942  51.606 0.0000000000
42946  -10.249  -41.958  50.565 0.0000000000
43991  -9.732  -40.887  50.536 0.0000000000
44959  -9.867  -40.262  50.041 0.0000000000
44967  -10.152  -39.971  49.582 0.0000000000
44010  -10.123  -40.700  48.944 0.0000000000
38408  -9.985  -43.753  57.095 0.0000000000
39577  -10.632  -42.769  58.373 0.0000000000
39582  -10.296  -42.756  57.995 0.0000000000
39610  -9.218  -43.378  55.246 0.0000000000
40666  -11.121  -42.251  58.307 0.0000000000
41759  -11.015  -42.399  58.795 0.0000000000
41762  -9.800  -41.905  56.574 0.0000000000
41763  -9.867  -41.918  57.015 0.0000000000
41764  -11.739  -41.542  57.409 0.0000000000
41765  -11.580  -41.650  57.452 0.0000000000
41769  -9.492  -42.255  56.157 0.0000000000
41771  -12.127  -41.573  57.289 0.0000000000
41772  -11.873  -41.628  57.219 0.0000000000
41815  -9.258  -43.142  52.297 0.0000000000
41830  -9.403  -43.438  51.589 0.0000000000
41842  -9.511  -44.001  51.486 0.0000000000
42885  -10.446  -41.431  58.549 0.0000000000
42892  -11.543  -41.687  59.485 0.0000000000
42894  -9.808  -41.643  56.616 0.0000000000
42897  -11.905  -41.392  57.520 0.0000000000
42898  -11.724  -41.422  57.625 0.0000000000
42902  -9.505  -40.391  56.741 0.0000000000
42903  -11.885  -41.531  57.348 0.0000000000
42909  -9.103  -40.199  56.634 0.0000000000
42928  -9.187  -43.055  51.746 0.0000000000
42935  -9.923  -41.527  51.064 0.0000000000
42958  -9.788  -41.282  49.942 0.0000000000
43949  -10.867  -40.544  59.768 0.0000000000
43962  -8.895  -40.078  56.639 0.0000000000
43963  -13.429  -39.693  56.657 0.0000000000
43965  -13.968  -38.581  56.356 0.0000000000
43992  -9.721  -40.498  50.022 0.0000000000
43993  -9.786  -40.352  49.840 0.0000000000
44001  -9.637  -41.147  50.116 0.0000000000
44003  -9.778  -40.480  49.662 0.0000000000
44902  -11.568  -38.717  61.862 0.0000000000
44903  -11.694  -38.906  61.963 0.0000000000
44917  -9.058  -39.908  56.940 0.0000000000
44933  -14.088  -38.505  56.111 0.0000000000
44937  -10.529  -39.320  55.528 0.0000000000
44940  -9.635  -40.477  53.660 0.0000000000
44943  -13.996  -38.769  53.933 0.0000000000
44944  -14.649  -38.848  53.312 0.0000000000
44968  -9.939  -40.183  49.801 0.0000000000
44977  -9.989  -40.282  49.394 0.0000000000
45840  -13.743  -37.620  57.860 0.0000000000
45844  -13.637  -38.762  57.921 0.0000000000
45850  -11.127  -39.185  54.961 0.0000000000
45852  -14.176  -38.478  55.926 0.0000000000
45853  -14.212  -38.116  55.855 0.0000000000
45857  -10.609  -39.345  55.278 0.0000000000
45861  -9.814  -40.136  53.522 0.0000000000
45862  -9.865  -39.715  53.199 0.0000000000
45864  -14.212  -38.459  55.162 0.0000000000
45874  -9.386  -39.836  51.892 0.0000000000
45881  -9.613  -39.939  51.670 0.0000000000
45896  -10.979  -38.853  47.971 0.0000000000
45897  -11.363  -38.669  47.813 0.0000000000
45898  -11.829  -38.513  47.470 0.0000000000
45906  -11.153  -38.722  47.697 0.0000000000
45908  -12.092  -38.320  46.891 0.0000000000
45939  -8.644  -38.603  44.173 0.0000000000
46816  -11.027  -37.474  61.819 0.0000000000
46867  -10.195  -39.433  53.232 0.0000000000
46871  -15.461  -37.392  54.254 0.0000000000
46874  -34.936  -36.258  53.566 0.0000000000
46876  -10.428  -38.887  52.569 0.0000000000
46882  -35.331  -36.096  53.386 0.0000000000
46912  -11.198  -38.600  47.159 0.0000000000
46914  -12.155  -38.049  46.948 0.0000000000
46931  -10.010  -38.788  45.019 0.0000000000
46941  -8.967  -38.561  44.537 0.0000000000
46944  -12.560  -37.102  45.041 0.0000000000
47786  -15.137  -36.183  62.555 0.0000000000
47813  -30.419  -35.770  58.932 0.0000000000
47844  -32.218  -36.195  56.843 0.0000000000
47859  -30.641  -35.326  56.784 0.0000000000
47896  -33.398  -36.060  53.666 0.0000000000
47900  -36.509  -35.239  53.587 0.0000000000
47907  -17.320  -35.571  51.425 0.0000000000
47914  -36.140  -35.088  53.525 0.0000000000
47926  -33.957  -34.982  52.893 0.0000000000
47930  -13.076  -36.441  50.854 0.0000000000
47934  -31.947  -35.732  50.617 0.0000000000
48025  -12.564  -37.014  44.762 0.0000000000
48886  -14.777  -36.122  61.980 0.0000000000
48919  -29.072  -34.901  58.407 0.0000000000
48931  -15.667  -35.337  57.476 0.0000000000
48946  -41.307  -35.318  56.672 0.0000000000
48949  -15.124  -36.296  55.938 0.0000000000
48953  -25.835  -33.323  54.906 0.0000000000
48954  -26.257  -33.355  55.250 0.0000000000
48955  -29.373  -35.122  56.315 0.0000000000
48961  -41.298  -35.919  56.665 0.0000000000
48965  -16.849  -35.045  54.069 0.0000000000
48967  -24.793  -34.522  54.036 0.0000000000
48974  -36.677  -35.444  53.950 0.0000000000
48976  -37.839  -35.566  54.516 0.0000000000
48984  -24.503  -33.987  53.235 0.0000000000
48985  -25.016  -34.024  53.396 0.0000000000
48986  -25.171  -34.530  53.756 0.0000000000
48987  -25.523  -34.531  53.975 0.0000000000
48991  -33.824  -36.176  53.591 0.0000000000
48992  -36.583  -35.408  53.773 0.0000000000
48997  -41.003  -33.876  52.281 0.0000000000
48998  -40.861  -33.452  52.023 0.0000000000
49005  -24.452  -34.159  52.931 0.0000000000
49006  -24.703  -33.983  52.981 0.0000000000
49009  -27.202  -34.391  52.386 0.0000000000
49010  -27.681  -34.376  52.620 0.0000000000
49019  -40.749  -34.633  51.973 0.0000000000
49020  -41.108  -34.592  52.181 0.0000000000
49022  -41.283  -33.755  52.009 0.0000000000
49028  -25.920  -34.052  51.103 0.0000000000
49034  -31.379  -35.496  51.022 0.0000000000
49036  -33.903  -35.449  53.438 0.0000000000
49038  -35.853  -34.497  51.548 0.0000000000
49043  -41.026  -34.601  51.786 0.0000000000
49044  -41.444  -34.492  51.899 0.0000000000
49045  -13.082  -36.464  50.523 0.0000000000
49049  -26.247  -33.700  51.004 0.0000000000
49066  -27.946  -33.030  49.476 0.0000000000
49068  -28.878  -33.800  49.171 0.0000000000
49146  -11.109  -37.773  44.423 0.0000000000
49148  -12.706  -36.839  44.671 0.0000000000
50008  -12.615  -34.572  65.189 0.0000000000
50023  -12.105  -33.902  64.655 0.0000000000
50030  -12.046  -33.940  64.291 0.0000000000
50037  -15.595  -35.369  62.133 0.0000000000
50044  -11.025  -33.964  61.210 0.0000000000
50046  -17.197  -35.029  60.515 0.0000000000
50057  -16.550  -34.060  59.960 0.0000000000
50105  -25.618  -33.136  55.893 0.0000000000
50106  -26.727  -34.181  56.950 0.0000000000
50116  -25.624  -33.639  54.670 0.0000000000
50123  -30.853  -35.554  55.811 0.0000000000
50132  -17.646  -32.811  53.609 0.0000000000
50134  -24.875  -34.095  54.334 0.0000000000
50150  -23.729  -33.479  53.335 0.0000000000
50151  -24.047  -33.501  53.493 0.0000000000
50152  -24.957  -33.877  52.986 0.0000000000
50163  -40.999  -32.974  51.942 0.0000000000
50166  -23.522  -33.921  53.064 0.0000000000
50175  -35.553  -34.591  52.269 0.0000000000
50176  -35.849  -34.512  52.388 0.0000000000
50180  -40.818  -34.160  52.392 0.0000000000
50181  -41.509  -34.126  51.861 0.0000000000
50185  -18.143  -34.529  50.278 0.0000000000
50186  -23.538  -34.167  52.564 0.0000000000
50187  -23.876  -34.239  52.214 0.0000000000
50190  -26.660  -33.404  51.114 0.0000000000
50191  -27.204  -33.450  51.520 0.0000000000
50199  -36.185  -34.450  51.699 0.0000000000
50203  -40.519  -34.057  51.548 0.0000000000
50206  -41.454  -33.228  50.183 0.0000000000
50243  -40.211  -33.960  50.249 0.0000000000
51212  -12.062  -33.745  64.150 0.0000000000
51221  -10.531  -33.983  61.469 0.0000000000
51222  -10.722  -34.141  61.456 0.0000000000
51233  -10.763  -33.955  61.298 0.0000000000
51291  -41.690  -33.223  56.441 0.0000000000
51292  -43.738  -33.060  56.196 0.0000000000
51293  -43.847  -33.019  56.005 0.0000000000
51295  -16.873  -33.706  56.837 0.0000000000
51301  -26.720  -34.031  56.680 0.0000000000
51309  -40.648  -34.261  56.129 0.0000000000
51313  -43.674  -32.831  55.848 0.0000000000
51318  -26.223  -33.349  56.183 0.0000000000
51320  -26.923  -33.925  56.363 0.0000000000
51331  -43.108  -32.766  55.628 0.0000000000
51332  -43.462  -32.585  55.728 0.0000000000
51338  -24.417  -33.157  53.928 0.0000000000
51343  -40.859  -33.753  55.149 0.0000000000
51347  -9.086  -32.028  53.310 0.0000000000
51352  -18.200  -32.571  53.155 0.0000000000
51353  -23.347  -33.410  53.146 0.0000000000
51356  -41.774  -32.212  52.342 0.0000000000
51357  -41.635  -32.450  52.573 0.0000000000
51358  -8.613  -31.668  53.315 0.0000000000
51359  -9.031  -31.803  53.171 0.0000000000
51365  -17.776  -32.937  51.744 0.0000000000
51368  -23.152  -33.495  52.075 0.0000000000
51373  -10.182  -31.305  52.411 0.0000000000
51378  -17.917  -33.022  51.494 0.0000000000
51381  -23.425  -34.146  52.188 0.0000000000
51382  -23.584  -33.844  51.688 0.0000000000
51386  -28.052  -33.177  51.295 0.0000000000
51395  -18.840  -33.638  50.289 0.0000000000
51397  -26.795  -33.243  50.912 0.0000000000
51398  -27.139  -33.076  50.848 0.0000000000
51422  -19.715  -32.911  48.149 0.0000000000
51423  -20.321  -32.476  47.882 0.0000000000
51441  -19.866  -32.717  48.151 0.0000000000
51442  -20.052  -32.616  48.068 0.0000000000
52444  -26.471  -32.823  57.641 0.0000000000
52454  -43.587  -32.869  56.297 0.0000000000
52455  -43.966  -32.789  56.337 0.0000000000
52474  -43.862  -32.551  56.045 0.0000000000
52478  -17.609  -32.213  55.176 0.0000000000
52499  -17.769  -32.140  54.645 0.0000000000
52500  -18.358  -32.108  54.074 0.0000000000
52501  -25.355  -32.231  54.016 0.0000000000
52502  -25.430  -32.011  53.932 0.0000000000
52509  -42.461  -32.744  54.780 0.0000000000
52511  -43.382  -31.743  54.195 0.0000000000
52513  -7.748  -31.806  53.464 0.0000000000
52519  -18.512  -32.347  52.712 0.0000000000
52521  -22.997  -33.242  52.795 0.0000000000
52524  -25.210  -31.970  53.753 0.0000000000
52532  -7.488  -31.202  53.098 0.0000000000
52533  -8.072  -31.254  53.573 0.0000000000
52535  -9.673  -31.947  53.177 0.0000000000
52539  -17.904  -32.705  51.830 0.0000000000
52543  -23.057  -33.406  52.431 0.0000000000
52544  -23.390  -32.939  52.380 0.0000000000
52546  -41.891  -31.939  52.227 0.0000000000
52552  -11.040  -31.239  51.627 0.0000000000
52556  -17.939  -32.807  51.611 0.0000000000
52557  -18.219  -32.734  51.471 0.0000000000
52562  -23.518  -33.216  51.869 0.0000000000
52564  -42.254  -32.193  51.441 0.0000000000
52567  -9.039  -30.332  52.073 0.0000000000
52568  -9.236  -30.394  52.087 0.0000000000
52570  -10.475  -31.133  51.164 0.0000000000
52582  -42.301  -31.750  51.043 0.0000000000
52591  -19.787  -32.090  49.178 0.0000000000
52608  -19.797  -32.501  48.503 0.0000000000
52609  -20.304  -32.120  48.512 0.0000000000
52616  -19.939  -32.548  48.298 0.0000000000
53565  -19.167  -31.401  58.219 0.0000000000
53592  -43.436  -32.477  56.330 0.0000000000
53593  -43.763  -32.593  56.418 0.0000000000
53597  -11.797  -31.800  56.440 0.0000000000
53598  -12.039  -31.796  56.454 0.0000000000
53613  -43.705  -32.307  56.294 0.0000000000
53619  -18.694  -31.234  54.953 0.0000000000
53621  -19.988  -31.050  56.093 0.0000000000
53630  -43.414  -32.067  55.898 0.0000000000
53631  -6.538  -31.248  53.771 0.0000000000
53632  -7.168  -31.596  54.087 0.0000000000
53636  -11.830  -31.908  54.619 0.0000000000
53637  -11.969  -32.028  54.781 0.0000000000
53641  -25.263  -31.692  54.437 0.0000000000
53656  -21.201  -30.571  53.076 0.0000000000
53657  -24.159  -31.377  54.246 0.0000000000
53659  -25.307  -31.809  53.950 0.0000000000
53666  -42.662  -31.802  53.018 0.0000000000
53667  -43.143  -31.519  53.321 0.0000000000
53669  -7.774  -31.049  53.306 0.0000000000
53681  -42.314  -31.596  52.644 0.0000000000
53682  -42.739  -31.434  52.985 0.0000000000
53684  -8.105  -31.021  53.402 0.0000000000
53685  -9.745  -30.950  51.466 0.0000000000
53687  -11.113  -31.363  51.128 0.0000000000
53694  -24.315  -31.655  52.259 0.0000000000
53695  -41.887  -31.149  51.227 0.0000000000
54662  -20.775  -30.673  57.299 0.0000000000
54720  -43.063  -30.549  53.966 0.0000000000
54721  -43.227  -30.898  53.496 0.0000000000
54730  -24.015  -31.458  54.080 0.0000000000
54739  -42.750  -30.139  54.006 0.0000000000
54741  -8.042  -30.940  53.525 0.0000000000
54746  -23.750  -30.828  53.430 0.0000000000
54755  -42.370  -31.263  52.365 0.0000000000
54757  -8.515  -30.688  53.082 0.0000000000
54766  -42.160  -30.824  51.813 0.0000000000
54767  -42.426  -30.938  52.267 0.0000000000
54768  -42.470  -31.075  52.432 0.0000000000
54769  -8.785  -30.389  52.744 0.0000000000
54770  -8.756  -30.208  52.427 0.0000000000
54824  -7.420  -30.017  45.373 0.0000000000
54837  -6.910  -29.858  44.977 0.0000000000
54838  -7.171  -30.096  45.129 0.0000000000
54839  -7.893  -30.227  45.137 0.0000000000
54851  -7.202  -29.761  44.855 0.0000000000
54852  -7.667  -29.986  44.714 0.0000000000
54853  -8.215  -29.953  44.775 0.0000000000
55730  -21.988  -29.876  56.633 0.0000000000
55753  -6.535  -30.483  54.132 0.0000000000
55766  -42.880  -30.559  53.657 0.0000000000
55767  -6.675  -30.429  53.991 0.0000000000
55779  -42.553  -30.220  53.596 0.0000000000
55790  -42.461  -30.824  52.915 0.0000000000
55801  -42.273  -30.682  52.500 0.0000000000
55802  -42.469  -30.908  52.621 0.0000000000
55860  -7.677  -29.399  45.714 0.0000000000
55876  -7.174  -29.476  45.121 0.0000000000
55877  -7.353  -29.471  45.371 0.0000000000
55892  -7.920  -29.054  44.956 0.0000000000
55894  -8.545  -29.357  45.010 0.0000000000
56737  -9.141  -28.940  53.026 0.0000000000
56745  -41.412  -28.803  53.279 0.0000000000
56831  -7.584  -28.964  45.396 0.0000000000
56833  -9.001  -29.082  45.123 0.0000000000
57720  -40.209  -27.988  51.693 0.0000000000
58736  -8.057  -26.795  47.986 0.0000000000
59745  -37.337  -25.428  52.541 0.0000000000
59785  -8.358  -25.453  48.008 0.0000000000
60837  -37.730  -25.049  52.790 0.0000000000
60854  -37.212  -25.431  49.799 0.0000000000
63090  -34.963  -22.778  48.778 0.0000000000
65119  -41.610  -20.229  50.590 0.0000000000
65158  -45.213  -18.699  46.352 0.0000000000
65159  -45.474  -18.502  46.396 0.0000000000
65173  -45.435  -18.210  46.108 0.0000000000
65186  -45.213  -18.018  45.486 0.0000000000
65202  -46.276  -17.883  44.643 0.0000000000
65212  -46.979  -17.740  44.023 0.0000000000
65222  -43.336  -18.026  42.114 0.0000000000
65225  -46.734  -18.104  44.006 0.0000000000
65232  -43.090  -18.161  41.797 0.0000000000
65235  -44.518  -17.980  41.706 0.0000000000
66094  -41.279  -19.322  53.274 0.0000000000
66109  -39.580  -18.962  53.016 0.0000000000
66128  -41.509  -19.867  51.635 0.0000000000
66141  -35.943  -19.233  50.247 0.0000000000
66156  -36.263  -19.094  49.592 0.0000000000
66227  -39.427  -18.430  46.304 0.0000000000
66228  -44.502  -18.833  46.445 0.0000000000
66263  -45.208  -17.870  44.840 0.0000000000
66267  -47.698  -17.614  44.401 0.0000000000
66281  -46.012  -17.890  43.907 0.0000000000
66295  -46.594  -17.701  43.582 0.0000000000
66317  -44.739  -17.961  41.202 0.0000000000
66348  -43.928  -17.709  39.545 0.0000000000
67259  -38.552  -18.431  50.824 0.0000000000
67260  -39.205  -18.813  50.754 0.0000000000
67312  -38.996  -19.004  47.575 0.0000000000
67378  -42.192  -17.569  43.792 0.0000000000
67382  -45.215  -18.247  43.729 0.0000000000
67408  -45.494  -17.779  41.262 0.0000000000
67426  -45.078  -17.757  40.849 0.0000000000
67427  -45.236  -17.622  40.672 0.0000000000
68367  -38.105  -18.205  51.235 0.0000000000
68387  -38.374  -18.415  51.217 0.0000000000
68430  -43.024  -18.128  47.524 0.0000000000
68496  -49.068  -16.973  42.924 0.0000000000
68507  -45.770  -17.810  41.368 0.0000000000
68510  -46.879  -17.199  41.817 0.0000000000
68536  -45.442  -17.487  40.595 0.0000000000
69594  -45.701  -15.809  39.980 0.0000000000
70612  -46.017  -15.479  40.033 0.0000000000
70615  -45.057  -14.695  38.447 0.0000000000
71668  -49.044  -14.973  43.088 0.0000000000
71721  -45.181  -14.395  38.033 0.0000000000
72910  -48.781  -13.056  41.417 0.0000000000
75987  -50.278  -9.385  36.627 0.0000000000
76003  -50.557  -8.758  36.415 0.0000000000
76977  -51.445  -8.446  37.415 0.0000000000
78015  -51.033  -8.675  37.632 0.0000000000
130411  -7.903  -25.738  47.320 0.0000000000
130412  -7.784  -25.729  47.123 0.0000000000
130440  -38.639  -26.641  51.735 0.0000000000
130441  -38.800  -26.817  51.660 0.0000000000
130442  -38.596  -26.700  51.431 0.0000000000
130746  -43.021  -19.119  39.639 0.0000000000
