#!ascii label  , from subject 3104 vox2ras=TkReg
939
82777  -24.555  -4.797  -13.816 0.5555555820
82792  -25.363  -4.606  -14.475 0.6666666865
83826  -25.215  -3.558  -14.513 0.7777777910
83827  -26.106  -3.581  -14.847 0.7777777910
85850  -25.531  -2.150  -14.689 0.8888888955
84844  -28.520  -2.570  -15.763 0.8888888955
81723  -23.417  -5.621  -13.048 0.5555555820
82776  -23.587  -4.495  -13.670 0.5555555820
83824  -23.784  -3.507  -14.123 0.6666666865
83825  -24.430  -3.421  -14.337 0.8888888955
83837  -26.957  -3.420  -15.231 0.8888888955
84842  -26.599  -2.583  -15.192 0.8888888955
86809  -26.792  -0.562  -15.301 1.0000000000
85859  -28.279  -1.579  -15.602 0.8888888955
86810  -27.976  -0.510  -15.441 1.0000000000
84829  -23.539  -3.035  -14.049 0.7777777910
85848  -24.291  -1.511  -13.974 1.0000000000
87809  -24.327  0.041  -14.524 1.0000000000
86807  -25.244  -0.646  -14.850 1.0000000000
87827  -25.411  0.296  -15.011 1.0000000000
87810  -24.890  -0.112  -14.741 1.0000000000
87828  -26.274  0.391  -15.332 1.0000000000
88841  -24.955  1.159  -15.032 1.0000000000
88842  -25.670  1.261  -15.371 1.0000000000
87829  -27.287  0.448  -15.475 1.0000000000
87830  -28.406  0.441  -15.436 1.0000000000
88843  -26.578  1.420  -15.481 1.0000000000
88845  -28.659  1.344  -14.828 1.0000000000
89796  -26.861  2.462  -15.371 1.0000000000
89797  -27.918  2.465  -14.879 0.7777777910
87807  -22.919  0.865  -13.743 0.8888888955
88824  -24.321  1.478  -14.592 1.0000000000
89794  -25.192  1.834  -15.232 1.0000000000
89795  -25.756  2.462  -15.462 1.0000000000
90713  -27.158  3.442  -15.220 1.0000000000
89782  -28.470  2.939  -14.638 0.8888888955
90699  -27.904  3.472  -14.756 1.0000000000
90700  -28.670  3.473  -14.453 0.7777777910
90701  -29.530  3.446  -14.422 0.7777777910
89778  -22.760  2.736  -13.729 0.5555555820
91597  -22.945  4.592  -14.275 0.7777777910
90696  -23.296  3.644  -14.354 0.8888888955
89781  -25.321  3.045  -15.191 1.0000000000
90697  -24.253  3.596  -14.745 0.8888888955
91600  -25.276  4.115  -15.167 1.0000000000
90712  -26.240  3.516  -15.459 1.0000000000
91614  -26.595  4.508  -15.190 1.0000000000
91615  -27.412  4.143  -15.006 0.8888888955
91601  -27.295  4.818  -14.809 1.0000000000
91602  -28.042  4.385  -14.563 0.8888888955
92514  -28.392  4.933  -14.316 0.7777777910
91604  -29.971  4.015  -14.282 0.6666666865
91587  -29.523  4.616  -13.772 0.6666666865
91584  -21.010  4.632  -12.715 0.4444444478
90695  -22.456  3.796  -13.875 0.7777777910
92498  -22.037  5.478  -13.488 0.6666666865
92510  -23.407  5.493  -14.517 0.7777777910
92511  -24.177  5.446  -14.872 0.8888888955
91612  -25.017  5.105  -15.550 0.8888888955
91613  -25.566  4.593  -15.482 1.0000000000
92522  -25.236  5.650  -15.399 1.0000000000
92523  -25.980  5.568  -15.291 1.0000000000
92512  -26.730  5.529  -14.748 1.0000000000
92513  -27.754  5.518  -14.429 0.7777777910
92500  -28.670  5.390  -13.765 0.7777777910
91588  -30.400  4.465  -13.790 0.5555555820
92501  -29.763  5.226  -13.313 0.6666666865
93402  -21.763  6.354  -13.263 0.6666666865
93414  -23.033  6.414  -14.331 0.7777777910
93415  -23.899  6.504  -14.776 0.8888888955
93427  -24.727  6.572  -15.088 0.8888888955
93426  -24.268  7.087  -14.985 1.0000000000
93428  -25.504  6.536  -15.144 1.0000000000
93429  -26.229  6.495  -14.878 1.0000000000
93417  -26.986  6.459  -14.438 0.8888888955
93404  -28.055  6.547  -13.411 0.8888888955
92499  -27.925  5.898  -13.833 0.7777777910
94338  -26.524  7.419  -14.669 0.8888888955
94339  -27.278  7.403  -13.918 0.7777777910
93405  -29.043  6.128  -12.829 0.7777777910
93406  -30.197  5.963  -12.771 0.6666666865
94323  -21.492  7.282  -13.095 0.6666666865
93401  -21.151  6.340  -12.665 0.5555555820
94324  -22.156  7.221  -13.569 0.7777777910
94337  -23.243  7.400  -14.588 0.8888888955
94347  -23.851  7.551  -15.088 0.8888888955
94348  -24.437  7.574  -15.331 1.0000000000
94350  -25.806  7.418  -15.047 1.0000000000
94325  -27.875  7.434  -13.351 0.7777777910
95276  -28.453  8.367  -13.100 0.7777777910
94327  -29.601  6.908  -12.432 0.6666666865
94328  -30.647  6.823  -12.499 0.5555555820
95273  -22.399  7.770  -13.853 0.7777777910
95271  -21.288  8.252  -12.761 0.6666666865
95298  -24.056  8.381  -15.363 1.0000000000
95299  -24.744  8.330  -15.512 1.0000000000
95289  -25.743  8.743  -14.696 0.8888888955
95301  -26.078  8.120  -14.931 0.8888888955
95274  -27.101  8.766  -13.756 0.8888888955
95291  -27.156  8.235  -13.838 0.8888888955
96215  -29.101  9.192  -12.464 0.7777777910
95258  -28.932  8.346  -12.742 0.7777777910
94315  -30.108  7.615  -12.245 0.5555555820
97225  -27.689  10.114  -12.917 0.7777777910
96216  -29.966  9.008  -11.691 0.5555555820
95260  -30.687  8.317  -11.889 0.5555555820
97174  -19.478  8.849  -11.093 0.4444444478
96228  -20.853  9.169  -12.618 0.5555555820
96230  -22.283  9.675  -13.558 0.7777777910
96251  -23.860  9.171  -14.872 1.0000000000
96241  -22.703  9.304  -13.939 0.8888888955
97247  -24.069  9.647  -14.948 1.0000000000
96244  -25.193  9.449  -15.052 0.8888888955
96245  -25.905  9.466  -14.340 0.8888888955
96231  -26.658  9.454  -13.832 0.8888888955
96232  -27.467  9.380  -13.479 0.8888888955
98996  -22.282  12.282  -13.100 0.6666666865
98130  -21.587  11.178  -12.812 0.6666666865
98148  -23.601  11.107  -13.963 0.7777777910
97239  -24.638  10.389  -14.787 0.8888888955
98149  -24.186  11.371  -14.189 0.7777777910
98150  -25.043  11.349  -14.386 0.7777777910
97240  -25.465  10.411  -14.515 0.8888888955
98151  -25.768  11.227  -14.034 0.7777777910
97241  -26.218  10.374  -13.995 0.8888888955
98134  -26.466  11.246  -13.531 0.7777777910
97224  -26.910  10.298  -13.334 0.7777777910
99000  -27.435  12.349  -12.910 0.6666666865
98117  -28.747  11.489  -12.445 0.6666666865
98136  -27.938  10.716  -12.618 0.6666666865
97226  -28.405  10.038  -12.557 0.5555555820
98983  -28.980  12.730  -11.936 0.6666666865
98100  -29.361  12.129  -12.005 0.5555555820
98101  -29.955  11.843  -11.563 0.5555555820
97207  -30.092  10.385  -11.549 0.4444444478
99800  -22.644  13.625  -11.487 0.3333333433
99818  -22.620  13.554  -12.170 0.3333333433
99843  -22.615  12.954  -12.743 0.5555555820
98997  -23.151  12.400  -13.337 0.6666666865
99844  -23.513  13.338  -13.049 0.5555555820
98998  -23.928  12.369  -13.600 0.7777777910
99015  -25.418  11.996  -13.836 0.7777777910
99864  -25.160  12.875  -13.558 0.6666666865
99016  -26.049  11.879  -13.729 0.6666666865
99865  -25.838  12.489  -13.522 0.6666666865
98999  -26.635  12.314  -13.336 0.6666666865
98982  -28.075  12.767  -12.548 0.6666666865
98967  -29.564  12.469  -11.664 0.5555555820
98968  -30.143  12.838  -11.311 0.5555555820
98984  -29.503  12.903  -11.580 0.6666666865
99819  -23.756  13.909  -12.186 0.4444444478
99820  -24.490  14.403  -12.427 0.5555555820
99845  -24.743  13.894  -12.985 0.6666666865
99846  -25.990  13.412  -13.255 0.6666666865
99847  -27.062  13.333  -12.899 0.6666666865
99821  -27.811  13.825  -12.618 0.6666666865
99822  -28.636  13.724  -12.330 0.6666666865
99824  -30.217  14.053  -11.472 0.5555555820
99803  -30.151  13.549  -11.391 0.6666666865
100672  -25.985  14.667  -12.838 0.6666666865
100673  -26.524  14.037  -13.012 0.6666666865
84832  -25.805  -2.701  -14.742 0.8888888955
84830  -24.140  -2.562  -14.167 1.0000000000
85849  -25.057  -1.630  -14.642 1.0000000000
85856  -25.593  -1.094  -14.858 1.0000000000
92497  -21.359  5.461  -12.988 0.5555555820
94322  -20.862  7.247  -12.425 0.5555555820
97204  -20.315  10.015  -11.863 0.5555555820
95272  -22.022  8.248  -13.555 0.7777777910
96252  -24.485  9.201  -15.194 1.0000000000
98070  -19.066  10.343  -10.961 0.2222222239
97206  -29.023  10.111  -11.911 0.6666666865
92496  -20.749  5.453  -12.432 0.4444444478
99804  -30.850  13.665  -11.436 0.5555555820
99801  -23.647  13.371  -11.565 0.2222222239
100638  -30.745  14.605  -11.529 0.5555555820
79684  -24.561  -7.072  -13.617 0.5555555820
80696  -24.944  -6.345  -13.730 0.5555555820
82778  -25.108  -4.943  -13.735 0.6666666865
81753  -26.009  -5.489  -14.487 0.5555555820
83838  -27.771  -3.346  -15.262 0.7777777910
79663  -24.021  -7.280  -13.265 0.5555555820
82793  -26.688  -4.474  -14.912 0.6666666865
82807  -27.271  -3.899  -15.154 0.6666666865
85860  -29.247  -1.651  -15.975 0.7777777910
86811  -29.011  -0.558  -15.642 0.8888888955
80676  -23.338  -6.466  -12.333 0.4444444478
82775  -23.196  -3.968  -13.264 0.5555555820
86826  -28.686  -0.172  -15.510 1.0000000000
84817  -22.522  -2.450  -12.980 0.2222222239
84819  -23.837  -2.044  -13.811 0.6666666865
88846  -29.727  1.439  -14.685 0.6666666865
90714  -29.186  3.012  -14.553 0.7777777910
90715  -29.806  2.803  -14.593 0.6666666865
86792  -23.131  -0.257  -13.893 0.5555555820
90702  -30.651  3.157  -14.642 0.6666666865
88811  -22.602  1.573  -13.409 0.4444444478
91605  -30.784  3.820  -14.156 0.5555555820
91589  -31.377  4.313  -14.193 0.5555555820
90665  -20.931  3.323  -12.302 0.2222222239
92502  -30.797  5.234  -13.549 0.5555555820
93407  -31.194  6.108  -13.174 0.5555555820
93379  -20.243  6.725  -11.379 0.3333333433
94329  -31.549  7.141  -12.897 0.5555555820
96201  -20.222  8.811  -11.603 0.4444444478
95261  -31.651  8.362  -12.394 0.4444444478
95205  -18.923  8.725  -10.102 0.3333333433
96217  -30.867  9.334  -11.811 0.5555555820
97208  -31.163  10.374  -11.538 0.4444444478
99787  -22.142  13.458  -11.011 0.3333333433
99799  -21.877  13.320  -11.402 0.3333333433
99816  -21.743  12.778  -12.047 0.4444444478
97196  -30.624  11.119  -11.246 0.4444444478
98969  -31.218  12.726  -11.106 0.4444444478
99805  -32.014  13.502  -11.429 0.2222222239
100648  -24.105  14.222  -11.874 0.3333333433
100652  -28.145  14.710  -12.474 0.6666666865
100653  -29.125  14.690  -12.231 0.6666666865
100654  -29.986  14.722  -11.796 0.6666666865
100639  -31.523  14.468  -11.518 0.3333333433
100671  -25.028  14.835  -12.454 0.5555555820
81741  -23.988  -5.564  -13.519 0.5555555820
81742  -24.723  -5.537  -13.615 0.6666666865
81743  -25.353  -5.481  -13.907 0.6666666865
82791  -24.482  -4.161  -14.260 0.6666666865
85857  -26.108  -1.595  -14.909 1.0000000000
85858  -27.203  -1.567  -15.383 1.0000000000
84843  -27.563  -2.519  -15.405 0.8888888955
80695  -24.299  -6.388  -13.472 0.5555555820
80677  -23.694  -6.468  -13.109 0.4444444478
82760  -23.116  -5.077  -13.022 0.5555555820
82790  -24.019  -3.926  -14.194 0.6666666865
84831  -25.078  -2.676  -14.431 0.8888888955
83813  -22.877  -3.413  -13.121 0.5555555820
84818  -23.225  -2.532  -13.703 0.6666666865
83814  -23.363  -3.493  -13.682 0.6666666865
85840  -23.543  -1.511  -13.680 0.8888888955
86793  -23.845  -0.596  -14.000 0.8888888955
86794  -24.606  -0.748  -14.523 1.0000000000
87808  -23.557  0.495  -14.286 1.0000000000
87826  -24.779  0.516  -14.755 1.0000000000
86808  -25.911  -0.534  -15.060 1.0000000000
88840  -24.613  0.965  -14.748 1.0000000000
88844  -27.637  1.442  -15.398 1.0000000000
89798  -29.068  2.363  -14.547 0.7777777910
88823  -23.427  1.628  -13.888 1.0000000000
87795  -22.798  0.209  -13.828 0.6666666865
87825  -24.322  0.698  -14.591 1.0000000000
88825  -24.812  1.751  -15.003 1.0000000000
89780  -24.836  2.547  -14.935 1.0000000000
90711  -25.574  3.564  -15.306 1.0000000000
89767  -22.102  2.233  -13.170 0.5555555820
89766  -21.967  3.028  -13.318 0.6666666865
91586  -22.248  4.659  -13.783 0.6666666865
91598  -23.767  4.550  -14.723 0.8888888955
89779  -23.815  2.607  -14.388 0.8888888955
91599  -24.700  4.574  -15.217 0.8888888955
91603  -28.910  4.250  -14.063 0.7777777910
91585  -21.562  4.655  -13.357 0.5555555820
90680  -20.765  3.954  -12.389 0.3333333433
90681  -21.465  3.752  -12.931 0.3333333433
90682  -21.844  4.068  -13.611 0.4444444478
90694  -21.982  3.589  -13.507 0.6666666865
93403  -22.481  6.365  -13.691 0.6666666865
92509  -22.708  5.486  -14.010 0.7777777910
92521  -24.708  5.562  -15.284 0.8888888955
93418  -27.553  6.352  -13.992 0.7777777910
94326  -28.575  7.503  -12.808 0.7777777910
93391  -20.526  6.366  -12.134 0.4444444478
95288  -23.478  8.342  -14.802 0.8888888955
94349  -25.108  7.476  -15.310 1.0000000000
95300  -25.405  8.368  -15.238 0.8888888955
95275  -27.785  8.295  -13.439 0.7777777910
94314  -29.264  7.763  -12.460 0.6666666865
94316  -30.961  7.592  -12.237 0.5555555820
95254  -20.512  8.148  -11.999 0.5555555820
96240  -22.254  9.050  -13.585 0.6666666865
95287  -22.685  8.297  -14.246 0.8888888955
96253  -24.976  8.859  -15.338 1.0000000000
96233  -28.391  9.162  -13.164 0.8888888955
95259  -29.625  8.361  -12.158 0.6666666865
97190  -20.400  9.378  -11.826 0.5555555820
96229  -21.608  9.293  -13.281 0.5555555820
97237  -23.095  9.792  -14.212 1.0000000000
97222  -22.816  10.356  -13.761 0.7777777910
97221  -21.893  10.352  -13.353 0.7777777910
97238  -23.678  10.217  -14.521 0.7777777910
98980  -21.753  12.269  -12.493 0.5555555820
99842  -22.230  12.783  -12.663 0.4444444478
98131  -22.235  11.266  -13.290 0.6666666865
98133  -23.612  11.740  -13.706 0.6666666865
97223  -23.314  10.779  -13.933 0.7777777910
97220  -21.213  10.131  -12.812 0.7777777910
98129  -20.940  10.729  -12.455 0.6666666865
98135  -27.398  11.318  -12.847 0.6666666865
98116  -27.955  11.989  -12.746 0.6666666865
98118  -29.348  10.984  -11.804 0.5555555820
98102  -30.760  11.921  -11.035 0.4444444478
99817  -21.936  13.089  -12.270 0.4444444478
99863  -24.369  13.027  -13.525 0.6666666865
99823  -29.535  13.655  -11.666 0.6666666865
94309  -20.332  7.148  -11.922 0.4444444478
98113  -20.161  10.240  -11.632 0.3333333433
101496  -31.249  15.146  -11.468 0.3333333433
83839  -28.545  -3.443  -15.339 0.6666666865
87847  -29.140  -0.108  -15.422 0.7777777910
82759  -22.849  -4.500  -12.663 0.4444444478
89799  -30.002  2.211  -14.669 0.6666666865
86780  -23.180  -0.856  -13.578 0.7777777910
89745  -21.650  2.688  -12.501 0.3333333433
88788  -21.300  2.394  -12.374 0.1111111119
92484  -20.543  5.547  -11.901 0.4444444478
94296  -19.391  7.280  -11.180 0.3333333433
98095  -20.955  11.357  -11.554 0.3333333433
101507  -29.618  15.662  -12.040 0.6666666865
101508  -30.652  15.579  -11.592 0.4444444478
79687  -28.249  -7.523  -13.783 0.4444444478
78641  -29.618  -7.828  -12.671 0.2222222239
78637  -25.630  -8.068  -13.551 0.4444444478
78638  -26.434  -7.896  -13.746 0.4444444478
80697  -25.642  -6.350  -14.018 0.4444444478
80726  -26.555  -6.789  -14.376 0.4444444478
79698  -28.037  -7.258  -14.360 0.4444444478
80709  -28.654  -6.310  -14.357 0.4444444478
80699  -29.444  -6.430  -13.453 0.2222222239
81754  -26.904  -5.477  -14.712 0.4444444478
80708  -27.916  -6.260  -14.586 0.4444444478
81745  -30.237  -5.225  -13.319 0.1111111119
81725  -30.398  -5.445  -12.648 0.1111111119
81756  -28.729  -5.460  -15.081 0.4444444478
82779  -29.807  -4.958  -14.200 0.3333333433
82794  -27.260  -4.932  -15.105 0.4444444478
81755  -27.782  -5.361  -15.214 0.4444444478
82796  -29.440  -4.590  -14.637 0.3333333433
81769  -28.412  -4.922  -15.414 0.4444444478
82795  -28.905  -4.459  -15.132 0.3333333433
81768  -28.073  -4.759  -15.454 0.4444444478
84820  -30.140  -2.907  -14.031 0.2222222239
84821  -30.794  -2.795  -13.632 0.1111111119
85830  -31.378  -2.234  -13.292 0.1111111119
83830  -29.932  -3.648  -14.425 0.3333333433
84834  -30.153  -2.732  -14.817 0.3333333433
84845  -29.378  -2.673  -15.825 0.4444444478
85861  -29.856  -1.748  -15.499 0.5555555820
86812  -29.964  -0.633  -15.362 0.6666666865
86796  -30.629  -0.882  -14.759 0.4444444478
87814  -31.249  0.715  -14.599 0.3333333433
87831  -29.434  0.376  -14.973 0.6666666865
87813  -30.836  1.041  -14.699 0.5555555820
88826  -30.332  1.344  -14.719 0.5555555820
88827  -30.866  1.727  -14.633 0.5555555820
88828  -31.438  1.591  -14.650 0.3333333433
87811  -30.008  1.023  -14.797 0.5555555820
90703  -31.266  2.914  -14.923 0.4444444478
89784  -31.022  2.510  -14.784 0.4444444478
90683  -31.202  3.649  -14.469 0.4444444478
100651  -27.076  14.594  -12.636 0.5555555820
100650  -26.613  15.073  -12.638 0.5555555820
101506  -28.548  15.646  -12.182 0.5555555820
102358  -28.919  16.487  -11.670 0.5555555820
78649  -27.394  -7.835  -14.081 0.4444444478
79689  -29.527  -7.270  -12.982 0.2222222239
83815  -30.274  -3.650  -13.731 0.2222222239
83816  -30.721  -3.409  -13.236 0.1111111119
85851  -30.401  -1.853  -15.166 0.4444444478
85852  -31.046  -1.995  -14.763 0.3333333433
84846  -29.910  -2.404  -15.386 0.4444444478
86813  -30.334  0.025  -14.610 0.4444444478
89785  -31.535  2.465  -14.815 0.3333333433
90684  -31.729  3.449  -14.897 0.4444444478
92503  -31.686  5.553  -14.305 0.4444444478
101526  -26.997  15.799  -12.525 0.5555555820
102373  -26.854  16.361  -12.590 0.5555555820
86782  -31.380  -0.314  -14.437 0.2222222239
76560  -26.772  -10.196  -13.594 0.4444444478
77612  -27.227  -9.280  -13.550 0.4444444478
77613  -27.980  -9.116  -13.449 0.4444444478
78619  -29.095  -8.988  -12.503 0.2222222239
78620  -29.539  -8.355  -12.083 0.2222222239
77593  -30.041  -8.919  -11.644 0.1111111119
78636  -24.726  -8.010  -13.284 0.4444444478
77611  -26.300  -9.017  -13.381 0.4444444478
80678  -29.892  -6.392  -12.746 0.1111111119
80679  -30.497  -6.310  -12.151 0.1111111119
78621  -30.368  -8.041  -11.561 0.1111111119
81726  -30.888  -5.374  -11.855 0.1111111119
83802  -30.476  -4.001  -13.207 0.1111111119
83787  -31.594  -3.750  -12.207 0.1111111119
85817  -31.594  -1.921  -12.552 0.1111111119
85831  -31.490  -1.637  -13.208 0.1111111119
86770  -31.582  -0.811  -13.394 0.2222222239
88829  -32.074  1.420  -14.501 0.1111111119
89786  -32.021  2.149  -14.762 0.2222222239
89768  -32.204  2.863  -14.761 0.2222222239
92489  -32.067  5.772  -14.513 0.3333333433
93396  -31.950  6.019  -14.423 0.3333333433
98115  -21.246  11.453  -12.141 0.4444444478
97197  -31.372  11.199  -11.200 0.3333333433
101525  -26.444  15.609  -12.554 0.5555555820
101505  -27.570  15.780  -12.569 0.5555555820
102357  -28.118  16.712  -12.337 0.5555555820
102372  -26.113  16.271  -12.490 0.5555555820
79685  -25.181  -7.193  -13.791 0.4444444478
79686  -25.992  -7.170  -13.910 0.4444444478
82809  -28.393  -4.287  -15.248 0.5555555820
88847  -30.357  1.769  -14.672 0.5555555820
89800  -30.577  2.316  -14.672 0.5555555820
93408  -31.634  6.508  -14.021 0.4444444478
80706  -26.439  -6.425  -14.359 0.4444444478
83840  -29.233  -3.340  -15.425 0.3333333433
83828  -28.868  -3.789  -15.091 0.3333333433
79688  -28.782  -7.264  -13.407 0.4444444478
78639  -28.303  -8.195  -13.365 0.3333333433
79699  -28.511  -7.011  -14.012 0.4444444478
78650  -27.820  -7.910  -13.715 0.4444444478
78640  -29.223  -8.228  -13.053 0.3333333433
77621  -26.963  -8.360  -13.662 0.4444444478
78648  -26.918  -7.754  -14.220 0.4444444478
79697  -27.272  -7.143  -14.543 0.4444444478
80707  -27.137  -6.312  -14.609 0.4444444478
80698  -28.877  -6.585  -13.824 0.4444444478
80710  -29.269  -6.119  -14.047 0.4444444478
81757  -29.317  -5.537  -14.431 0.4444444478
81724  -29.855  -5.753  -13.154 0.1111111119
81744  -29.797  -5.555  -13.818 0.2222222239
82761  -30.573  -4.613  -13.006 0.1111111119
80680  -31.094  -6.261  -11.607 0.1111111119
83829  -29.467  -3.654  -15.010 0.3333333433
82797  -30.022  -4.325  -14.199 0.2222222239
84835  -30.714  -2.504  -14.263 0.2222222239
84809  -31.156  -2.937  -13.050 0.1111111119
85841  -31.271  -2.128  -14.036 0.1111111119
84794  -31.434  -2.949  -12.538 0.1111111119
84833  -29.707  -3.015  -15.453 0.3333333433
86781  -31.191  -1.268  -14.162 0.3333333433
87796  -32.126  0.345  -14.186 0.1111111119
87834  -30.721  0.551  -14.634 0.4444444478
87812  -30.321  1.026  -14.750 0.5555555820
87832  -30.205  0.428  -14.671 0.5555555820
91590  -32.257  4.585  -15.051 0.4444444478
77622  -27.512  -8.479  -13.590 0.4444444478
77623  -27.882  -8.436  -13.529 0.4444444478
83803  -31.026  -3.753  -12.794 0.1111111119
103240  -26.427  16.737  -12.606 0.5555555820
86769  -31.387  -1.611  -13.615 0.2222222239
77614  -28.592  -9.024  -12.988 0.4444444478
77610  -25.237  -9.139  -13.449 0.4444444478
79664  -30.040  -7.336  -12.301 0.1111111119
82762  -31.027  -4.574  -12.382 0.1111111119
69143  -28.333  -16.638  -10.703 0.1111111119
72411  -25.330  -14.333  -12.451 0.3333333433
71227  -27.249  -15.253  -11.230 0.2222222239
70170  -27.917  -16.125  -10.898 0.2222222239
70171  -28.731  -16.056  -10.604 0.1111111119
71229  -28.821  -15.260  -10.601 0.1111111119
74552  -24.260  -12.379  -12.463 0.3333333433
73548  -24.773  -13.560  -12.689 0.3333333433
73536  -26.670  -13.471  -12.238 0.3333333433
73537  -27.306  -13.294  -11.573 0.3333333433
72403  -27.785  -14.283  -11.177 0.2222222239
71228  -28.157  -15.224  -10.694 0.2222222239
72404  -28.837  -14.374  -10.810 0.2222222239
76534  -22.794  -10.447  -12.048 0.2222222239
75555  -23.427  -11.354  -12.350 0.2222222239
74553  -25.391  -12.822  -12.770 0.3333333433
73550  -26.088  -13.439  -12.612 0.3333333433
73538  -28.308  -13.387  -11.278 0.1111111119
77590  -23.666  -9.199  -12.655 0.2222222239
76535  -23.654  -10.264  -12.488 0.3333333433
76557  -24.197  -9.856  -12.968 0.3333333433
76536  -24.442  -10.476  -12.820 0.3333333433
76558  -24.853  -10.194  -13.475 0.3333333433
75577  -25.137  -11.022  -12.749 0.3333333433
75578  -25.710  -11.016  -13.327 0.3333333433
74555  -27.231  -12.059  -13.069 0.3333333433
74579  -26.390  -11.741  -13.342 0.3333333433
74556  -27.755  -11.784  -12.606 0.3333333433
75557  -27.679  -11.300  -12.939 0.3333333433
75541  -28.578  -11.966  -11.819 0.3333333433
74537  -29.080  -12.668  -11.343 0.1111111119
78617  -23.100  -8.313  -12.348 0.2222222239
78618  -23.940  -8.222  -12.782 0.3333333433
77609  -24.391  -9.158  -13.181 0.3333333433
75580  -27.042  -11.184  -13.353 0.3333333433
75558  -28.322  -11.455  -12.414 0.3333333433
75542  -29.156  -11.562  -11.792 0.1111111119
79661  -22.860  -7.401  -11.984 0.3333333433
79662  -23.495  -7.368  -12.614 0.3333333433
76559  -25.834  -10.139  -13.563 0.3333333433
76561  -27.736  -10.334  -13.301 0.3333333433
76562  -28.311  -9.788  -13.041 0.3333333433
94330  -32.093  7.327  -13.824 0.2222222239
72412  -26.280  -14.336  -12.240 0.3333333433
72413  -26.646  -14.870  -11.544 0.3333333433
75556  -24.331  -11.219  -12.540 0.3333333433
74554  -26.401  -12.682  -12.801 0.3333333433
74535  -27.016  -12.786  -12.351 0.3333333433
74536  -27.920  -12.384  -12.020 0.3333333433
76538  -28.451  -10.576  -12.665 0.3333333433
69142  -27.905  -17.084  -10.796 0.1111111119
69129  -28.290  -17.382  -10.542 0.1111111119
72409  -23.728  -14.295  -12.372 0.3333333433
72410  -24.494  -14.404  -12.402 0.3333333433
71224  -24.892  -15.341  -11.865 0.3333333433
71225  -25.846  -15.687  -11.647 0.3333333433
70176  -26.651  -15.893  -11.506 0.3333333433
70177  -26.864  -15.638  -11.462 0.3333333433
69130  -28.788  -17.165  -10.472 0.1111111119
70156  -29.459  -16.438  -10.274 0.1111111119
74551  -23.147  -12.336  -12.331 0.3333333433
71215  -29.528  -15.322  -10.394 0.1111111119
72390  -29.492  -14.409  -10.518 0.1111111119
77589  -22.876  -9.303  -12.069 0.2222222239
74523  -29.568  -12.950  -11.025 0.1111111119
74538  -29.533  -12.112  -11.318 0.1111111119
75543  -29.866  -11.623  -11.219 0.1111111119
75559  -28.819  -11.072  -12.309 0.1111111119
77591  -28.757  -9.741  -12.457 0.1111111119
92504  -32.454  5.587  -14.748 0.2222222239
95277  -31.819  7.874  -13.244 0.2222222239
81722  -23.064  -5.566  -12.348 0.2222222239
85839  -22.759  -1.553  -13.419 0.5555555820
93409  -32.434  6.437  -14.527 0.2222222239
71235  -25.655  -14.977  -12.021 0.3333333433
73549  -25.589  -13.728  -12.635 0.3333333433
71236  -26.371  -15.321  -11.638 0.3333333433
71237  -26.779  -15.291  -11.446 0.3333333433
73547  -23.639  -13.446  -12.467 0.2222222239
72401  -26.634  -14.012  -12.072 0.3333333433
72402  -26.799  -14.141  -11.537 0.3333333433
74534  -26.714  -13.002  -12.502 0.3333333433
74577  -24.993  -11.875  -12.654 0.3333333433
73539  -28.981  -13.513  -11.107 0.1111111119
74578  -25.641  -11.919  -13.097 0.3333333433
74580  -26.854  -11.658  -13.324 0.3333333433
75579  -26.411  -11.020  -13.476 0.3333333433
76537  -28.040  -10.926  -12.846 0.3333333433
78616  -22.100  -8.308  -12.202 0.2222222239
76539  -29.125  -10.560  -12.011 0.1111111119
68049  -27.701  -17.566  -10.525 0.1111111119
70169  -27.196  -16.253  -11.366 0.2222222239
72400  -24.067  -14.822  -12.075 0.2222222239
70168  -26.363  -16.314  -11.424 0.3333333433
73546  -22.946  -12.910  -12.270 0.2222222239
91591  -33.276  4.934  -15.005 0.1111111119
90686  -33.426  4.267  -14.492 0.1111111119
91592  -33.950  4.875  -14.087 0.1111111119
92515  -33.125  5.859  -14.973 0.1111111119
92517  -34.184  6.260  -14.484 0.1111111119
93419  -33.224  6.732  -15.081 0.1111111119
96218  -31.811  9.657  -12.125 0.2222222239
94340  -32.708  7.551  -14.550 0.1111111119
97209  -32.245  10.715  -11.659 0.1111111119
98103  -31.491  11.905  -11.330 0.1111111119
96219  -32.620  9.958  -12.394 0.1111111119
98120  -32.783  11.455  -12.334 0.1111111119
98970  -31.950  12.515  -11.509 0.1111111119
102371  -25.348  16.287  -12.409 0.4444444478
101524  -25.574  15.599  -12.544 0.4444444478
99825  -32.408  12.915  -11.614 0.1111111119
102360  -31.527  16.447  -11.604 0.3333333433
101509  -31.354  15.658  -11.501 0.2222222239
101497  -31.974  15.430  -11.585 0.1111111119
99806  -32.544  13.915  -11.681 0.1111111119
100655  -32.870  14.313  -11.958 0.1111111119
102356  -27.438  16.769  -12.760 0.4444444478
103225  -27.575  17.465  -12.355 0.4444444478
104105  -27.571  17.889  -12.126 0.4444444478
102347  -28.575  17.153  -11.763 0.4444444478
103218  -28.679  17.695  -11.809 0.4444444478
102348  -29.184  17.238  -11.683 0.4444444478
102349  -29.654  17.396  -11.744 0.4444444478
103226  -30.043  17.689  -11.975 0.4444444478
103227  -31.106  17.666  -11.871 0.2222222239
103228  -32.125  17.530  -12.014 0.2222222239
102361  -32.569  16.657  -11.752 0.2222222239
107356  -31.986  21.865  -13.795 0.1111111119
105793  -32.732  20.283  -13.540 0.1111111119
103243  -33.558  17.324  -13.015 0.1111111119
103238  -25.403  16.739  -12.177 0.4444444478
103223  -25.918  17.393  -12.123 0.4444444478
103239  -25.993  16.821  -12.485 0.4444444478
104104  -27.266  17.973  -12.353 0.4444444478
104098  -27.953  18.239  -11.884 0.4444444478
104958  -29.209  18.667  -12.755 0.4444444478
104099  -28.993  18.225  -12.349 0.4444444478
103219  -29.353  17.760  -11.879 0.4444444478
104962  -28.558  19.872  -12.671 0.3333333433
104107  -30.408  18.460  -12.268 0.3333333433
104964  -31.068  19.402  -12.351 0.1111111119
104108  -31.636  18.556  -12.112 0.1111111119
104965  -32.230  19.406  -12.211 0.1111111119
104109  -32.507  18.395  -12.265 0.1111111119
104966  -33.064  19.307  -12.770 0.1111111119
103222  -25.112  16.852  -11.631 0.2222222239
104103  -26.642  17.930  -12.236 0.3333333433
104957  -28.624  18.945  -12.568 0.3333333433
105780  -29.427  20.475  -12.402 0.2222222239
104963  -29.691  19.323  -12.624 0.2222222239
105782  -31.787  20.327  -12.690 0.1111111119
106548  -29.292  21.477  -12.412 0.1111111119
106549  -30.224  21.172  -12.522 0.1111111119
106550  -31.121  21.162  -12.607 0.1111111119
106561  -31.754  21.192  -13.091 0.1111111119
104096  -26.274  18.102  -11.567 0.3333333433
104097  -27.244  18.489  -11.724 0.3333333433
104961  -27.902  20.258  -12.915 0.2222222239
105779  -28.411  20.751  -12.606 0.2222222239
106547  -28.336  21.754  -12.543 0.1111111119
107325  -30.200  21.996  -12.855 0.1111111119
107338  -31.239  21.931  -13.287 0.1111111119
108104  -29.925  23.740  -14.918 0.1111111119
104939  -26.372  18.675  -9.690 0.1111111119
104078  -26.326  18.697  -10.162 0.1111111119
104089  -26.845  18.566  -10.803 0.2222222239
104948  -27.318  19.739  -11.121 0.2222222239
104956  -27.585  19.649  -12.511 0.3333333433
105775  -27.218  21.152  -11.920 0.2222222239
106546  -27.630  21.926  -12.516 0.1111111119
107322  -27.204  22.842  -12.693 0.1111111119
107323  -28.171  22.841  -13.218 0.1111111119
107324  -29.258  22.457  -12.937 0.1111111119
107336  -29.203  23.199  -13.648 0.1111111119
107355  -31.485  22.415  -14.676 0.1111111119
106578  -32.463  21.480  -14.469 0.1111111119
104940  -27.092  19.233  -9.869 0.1111111119
104941  -27.575  19.749  -10.113 0.1111111119
104949  -27.444  19.703  -10.402 0.1111111119
105766  -27.628  20.345  -10.452 0.1111111119
106532  -27.004  22.176  -10.907 0.1111111119
105764  -27.023  21.947  -11.280 0.1111111119
106541  -26.942  22.450  -11.612 0.1111111119
108070  -26.522  23.789  -12.569 0.1111111119
108071  -27.075  23.825  -13.221 0.1111111119
105767  -28.267  20.294  -10.155 0.1111111119
106534  -28.513  20.861  -10.293 0.1111111119
106533  -27.569  21.507  -10.510 0.1111111119
107287  -26.865  23.173  -10.871 0.1111111119
108037  -27.018  23.906  -11.504 0.1111111119
108054  -26.222  23.858  -11.980 0.1111111119
107289  -28.663  21.961  -10.291 0.1111111119
107274  -29.541  22.490  -9.851 0.1111111119
108038  -28.011  23.689  -11.320 0.1111111119
91606  -33.468  5.537  -14.843 0.1111111119
91607  -33.692  5.365  -14.622 0.1111111119
92506  -34.497  5.799  -14.070 0.1111111119
95278  -32.474  8.495  -13.632 0.1111111119
98985  -32.557  12.365  -11.969 0.1111111119
102359  -30.085  16.792  -11.591 0.4444444478
102350  -32.219  16.122  -11.622 0.2222222239
102351  -32.730  15.910  -11.745 0.1111111119
103217  -28.168  17.492  -11.901 0.4444444478
103229  -33.022  17.466  -12.143 0.2222222239
105783  -32.524  19.876  -12.701 0.1111111119
104978  -33.382  19.119  -13.725 0.1111111119
107339  -31.829  21.579  -13.420 0.1111111119
106542  -27.265  22.179  -12.015 0.1111111119
107286  -26.609  23.448  -11.548 0.1111111119
108830  -26.674  24.256  -12.973 0.1111111119
108039  -28.997  23.116  -10.373 0.1111111119
92491  -35.063  5.801  -12.998 0.1111111119
91593  -34.618  5.183  -13.392 0.1111111119
101503  -24.744  15.665  -12.301 0.4444444478
104100  -29.671  18.104  -12.236 0.4444444478
105757  -27.785  20.015  -9.710 0.1111111119
105749  -27.953  20.337  -8.855 0.1111111119
107288  -27.758  22.590  -10.681 0.1111111119
91576  -34.651  5.167  -12.983 0.1111111119
90685  -32.968  3.591  -14.995 0.1111111119
92490  -34.419  5.216  -12.579 0.1111111119
93410  -34.756  6.653  -13.586 0.1111111119
93420  -33.974  6.781  -14.713 0.1111111119
94342  -34.385  7.585  -14.149 0.1111111119
94341  -33.537  7.614  -14.720 0.1111111119
96246  -33.021  9.354  -14.145 0.1111111119
95292  -33.087  8.500  -14.499 0.1111111119
96234  -33.085  9.406  -13.583 0.1111111119
97227  -33.263  10.232  -13.738 0.1111111119
98986  -33.106  12.322  -12.985 0.1111111119
101511  -33.398  15.186  -12.780 0.1111111119
100656  -33.224  14.187  -12.576 0.1111111119
102355  -24.613  16.358  -12.099 0.4444444478
102374  -34.105  16.158  -13.587 0.1111111119
103249  -33.994  17.447  -14.220 0.1111111119
103215  -24.523  17.109  -10.900 0.2222222239
103216  -25.521  17.485  -11.201 0.2222222239
105804  -33.164  19.673  -14.461 0.1111111119
104087  -24.879  18.114  -10.081 0.1111111119
106577  -32.130  22.079  -15.547 0.1111111119
104076  -24.683  18.108  -9.350 0.1111111119
104919  -25.537  18.320  -8.460 0.1111111119
105748  -27.488  20.044  -9.066 0.1111111119
104932  -27.995  20.219  -7.934 0.1111111119
105750  -29.297  20.377  -8.553 0.1111111119
108845  -26.806  24.885  -13.622 0.1111111119
108085  -28.039  24.048  -14.077 0.1111111119
108103  -29.381  24.710  -15.239 0.1111111119
106523  -29.491  21.338  -9.559 0.1111111119
108055  -27.218  24.290  -11.522 0.1111111119
109625  -26.339  26.013  -12.005 0.1111111119
108806  -29.042  24.183  -10.715 0.1111111119
95262  -32.576  9.158  -12.704 0.1111111119
100640  -32.303  14.478  -11.649 0.1111111119
97198  -31.800  11.367  -11.427 0.2222222239
103224  -26.748  17.269  -12.680 0.4444444478
93421  -34.330  6.590  -14.200 0.1111111119
97210  -33.420  10.459  -12.533 0.1111111119
99826  -32.881  13.345  -12.011 0.1111111119
101498  -32.854  15.169  -11.969 0.1111111119
104119  -32.064  18.278  -12.230 0.1111111119
102362  -33.412  16.282  -12.182 0.1111111119
106562  -32.271  21.284  -13.512 0.1111111119
104977  -33.090  19.604  -13.411 0.1111111119
105792  -32.147  20.769  -13.186 0.1111111119
104121  -33.448  18.209  -13.541 0.2222222239
104967  -33.313  18.753  -13.131 0.2222222239
105781  -30.550  20.307  -12.436 0.2222222239
107326  -30.739  21.622  -12.703 0.1111111119
104088  -25.776  18.190  -10.610 0.1111111119
107337  -30.271  22.918  -13.896 0.1111111119
108087  -29.688  23.503  -14.102 0.1111111119
104929  -25.580  18.232  -8.796 0.1111111119
104077  -25.652  18.403  -9.720 0.1111111119
104930  -26.283  18.395  -8.987 0.1111111119
105778  -27.615  20.873  -12.909 0.2222222239
107307  -27.069  22.673  -12.039 0.1111111119
108072  -27.558  23.336  -13.347 0.1111111119
108086  -29.142  23.784  -14.286 0.1111111119
107335  -28.622  23.477  -13.787 0.1111111119
105756  -27.331  19.794  -9.277 0.1111111119
105765  -26.893  21.115  -10.938 0.1111111119
106531  -26.656  22.711  -11.259 0.1111111119
107306  -26.696  23.139  -12.012 0.1111111119
107321  -26.794  23.350  -12.652 0.1111111119
108829  -26.360  24.590  -12.535 0.1111111119
108084  -27.259  24.294  -13.765 0.1111111119
105758  -28.676  20.426  -9.636 0.1111111119
108056  -27.492  24.091  -11.509 0.1111111119
108803  -26.501  24.327  -11.676 0.1111111119
109624  -26.127  25.236  -12.176 0.1111111119
90670  -33.430  3.654  -13.672 0.1111111119
101499  -33.241  15.590  -12.165 0.1111111119
104985  -33.615  19.076  -14.574 0.1111111119
108844  -26.466  25.076  -12.896 0.1111111119
108805  -28.342  24.745  -11.023 0.1111111119
97211  -33.889  10.031  -12.692 0.1111111119
98137  -33.555  11.195  -13.233 0.1111111119
104128  -33.794  18.441  -14.331 0.1111111119
105815  -33.009  19.963  -15.107 0.1111111119
105803  -32.870  20.427  -14.859 0.1111111119
108862  -27.752  25.214  -14.615 0.1111111119
109614  -26.341  25.200  -11.815 0.1111111119
110402  -26.308  26.479  -12.161 0.1111111119
109637  -26.363  25.151  -12.559 0.1111111119
70167  -25.461  -16.342  -11.554 0.2222222239
87793  -21.622  0.280  -12.792 0.2222222239
87775  -21.879  0.882  -12.641 0.2222222239
86779  -22.482  -0.524  -13.476 0.3333333433
87794  -22.199  0.533  -13.295 0.3333333433
100649  -24.551  14.754  -12.067 0.3333333433
102346  -24.381  16.407  -11.392 0.1111111119
98947  -21.424  12.117  -11.062 0.2222222239
98094  -20.211  10.655  -11.460 0.1111111119
98073  -20.748  11.023  -11.083 0.1111111119
99789  -23.076  12.869  -11.175 0.1111111119
100637  -24.734  14.577  -11.658 0.1111111119
101491  -24.932  15.675  -11.144 0.1111111119
102342  -24.646  16.565  -10.492 0.1111111119
100636  -24.273  13.959  -11.715 0.1111111119
83799  -22.548  -3.467  -12.142 0.2222222239
85838  -22.129  -1.337  -12.847 0.2222222239
91570  -20.573  4.601  -12.159 0.2222222239
90664  -20.601  3.675  -11.905 0.1111111119
91552  -20.650  4.678  -11.759 0.3333333433
101495  -24.265  15.639  -11.850 0.3333333433
99802  -24.820  13.442  -11.582 0.1111111119
99790  -25.510  13.867  -11.369 0.1111111119
100629  -25.715  14.617  -11.119 0.1111111119
70166  -24.536  -16.326  -11.571 0.1111111119
69140  -25.981  -17.057  -11.190 0.1111111119
70164  -22.693  -16.115  -11.232 0.1111111119
71223  -23.912  -15.451  -11.683 0.1111111119
73535  -23.316  -13.980  -12.285 0.1111111119
73534  -22.787  -13.463  -11.921 0.1111111119
82758  -22.418  -4.521  -11.700 0.1111111119
93377  -18.608  6.904  -10.258 0.2222222239
95240  -19.091  7.827  -10.571 0.2222222239
94280  -18.801  7.289  -9.920 0.2222222239
95225  -20.079  8.323  -10.014 0.2222222239
70165  -23.565  -16.346  -11.373 0.1111111119
88789  -21.798  1.765  -12.265 0.1111111119
88790  -21.973  1.410  -13.252 0.1111111119
70155  -23.077  -16.730  -10.939 0.1111111119
69138  -24.230  -17.135  -11.257 0.1111111119
69139  -25.100  -17.182  -11.438 0.1111111119
71222  -22.998  -15.424  -11.634 0.1111111119
72398  -22.559  -14.461  -11.485 0.1111111119
74550  -22.417  -12.367  -12.128 0.1111111119
75554  -22.575  -11.440  -12.053 0.1111111119
83781  -22.525  -3.023  -11.818 0.1111111119
87774  -21.421  0.551  -12.238 0.1111111119
94281  -19.678  7.347  -10.373 0.2222222239
96190  -20.570  9.203  -10.514 0.2222222239
97176  -20.338  10.047  -10.501 0.1111111119
69141  -26.923  -17.028  -10.839 0.1111111119
96189  -19.835  9.322  -9.873 0.2222222239
98072  -19.695  9.772  -11.156 0.1111111119
93362  -20.248  6.646  -10.991 0.2222222239
89746  -22.002  1.980  -12.739 0.1111111119
77588  -22.452  -8.953  -11.398 0.1111111119
81721  -22.555  -5.424  -11.730 0.1111111119
72399  -23.304  -14.582  -11.984 0.1111111119
86778  -21.747  -0.345  -13.020 0.1111111119
85837  -21.582  -0.784  -12.492 0.1111111119
69137  -23.566  -17.095  -10.979 0.1111111119
71221  -22.229  -15.334  -11.285 0.1111111119
82742  -22.223  -4.482  -11.135 0.1111111119
94282  -20.516  7.403  -10.577 0.1111111119
73533  -22.232  -13.475  -11.062 0.1111111119
81703  -22.180  -5.327  -11.239 0.1111111119
96191  -21.197  9.259  -11.237 0.1111111119
97177  -21.181  10.429  -11.173 0.1111111119
98948  -21.891  12.795  -10.779 0.1111111119
92452  -20.841  5.763  -11.383 0.1111111119
98074  -21.553  11.720  -10.950 0.1111111119
99788  -22.562  13.254  -11.053 0.1111111119
68048  -27.448  -17.382  -10.612 0.1111111119
71226  -26.318  -15.813  -11.538 0.3333333433
71234  -25.099  -14.758  -12.177 0.3333333433
74596  -26.464  -11.420  -13.443 0.3333333433
74597  -26.675  -11.554  -13.415 0.3333333433
75590  -26.688  -11.310  -13.438 0.3333333433
75591  -26.893  -11.426  -13.385 0.3333333433
79696  -26.639  -7.155  -14.339 0.4444444478
79718  -26.733  -6.939  -14.473 0.4444444478
79719  -26.926  -6.860  -14.569 0.4444444478
80727  -26.742  -6.675  -14.481 0.4444444478
82780  -30.270  -4.651  -13.708 0.2222222239
82808  -27.711  -4.339  -15.284 0.4444444478
85816  -31.410  -2.507  -12.850 0.1111111119
86795  -30.303  -1.267  -15.323 0.4444444478
86797  -30.769  0.121  -14.594 0.3333333433
86814  -30.562  0.341  -14.593 0.4444444478
86827  -28.952  -0.230  -15.533 1.0000000000
87833  -30.520  0.664  -14.663 0.4444444478
87846  -28.938  0.039  -15.410 1.0000000000
89777  -22.304  3.303  -13.593 0.6666666865
89783  -28.847  2.949  -14.574 0.7777777910
90698  -25.057  3.595  -14.967 1.0000000000
90716  -30.288  2.624  -14.652 0.6666666865
92488  -31.842  5.783  -14.408 0.3333333433
92505  -34.020  5.482  -14.425 0.1111111119
92516  -33.824  5.961  -14.772 0.1111111119
93360  -18.494  6.934  -9.982 0.2222222239
93361  -18.969  6.822  -10.190 0.2222222239
93378  -19.282  6.964  -10.622 0.2222222239
93397  -32.240  5.951  -14.545 0.3333333433
93416  -24.423  6.020  -14.926 0.8888888955
94279  -18.582  7.244  -10.185 0.2222222239
94295  -18.857  7.255  -10.630 0.2222222239
94297  -19.980  7.425  -11.566 0.3333333433
94313  -28.926  7.882  -12.687 0.6666666865
94336  -22.657  7.253  -14.066 0.7777777910
95206  -19.021  8.666  -9.894 0.3333333433
95207  -19.398  8.715  -9.855 0.2222222239
95223  -19.150  8.087  -10.250 0.3333333433
95224  -19.329  8.066  -10.097 0.2222222239
95241  -19.239  7.841  -11.069 0.2222222239
95242  -19.749  7.993  -11.472 0.3333333433
95263  -33.148  9.300  -12.830 0.1111111119
95279  -33.005  9.073  -13.109 0.1111111119
95286  -22.449  8.723  -13.801 0.7777777910
95290  -26.570  8.466  -14.297 0.8888888955
96169  -19.107  8.846  -10.319 0.3333333433
96170  -18.829  9.126  -9.984 0.3333333433
96171  -19.014  9.231  -9.653 0.2222222239
96187  -19.269  8.494  -10.691 0.3333333433
96188  -19.363  8.552  -11.027 0.4444444478
96199  -19.275  8.227  -11.014 0.2222222239
96200  -19.570  8.567  -11.270 0.4444444478
96211  -20.524  9.110  -12.069 0.5555555820
96220  -33.329  9.737  -12.675 0.1111111119
96221  -33.841  9.735  -12.767 0.1111111119
96235  -33.650  9.519  -13.006 0.1111111119
96236  -33.991  9.668  -12.924 0.1111111119
96242  -23.230  9.206  -14.477 1.0000000000
96243  -24.655  9.787  -15.167 0.8888888955
97153  -18.989  9.975  -10.477 0.2222222239
97154  -19.007  9.647  -10.472 0.2222222239
97155  -18.785  9.625  -10.053 0.2222222239
97156  -19.110  10.071  -9.759 0.2222222239
97173  -19.407  8.787  -11.118 0.2222222239
97175  -19.994  10.045  -10.101 0.1111111119
97188  -19.590  9.672  -11.292 0.2222222239
97189  -19.972  9.504  -11.505 0.5555555820
97205  -20.517  9.891  -12.227 0.5555555820
97212  -34.117  9.872  -12.791 0.1111111119
97228  -33.915  10.029  -13.246 0.1111111119
97229  -34.076  9.882  -13.100 0.1111111119
97248  -24.293  9.882  -15.008 1.0000000000
98054  -19.205  10.188  -10.827 0.2222222239
98055  -19.259  10.143  -10.205 0.1111111119
98071  -19.286  10.260  -11.022 0.2222222239
98092  -19.389  9.894  -11.092 0.2222222239
98093  -19.770  10.054  -11.414 0.2222222239
98114  -20.503  10.701  -11.962 0.3333333433
98119  -32.105  11.706  -11.707 0.2222222239
98132  -23.014  11.435  -13.587 0.6666666865
98934  -18.927  10.507  -11.072 0.2222222239
98935  -19.099  10.393  -10.914 0.2222222239
98936  -19.473  10.472  -11.030 0.1111111119
98944  -19.031  10.689  -10.956 0.2222222239
98945  -19.231  10.510  -11.001 0.1111111119
98946  -19.547  10.482  -11.148 0.1111111119
98962  -21.619  12.424  -11.625 0.4444444478
98963  -21.572  12.814  -11.059 0.2222222239
98981  -22.017  12.657  -12.643 0.4444444478
98995  -21.838  11.837  -13.086 0.5555555820
99014  -24.687  12.146  -13.786 0.7777777910
99798  -21.758  13.020  -11.808 0.4444444478
101504  -26.968  15.373  -12.547 0.5555555820
101510  -33.067  14.735  -12.321 0.1111111119
102352  -33.110  15.742  -11.937 0.1111111119
103241  -31.799  18.005  -12.237 0.1111111119
103242  -32.173  18.058  -12.294 0.1111111119
104068  -25.065  18.069  -8.749 0.1111111119
104069  -25.455  18.226  -9.123 0.1111111119
104106  -29.604  18.506  -12.537 0.4444444478
104110  -33.165  18.264  -12.754 0.2222222239
104120  -32.308  18.266  -12.299 0.1111111119
105774  -27.158  21.937  -11.627 0.2222222239
105794  -33.043  19.641  -13.806 0.1111111119
108036  -26.502  24.024  -11.720 0.1111111119
108804  -26.696  24.190  -11.606 0.1111111119
108816  -26.215  24.538  -11.850 0.1111111119
108817  -26.779  24.575  -11.623 0.1111111119
108846  -27.462  24.617  -13.962 0.1111111119
109626  -26.234  26.379  -11.942 0.1111111119
109638  -26.784  25.769  -12.749 0.1111111119
