#!ascii label  , from subject 3104 vox2ras=TkReg
1140
52563  8.219  -35.228  63.881 0.0000000000
49279  -0.816  -38.786  49.579 0.0000000000
44822  1.559  -42.605  63.705 0.0000000000
50320  2.160  -37.558  57.419 0.0000000000
58132  1.023  -30.887  51.941 0.0000000000
49057  4.381  -38.745  65.549 0.0000000000
51412  2.386  -36.624  62.408 0.0000000000
50158  11.168  -37.440  65.174 0.0000000000
46942  6.967  -40.173  63.375 0.0000000000
42511  3.419  -44.229  62.342 0.0000000000
55975  -0.615  -32.506  56.708 0.0000000000
53853  -0.447  -34.467  53.202 0.0000000000
60020  0.442  -29.222  56.202 0.0000000000
42532  -0.612  -44.376  60.301 0.0000000000
45937  1.782  -41.390  57.393 0.0000000000
48031  2.816  -38.946  61.031 0.0000000000
52630  1.262  -35.428  58.163 0.0000000000
48118  4.872  -38.840  53.465 0.0000000000
53913  4.258  -34.940  48.695 0.0000000000
57191  -0.302  -32.011  46.764 0.0000000000
59130  4.144  -30.077  51.693 0.0000000000
51374  6.194  -36.382  64.687 0.0000000000
52566  5.689  -35.785  63.154 0.0000000000
51357  9.999  -36.332  65.534 0.0000000000
49067  8.779  -38.199  64.537 0.0000000000
50141  7.367  -37.405  65.402 0.0000000000
47994  5.929  -39.763  65.198 0.0000000000
58047  -0.920  -30.518  57.071 0.0000000000
44837  0.825  -43.390  62.396 0.0000000000
45897  0.851  -42.164  61.030 0.0000000000
46950  1.659  -41.064  62.630 0.0000000000
53772  4.144  -35.049  58.907 0.0000000000
51429  2.170  -36.137  60.536 0.0000000000
130773  2.390  -43.641  63.715 0.0000000000
38905  1.625  -45.938  62.309 0.0000000000
41300  -0.117  -45.766  64.475 0.0000000000
41327  -0.776  -45.987  61.760 0.0000000000
48056  4.157  -39.306  58.312 0.0000000000
47012  2.818  -40.590  55.461 0.0000000000
50337  4.688  -37.409  55.715 0.0000000000
56025  -0.893  -32.817  52.135 0.0000000000
52767  2.751  -35.017  51.565 0.0000000000
53917  0.765  -33.904  50.267 0.0000000000
56089  1.510  -32.874  47.216 0.0000000000
57151  0.617  -31.787  48.991 0.0000000000
46939  3.139  -40.542  64.672 0.0000000000
48012  2.340  -39.529  63.592 0.0000000000
51377  3.159  -37.065  63.670 0.0000000000
52591  5.320  -35.350  61.361 0.0000000000
49077  12.740  -38.297  63.076 0.0000000000
49116  11.101  -37.333  59.924 0.0000000000
50205  9.764  -37.604  62.799 0.0000000000
48020  7.620  -39.756  61.402 0.0000000000
45891  5.603  -41.998  62.844 0.0000000000
130774  4.339  -42.839  64.364 0.0000000000
52681  -1.669  -35.563  55.543 0.0000000000
51560  1.295  -36.342  54.636 0.0000000000
54949  -0.512  -33.534  55.561 0.0000000000
56009  0.074  -32.196  54.743 0.0000000000
58077  1.052  -30.279  54.195 0.0000000000
53709  10.606  -34.946  63.632 0.0000000000
50223  16.324  -37.035  62.011 0.0000000000
50151  17.141  -37.689  64.731 0.0000000000
50122  13.128  -37.842  65.881 0.0000000000
52531  11.901  -35.961  65.737 0.0000000000
41397  -1.720  -45.700  57.617 0.0000000000
44889  0.052  -43.527  56.483 0.0000000000
45913  0.367  -42.901  59.353 0.0000000000
46967  3.127  -40.886  59.573 0.0000000000
50282  1.885  -38.025  59.520 0.0000000000
49095  1.280  -37.998  62.298 0.0000000000
130848  -0.864  -38.346  60.534 0.0000000000
51496  0.220  -37.075  58.353 0.0000000000
53797  0.572  -34.237  57.182 0.0000000000
47016  0.318  -42.442  55.315 0.0000000000
48122  1.288  -40.591  52.946 0.0000000000
49237  1.380  -38.900  51.342 0.0000000000
51578  3.748  -36.320  53.696 0.0000000000
50415  5.285  -37.243  50.811 0.0000000000
50473  2.286  -37.342  48.496 0.0000000000
52830  1.854  -36.266  46.425 0.0000000000
53986  1.141  -34.864  44.481 0.0000000000
60996  2.408  -27.538  56.402 0.0000000000
60051  2.798  -28.900  54.377 0.0000000000
60064  3.987  -28.364  53.785 0.0000000000
59132  2.521  -30.171  51.648 0.0000000000
58175  1.603  -30.791  48.497 0.0000000000
51373  7.132  -36.077  64.944 0.0000000000
52552  6.909  -35.829  64.127 0.0000000000
53712  8.136  -34.729  63.284 0.0000000000
52550  8.752  -35.630  64.653 0.0000000000
50140  8.366  -37.223  65.832 0.0000000000
51359  7.810  -36.481  65.339 0.0000000000
51360  6.795  -36.870  65.179 0.0000000000
47140  0.989  -39.977  48.835 0.0000000000
49296  0.485  -38.562  48.596 0.0000000000
44829  0.707  -43.042  63.095 0.0000000000
45892  1.002  -41.963  62.575 0.0000000000
45888  1.174  -41.818  63.375 0.0000000000
50276  12.855  -36.908  59.578 0.0000000000
44821  2.063  -42.525  64.067 0.0000000000
41308  1.119  -45.071  63.849 0.0000000000
43655  1.276  -44.161  63.370 0.0000000000
42496  0.830  -45.189  62.893 0.0000000000
50303  3.750  -37.596  58.315 0.0000000000
50318  4.232  -37.561  57.151 0.0000000000
51495  3.251  -37.194  56.719 0.0000000000
57108  -0.611  -32.149  51.672 0.0000000000
54992  -0.204  -33.577  51.282 0.0000000000
57134  -0.016  -32.283  50.840 0.0000000000
56058  0.321  -32.409  49.534 0.0000000000
57133  0.294  -31.772  50.368 0.0000000000
48006  3.270  -39.554  64.849 0.0000000000
49070  2.600  -38.537  64.482 0.0000000000
49069  3.478  -38.585  65.071 0.0000000000
52578  5.455  -35.414  62.281 0.0000000000
53770  6.188  -34.525  59.893 0.0000000000
50178  12.405  -37.608  63.695 0.0000000000
50203  11.749  -37.242  62.897 0.0000000000
50180  10.187  -37.731  63.524 0.0000000000
49068  7.834  -38.568  64.069 0.0000000000
49093  7.892  -38.889  62.539 0.0000000000
48014  7.705  -39.584  62.394 0.0000000000
45886  6.158  -41.291  63.340 0.0000000000
47995  4.906  -39.692  65.407 0.0000000000
45878  4.842  -41.006  64.898 0.0000000000
46932  4.547  -40.497  65.156 0.0000000000
45880  3.657  -41.529  64.927 0.0000000000
54935  -0.496  -33.486  56.490 0.0000000000
52679  -0.853  -35.518  55.219 0.0000000000
55993  -0.844  -32.733  55.942 0.0000000000
59047  -0.317  -30.528  56.582 0.0000000000
57075  -1.014  -31.127  54.918 0.0000000000
59083  0.211  -30.859  55.494 0.0000000000
57073  0.218  -31.666  54.587 0.0000000000
59082  0.494  -30.196  54.937 0.0000000000
50154  14.178  -38.218  64.705 0.0000000000
41370  -0.630  -45.043  59.067 0.0000000000
43686  0.016  -44.314  58.790 0.0000000000
43684  -0.348  -43.464  59.861 0.0000000000
46959  2.347  -41.178  60.718 0.0000000000
45900  2.095  -41.698  60.074 0.0000000000
46958  3.181  -40.282  60.717 0.0000000000
48044  3.469  -39.724  59.867 0.0000000000
49121  2.801  -38.930  60.560 0.0000000000
49084  1.658  -38.044  63.425 0.0000000000
49094  1.770  -38.754  63.002 0.0000000000
51413  1.536  -36.616  62.070 0.0000000000
52618  1.748  -35.555  59.056 0.0000000000
51430  1.520  -36.560  60.455 0.0000000000
130869  0.930  -36.613  59.352 0.0000000000
130865  -0.393  -38.477  59.678 0.0000000000
52632  0.506  -36.101  58.457 0.0000000000
52647  -0.151  -35.367  57.381 0.0000000000
52645  1.319  -34.953  57.470 0.0000000000
49132  9.160  -37.878  59.708 0.0000000000
48040  10.204  -38.011  58.593 0.0000000000
42520  4.241  -44.179  61.555 0.0000000000
41351  4.038  -45.102  60.068 0.0000000000
41338  3.492  -45.106  61.449 0.0000000000
130717  1.270  -47.930  61.776 0.0000000000
38948  1.555  -46.493  61.227 0.0000000000
41339  -0.417  -44.949  60.967 0.0000000000
41368  -0.704  -45.771  58.953 0.0000000000
45940  0.979  -42.931  56.833 0.0000000000
45954  0.351  -42.596  55.783 0.0000000000
47005  1.438  -41.798  56.378 0.0000000000
48103  3.680  -39.635  54.661 0.0000000000
45978  1.874  -40.449  54.089 0.0000000000
48139  2.171  -39.627  53.274 0.0000000000
49219  1.090  -39.407  51.995 0.0000000000
49217  2.729  -39.025  52.455 0.0000000000
52696  1.236  -35.551  54.321 0.0000000000
51559  2.219  -36.561  54.271 0.0000000000
52719  2.382  -35.706  53.720 0.0000000000
52789  3.194  -34.799  50.637 0.0000000000
52766  3.926  -35.268  51.291 0.0000000000
52787  4.478  -35.547  49.934 0.0000000000
50450  3.666  -37.052  49.401 0.0000000000
51649  3.566  -36.586  48.146 0.0000000000
51671  2.162  -37.184  47.302 0.0000000000
52829  2.711  -35.755  46.992 0.0000000000
56102  0.236  -32.729  46.415 0.0000000000
55033  1.626  -33.731  45.600 0.0000000000
55056  0.777  -33.301  45.205 0.0000000000
62070  3.014  -27.039  56.006 0.0000000000
60035  2.325  -28.463  55.166 0.0000000000
61010  3.273  -27.404  55.429 0.0000000000
60082  5.400  -28.443  52.660 0.0000000000
60083  4.114  -28.588  52.892 0.0000000000
60084  3.375  -29.359  52.917 0.0000000000
59131  3.204  -30.271  51.533 0.0000000000
58146  2.094  -30.009  50.225 0.0000000000
58145  2.924  -30.553  50.415 0.0000000000
50159  4.937  -37.576  65.375 0.0000000000
51375  5.027  -36.891  64.798 0.0000000000
51389  5.598  -36.344  63.977 0.0000000000
50138  10.373  -37.043  65.570 0.0000000000
49066  9.730  -37.937  64.824 0.0000000000
49052  9.037  -37.768  65.434 0.0000000000
49053  7.835  -38.081  65.114 0.0000000000
48003  7.255  -38.911  64.590 0.0000000000
48005  6.181  -40.146  64.484 0.0000000000
47993  6.750  -39.040  65.211 0.0000000000
50143  5.512  -37.863  65.710 0.0000000000
57005  -0.058  -31.072  58.117 0.0000000000
57022  -0.820  -31.452  57.295 0.0000000000
58019  -0.222  -30.420  58.179 0.0000000000
59999  -0.360  -29.732  57.739 0.0000000000
60010  0.141  -29.009  57.037 0.0000000000
43672  -0.098  -43.471  61.334 0.0000000000
44842  -0.256  -43.007  60.677 0.0000000000
43671  0.596  -43.170  61.625 0.0000000000
46955  1.751  -41.340  61.765 0.0000000000
46954  2.555  -40.380  61.637 0.0000000000
52593  3.357  -35.685  61.171 0.0000000000
52582  2.085  -36.227  61.748 0.0000000000
52616  3.006  -35.403  59.702 0.0000000000
52617  2.429  -35.297  59.280 0.0000000000
52629  2.064  -35.215  58.133 0.0000000000
52644  1.913  -34.866  57.362 0.0000000000
43665  2.802  -43.938  63.285 0.0000000000
40170  2.594  -45.469  62.299 0.0000000000
130776  2.433  -45.103  63.434 0.0000000000
38894  0.500  -45.853  63.024 0.0000000000
38908  -0.163  -47.563  62.794 0.0000000000
38909  0.234  -46.663  61.983 0.0000000000
40173  -0.465  -46.661  62.859 0.0000000000
41326  -0.395  -45.564  61.733 0.0000000000
48066  3.648  -39.969  57.848 0.0000000000
47003  2.490  -40.758  56.303 0.0000000000
46987  3.836  -40.141  56.973 0.0000000000
48089  4.318  -39.311  55.451 0.0000000000
49187  4.996  -38.646  54.670 0.0000000000
53855  -1.516  -34.688  52.588 0.0000000000
52769  0.635  -34.694  52.371 0.0000000000
53874  0.058  -34.367  51.944 0.0000000000
53897  1.563  -34.307  50.445 0.0000000000
53915  2.656  -34.009  49.227 0.0000000000
53931  2.754  -34.189  48.136 0.0000000000
55003  1.155  -33.188  49.034 0.0000000000
56074  0.307  -32.349  48.211 0.0000000000
56075  -0.762  -32.001  47.696 0.0000000000
59109  5.816  -29.194  52.114 0.0000000000
58144  4.040  -31.173  50.274 0.0000000000
58143  5.206  -31.144  50.536 0.0000000000
45884  2.213  -41.580  64.322 0.0000000000
46941  1.908  -40.970  64.058 0.0000000000
48007  2.634  -39.557  64.320 0.0000000000
49071  1.880  -38.070  64.182 0.0000000000
51392  2.937  -36.951  62.963 0.0000000000
51390  4.811  -36.621  63.404 0.0000000000
51410  4.238  -36.329  62.533 0.0000000000
52580  3.738  -35.871  61.914 0.0000000000
52604  4.914  -35.557  60.323 0.0000000000
50226  13.437  -37.422  61.953 0.0000000000
50250  12.826  -36.899  60.854 0.0000000000
50228  12.120  -36.911  62.243 0.0000000000
49080  9.518  -38.124  63.916 0.0000000000
49105  8.357  -38.633  61.684 0.0000000000
48029  7.648  -39.476  60.640 0.0000000000
43662  5.188  -42.976  62.026 0.0000000000
43663  4.275  -43.150  62.270 0.0000000000
46938  5.849  -40.681  64.230 0.0000000000
44825  5.160  -42.261  64.067 0.0000000000
44834  3.884  -43.109  63.554 0.0000000000
130777  3.712  -43.074  64.284 0.0000000000
130785  2.785  -42.333  64.225 0.0000000000
50341  0.313  -36.952  56.441 0.0000000000
50360  1.660  -37.122  55.891 0.0000000000
51542  0.191  -35.920  55.318 0.0000000000
52678  -0.009  -35.045  54.869 0.0000000000
53830  -0.072  -34.112  54.231 0.0000000000
55994  -1.290  -32.152  55.641 0.0000000000
54957  -0.244  -33.546  54.568 0.0000000000
54959  -0.805  -33.883  53.318 0.0000000000
56024  -0.227  -33.097  52.843 0.0000000000
57098  0.281  -32.303  52.785 0.0000000000
58113  1.393  -30.762  52.962 0.0000000000
53693  9.445  -34.910  64.307 0.0000000000
50224  15.297  -36.710  61.988 0.0000000000
49074  19.813  -38.280  64.079 0.0000000000
50150  18.454  -37.986  65.091 0.0000000000
51405  18.255  -37.323  63.173 0.0000000000
50197  17.057  -37.692  62.676 0.0000000000
50198  16.045  -37.406  62.799 0.0000000000
50225  14.317  -37.078  62.076 0.0000000000
50155  13.424  -38.099  64.801 0.0000000000
50136  12.454  -37.319  65.531 0.0000000000
51355  12.353  -37.102  65.951 0.0000000000
51356  11.134  -36.627  65.588 0.0000000000
52532  10.902  -35.938  65.279 0.0000000000
52549  9.761  -35.524  64.767 0.0000000000
44867  0.548  -43.009  57.914 0.0000000000
45926  1.074  -42.435  58.289 0.0000000000
45902  0.547  -42.076  60.317 0.0000000000
45911  1.144  -41.800  59.445 0.0000000000
45909  2.699  -41.246  58.638 0.0000000000
48057  3.623  -39.946  58.855 0.0000000000
49135  3.774  -38.337  59.200 0.0000000000
50304  2.681  -37.597  58.422 0.0000000000
46945  2.242  -40.328  63.485 0.0000000000
48015  2.245  -39.446  62.755 0.0000000000
49106  1.667  -38.654  61.842 0.0000000000
51414  1.394  -36.889  61.307 0.0000000000
49107  0.883  -38.151  61.462 0.0000000000
50256  1.529  -38.816  60.252 0.0000000000
130866  1.143  -39.017  59.947 0.0000000000
50305  1.568  -37.620  58.180 0.0000000000
130862  0.290  -37.195  57.207 0.0000000000
51497  -0.431  -35.978  56.685 0.0000000000
53798  -0.232  -34.295  57.170 0.0000000000
54920  -0.117  -33.404  57.164 0.0000000000
54918  1.752  -33.251  56.934 0.0000000000
55955  0.925  -32.445  57.202 0.0000000000
57021  0.358  -31.738  57.685 0.0000000000
41381  3.443  -45.522  58.932 0.0000000000
38933  1.876  -46.027  60.973 0.0000000000
47014  1.760  -41.827  55.369 0.0000000000
47028  1.287  -41.988  54.317 0.0000000000
49259  0.153  -38.911  50.371 0.0000000000
51539  2.976  -36.863  55.174 0.0000000000
51557  4.111  -36.777  54.164 0.0000000000
50392  4.995  -37.342  53.175 0.0000000000
52745  2.610  -35.225  52.706 0.0000000000
51594  4.994  -36.173  52.717 0.0000000000
49215  4.618  -38.132  52.059 0.0000000000
50417  3.887  -38.541  50.875 0.0000000000
50434  1.304  -38.113  50.145 0.0000000000
50454  -0.212  -38.154  49.640 0.0000000000
50475  0.476  -37.955  48.699 0.0000000000
52850  2.184  -35.220  46.337 0.0000000000
52851  1.582  -35.503  45.713 0.0000000000
60987  1.006  -27.415  57.963 0.0000000000
62044  1.694  -26.995  57.643 0.0000000000
60019  1.185  -28.577  56.066 0.0000000000
60036  1.492  -28.751  55.357 0.0000000000
60052  1.836  -29.088  54.651 0.0000000000
59114  2.039  -30.399  52.703 0.0000000000
60050  3.436  -28.298  54.323 0.0000000000
60085  3.087  -29.988  52.970 0.0000000000
59133  1.771  -30.268  51.786 0.0000000000
58147  1.363  -30.055  50.412 0.0000000000
58176  0.903  -30.927  48.773 0.0000000000
58189  0.932  -31.149  47.615 0.0000000000
59181  1.821  -31.085  47.048 0.0000000000
52551  7.739  -35.716  64.446 0.0000000000
52564  7.473  -35.225  63.488 0.0000000000
52534  8.369  -36.157  65.119 0.0000000000
52535  8.049  -35.998  64.915 0.0000000000
51372  7.652  -36.025  64.971 0.0000000000
47118  0.506  -40.006  50.020 0.0000000000
48192  0.688  -39.386  49.373 0.0000000000
48213  0.855  -39.319  48.644 0.0000000000
49278  0.238  -38.734  49.554 0.0000000000
44828  1.066  -42.680  63.356 0.0000000000
45889  0.689  -42.323  63.107 0.0000000000
51441  13.959  -36.613  60.501 0.0000000000
50275  13.720  -36.835  59.383 0.0000000000
51457  13.463  -36.579  60.003 0.0000000000
43658  1.563  -42.943  63.753 0.0000000000
43659  1.244  -43.377  63.398 0.0000000000
44823  1.035  -43.776  63.094 0.0000000000
50319  3.264  -37.433  57.432 0.0000000000
50338  2.651  -37.335  56.840 0.0000000000
57121  0.260  -31.506  51.333 0.0000000000
56049  -0.363  -32.477  51.310 0.0000000000
58148  0.768  -30.567  50.921 0.0000000000
47996  4.095  -39.588  65.129 0.0000000000
50157  11.686  -37.326  64.813 0.0000000000
50179  11.153  -37.660  63.819 0.0000000000
49078  10.985  -37.666  64.650 0.0000000000
48010  7.361  -39.593  63.567 0.0000000000
46947  6.948  -40.237  62.729 0.0000000000
45890  6.200  -41.659  62.650 0.0000000000
46943  6.442  -40.623  63.427 0.0000000000
46933  3.818  -40.562  65.156 0.0000000000
60021  0.141  -29.785  56.663 0.0000000000
59067  0.168  -30.806  55.958 0.0000000000
59046  0.160  -30.063  56.159 0.0000000000
59066  0.353  -29.885  55.556 0.0000000000
41355  -0.443  -44.864  59.558 0.0000000000
42534  -0.409  -44.478  59.519 0.0000000000
43677  -0.570  -43.610  60.250 0.0000000000
46953  3.133  -39.961  61.215 0.0000000000
48030  3.135  -39.431  60.838 0.0000000000
50207  1.903  -37.382  62.728 0.0000000000
130864  1.394  -36.261  59.520 0.0000000000
52619  1.160  -35.671  58.770 0.0000000000
130867  0.912  -35.957  58.990 0.0000000000
52631  0.691  -35.631  58.201 0.0000000000
42510  3.838  -43.688  62.189 0.0000000000
42521  3.625  -44.666  61.871 0.0000000000
37714  0.855  -47.296  62.095 0.0000000000
130725  1.213  -46.611  61.309 0.0000000000
41353  -0.491  -44.650  60.529 0.0000000000
41354  -0.328  -45.159  59.974 0.0000000000
41369  -0.659  -45.334  59.036 0.0000000000
46992  1.282  -42.196  56.909 0.0000000000
47006  1.360  -42.174  56.610 0.0000000000
46990  1.428  -41.316  56.996 0.0000000000
48119  3.947  -39.392  53.704 0.0000000000
48120  2.941  -39.688  53.933 0.0000000000
48138  3.211  -39.352  53.094 0.0000000000
48137  4.072  -39.225  52.677 0.0000000000
52721  0.745  -34.746  54.044 0.0000000000
52720  1.469  -35.343  53.799 0.0000000000
52747  0.330  -34.670  53.172 0.0000000000
53895  3.496  -34.358  49.840 0.0000000000
52788  4.133  -34.956  50.398 0.0000000000
52801  4.470  -35.424  49.155 0.0000000000
51635  4.429  -36.057  49.361 0.0000000000
52813  4.338  -35.569  48.591 0.0000000000
51669  3.744  -36.181  47.959 0.0000000000
53930  3.749  -34.899  48.069 0.0000000000
56103  -0.089  -32.538  46.327 0.0000000000
55036  -0.068  -33.002  46.178 0.0000000000
56113  -0.165  -32.564  46.112 0.0000000000
62042  3.198  -26.723  57.148 0.0000000000
62054  3.432  -26.524  56.238 0.0000000000
62069  3.410  -26.953  55.496 0.0000000000
59110  4.683  -29.260  52.197 0.0000000000
61054  4.983  -27.941  53.254 0.0000000000
59111  3.757  -29.580  52.265 0.0000000000
58130  3.155  -30.506  51.007 0.0000000000
58129  3.625  -30.653  51.087 0.0000000000
51362  5.306  -37.331  65.374 0.0000000000
52576  7.058  -35.120  62.756 0.0000000000
49051  9.938  -37.447  65.334 0.0000000000
50139  9.436  -37.080  65.909 0.0000000000
47992  7.172  -38.533  65.115 0.0000000000
49054  6.949  -38.223  65.435 0.0000000000
50142  6.422  -37.661  65.579 0.0000000000
51361  5.835  -37.067  65.403 0.0000000000
59987  0.435  -28.467  59.427 0.0000000000
59998  -0.052  -29.023  58.106 0.0000000000
43667  0.522  -43.845  62.110 0.0000000000
43666  0.583  -43.344  61.781 0.0000000000
46949  2.263  -40.274  62.657 0.0000000000
52605  3.856  -35.917  60.255 0.0000000000
52606  3.091  -35.628  60.389 0.0000000000
52615  3.658  -35.565  59.551 0.0000000000
53773  3.300  -35.046  59.027 0.0000000000
53786  2.783  -34.920  58.574 0.0000000000
53794  3.099  -34.058  57.392 0.0000000000
53795  2.461  -34.404  57.502 0.0000000000
130781  2.282  -44.586  63.773 0.0000000000
42486  0.657  -45.332  64.211 0.0000000000
40147  0.734  -45.684  63.522 0.0000000000
40148  0.339  -46.302  64.268 0.0000000000
38896  -0.059  -47.130  63.537 0.0000000000
40161  -0.197  -46.625  63.980 0.0000000000
41309  -0.225  -45.852  63.672 0.0000000000
43660  0.914  -44.175  62.700 0.0000000000
42503  0.453  -44.907  62.236 0.0000000000
42513  -0.114  -44.466  61.525 0.0000000000
46988  3.020  -40.407  57.154 0.0000000000
48065  4.232  -39.595  57.489 0.0000000000
49160  4.673  -38.434  56.217 0.0000000000
49173  4.804  -38.642  55.246 0.0000000000
50336  4.925  -37.830  55.321 0.0000000000
54968  -1.234  -33.860  52.464 0.0000000000
53875  -0.753  -34.313  52.229 0.0000000000
54977  -0.654  -33.556  51.786 0.0000000000
55005  0.294  -33.493  50.471 0.0000000000
53918  0.310  -34.037  50.764 0.0000000000
53896  2.483  -34.275  50.094 0.0000000000
53916  1.548  -33.761  49.609 0.0000000000
53932  1.960  -33.413  48.683 0.0000000000
55019  0.742  -32.771  48.942 0.0000000000
57152  -0.120  -31.892  47.992 0.0000000000
59128  6.265  -29.817  51.432 0.0000000000
58127  5.522  -30.537  51.205 0.0000000000
46940  2.419  -40.552  64.236 0.0000000000
50161  2.903  -37.604  64.406 0.0000000000
50162  2.217  -37.892  64.331 0.0000000000
50182  2.495  -37.224  63.462 0.0000000000
52579  4.613  -35.625  62.053 0.0000000000
52592  4.306  -35.733  61.204 0.0000000000
50201  13.105  -38.109  62.473 0.0000000000
50227  12.716  -37.186  61.986 0.0000000000
50202  12.551  -37.793  62.714 0.0000000000
50204  10.666  -37.152  62.731 0.0000000000
51427  10.855  -36.395  62.129 0.0000000000
50230  10.009  -37.394  62.142 0.0000000000
49081  8.477  -38.305  63.493 0.0000000000
48013  8.077  -39.090  62.287 0.0000000000
49092  8.245  -38.452  62.453 0.0000000000
48019  8.242  -39.274  61.956 0.0000000000
48028  8.060  -39.175  61.321 0.0000000000
45899  7.005  -41.293  60.750 0.0000000000
44831  5.762  -42.466  62.343 0.0000000000
44832  4.880  -42.340  62.938 0.0000000000
45882  4.875  -41.862  64.686 0.0000000000
45881  5.186  -41.482  64.534 0.0000000000
44820  4.682  -42.293  64.484 0.0000000000
44826  4.480  -42.852  63.869 0.0000000000
130775  4.031  -43.325  64.142 0.0000000000
130780  4.201  -42.975  64.485 0.0000000000
45883  2.964  -41.497  64.513 0.0000000000
130784  3.623  -42.441  64.499 0.0000000000
50343  -0.728  -36.136  55.833 0.0000000000
51520  -0.026  -36.387  55.693 0.0000000000
51543  -0.953  -36.014  55.074 0.0000000000
53820  -0.370  -34.467  55.049 0.0000000000
53819  -0.006  -34.489  54.646 0.0000000000
58029  -1.486  -30.674  57.135 0.0000000000
57044  -1.536  -31.704  56.529 0.0000000000
57045  -2.096  -31.316  56.093 0.0000000000
57074  -0.506  -31.525  55.233 0.0000000000
56010  -0.434  -32.432  55.038 0.0000000000
56020  -0.247  -33.019  53.963 0.0000000000
56019  0.044  -32.318  54.269 0.0000000000
58078  0.621  -30.555  54.345 0.0000000000
57091  0.356  -31.892  53.582 0.0000000000
58097  0.567  -30.979  53.592 0.0000000000
58114  0.764  -31.491  52.807 0.0000000000
58096  1.158  -30.433  53.835 0.0000000000
53710  9.810  -34.566  63.643 0.0000000000
53726  10.393  -34.399  62.678 0.0000000000
50246  17.002  -37.075  60.935 0.0000000000
51439  16.915  -36.570  60.360 0.0000000000
50247  15.909  -36.648  60.685 0.0000000000
50130  17.395  -37.784  65.774 0.0000000000
50171  19.121  -37.973  64.080 0.0000000000
50172  17.888  -37.594  63.694 0.0000000000
50173  16.646  -37.639  63.670 0.0000000000
50174  15.580  -37.434  63.652 0.0000000000
50199  15.095  -37.398  62.706 0.0000000000
50175  14.555  -37.524  63.715 0.0000000000
50134  13.665  -38.133  65.374 0.0000000000
50135  13.010  -37.891  65.542 0.0000000000
50156  12.774  -37.491  64.812 0.0000000000
50123  12.661  -37.818  65.969 0.0000000000
52530  12.988  -36.395  65.479 0.0000000000
52562  10.660  -35.291  64.029 0.0000000000
52548  10.583  -35.435  64.566 0.0000000000
53692  10.117  -34.954  64.272 0.0000000000
42574  -1.056  -44.755  57.699 0.0000000000
45928  0.468  -43.157  58.944 0.0000000000
44868  0.404  -43.563  58.413 0.0000000000
45927  0.611  -42.735  58.524 0.0000000000
44841  0.375  -42.719  61.153 0.0000000000
44848  0.092  -42.637  60.268 0.0000000000
46968  2.488  -41.369  59.929 0.0000000000
44854  1.642  -41.703  59.679 0.0000000000
45910  2.115  -41.586  59.270 0.0000000000
49136  3.091  -38.789  59.800 0.0000000000
49148  3.768  -39.080  59.119 0.0000000000
50281  3.319  -37.793  59.226 0.0000000000
52595  2.092  -36.485  61.122 0.0000000000
52583  1.703  -36.530  61.589 0.0000000000
52596  1.751  -36.733  61.167 0.0000000000
50231  0.645  -37.325  60.532 0.0000000000
49108  0.112  -37.926  61.139 0.0000000000
49123  0.911  -38.458  60.555 0.0000000000
130850  0.118  -38.396  60.546 0.0000000000
130856  0.289  -38.911  59.848 0.0000000000
130863  -0.083  -37.012  56.921 0.0000000000
52648  -0.247  -35.861  57.208 0.0000000000
50277  12.048  -37.235  59.917 0.0000000000
41367  3.475  -45.644  59.764 0.0000000000
41366  3.943  -45.168  59.233 0.0000000000
38904  2.154  -45.747  62.427 0.0000000000
40182  2.860  -45.506  61.794 0.0000000000
38919  1.842  -45.775  61.732 0.0000000000
41396  -1.712  -46.167  57.985 0.0000000000
45953  0.661  -42.530  55.724 0.0000000000
45955  -0.149  -42.792  55.721 0.0000000000
47030  -0.142  -42.445  54.817 0.0000000000
47029  0.566  -42.285  54.502 0.0000000000
47004  1.598  -41.019  56.295 0.0000000000
47013  2.176  -41.117  55.343 0.0000000000
47041  1.618  -40.574  53.578 0.0000000000
47027  1.921  -41.317  54.138 0.0000000000
47042  1.097  -41.229  53.317 0.0000000000
47043  0.604  -41.638  53.368 0.0000000000
48123  1.069  -40.789  52.933 0.0000000000
49220  0.643  -39.613  51.729 0.0000000000
49238  0.659  -38.931  51.126 0.0000000000
49258  0.899  -38.688  50.541 0.0000000000
51541  0.989  -36.662  55.340 0.0000000000
51540  1.876  -36.999  55.308 0.0000000000
52694  3.165  -36.006  53.928 0.0000000000
51558  3.294  -36.526  54.306 0.0000000000
50377  4.631  -37.265  53.882 0.0000000000
51577  4.355  -36.746  53.399 0.0000000000
52768  1.664  -34.749  52.106 0.0000000000
52742  4.804  -36.244  51.262 0.0000000000
52743  4.757  -35.714  51.745 0.0000000000
51593  5.178  -36.446  51.679 0.0000000000
50403  5.031  -37.280  52.143 0.0000000000
50416  4.933  -37.918  51.063 0.0000000000
49234  4.298  -38.538  51.637 0.0000000000
50451  3.010  -37.630  49.294 0.0000000000
50452  1.826  -37.721  49.424 0.0000000000
50453  0.718  -37.845  49.482 0.0000000000
50474  1.254  -37.567  48.695 0.0000000000
52831  1.338  -36.420  45.872 0.0000000000
55017  2.066  -33.035  47.580 0.0000000000
53939  2.603  -34.282  46.866 0.0000000000
53974  1.378  -34.393  44.963 0.0000000000
53951  1.714  -34.815  45.193 0.0000000000
52876  1.183  -35.474  44.900 0.0000000000
52877  0.201  -35.609  45.297 0.0000000000
62043  2.477  -26.898  57.430 0.0000000000
60997  1.623  -27.616  56.674 0.0000000000
61012  1.949  -28.280  55.873 0.0000000000
59080  2.292  -29.649  54.000 0.0000000000
59094  1.859  -30.211  53.528 0.0000000000
61041  4.594  -27.939  53.893 0.0000000000
61026  4.574  -27.319  54.313 0.0000000000
60049  4.013  -27.920  54.263 0.0000000000
59112  3.098  -29.936  52.301 0.0000000000
59113  2.584  -30.217  52.455 0.0000000000
59150  1.237  -29.837  51.121 0.0000000000
59149  1.906  -29.704  51.007 0.0000000000
58159  2.252  -30.456  49.384 0.0000000000
58160  1.531  -30.461  49.525 0.0000000000
53729  7.666  -34.632  62.576 0.0000000000
51371  9.437  -35.982  65.179 0.0000000000
51358  8.854  -36.353  65.629 0.0000000000
49295  0.713  -39.144  48.248 0.0000000000
44830  0.717  -43.371  62.733 0.0000000000
44836  0.923  -42.871  62.304 0.0000000000
45893  0.532  -42.435  62.918 0.0000000000
43654  1.799  -43.879  63.847 0.0000000000
42494  0.898  -44.731  63.880 0.0000000000
42487  0.446  -45.116  64.233 0.0000000000
42488  -0.070  -44.842  63.863 0.0000000000
43656  1.082  -44.540  63.285 0.0000000000
44824  1.017  -43.561  62.970 0.0000000000
50302  4.344  -37.916  58.206 0.0000000000
49153  4.501  -38.676  57.568 0.0000000000
51516  3.757  -36.951  56.197 0.0000000000
56035  -1.737  -32.033  51.803 0.0000000000
56033  -0.663  -32.398  51.629 0.0000000000
56060  0.123  -33.240  50.994 0.0000000000
56059  0.003  -32.761  50.484 0.0000000000
55004  0.527  -33.142  49.568 0.0000000000
58161  0.993  -30.956  49.858 0.0000000000
52567  4.971  -35.945  62.667 0.0000000000
53761  5.764  -34.960  60.467 0.0000000000
49082  7.701  -38.700  63.036 0.0000000000
49056  5.273  -38.835  65.778 0.0000000000
46931  5.174  -40.507  64.886 0.0000000000
45879  4.485  -41.501  64.980 0.0000000000
44818  4.139  -42.383  64.655 0.0000000000
53806  -0.503  -34.493  56.225 0.0000000000
53821  -0.652  -34.980  55.405 0.0000000000
59048  -0.739  -30.822  56.173 0.0000000000
58067  -1.732  -30.850  55.711 0.0000000000
59068  -0.380  -31.114  55.962 0.0000000000
58080  -0.608  -31.093  55.401 0.0000000000
58079  0.261  -31.110  55.168 0.0000000000
50222  17.437  -37.573  61.671 0.0000000000
51368  14.419  -37.785  64.332 0.0000000000
50133  14.518  -37.975  65.272 0.0000000000
50121  13.881  -37.580  65.707 0.0000000000
52547  11.582  -35.375  64.870 0.0000000000
41384  -1.047  -45.204  58.434 0.0000000000
42559  -0.876  -44.824  58.328 0.0000000000
42545  -0.310  -44.572  59.051 0.0000000000
44851  -0.132  -43.905  59.493 0.0000000000
45914  0.294  -43.165  59.441 0.0000000000
46960  1.690  -41.562  61.156 0.0000000000
45901  1.398  -41.718  60.483 0.0000000000
51448  1.832  -35.973  59.824 0.0000000000
52646  0.530  -35.043  57.534 0.0000000000
49117  10.159  -37.575  60.647 0.0000000000
49131  10.377  -37.963  59.257 0.0000000000
42519  4.899  -43.754  61.378 0.0000000000
41337  3.937  -44.843  60.814 0.0000000000
41352  3.416  -45.454  60.601 0.0000000000
38934  1.399  -46.629  61.609 0.0000000000
41340  -0.354  -45.671  61.147 0.0000000000
40191  -0.077  -45.952  60.155 0.0000000000
130729  -0.424  -46.088  59.238 0.0000000000
41382  -1.046  -45.975  58.727 0.0000000000
41383  -1.295  -45.872  58.499 0.0000000000
45941  1.238  -43.084  56.910 0.0000000000
45949  0.162  -43.072  56.252 0.0000000000
45948  0.728  -42.947  56.389 0.0000000000
45947  1.000  -42.645  56.165 0.0000000000
47015  1.106  -42.352  55.562 0.0000000000
48091  2.821  -40.213  55.213 0.0000000000
47025  2.527  -40.286  55.043 0.0000000000
48104  2.622  -39.915  54.782 0.0000000000
48121  2.079  -39.808  54.148 0.0000000000
47059  1.558  -39.904  53.653 0.0000000000
48140  1.507  -39.987  52.828 0.0000000000
49218  1.823  -39.239  52.248 0.0000000000
49236  2.414  -38.795  51.415 0.0000000000
51580  1.659  -36.052  54.188 0.0000000000
52765  4.468  -35.903  50.851 0.0000000000
51622  4.494  -36.563  50.235 0.0000000000
50432  3.966  -37.566  50.116 0.0000000000
51623  3.969  -36.897  49.853 0.0000000000
50471  3.876  -36.802  48.975 0.0000000000
50472  3.394  -37.015  48.575 0.0000000000
51650  1.624  -37.413  48.092 0.0000000000
50495  2.890  -37.033  47.971 0.0000000000
51670  3.185  -36.540  47.619 0.0000000000
56090  0.840  -32.678  46.935 0.0000000000
55025  1.646  -33.332  46.500 0.0000000000
56101  0.600  -33.015  46.351 0.0000000000
55055  1.235  -33.701  45.263 0.0000000000
53975  1.021  -34.069  44.812 0.0000000000
62055  2.675  -27.203  56.621 0.0000000000
61011  2.879  -27.768  55.888 0.0000000000
61028  2.998  -28.188  54.936 0.0000000000
61055  4.388  -28.239  53.463 0.0000000000
59148  2.549  -30.168  50.959 0.0000000000
50160  4.133  -37.718  65.128 0.0000000000
52553  6.230  -36.016  63.825 0.0000000000
49050  10.556  -37.357  65.338 0.0000000000
49065  10.641  -37.602  65.051 0.0000000000
48011  6.944  -40.121  63.714 0.0000000000
48004  6.666  -39.832  64.324 0.0000000000
49055  6.161  -38.597  65.668 0.0000000000
50144  4.790  -38.109  65.688 0.0000000000
57006  -0.469  -30.893  57.816 0.0000000000
58028  -0.682  -30.599  57.531 0.0000000000
59025  0.363  -29.564  58.722 0.0000000000
59026  -0.439  -29.902  58.035 0.0000000000
59035  -0.494  -30.197  57.374 0.0000000000
60011  -0.135  -29.761  57.260 0.0000000000
42522  -0.536  -44.222  60.854 0.0000000000
44840  1.035  -42.513  61.621 0.0000000000
44835  1.152  -42.343  62.101 0.0000000000
45896  1.259  -41.944  61.557 0.0000000000
48021  2.965  -39.764  61.397 0.0000000000
52581  2.833  -35.956  61.865 0.0000000000
52594  2.571  -35.902  60.990 0.0000000000
52607  2.556  -35.663  60.129 0.0000000000
51447  2.227  -35.811  60.176 0.0000000000
42512  3.040  -44.443  62.685 0.0000000000
41324  3.308  -45.087  62.229 0.0000000000
41315  2.826  -44.914  62.739 0.0000000000
40157  2.416  -45.584  62.832 0.0000000000
40171  1.831  -45.925  62.719 0.0000000000
130782  1.915  -45.153  63.869 0.0000000000
40159  1.114  -45.396  62.944 0.0000000000
38906  0.873  -46.707  62.215 0.0000000000
37705  0.484  -48.043  62.801 0.0000000000
38922  0.418  -46.985  61.874 0.0000000000
40174  -0.449  -47.062  62.386 0.0000000000
40183  -0.530  -46.169  62.103 0.0000000000
41316  0.205  -46.002  62.559 0.0000000000
46989  2.158  -40.942  57.302 0.0000000000
47002  3.342  -40.408  56.219 0.0000000000
48078  4.229  -39.624  56.507 0.0000000000
48090  3.460  -40.098  55.561 0.0000000000
48102  4.671  -39.173  54.483 0.0000000000
48101  5.153  -38.814  54.186 0.0000000000
52748  -0.841  -34.786  52.926 0.0000000000
52770  -0.327  -34.544  52.546 0.0000000000
53873  0.810  -34.544  51.601 0.0000000000
53919  0.097  -33.901  51.203 0.0000000000
53898  0.794  -34.443  50.835 0.0000000000
53872  1.622  -34.670  51.192 0.0000000000
53871  2.318  -34.647  50.773 0.0000000000
53914  3.587  -34.443  48.899 0.0000000000
55018  1.356  -32.687  48.407 0.0000000000
56073  1.316  -32.647  47.629 0.0000000000
56091  0.138  -32.251  46.956 0.0000000000
56092  -0.492  -32.179  47.243 0.0000000000
56093  -0.794  -31.986  47.256 0.0000000000
59129  5.157  -29.975  51.713 0.0000000000
58128  4.588  -30.762  51.248 0.0000000000
58142  6.262  -30.444  50.544 0.0000000000
48194  -0.927  -39.373  49.818 0.0000000000
45885  1.643  -41.707  64.002 0.0000000000
49083  2.191  -38.700  63.828 0.0000000000
50183  1.954  -37.579  63.923 0.0000000000
50206  2.444  -37.099  62.858 0.0000000000
51376  3.912  -37.045  64.156 0.0000000000
51391  3.797  -36.994  63.074 0.0000000000
51411  3.322  -36.489  62.434 0.0000000000
52614  4.441  -35.566  59.555 0.0000000000
50251  11.591  -36.562  61.004 0.0000000000
51408  11.736  -36.872  62.416 0.0000000000
51443  10.986  -36.162  61.489 0.0000000000
50254  8.421  -37.868  60.505 0.0000000000
49079  10.331  -37.731  64.363 0.0000000000
50181  9.614  -37.793  63.389 0.0000000000
49091  9.154  -38.077  62.983 0.0000000000
49104  9.069  -37.765  61.776 0.0000000000
49119  7.938  -38.272  60.766 0.0000000000
49134  7.620  -38.757  59.938 0.0000000000
43661  5.903  -43.017  61.789 0.0000000000
43670  4.838  -43.528  61.713 0.0000000000
46937  6.318  -40.354  64.147 0.0000000000
46944  6.094  -41.099  63.670 0.0000000000
45887  5.678  -41.631  63.547 0.0000000000
44833  3.995  -42.732  63.132 0.0000000000
43664  3.557  -43.332  62.805 0.0000000000
130783  3.412  -43.155  63.422 0.0000000000
130786  3.294  -43.153  63.762 0.0000000000
130778  3.242  -42.812  64.060 0.0000000000
130787  2.611  -43.125  63.745 0.0000000000
50321  1.006  -37.399  57.165 0.0000000000
50339  1.887  -37.344  56.487 0.0000000000
50340  1.126  -36.917  56.145 0.0000000000
51519  0.509  -36.606  55.783 0.0000000000
51561  0.793  -36.140  54.994 0.0000000000
52697  0.679  -35.427  54.706 0.0000000000
53829  0.192  -34.425  54.324 0.0000000000
53839  -0.164  -34.220  53.581 0.0000000000
57043  -1.054  -31.961  56.678 0.0000000000
55995  -1.768  -31.732  55.470 0.0000000000
53840  -1.127  -34.598  53.386 0.0000000000
54960  -1.707  -34.780  52.854 0.0000000000
54967  -0.890  -33.457  52.619 0.0000000000
56023  0.155  -32.608  53.478 0.0000000000
57099  -0.591  -32.325  52.167 0.0000000000
57107  0.244  -31.798  52.100 0.0000000000
53711  8.862  -34.600  63.724 0.0000000000
53727  9.468  -34.325  62.806 0.0000000000
50248  14.662  -36.845  60.920 0.0000000000
50149  19.210  -38.364  64.777 0.0000000000
51406  15.925  -37.089  62.481 0.0000000000
51425  15.343  -37.043  62.428 0.0000000000
51388  14.214  -37.999  64.335 0.0000000000
49075  13.368  -38.105  63.639 0.0000000000
50177  13.179  -37.773  64.048 0.0000000000
51339  14.238  -36.927  66.204 0.0000000000
51340  13.269  -37.209  66.138 0.0000000000
51354  12.948  -36.855  66.057 0.0000000000
51341  12.799  -37.626  66.095 0.0000000000
50137  11.282  -37.255  65.441 0.0000000000
52533  10.204  -35.764  65.191 0.0000000000
51370  9.844  -35.858  65.266 0.0000000000
43691  -0.219  -44.178  58.048 0.0000000000
44881  0.212  -43.842  57.606 0.0000000000
44880  0.762  -43.366  57.160 0.0000000000
44879  1.072  -43.077  57.297 0.0000000000
45939  1.271  -42.336  57.274 0.0000000000
44877  1.409  -42.213  57.395 0.0000000000
44849  -0.212  -43.011  60.149 0.0000000000
44856  0.135  -42.822  59.792 0.0000000000
45912  0.481  -42.429  59.423 0.0000000000
44855  1.433  -41.692  59.908 0.0000000000
45925  1.545  -42.078  58.304 0.0000000000
45924  2.224  -41.553  57.997 0.0000000000
46977  2.995  -40.732  58.178 0.0000000000
49147  4.216  -38.480  58.613 0.0000000000
50280  4.048  -37.866  58.869 0.0000000000
46946  1.737  -40.989  63.462 0.0000000000
48022  2.543  -39.381  61.670 0.0000000000
50208  1.085  -37.215  61.818 0.0000000000
49096  0.778  -37.728  61.423 0.0000000000
49122  2.196  -38.631  60.819 0.0000000000
50255  1.803  -39.021  60.110 0.0000000000
130860  0.396  -38.606  59.624 0.0000000000
50322  -0.405  -36.461  56.586 0.0000000000
51523  -0.919  -35.853  56.023 0.0000000000
52666  -0.664  -35.286  56.498 0.0000000000
52665  -0.651  -34.942  56.546 0.0000000000
55956  -0.019  -32.531  57.422 0.0000000000
53796  1.461  -34.208  57.174 0.0000000000
54919  0.719  -33.342  57.192 0.0000000000
51458  13.066  -36.704  60.243 0.0000000000
50301  12.407  -37.297  59.046 0.0000000000
49130  11.467  -37.508  59.098 0.0000000000
40190  2.630  -45.596  61.118 0.0000000000
40200  2.691  -46.142  60.357 0.0000000000
44895  -0.541  -43.418  55.590 0.0000000000
47026  2.239  -40.582  54.523 0.0000000000
47044  0.258  -42.177  53.713 0.0000000000
48141  1.018  -40.158  52.406 0.0000000000
50437  -1.080  -38.444  50.171 0.0000000000
51517  2.641  -37.193  56.080 0.0000000000
51538  4.025  -36.677  55.099 0.0000000000
50359  4.566  -37.216  54.690 0.0000000000
49201  5.194  -38.082  53.654 0.0000000000
52746  1.481  -35.138  52.954 0.0000000000
52718  3.377  -35.682  53.339 0.0000000000
52744  3.946  -35.364  52.449 0.0000000000
51595  4.087  -36.076  53.136 0.0000000000
49202  5.174  -38.116  52.783 0.0000000000
48136  4.571  -38.655  52.525 0.0000000000
48157  4.237  -38.878  52.110 0.0000000000
50418  3.137  -38.593  51.105 0.0000000000
50433  2.706  -38.466  50.209 0.0000000000
49257  1.743  -38.770  50.615 0.0000000000
50435  0.261  -38.158  50.095 0.0000000000
50476  -0.338  -38.336  49.617 0.0000000000
49297  0.116  -38.390  49.433 0.0000000000
50497  0.073  -37.829  47.330 0.0000000000
53938  3.063  -34.955  47.505 0.0000000000
53950  2.136  -34.357  45.761 0.0000000000
51694  0.982  -36.675  45.775 0.0000000000
60973  0.562  -27.793  58.715 0.0000000000
60988  0.547  -28.138  57.496 0.0000000000
60998  0.683  -28.415  56.624 0.0000000000
60037  0.845  -29.118  55.609 0.0000000000
59065  1.024  -29.444  55.059 0.0000000000
59081  1.318  -29.957  54.341 0.0000000000
58131  1.588  -30.543  52.330 0.0000000000
60065  3.417  -28.824  53.636 0.0000000000
60066  2.975  -29.513  53.567 0.0000000000
59093  2.590  -30.105  53.266 0.0000000000
59134  1.091  -30.197  51.439 0.0000000000
57172  0.484  -31.481  48.179 0.0000000000
57173  0.060  -31.613  47.583 0.0000000000
58191  0.072  -31.862  46.961 0.0000000000
58158  3.078  -30.922  49.373 0.0000000000
57171  1.817  -31.138  48.152 0.0000000000
59182  1.333  -30.876  46.854 0.0000000000
58208  0.471  -31.728  46.342 0.0000000000
37703  1.426  -47.876  62.637 0.0000000000
37704  1.024  -47.940  62.634 0.0000000000
37713  1.568  -47.892  62.097 0.0000000000
38885  0.642  -45.672  63.283 0.0000000000
38886  0.464  -45.963  63.526 0.0000000000
38892  2.276  -45.741  62.681 0.0000000000
38893  2.114  -45.896  62.786 0.0000000000
38895  0.233  -46.532  63.302 0.0000000000
38907  0.404  -47.618  63.101 0.0000000000
40149  0.018  -46.178  64.583 0.0000000000
40158  2.009  -45.919  63.174 0.0000000000
40160  0.023  -46.837  64.011 0.0000000000
40172  1.471  -45.843  62.549 0.0000000000
40202  1.567  -46.389  60.803 0.0000000000
41298  0.916  -45.912  64.413 0.0000000000
41299  0.322  -45.787  64.583 0.0000000000
41325  3.166  -44.700  62.483 0.0000000000
41356  -0.431  -44.788  59.471 0.0000000000
42495  0.801  -44.707  63.966 0.0000000000
42533  -0.609  -44.362  59.895 0.0000000000
42535  -0.452  -44.770  59.216 0.0000000000
42546  -0.659  -44.839  58.766 0.0000000000
42558  -0.555  -44.550  58.371 0.0000000000
42573  -0.596  -44.421  57.823 0.0000000000
43651  3.983  -42.750  64.640 0.0000000000
43652  0.916  -44.729  63.745 0.0000000000
43653  0.608  -44.865  63.829 0.0000000000
43657  4.191  -43.212  63.866 0.0000000000
43678  -0.489  -43.924  59.681 0.0000000000
43679  -0.105  -44.179  59.351 0.0000000000
43685  -0.462  -43.661  59.837 0.0000000000
44816  4.165  -42.602  64.587 0.0000000000
44817  3.939  -42.531  64.635 0.0000000000
44819  5.059  -42.052  64.531 0.0000000000
44827  4.158  -43.039  63.639 0.0000000000
44846  1.932  -41.728  59.775 0.0000000000
44847  1.729  -41.734  60.002 0.0000000000
44850  -0.291  -43.783  59.636 0.0000000000
44857  -0.096  -43.153  59.754 0.0000000000
44858  0.016  -43.586  59.497 0.0000000000
44859  0.352  -44.049  59.149 0.0000000000
44865  1.630  -42.121  58.062 0.0000000000
44866  1.285  -42.458  57.836 0.0000000000
44869  0.272  -44.039  58.438 0.0000000000
44878  1.320  -42.422  57.484 0.0000000000
44888  0.493  -43.226  56.508 0.0000000000
45923  2.617  -41.145  58.171 0.0000000000
45938  1.552  -41.898  57.433 0.0000000000
45965  2.003  -40.854  53.868 0.0000000000
45966  1.827  -40.993  53.836 0.0000000000
45979  1.676  -40.419  53.973 0.0000000000
46978  2.505  -41.078  57.898 0.0000000000
46991  1.273  -41.858  56.938 0.0000000000
47001  3.811  -40.080  56.484 0.0000000000
47011  3.235  -40.454  55.723 0.0000000000
47017  -0.025  -42.475  55.421 0.0000000000
47040  1.636  -40.059  54.181 0.0000000000
47058  1.721  -39.794  53.890 0.0000000000
47060  0.639  -40.960  53.226 0.0000000000
48079  3.731  -40.074  56.194 0.0000000000
48105  2.069  -39.995  54.455 0.0000000000
48117  5.194  -38.538  53.912 0.0000000000
48156  4.412  -38.577  52.070 0.0000000000
48193  0.161  -38.946  49.980 0.0000000000
49064  11.110  -37.542  64.980 0.0000000000
49090  12.874  -38.332  62.766 0.0000000000
49120  7.605  -38.994  60.317 0.0000000000
49137  2.358  -38.943  60.109 0.0000000000
49145  10.028  -38.189  58.689 0.0000000000
49159  4.942  -38.076  55.546 0.0000000000
49172  4.976  -38.188  55.021 0.0000000000
49186  5.093  -38.254  54.371 0.0000000000
49216  3.409  -39.111  52.521 0.0000000000
49235  3.536  -38.827  51.851 0.0000000000
49262  -1.223  -39.115  50.002 0.0000000000
49280  -1.140  -39.120  49.733 0.0000000000
50170  19.930  -37.796  63.528 0.0000000000
50176  13.837  -37.984  63.929 0.0000000000
50229  10.417  -36.858  61.868 0.0000000000
50253  8.660  -37.783  60.204 0.0000000000
50279  8.276  -37.857  60.237 0.0000000000
50323  -0.770  -36.090  56.077 0.0000000000
50342  -0.278  -36.508  56.055 0.0000000000
50344  -1.215  -35.982  55.767 0.0000000000
50358  4.899  -37.739  54.907 0.0000000000
50361  1.390  -36.980  55.637 0.0000000000
50362  -0.632  -36.054  55.521 0.0000000000
50363  -1.286  -36.179  55.357 0.0000000000
50364  -1.892  -36.433  55.448 0.0000000000
50376  4.918  -37.699  54.215 0.0000000000
50378  -1.799  -36.596  55.084 0.0000000000
50379  -2.081  -36.557  55.118 0.0000000000
50391  4.995  -37.608  53.736 0.0000000000
50402  5.384  -37.145  51.281 0.0000000000
50430  5.221  -37.015  50.639 0.0000000000
50431  4.929  -37.223  50.536 0.0000000000
50436  -0.630  -38.267  50.133 0.0000000000
50455  -0.975  -38.336  49.820 0.0000000000
50494  3.276  -36.811  48.056 0.0000000000
51369  14.327  -38.103  64.542 0.0000000000
51386  18.613  -37.416  63.482 0.0000000000
51387  14.262  -37.755  64.085 0.0000000000
51407  15.591  -37.159  62.575 0.0000000000
51409  11.342  -36.774  62.468 0.0000000000
51424  15.686  -36.909  62.361 0.0000000000
51426  11.525  -36.449  62.004 0.0000000000
51428  2.421  -35.872  60.479 0.0000000000
51440  14.386  -36.605  60.278 0.0000000000
51442  13.395  -36.724  60.574 0.0000000000
51445  3.551  -35.794  59.917 0.0000000000
51446  3.376  -35.734  60.104 0.0000000000
51456  14.057  -36.515  59.948 0.0000000000
51459  3.327  -35.625  59.854 0.0000000000
51460  3.128  -35.615  60.019 0.0000000000
51461  1.436  -35.903  59.210 0.0000000000
51494  3.728  -37.111  56.956 0.0000000000
51498  -0.607  -36.094  56.305 0.0000000000
51518  2.016  -37.222  55.929 0.0000000000
51521  -0.350  -36.153  55.537 0.0000000000
51522  -0.739  -35.579  56.258 0.0000000000
51544  -1.541  -36.380  54.976 0.0000000000
51545  -2.008  -36.048  55.659 0.0000000000
51562  -1.712  -36.051  54.678 0.0000000000
51563  -1.983  -36.349  54.773 0.0000000000
51564  -2.129  -36.312  55.197 0.0000000000
51579  1.913  -36.041  54.001 0.0000000000
51606  5.095  -36.669  50.867 0.0000000000
51607  4.684  -36.370  50.735 0.0000000000
51621  5.025  -36.874  50.539 0.0000000000
51636  4.101  -36.618  49.409 0.0000000000
51647  4.435  -35.861  48.899 0.0000000000
51648  4.136  -36.335  48.598 0.0000000000
52608  2.156  -35.626  59.732 0.0000000000
52667  -0.982  -35.342  56.025 0.0000000000
52680  -1.660  -35.481  55.007 0.0000000000
52695  2.760  -36.211  54.113 0.0000000000
52698  -1.496  -35.896  54.754 0.0000000000
52699  -1.878  -35.861  54.691 0.0000000000
52700  -2.233  -35.893  55.053 0.0000000000
52722  -1.369  -34.996  53.163 0.0000000000
52723  -1.835  -35.125  53.176 0.0000000000
52724  -2.124  -35.066  53.068 0.0000000000
52749  -1.578  -35.090  52.815 0.0000000000
52750  -2.004  -35.168  52.881 0.0000000000
52764  4.711  -36.336  50.980 0.0000000000
52771  -0.968  -34.882  52.487 0.0000000000
52814  4.014  -35.640  48.128 0.0000000000
52828  3.467  -35.653  47.642 0.0000000000
52878  -0.142  -35.853  45.314 0.0000000000
52893  0.687  -35.502  44.465 0.0000000000
53691  10.455  -35.141  64.147 0.0000000000
53774  2.851  -35.103  59.202 0.0000000000
53807  -0.770  -34.888  56.037 0.0000000000
53808  -0.895  -35.096  56.025 0.0000000000
53822  -0.944  -35.197  55.667 0.0000000000
53841  -2.092  -34.828  53.234 0.0000000000
53842  -2.127  -34.903  52.871 0.0000000000
53854  -0.924  -34.661  53.246 0.0000000000
53856  -1.941  -34.968  52.659 0.0000000000
53894  4.282  -34.758  49.506 0.0000000000
53899  0.288  -34.252  51.300 0.0000000000
53900  -0.197  -33.989  51.624 0.0000000000
53929  4.143  -35.237  48.335 0.0000000000
53973  1.647  -34.219  45.361 0.0000000000
54961  -2.198  -34.655  52.991 0.0000000000
54969  -2.012  -34.578  52.694 0.0000000000
55006  0.170  -33.655  50.961 0.0000000000
55026  0.985  -33.056  46.414 0.0000000000
55034  0.977  -33.357  45.975 0.0000000000
55035  0.257  -33.173  46.031 0.0000000000
55054  1.447  -33.978  45.300 0.0000000000
55057  0.005  -33.109  45.909 0.0000000000
55976  -1.273  -32.223  56.230 0.0000000000
55977  -1.814  -32.090  56.030 0.0000000000
56011  -1.173  -31.728  55.155 0.0000000000
56012  -1.512  -31.390  55.089 0.0000000000
56026  -1.505  -32.206  51.981 0.0000000000
56034  -0.917  -32.565  51.883 0.0000000000
56050  -0.409  -33.037  51.251 0.0000000000
56072  1.655  -32.812  47.464 0.0000000000
56076  -0.881  -31.825  47.504 0.0000000000
56104  -0.212  -32.248  46.723 0.0000000000
56112  0.049  -32.957  45.543 0.0000000000
57023  -1.548  -30.919  56.461 0.0000000000
57024  -2.160  -30.884  56.469 0.0000000000
57057  -1.247  -30.748  55.281 0.0000000000
57058  -1.754  -31.164  55.412 0.0000000000
57076  -1.426  -30.904  54.910 0.0000000000
57100  -1.466  -32.009  52.130 0.0000000000
57101  -2.013  -31.796  51.994 0.0000000000
57109  -1.452  -31.872  51.656 0.0000000000
57110  -2.015  -31.657  51.582 0.0000000000
57122  -0.104  -32.026  51.108 0.0000000000
57149  2.121  -30.879  48.384 0.0000000000
57150  1.882  -30.894  48.354 0.0000000000
57153  -0.639  -31.770  47.635 0.0000000000
57170  2.064  -31.069  48.232 0.0000000000
57174  -0.482  -31.776  47.306 0.0000000000
58030  -1.922  -30.631  56.720 0.0000000000
58048  -1.264  -30.657  56.545 0.0000000000
58049  -1.816  -30.737  56.169 0.0000000000
58066  -1.131  -30.784  55.844 0.0000000000
58115  -1.343  -31.895  51.797 0.0000000000
58116  -1.833  -31.375  52.045 0.0000000000
58117  -2.087  -31.529  51.828 0.0000000000
58133  -1.119  -31.967  51.535 0.0000000000
58134  -1.672  -31.497  51.586 0.0000000000
58135  -2.030  -31.316  51.680 0.0000000000
58188  1.541  -31.149  47.644 0.0000000000
58190  0.519  -31.354  46.946 0.0000000000
58207  0.920  -31.292  46.548 0.0000000000
59084  0.028  -31.374  55.718 0.0000000000
59147  2.915  -30.429  50.993 0.0000000000
130779  3.985  -42.978  64.597 0.0000000000
130835  12.812  -37.273  59.071 0.0000000000
130845  -0.671  -38.104  60.768 0.0000000000
130846  -0.423  -38.284  60.728 0.0000000000
130847  -0.226  -38.444  60.280 0.0000000000
130849  -0.729  -38.558  60.232 0.0000000000
130851  -0.472  -38.564  60.317 0.0000000000
130852  -0.761  -38.583  59.992 0.0000000000
130853  -0.813  -38.723  60.140 0.0000000000
130854  -1.004  -38.684  60.017 0.0000000000
130855  0.039  -38.866  60.002 0.0000000000
130857  -0.635  -38.786  59.921 0.0000000000
130858  -0.855  -38.737  59.815 0.0000000000
130859  0.523  -38.929  59.954 0.0000000000
130861  -0.142  -38.755  59.736 0.0000000000
130868  -0.361  -38.790  59.830 0.0000000000
