#!ascii label  , from subject 3104 vox2ras=TkReg
1510
63473  49.814  -25.930  39.353 0.0000000000
42746  37.599  -44.420  46.339 0.0000000000
37920  23.761  -47.474  48.542 0.0000000000
39091  17.876  -47.104  52.528 0.0000000000
34197  33.427  -51.397  51.043 0.0000000000
41601  28.633  -45.265  42.760 0.0000000000
61252  50.319  -28.062  39.106 0.0000000000
67849  44.683  -21.353  37.433 0.0000000000
59203  46.602  -29.424  46.064 0.0000000000
52919  39.671  -35.888  42.008 0.0000000000
49448  30.775  -38.501  38.301 0.0000000000
36626  24.990  -50.040  52.583 0.0000000000
37899  20.537  -47.976  50.165 0.0000000000
36577  21.638  -49.182  55.269 0.0000000000
36681  28.467  -49.695  49.531 0.0000000000
62131  48.987  -25.666  48.914 0.0000000000
37888  40.952  -47.871  49.976 0.0000000000
45015  43.150  -42.589  47.784 0.0000000000
50518  44.197  -37.295  45.115 0.0000000000
48274  38.538  -39.905  44.705 0.0000000000
50639  35.220  -37.047  40.220 0.0000000000
46191  34.630  -41.424  42.375 0.0000000000
40469  24.188  -46.053  40.605 0.0000000000
43922  24.897  -43.145  39.055 0.0000000000
63532  46.505  -25.673  37.111 0.0000000000
63633  45.540  -25.374  33.858 0.0000000000
41590  21.685  -45.310  43.092 0.0000000000
40425  18.272  -45.780  45.103 0.0000000000
37925  36.165  -48.579  48.028 0.0000000000
40430  32.890  -45.969  43.607 0.0000000000
37946  31.606  -48.287  46.711 0.0000000000
39227  26.189  -47.455  44.787 0.0000000000
63443  53.543  -25.593  40.883 0.0000000000
37729  19.639  -47.993  58.912 0.0000000000
39023  14.720  -47.390  55.812 0.0000000000
62325  44.342  -26.392  39.902 0.0000000000
62263  48.065  -26.345  42.746 0.0000000000
62195  51.775  -25.552  45.199 0.0000000000
60181  48.469  -27.977  43.041 0.0000000000
59285  44.392  -30.148  40.436 0.0000000000
55027  48.591  -34.283  47.179 0.0000000000
54003  44.601  -34.318  42.386 0.0000000000
56212  40.463  -32.317  38.469 0.0000000000
55135  36.552  -33.163  37.827 0.0000000000
45090  30.997  -42.879  40.338 0.0000000000
35334  25.905  -50.126  55.557 0.0000000000
35372  23.771  -49.846  54.012 0.0000000000
36560  23.602  -49.325  56.399 0.0000000000
35348  27.320  -50.629  54.750 0.0000000000
40378  39.701  -46.552  47.878 0.0000000000
43840  40.389  -43.499  47.279 0.0000000000
47176  40.651  -40.740  46.243 0.0000000000
45045  37.835  -42.301  45.504 0.0000000000
46176  36.812  -40.717  43.891 0.0000000000
45064  35.779  -42.587  44.320 0.0000000000
41638  21.836  -45.033  39.437 0.0000000000
41645  22.697  -45.302  38.347 0.0000000000
62342  48.105  -26.257  38.202 0.0000000000
62376  48.248  -26.249  36.611 0.0000000000
63528  50.369  -25.677  37.552 0.0000000000
40390  22.746  -46.279  45.605 0.0000000000
41576  20.032  -45.374  44.184 0.0000000000
39211  21.469  -46.703  47.019 0.0000000000
39112  19.520  -47.815  51.471 0.0000000000
39196  18.325  -46.762  48.138 0.0000000000
39157  17.508  -47.113  49.643 0.0000000000
39140  15.928  -47.297  50.339 0.0000000000
35445  37.121  -50.161  50.326 0.0000000000
35464  34.785  -49.949  48.979 0.0000000000
37928  33.940  -48.758  47.607 0.0000000000
36695  32.673  -49.669  48.542 0.0000000000
37893  26.562  -48.856  49.812 0.0000000000
37934  27.852  -48.357  47.471 0.0000000000
39189  25.126  -47.338  46.529 0.0000000000
39245  24.115  -47.098  44.295 0.0000000000
61219  52.535  -27.699  40.576 0.0000000000
61248  54.001  -27.946  38.793 0.0000000000
61264  52.060  -28.108  37.900 0.0000000000
38981  14.590  -47.566  58.213 0.0000000000
63393  50.790  -24.866  43.945 0.0000000000
63352  49.736  -24.946  46.067 0.0000000000
61109  47.986  -27.464  47.719 0.0000000000
61133  49.114  -27.005  45.250 0.0000000000
60161  46.820  -28.566  44.411 0.0000000000
60199  46.350  -29.156  41.370 0.0000000000
59245  45.608  -29.974  43.225 0.0000000000
50570  41.718  -37.035  44.081 0.0000000000
51733  44.611  -36.276  43.904 0.0000000000
52916  42.338  -34.879  42.721 0.0000000000
55110  43.337  -33.249  40.483 0.0000000000
55114  39.826  -33.705  40.106 0.0000000000
56214  38.450  -32.825  38.189 0.0000000000
54032  37.865  -34.194  39.697 0.0000000000
51801  33.890  -36.069  38.648 0.0000000000
40447  31.071  -45.932  42.904 0.0000000000
42781  31.551  -44.419  41.907 0.0000000000
42788  29.446  -44.582  41.575 0.0000000000
46230  25.870  -40.965  37.988 0.0000000000
70671  46.379  -18.774  35.010 0.0000000000
68817  44.654  -20.357  35.695 0.0000000000
37878  24.947  -48.660  50.502 0.0000000000
39135  22.667  -47.683  49.950 0.0000000000
37861  22.609  -48.724  51.537 0.0000000000
36630  21.427  -48.924  52.931 0.0000000000
37822  20.488  -48.433  53.470 0.0000000000
33030  31.310  -52.304  53.460 0.0000000000
36659  31.119  -49.652  50.193 0.0000000000
35388  29.872  -50.793  52.869 0.0000000000
36642  27.089  -49.556  51.205 0.0000000000
64568  47.680  -24.636  48.024 0.0000000000
59162  48.104  -29.622  48.716 0.0000000000
48243  43.650  -39.736  46.460 0.0000000000
49343  41.256  -38.280  45.159 0.0000000000
49408  38.634  -37.860  42.921 0.0000000000
51776  37.469  -36.555  41.422 0.0000000000
49410  36.930  -38.797  42.292 0.0000000000
48349  34.689  -39.482  41.322 0.0000000000
48363  32.972  -40.056  40.525 0.0000000000
40458  26.403  -46.004  41.340 0.0000000000
42791  27.023  -44.540  40.792 0.0000000000
41635  24.423  -45.233  39.321 0.0000000000
63566  43.707  -24.633  37.298 0.0000000000
65807  43.606  -24.260  35.141 0.0000000000
63594  46.116  -25.276  35.684 0.0000000000
39194  20.310  -46.794  47.674 0.0000000000
37908  38.541  -48.148  48.878 0.0000000000
39202  36.752  -46.641  46.759 0.0000000000
41573  35.498  -44.934  44.676 0.0000000000
39218  34.569  -46.932  45.774 0.0000000000
39220  32.951  -47.566  45.238 0.0000000000
39238  30.111  -47.189  44.650 0.0000000000
37914  30.469  -48.742  48.201 0.0000000000
37961  29.129  -47.799  45.731 0.0000000000
37979  27.641  -47.528  43.942 0.0000000000
40436  25.219  -46.521  42.691 0.0000000000
42776  23.081  -45.338  41.796 0.0000000000
63445  52.624  -25.322  40.838 0.0000000000
63526  52.883  -25.324  37.973 0.0000000000
63468  55.071  -25.253  39.115 0.0000000000
37755  20.670  -48.356  57.119 0.0000000000
39019  19.150  -47.432  55.427 0.0000000000
38978  17.604  -47.182  57.439 0.0000000000
39067  16.990  -46.946  53.392 0.0000000000
64693  43.722  -24.280  38.619 0.0000000000
62369  44.583  -26.160  38.480 0.0000000000
62322  47.539  -26.390  39.268 0.0000000000
62298  49.647  -25.793  41.471 0.0000000000
63409  52.473  -24.699  42.536 0.0000000000
63391  53.243  -25.528  43.031 0.0000000000
61186  51.469  -27.644  42.489 0.0000000000
62163  50.820  -25.629  46.950 0.0000000000
62241  50.173  -27.024  43.798 0.0000000000
60209  49.440  -28.109  40.862 0.0000000000
60225  47.117  -28.452  39.682 0.0000000000
60244  45.026  -28.946  38.850 0.0000000000
56079  47.995  -32.176  47.209 0.0000000000
51697  46.790  -36.483  45.681 0.0000000000
53976  47.029  -34.440  44.667 0.0000000000
56115  45.794  -32.264  43.522 0.0000000000
56165  44.872  -32.223  41.376 0.0000000000
58305  42.960  -31.203  39.163 0.0000000000
52957  35.678  -35.524  39.445 0.0000000000
43893  33.329  -43.856  43.081 0.0000000000
46203  32.512  -42.116  40.824 0.0000000000
47273  31.117  -40.416  39.185 0.0000000000
45100  27.559  -42.744  39.764 0.0000000000
47279  28.301  -40.546  38.144 0.0000000000
36574  24.249  -49.685  55.927 0.0000000000
36559  24.496  -49.232  56.471 0.0000000000
41559  38.587  -45.196  47.206 0.0000000000
42726  39.746  -44.541  47.454 0.0000000000
42745  38.612  -44.423  46.762 0.0000000000
45031  39.061  -42.370  46.531 0.0000000000
43874  37.412  -43.270  45.720 0.0000000000
45046  37.206  -42.652  45.266 0.0000000000
42758  36.797  -44.094  45.498 0.0000000000
62320  49.368  -26.286  38.809 0.0000000000
63529  49.264  -26.057  37.376 0.0000000000
63497  50.703  -25.539  38.540 0.0000000000
39191  23.238  -46.751  47.285 0.0000000000
39210  22.345  -46.564  46.711 0.0000000000
39192  22.305  -46.645  47.651 0.0000000000
39113  18.939  -47.513  51.774 0.0000000000
39138  18.138  -47.283  50.626 0.0000000000
39139  16.911  -47.026  50.486 0.0000000000
39115  16.209  -47.084  51.297 0.0000000000
34157  33.394  -51.932  52.571 0.0000000000
34175  34.369  -51.535  51.354 0.0000000000
34194  35.124  -51.179  50.365 0.0000000000
34213  34.079  -51.453  50.096 0.0000000000
35465  34.058  -50.143  48.740 0.0000000000
34214  33.339  -51.186  50.101 0.0000000000
37919  24.561  -47.598  48.443 0.0000000000
37918  25.648  -48.207  48.222 0.0000000000
39171  24.992  -47.388  47.573 0.0000000000
39208  24.360  -47.099  45.864 0.0000000000
61236  51.841  -28.217  39.851 0.0000000000
61250  52.020  -28.518  38.950 0.0000000000
60238  51.302  -28.150  38.271 0.0000000000
62199  46.791  -26.113  45.381 0.0000000000
63374  48.137  -25.697  45.189 0.0000000000
63354  47.801  -25.282  46.174 0.0000000000
59185  46.969  -29.388  46.956 0.0000000000
61120  47.320  -27.997  46.156 0.0000000000
59223  46.151  -29.381  45.037 0.0000000000
59244  45.862  -29.429  43.881 0.0000000000
58221  45.630  -30.608  44.299 0.0000000000
51757  40.398  -36.091  42.788 0.0000000000
52901  41.692  -35.574  43.152 0.0000000000
52918  40.455  -35.487  42.070 0.0000000000
54018  40.876  -34.687  41.391 0.0000000000
54019  40.151  -34.709  41.222 0.0000000000
54031  38.744  -34.196  39.826 0.0000000000
52944  38.569  -35.312  40.731 0.0000000000
41587  29.652  -45.451  43.220 0.0000000000
41612  30.139  -45.397  42.116 0.0000000000
42784  29.085  -44.787  42.059 0.0000000000
68816  45.450  -19.966  36.145 0.0000000000
67856  44.230  -20.914  36.816 0.0000000000
36644  25.397  -49.527  51.635 0.0000000000
37860  23.593  -48.623  51.365 0.0000000000
36627  24.016  -49.505  52.674 0.0000000000
36594  22.242  -49.425  54.602 0.0000000000
36629  22.253  -49.198  53.059 0.0000000000
36614  21.866  -49.325  53.725 0.0000000000
36616  20.880  -48.764  53.430 0.0000000000
36596  20.946  -48.777  54.160 0.0000000000
34121  30.767  -51.329  54.064 0.0000000000
34180  30.681  -51.242  52.809 0.0000000000
34161  29.686  -50.833  53.612 0.0000000000
36611  25.862  -49.903  53.191 0.0000000000
35391  26.819  -49.881  52.748 0.0000000000
36625  25.979  -49.671  52.262 0.0000000000
36665  25.715  -49.178  50.915 0.0000000000
42723  42.499  -44.222  48.432 0.0000000000
43836  44.014  -43.248  48.548 0.0000000000
46098  44.852  -41.726  47.810 0.0000000000
47144  44.890  -40.948  47.388 0.0000000000
47146  43.230  -41.012  47.056 0.0000000000
47199  39.511  -40.419  45.517 0.0000000000
47197  41.163  -40.112  46.075 0.0000000000
48272  40.207  -39.229  45.389 0.0000000000
49367  40.257  -38.124  44.100 0.0000000000
49369  38.215  -38.824  44.257 0.0000000000
49409  37.584  -38.357  42.593 0.0000000000
49392  37.626  -38.816  43.701 0.0000000000
46178  35.263  -41.332  42.904 0.0000000000
47241  35.870  -40.094  42.532 0.0000000000
47242  35.113  -40.478  42.177 0.0000000000
48361  34.216  -39.587  40.759 0.0000000000
47259  33.747  -41.055  41.039 0.0000000000
40468  24.928  -45.948  40.683 0.0000000000
40467  25.652  -45.918  40.552 0.0000000000
40477  24.299  -45.858  39.933 0.0000000000
63564  44.870  -25.433  36.803 0.0000000000
63596  44.519  -25.062  36.384 0.0000000000
63563  45.883  -25.363  36.599 0.0000000000
63591  48.605  -26.137  35.298 0.0000000000
41619  20.630  -44.780  41.462 0.0000000000
41606  20.665  -44.796  42.564 0.0000000000
39153  21.880  -47.664  49.444 0.0000000000
39175  21.093  -47.007  48.721 0.0000000000
39176  20.029  -47.089  48.806 0.0000000000
39197  17.303  -46.901  47.705 0.0000000000
40384  17.953  -46.707  47.536 0.0000000000
36691  36.496  -49.302  48.841 0.0000000000
36674  38.015  -48.631  49.725 0.0000000000
37909  37.530  -48.465  48.795 0.0000000000
39168  38.024  -47.717  48.167 0.0000000000
39187  36.100  -47.929  47.552 0.0000000000
40389  35.692  -46.795  46.307 0.0000000000
39188  35.333  -48.121  47.431 0.0000000000
37945  32.560  -48.229  46.825 0.0000000000
39206  33.278  -47.967  46.038 0.0000000000
37958  32.148  -48.047  45.912 0.0000000000
39237  31.031  -47.210  44.565 0.0000000000
39222  30.630  -47.609  45.133 0.0000000000
36660  30.121  -49.859  50.301 0.0000000000
36679  30.436  -49.548  49.497 0.0000000000
36699  28.906  -49.220  48.954 0.0000000000
37950  27.515  -48.011  46.497 0.0000000000
37949  28.540  -47.980  46.562 0.0000000000
37962  28.154  -47.802  45.689 0.0000000000
39224  28.643  -47.623  44.971 0.0000000000
39241  27.412  -47.651  44.367 0.0000000000
39254  26.467  -47.263  43.341 0.0000000000
39243  25.589  -47.401  44.064 0.0000000000
40439  22.823  -45.816  43.420 0.0000000000
40454  23.637  -45.722  42.995 0.0000000000
41589  22.395  -45.402  42.765 0.0000000000
63444  53.319  -25.356  40.860 0.0000000000
63470  53.408  -25.245  39.954 0.0000000000
63469  54.256  -25.178  39.795 0.0000000000
61247  54.668  -27.446  38.461 0.0000000000
37741  20.047  -47.913  58.107 0.0000000000
37775  19.914  -48.110  56.399 0.0000000000
37757  18.982  -48.079  57.217 0.0000000000
38980  15.561  -47.274  57.871 0.0000000000
38999  16.868  -46.719  56.436 0.0000000000
39021  16.940  -46.780  55.352 0.0000000000
39042  16.288  -47.023  54.393 0.0000000000
39068  15.737  -47.359  53.269 0.0000000000
39069  14.868  -47.800  53.543 0.0000000000
65774  44.842  -22.777  39.091 0.0000000000
62347  43.629  -25.790  39.382 0.0000000000
62345  44.882  -26.364  39.023 0.0000000000
62344  45.880  -26.226  38.852 0.0000000000
61239  46.147  -26.891  39.880 0.0000000000
62264  47.126  -26.871  42.322 0.0000000000
62282  47.866  -26.596  41.445 0.0000000000
62281  48.968  -26.250  41.997 0.0000000000
63428  50.630  -25.515  41.884 0.0000000000
62280  49.693  -25.765  42.447 0.0000000000
64617  51.905  -24.918  44.575 0.0000000000
64631  52.227  -24.971  43.643 0.0000000000
63369  52.367  -25.429  43.865 0.0000000000
62260  52.703  -26.579  42.567 0.0000000000
62239  51.746  -26.648  43.854 0.0000000000
63295  48.681  -24.919  48.413 0.0000000000
63313  49.817  -25.115  47.521 0.0000000000
62164  50.095  -25.894  47.430 0.0000000000
61171  48.494  -27.584  44.083 0.0000000000
62216  49.569  -27.015  44.682 0.0000000000
61169  49.684  -27.279  43.351 0.0000000000
61188  49.874  -27.380  42.669 0.0000000000
60197  48.768  -28.118  41.938 0.0000000000
60224  48.368  -28.560  39.651 0.0000000000
60210  48.023  -28.581  40.724 0.0000000000
59283  45.537  -29.373  41.268 0.0000000000
60212  45.722  -29.147  40.541 0.0000000000
59305  44.658  -29.425  39.404 0.0000000000
59306  44.222  -29.570  38.729 0.0000000000
56094  48.294  -33.178  47.085 0.0000000000
49339  45.286  -38.275  45.794 0.0000000000
50501  46.631  -37.450  46.291 0.0000000000
50517  45.115  -37.432  45.447 0.0000000000
53990  44.678  -34.933  42.956 0.0000000000
52897  45.593  -35.351  43.755 0.0000000000
55076  46.132  -34.100  43.395 0.0000000000
55038  46.625  -33.287  44.436 0.0000000000
56126  45.789  -32.721  42.871 0.0000000000
57234  45.259  -31.700  42.418 0.0000000000
56144  44.611  -33.050  41.503 0.0000000000
55117  41.938  -33.113  39.854 0.0000000000
56184  43.019  -32.600  39.798 0.0000000000
57300  41.905  -31.830  38.590 0.0000000000
58317  42.463  -31.037  38.595 0.0000000000
57301  41.084  -31.626  37.984 0.0000000000
57302  40.429  -31.910  37.877 0.0000000000
56215  37.740  -32.849  38.015 0.0000000000
56226  38.205  -32.260  37.573 0.0000000000
50634  36.442  -37.121  41.062 0.0000000000
52946  36.641  -35.417  40.239 0.0000000000
51791  35.677  -36.460  40.138 0.0000000000
54046  34.129  -34.773  38.078 0.0000000000
41574  34.316  -45.410  44.507 0.0000000000
42763  34.886  -44.359  44.322 0.0000000000
42767  33.496  -44.472  43.472 0.0000000000
43909  31.489  -43.369  40.703 0.0000000000
43902  32.100  -43.493  41.445 0.0000000000
45089  31.650  -42.560  40.427 0.0000000000
46208  32.120  -41.583  40.357 0.0000000000
46213  31.133  -41.526  39.658 0.0000000000
43918  26.446  -43.677  39.950 0.0000000000
43913  27.422  -43.649  40.455 0.0000000000
45101  26.678  -42.761  39.496 0.0000000000
47280  27.412  -40.706  38.335 0.0000000000
47278  29.207  -40.278  37.962 0.0000000000
64757  44.235  -24.629  34.853 0.0000000000
65818  43.557  -23.733  34.312 0.0000000000
63556  53.794  -25.427  37.149 0.0000000000
35370  25.508  -50.291  53.954 0.0000000000
35393  24.332  -49.942  53.347 0.0000000000
35351  24.126  -49.730  54.639 0.0000000000
36592  24.000  -49.608  55.267 0.0000000000
36576  22.475  -49.436  55.521 0.0000000000
35349  26.217  -50.474  54.828 0.0000000000
39165  40.828  -47.374  49.043 0.0000000000
40364  41.513  -46.584  48.996 0.0000000000
41544  40.957  -45.475  48.248 0.0000000000
42724  41.633  -44.391  48.115 0.0000000000
45017  41.330  -42.643  47.392 0.0000000000
46101  42.043  -41.891  47.304 0.0000000000
45029  40.601  -42.422  47.216 0.0000000000
46131  38.966  -41.658  46.178 0.0000000000
46157  38.094  -41.034  44.988 0.0000000000
47215  37.540  -40.331  44.076 0.0000000000
46158  37.385  -41.245  44.590 0.0000000000
45075  36.172  -42.053  43.951 0.0000000000
45076  35.327  -42.244  43.568 0.0000000000
41637  22.909  -45.468  39.471 0.0000000000
41636  23.589  -45.496  39.228 0.0000000000
41646  21.815  -45.271  38.444 0.0000000000
62366  47.132  -26.085  37.390 0.0000000000
63562  47.032  -25.583  36.618 0.0000000000
62364  48.437  -26.269  37.064 0.0000000000
63559  49.989  -25.845  36.617 0.0000000000
40421  22.493  -46.007  44.440 0.0000000000
40441  21.145  -45.480  44.266 0.0000000000
40406  21.519  -45.785  45.464 0.0000000000
40407  20.633  -45.750  45.723 0.0000000000
40408  19.690  -45.728  45.776 0.0000000000
39136  20.111  -47.801  50.609 0.0000000000
39155  19.763  -47.570  49.757 0.0000000000
39156  18.623  -47.359  49.717 0.0000000000
39178  17.953  -47.164  48.783 0.0000000000
39160  15.246  -47.986  49.414 0.0000000000
35446  36.409  -50.266  49.947 0.0000000000
36692  35.609  -49.591  48.826 0.0000000000
37927  34.650  -48.778  47.837 0.0000000000
36707  34.288  -49.399  48.394 0.0000000000
36708  33.618  -49.149  48.169 0.0000000000
37930  32.077  -48.847  47.754 0.0000000000
36701  27.490  -49.322  49.188 0.0000000000
37916  28.356  -48.794  48.295 0.0000000000
37917  27.044  -48.873  48.672 0.0000000000
37935  26.721  -48.318  47.339 0.0000000000
37952  25.856  -47.704  46.062 0.0000000000
39228  25.386  -47.459  44.832 0.0000000000
39229  24.564  -47.381  44.978 0.0000000000
39230  23.709  -47.024  45.098 0.0000000000
61218  53.299  -27.124  40.381 0.0000000000
62319  53.893  -26.274  40.045 0.0000000000
61235  52.777  -28.000  39.723 0.0000000000
61249  53.015  -28.195  38.848 0.0000000000
38967  15.474  -47.309  58.930 0.0000000000
39001  14.635  -47.554  57.056 0.0000000000
37793  13.958  -48.026  54.975 0.0000000000
37777  14.005  -48.209  56.238 0.0000000000
62243  48.148  -25.784  44.046 0.0000000000
63412  49.627  -25.422  43.698 0.0000000000
63395  49.185  -25.443  44.235 0.0000000000
63372  49.948  -24.905  45.076 0.0000000000
64588  51.261  -24.723  46.147 0.0000000000
61108  48.383  -27.107  48.385 0.0000000000
62181  48.629  -26.761  46.972 0.0000000000
61119  47.819  -27.531  46.613 0.0000000000
60160  47.616  -28.014  44.861 0.0000000000
60171  47.919  -28.025  43.775 0.0000000000
60182  47.709  -28.521  42.670 0.0000000000
60172  46.820  -28.821  43.320 0.0000000000
59272  45.717  -29.347  42.015 0.0000000000
59273  45.010  -29.699  41.650 0.0000000000
50543  42.702  -37.317  44.596 0.0000000000
50541  44.216  -36.809  44.656 0.0000000000
51735  43.092  -36.280  43.643 0.0000000000
52900  42.853  -35.475  43.157 0.0000000000
54004  43.768  -34.306  42.166 0.0000000000
55093  43.875  -33.778  41.667 0.0000000000
54016  42.790  -34.283  41.480 0.0000000000
55112  41.468  -33.630  40.391 0.0000000000
55119  40.327  -33.258  39.663 0.0000000000
56213  39.429  -32.836  38.470 0.0000000000
55120  39.445  -33.558  39.492 0.0000000000
55121  38.594  -33.658  39.346 0.0000000000
54042  37.387  -33.961  39.228 0.0000000000
50640  34.558  -37.328  40.034 0.0000000000
51796  34.223  -36.558  39.190 0.0000000000
51797  33.671  -36.949  39.093 0.0000000000
52969  32.779  -36.022  38.274 0.0000000000
52983  31.876  -35.344  36.846 0.0000000000
40431  32.439  -46.140  43.509 0.0000000000
41597  32.183  -45.169  42.619 0.0000000000
42773  31.354  -45.026  42.278 0.0000000000
43904  30.342  -44.317  41.446 0.0000000000
43911  29.612  -43.931  41.051 0.0000000000
46225  25.047  -41.968  38.420 0.0000000000
46239  24.553  -41.710  36.796 0.0000000000
69697  46.662  -19.479  36.490 0.0000000000
69707  45.452  -19.471  35.263 0.0000000000
68830  44.538  -20.387  34.382 0.0000000000
37895  24.795  -47.969  49.298 0.0000000000
39152  23.115  -47.631  49.086 0.0000000000
39134  23.486  -47.606  50.081 0.0000000000
37880  22.872  -48.176  50.707 0.0000000000
37881  21.872  -48.487  50.857 0.0000000000
36628  23.111  -49.275  52.912 0.0000000000
36647  22.455  -49.048  52.332 0.0000000000
37882  20.882  -48.109  51.023 0.0000000000
37863  20.616  -48.367  51.937 0.0000000000
37864  19.778  -48.206  52.011 0.0000000000
39089  19.587  -47.741  53.352 0.0000000000
33041  32.729  -52.086  52.419 0.0000000000
34198  32.545  -51.245  51.361 0.0000000000
35411  31.272  -50.978  51.746 0.0000000000
35412  30.096  -50.887  52.210 0.0000000000
35434  28.715  -50.050  50.703 0.0000000000
35367  28.882  -50.699  53.841 0.0000000000
35413  28.753  -50.143  51.912 0.0000000000
36641  28.015  -49.638  51.088 0.0000000000
36664  26.593  -49.198  50.478 0.0000000000
37877  26.055  -48.790  50.278 0.0000000000
60240  49.573  -28.411  38.333 0.0000000000
60239  50.489  -28.250  38.282 0.0000000000
60258  48.605  -28.280  37.371 0.0000000000
63334  46.513  -25.309  46.758 0.0000000000
62132  48.237  -26.377  49.447 0.0000000000
61098  48.349  -27.559  49.090 0.0000000000
60134  47.568  -28.449  47.993 0.0000000000
59171  47.176  -29.740  47.441 0.0000000000
48242  44.677  -39.764  46.762 0.0000000000
49321  43.523  -38.936  46.040 0.0000000000
47175  41.684  -40.589  46.321 0.0000000000
48270  42.131  -39.265  45.860 0.0000000000
49342  42.265  -38.495  45.501 0.0000000000
50544  41.615  -37.593  44.512 0.0000000000
49389  40.202  -37.623  43.735 0.0000000000
50616  39.092  -36.743  42.575 0.0000000000
51775  38.393  -36.304  41.612 0.0000000000
50599  38.288  -37.572  42.472 0.0000000000
49419  37.267  -37.878  41.979 0.0000000000
50620  36.261  -37.704  41.364 0.0000000000
48321  36.528  -39.551  42.900 0.0000000000
48347  36.085  -38.946  41.778 0.0000000000
49435  35.324  -38.006  40.733 0.0000000000
49437  34.006  -39.039  40.436 0.0000000000
48366  33.088  -39.031  39.917 0.0000000000
49443  32.105  -39.017  39.453 0.0000000000
40449  27.075  -46.083  42.286 0.0000000000
41614  27.411  -45.455  41.873 0.0000000000
41625  26.710  -45.398  41.056 0.0000000000
42797  25.809  -44.599  40.118 0.0000000000
43920  24.806  -44.137  39.147 0.0000000000
41644  23.518  -44.980  38.280 0.0000000000
42802  23.986  -44.359  38.382 0.0000000000
65788  43.641  -23.427  37.305 0.0000000000
65796  43.374  -23.313  36.391 0.0000000000
64745  43.453  -24.114  35.899 0.0000000000
64756  44.652  -24.830  35.446 0.0000000000
63614  46.317  -25.422  34.669 0.0000000000
63561  47.915  -26.007  36.068 0.0000000000
63592  47.787  -25.932  35.178 0.0000000000
39174  22.180  -46.982  48.591 0.0000000000
39212  20.926  -46.636  47.294 0.0000000000
40394  19.452  -46.015  46.600 0.0000000000
39195  19.266  -46.799  48.061 0.0000000000
40395  18.538  -46.236  46.678 0.0000000000
37906  40.171  -47.790  49.346 0.0000000000
39167  39.216  -47.487  48.182 0.0000000000
40380  37.971  -46.372  47.342 0.0000000000
41561  36.980  -45.318  46.274 0.0000000000
41564  36.317  -45.124  45.289 0.0000000000
40388  36.302  -46.203  46.142 0.0000000000
40401  35.212  -46.452  45.699 0.0000000000
40402  34.040  -46.348  45.243 0.0000000000
37943  34.352  -48.390  46.946 0.0000000000
39219  33.984  -47.235  45.677 0.0000000000
40415  33.202  -46.511  44.262 0.0000000000
40417  31.327  -46.598  44.009 0.0000000000
40418  30.413  -46.599  44.261 0.0000000000
40434  29.498  -46.274  43.805 0.0000000000
35451  31.907  -49.901  49.527 0.0000000000
36696  31.847  -49.503  48.611 0.0000000000
37931  31.049  -48.503  47.485 0.0000000000
37915  29.443  -48.765  48.188 0.0000000000
37932  30.032  -48.394  47.397 0.0000000000
37960  30.137  -47.888  45.769 0.0000000000
39223  29.633  -47.549  45.062 0.0000000000
39239  29.040  -47.078  44.354 0.0000000000
39262  27.515  -46.709  42.691 0.0000000000
39263  27.015  -46.840  42.691 0.0000000000
40451  25.586  -46.516  42.357 0.0000000000
40460  24.828  -46.233  41.416 0.0000000000
39256  24.869  -47.070  43.556 0.0000000000
40453  24.086  -45.851  42.440 0.0000000000
40462  23.425  -45.778  40.975 0.0000000000
41627  22.830  -45.297  40.551 0.0000000000
63472  51.025  -25.451  39.615 0.0000000000
63496  51.973  -25.532  38.781 0.0000000000
63495  53.244  -25.239  39.006 0.0000000000
61233  54.372  -26.907  39.223 0.0000000000
62340  54.915  -26.151  38.621 0.0000000000
61266  50.466  -27.913  37.271 0.0000000000
37772  23.708  -48.663  56.579 0.0000000000
36543  22.956  -48.869  56.715 0.0000000000
36544  21.881  -48.960  56.816 0.0000000000
37754  21.493  -48.359  57.441 0.0000000000
37773  21.263  -48.817  55.764 0.0000000000
37791  20.721  -48.575  55.143 0.0000000000
39038  20.298  -47.910  54.534 0.0000000000
39065  19.111  -47.516  53.795 0.0000000000
38964  18.268  -47.592  58.166 0.0000000000
38998  17.830  -46.955  56.497 0.0000000000
39041  17.483  -46.962  54.455 0.0000000000
39092  16.593  -47.081  52.325 0.0000000000
66806  45.427  -21.933  38.495 0.0000000000
65775  44.188  -23.228  38.425 0.0000000000
63535  43.809  -24.877  37.877 0.0000000000
63534  44.422  -25.648  37.974 0.0000000000
64679  43.848  -24.365  39.678 0.0000000000
63500  44.021  -25.731  38.553 0.0000000000
62367  46.210  -26.229  37.792 0.0000000000
62343  46.914  -26.298  38.476 0.0000000000
62321  48.782  -26.373  39.310 0.0000000000
61223  47.144  -26.661  40.300 0.0000000000
62299  49.017  -26.195  40.596 0.0000000000
63448  49.493  -25.813  40.053 0.0000000000
63446  51.450  -25.461  40.756 0.0000000000
63427  52.011  -25.316  41.837 0.0000000000
63425  53.542  -24.845  41.832 0.0000000000
63410  51.435  -25.103  42.968 0.0000000000
64643  52.741  -24.546  43.021 0.0000000000
63424  53.669  -25.524  41.754 0.0000000000
62278  53.367  -26.298  42.005 0.0000000000
61203  52.331  -27.530  41.403 0.0000000000
61220  51.641  -27.956  40.744 0.0000000000
64606  48.709  -25.140  46.867 0.0000000000
64565  50.585  -24.778  47.021 0.0000000000
62178  51.215  -25.762  46.221 0.0000000000
61117  49.768  -26.680  46.052 0.0000000000
62197  50.607  -26.541  45.592 0.0000000000
62214  51.273  -26.533  44.707 0.0000000000
61167  51.273  -27.404  43.286 0.0000000000
61205  50.738  -27.657  41.815 0.0000000000
60208  50.160  -28.213  40.230 0.0000000000
60223  49.622  -28.398  39.515 0.0000000000
60242  47.357  -28.479  38.621 0.0000000000
60211  46.793  -28.798  40.599 0.0000000000
60243  46.220  -28.639  38.712 0.0000000000
58163  47.987  -30.490  48.145 0.0000000000
58192  46.983  -31.174  46.962 0.0000000000
52834  48.092  -35.572  46.373 0.0000000000
51711  45.753  -36.353  44.637 0.0000000000
52855  46.943  -35.586  45.097 0.0000000000
53942  47.896  -34.714  46.135 0.0000000000
55037  47.115  -33.707  44.834 0.0000000000
56106  46.650  -32.701  44.938 0.0000000000
57204  46.125  -31.715  44.790 0.0000000000
58222  45.449  -31.229  43.728 0.0000000000
58260  45.164  -30.850  42.134 0.0000000000
58292  44.147  -31.023  40.812 0.0000000000
56183  43.963  -32.623  40.318 0.0000000000
57271  43.748  -31.859  39.957 0.0000000000
58303  44.233  -30.718  40.046 0.0000000000
58316  43.193  -30.642  38.838 0.0000000000
56225  39.167  -32.187  37.762 0.0000000000
57317  37.976  -31.506  36.422 0.0000000000
52945  37.722  -35.490  40.433 0.0000000000
54033  36.899  -34.545  39.690 0.0000000000
54044  35.820  -34.300  38.813 0.0000000000
52967  34.529  -35.490  38.790 0.0000000000
54045  34.917  -34.516  38.422 0.0000000000
42762  35.620  -44.126  44.651 0.0000000000
43886  35.093  -43.310  44.130 0.0000000000
45081  34.190  -42.277  42.634 0.0000000000
42770  32.983  -44.240  42.963 0.0000000000
43901  32.653  -42.983  41.659 0.0000000000
46193  33.447  -42.022  41.626 0.0000000000
46207  32.865  -41.134  40.626 0.0000000000
47272  31.978  -40.489  39.795 0.0000000000
48371  30.991  -39.369  38.785 0.0000000000
42790  27.954  -44.493  40.832 0.0000000000
43912  28.541  -43.865  40.656 0.0000000000
45099  28.552  -42.458  39.810 0.0000000000
46217  27.000  -42.057  39.225 0.0000000000
46216  27.902  -41.893  39.279 0.0000000000
46215  28.842  -41.563  39.394 0.0000000000
46220  29.583  -40.669  38.651 0.0000000000
48373  29.697  -39.842  38.062 0.0000000000
66837  43.377  -22.352  35.727 0.0000000000
66848  43.367  -22.578  34.574 0.0000000000
66852  44.102  -22.197  33.295 0.0000000000
63527  51.542  -25.332  37.742 0.0000000000
41560  37.928  -45.444  46.807 0.0000000000
43857  38.203  -43.322  46.339 0.0000000000
43858  37.543  -43.739  46.152 0.0000000000
42757  37.207  -44.027  45.947 0.0000000000
63498  49.642  -25.975  38.271 0.0000000000
39172  24.038  -47.068  47.937 0.0000000000
39173  23.136  -47.065  48.239 0.0000000000
39114  17.453  -47.092  51.484 0.0000000000
34176  33.562  -51.945  51.821 0.0000000000
34156  34.114  -51.632  52.075 0.0000000000
34196  34.041  -51.658  50.973 0.0000000000
34195  34.608  -51.432  50.605 0.0000000000
35449  33.654  -50.744  49.476 0.0000000000
39190  24.232  -46.922  46.912 0.0000000000
61251  51.161  -27.896  39.049 0.0000000000
63355  46.905  -25.756  45.871 0.0000000000
58209  46.340  -30.562  45.423 0.0000000000
51758  39.734  -36.306  42.535 0.0000000000
52932  40.222  -35.098  41.512 0.0000000000
52933  39.358  -35.368  41.440 0.0000000000
52943  39.067  -34.837  40.904 0.0000000000
41588  29.076  -45.632  43.394 0.0000000000
41600  29.833  -45.360  42.507 0.0000000000
130951  45.375  -20.584  37.073 0.0000000000
36645  24.492  -49.167  51.669 0.0000000000
36595  21.489  -49.167  54.384 0.0000000000
35345  30.525  -50.856  54.388 0.0000000000
34139  30.115  -50.980  53.878 0.0000000000
34122  29.863  -51.071  54.204 0.0000000000
43837  43.228  -43.353  48.259 0.0000000000
45014  44.036  -42.548  47.993 0.0000000000
46099  44.014  -41.788  47.564 0.0000000000
46100  43.005  -41.696  47.468 0.0000000000
47200  38.604  -40.443  45.131 0.0000000000
48273  39.163  -39.620  45.103 0.0000000000
48300  38.811  -39.230  44.535 0.0000000000
48301  38.110  -39.712  44.255 0.0000000000
47243  34.509  -41.016  41.852 0.0000000000
47258  34.278  -40.558  41.277 0.0000000000
63533  45.525  -25.815  37.345 0.0000000000
37898  21.323  -48.113  50.149 0.0000000000
39154  20.771  -47.590  49.520 0.0000000000
39213  17.114  -46.808  47.012 0.0000000000
37911  36.078  -49.016  48.383 0.0000000000
36690  37.038  -48.993  48.868 0.0000000000
37910  36.668  -48.650  48.461 0.0000000000
39169  36.972  -47.944  48.162 0.0000000000
39221  31.655  -47.614  45.174 0.0000000000
37959  31.140  -47.977  45.839 0.0000000000
35452  29.156  -50.097  50.287 0.0000000000
36680  29.391  -49.719  49.710 0.0000000000
37963  27.270  -47.718  45.637 0.0000000000
39226  26.980  -47.602  44.869 0.0000000000
39225  27.770  -47.724  44.929 0.0000000000
39242  26.589  -47.422  44.052 0.0000000000
41605  21.990  -44.691  42.228 0.0000000000
37728  20.387  -48.045  58.983 0.0000000000
37756  19.627  -48.146  57.322 0.0000000000
37742  19.058  -48.056  58.106 0.0000000000
39000  15.650  -47.097  56.716 0.0000000000
39022  15.829  -46.923  55.511 0.0000000000
39043  15.031  -47.429  54.488 0.0000000000
66794  45.471  -23.030  39.870 0.0000000000
65759  45.394  -23.070  40.436 0.0000000000
62326  43.618  -26.079  39.946 0.0000000000
62324  45.456  -26.768  39.928 0.0000000000
62261  49.646  -25.681  42.951 0.0000000000
63351  51.903  -25.177  45.193 0.0000000000
63370  52.131  -25.234  44.508 0.0000000000
62212  52.356  -25.744  43.985 0.0000000000
62213  52.067  -25.779  44.538 0.0000000000
63275  48.811  -25.233  48.709 0.0000000000
63294  49.135  -25.327  48.270 0.0000000000
62151  49.424  -25.847  48.206 0.0000000000
60170  48.396  -27.861  43.466 0.0000000000
61170  48.828  -27.578  43.611 0.0000000000
61189  49.158  -27.599  42.798 0.0000000000
59284  44.919  -29.545  40.805 0.0000000000
60213  45.127  -29.310  40.292 0.0000000000
59293  44.694  -29.538  40.065 0.0000000000
59294  44.182  -30.040  39.633 0.0000000000
55028  48.323  -33.835  46.803 0.0000000000
49340  44.344  -38.232  45.621 0.0000000000
53989  45.519  -34.695  43.263 0.0000000000
54002  45.252  -34.335  42.670 0.0000000000
55077  45.768  -33.814  42.937 0.0000000000
55091  45.279  -33.598  42.300 0.0000000000
55092  44.501  -33.576  41.866 0.0000000000
56197  40.864  -32.584  39.254 0.0000000000
56196  42.038  -32.564  39.172 0.0000000000
56211  41.364  -32.163  38.721 0.0000000000
55134  37.175  -33.160  38.075 0.0000000000
56227  37.288  -32.578  37.557 0.0000000000
56228  36.442  -32.617  37.216 0.0000000000
50635  35.762  -37.361  40.719 0.0000000000
41575  33.691  -45.943  44.196 0.0000000000
41582  33.877  -45.003  43.850 0.0000000000
41583  33.389  -45.526  43.711 0.0000000000
45096  31.184  -42.238  40.148 0.0000000000
45097  30.529  -42.187  39.979 0.0000000000
43919  25.364  -43.707  39.356 0.0000000000
45102  26.030  -43.055  39.357 0.0000000000
63616  44.605  -24.800  34.451 0.0000000000
63634  44.735  -25.030  33.994 0.0000000000
35350  24.985  -49.903  55.048 0.0000000000
35371  24.593  -50.078  54.067 0.0000000000
36575  23.369  -49.565  55.751 0.0000000000
35333  26.881  -50.492  55.410 0.0000000000
40366  39.914  -47.087  48.265 0.0000000000
40365  40.609  -46.626  48.472 0.0000000000
40377  40.300  -46.051  48.210 0.0000000000
42725  40.711  -44.499  47.751 0.0000000000
43839  41.465  -43.559  47.583 0.0000000000
43855  40.110  -42.946  46.989 0.0000000000
45044  38.324  -42.243  46.107 0.0000000000
46144  38.586  -41.377  45.514 0.0000000000
46145  37.854  -41.586  45.166 0.0000000000
45063  36.579  -42.270  44.793 0.0000000000
62365  47.903  -26.269  37.358 0.0000000000
63530  48.533  -26.191  37.614 0.0000000000
63558  51.131  -25.648  36.772 0.0000000000
40405  22.333  -45.952  45.233 0.0000000000
40392  21.488  -46.109  46.334 0.0000000000
40393  20.514  -46.198  46.748 0.0000000000
37883  20.024  -47.971  51.319 0.0000000000
39137  19.299  -47.651  50.745 0.0000000000
39179  16.875  -47.047  48.713 0.0000000000
39180  15.992  -47.295  48.772 0.0000000000
39158  16.461  -47.157  49.573 0.0000000000
39159  15.692  -47.508  49.500 0.0000000000
39141  15.379  -47.911  50.112 0.0000000000
35409  35.716  -50.721  51.284 0.0000000000
34211  35.296  -50.969  50.015 0.0000000000
35429  35.629  -50.732  50.422 0.0000000000
35447  35.437  -50.394  49.541 0.0000000000
36677  35.681  -49.936  49.247 0.0000000000
36706  34.898  -49.343  48.493 0.0000000000
35466  33.134  -50.268  48.868 0.0000000000
36694  33.405  -49.699  48.452 0.0000000000
36709  32.909  -49.214  48.081 0.0000000000
36710  32.368  -49.310  48.242 0.0000000000
36683  27.166  -49.231  49.668 0.0000000000
37936  25.838  -47.850  47.020 0.0000000000
39207  25.227  -47.363  45.620 0.0000000000
39209  23.285  -46.591  46.084 0.0000000000
40404  23.034  -46.340  45.145 0.0000000000
61263  53.399  -28.307  38.026 0.0000000000
63396  48.649  -25.593  44.672 0.0000000000
63373  49.130  -25.386  45.270 0.0000000000
64604  51.038  -24.439  45.767 0.0000000000
64605  50.423  -24.644  45.954 0.0000000000
62166  48.220  -26.895  47.297 0.0000000000
60151  47.123  -28.324  45.542 0.0000000000
60150  47.559  -27.990  45.299 0.0000000000
59257  45.986  -29.418  42.875 0.0000000000
59258  45.288  -30.001  42.452 0.0000000000
51715  42.391  -36.835  44.199 0.0000000000
51714  43.333  -36.674  44.259 0.0000000000
52917  41.420  -35.047  42.552 0.0000000000
53992  43.142  -34.742  42.665 0.0000000000
54005  42.948  -34.545  42.102 0.0000000000
54006  42.093  -34.546  42.074 0.0000000000
54021  40.705  -34.260  40.773 0.0000000000
54020  41.417  -34.236  40.866 0.0000000000
55113  40.523  -33.654  40.295 0.0000000000
55118  41.190  -33.080  39.807 0.0000000000
55122  37.962  -33.641  39.161 0.0000000000
50641  33.781  -37.420  39.587 0.0000000000
50645  33.299  -37.207  39.103 0.0000000000
51803  32.451  -36.561  38.240 0.0000000000
52975  32.244  -35.633  37.566 0.0000000000
52976  31.504  -36.056  37.420 0.0000000000
40432  31.618  -46.095  43.257 0.0000000000
41598  31.744  -45.517  42.705 0.0000000000
40446  31.308  -45.776  42.829 0.0000000000
42783  29.934  -45.059  41.788 0.0000000000
42782  30.785  -44.815  41.909 0.0000000000
43905  29.836  -44.487  41.510 0.0000000000
69708  44.810  -19.900  34.776 0.0000000000
68818  43.925  -20.800  35.020 0.0000000000
39133  24.303  -47.819  50.081 0.0000000000
37897  22.100  -48.049  50.218 0.0000000000
35394  23.633  -49.621  53.378 0.0000000000
36648  21.924  -48.948  52.595 0.0000000000
37862  21.612  -48.569  51.995 0.0000000000
37839  21.048  -48.567  52.442 0.0000000000
37840  20.615  -48.573  52.768 0.0000000000
37841  19.801  -48.073  52.780 0.0000000000
37823  20.085  -47.935  53.603 0.0000000000
33001  31.334  -52.332  53.960 0.0000000000
34137  32.026  -51.685  53.993 0.0000000000
33013  32.162  -52.246  53.465 0.0000000000
33012  32.796  -52.098  53.113 0.0000000000
33042  32.298  -52.046  52.752 0.0000000000
34178  32.065  -51.565  52.348 0.0000000000
34158  31.419  -51.890  52.803 0.0000000000
35433  29.545  -50.268  50.932 0.0000000000
35347  27.967  -50.718  54.781 0.0000000000
35368  28.266  -50.684  54.066 0.0000000000
35415  26.721  -49.706  51.909 0.0000000000
35414  27.538  -49.901  51.985 0.0000000000
36663  27.467  -49.503  50.350 0.0000000000
36666  25.148  -49.160  51.190 0.0000000000
60125  48.134  -28.868  49.486 0.0000000000
60126  47.862  -28.624  48.678 0.0000000000
59170  47.497  -29.525  48.061 0.0000000000
41526  42.198  -45.825  48.719 0.0000000000
47172  44.510  -40.489  47.081 0.0000000000
48217  45.089  -40.175  47.199 0.0000000000
49320  44.513  -39.025  46.121 0.0000000000
46129  40.820  -41.499  46.780 0.0000000000
46128  41.888  -41.342  46.799 0.0000000000
48271  41.286  -39.285  45.815 0.0000000000
48245  41.755  -39.788  46.094 0.0000000000
49322  42.751  -38.892  45.900 0.0000000000
50520  42.065  -37.819  45.029 0.0000000000
49390  39.419  -37.792  43.491 0.0000000000
50597  39.390  -36.987  43.113 0.0000000000
49407  39.099  -37.547  43.010 0.0000000000
50617  38.531  -36.872  42.300 0.0000000000
49420  36.713  -38.425  41.809 0.0000000000
47226  36.963  -39.954  43.711 0.0000000000
47227  36.375  -40.085  43.137 0.0000000000
48334  35.687  -39.833  42.237 0.0000000000
48348  35.452  -39.452  41.765 0.0000000000
49421  35.631  -38.389  41.330 0.0000000000
49422  35.049  -38.921  41.349 0.0000000000
49436  34.650  -38.491  40.627 0.0000000000
47267  33.871  -40.107  40.815 0.0000000000
48362  33.457  -39.549  40.458 0.0000000000
48367  32.551  -39.581  39.960 0.0000000000
40457  26.810  -45.734  41.793 0.0000000000
41634  25.323  -45.374  40.056 0.0000000000
42798  25.047  -44.641  39.452 0.0000000000
41655  23.156  -44.701  37.532 0.0000000000
42806  23.455  -44.312  37.737 0.0000000000
43924  23.756  -43.666  38.058 0.0000000000
64726  43.591  -24.342  36.734 0.0000000000
63595  44.992  -25.111  35.907 0.0000000000
64743  44.601  -24.886  35.753 0.0000000000
63615  45.207  -24.920  34.841 0.0000000000
62377  47.794  -26.190  36.799 0.0000000000
41591  20.593  -45.139  43.708 0.0000000000
41592  19.450  -45.133  43.764 0.0000000000
39193  21.374  -46.674  47.844 0.0000000000
40381  19.929  -46.349  47.102 0.0000000000
39177  18.984  -47.318  48.825 0.0000000000
40396  17.673  -46.682  46.879 0.0000000000
40383  18.517  -46.540  47.452 0.0000000000
40410  17.721  -46.304  45.953 0.0000000000
36640  37.449  -49.597  51.143 0.0000000000
36658  37.561  -49.562  50.530 0.0000000000
37892  38.027  -48.506  49.380 0.0000000000
37891  38.784  -48.583  49.608 0.0000000000
37907  39.410  -47.968  49.095 0.0000000000
39186  37.249  -47.163  47.339 0.0000000000
39185  38.470  -47.132  47.580 0.0000000000
40387  37.140  -46.166  46.863 0.0000000000
39205  33.810  -47.817  46.232 0.0000000000
40403  33.529  -46.957  45.086 0.0000000000
39235  32.604  -46.987  44.470 0.0000000000
40416  32.224  -46.637  43.949 0.0000000000
39236  31.986  -47.169  44.507 0.0000000000
40419  29.778  -46.780  44.381 0.0000000000
35431  31.874  -50.615  50.695 0.0000000000
36697  30.849  -49.392  48.686 0.0000000000
36678  31.210  -49.690  49.234 0.0000000000
37913  31.372  -48.924  48.205 0.0000000000
37948  29.586  -48.061  46.556 0.0000000000
39240  28.038  -47.558  44.286 0.0000000000
39252  27.929  -47.095  43.411 0.0000000000
39251  28.772  -46.675  43.768 0.0000000000
39253  26.973  -47.217  43.248 0.0000000000
39265  26.016  -46.870  42.942 0.0000000000
40452  24.712  -46.405  42.191 0.0000000000
39244  24.780  -47.444  44.201 0.0000000000
39257  24.446  -47.080  43.853 0.0000000000
41603  23.675  -45.628  42.032 0.0000000000
41616  23.842  -45.756  41.835 0.0000000000
41617  23.404  -45.566  41.526 0.0000000000
42785  22.877  -45.130  41.368 0.0000000000
63471  52.311  -25.397  39.831 0.0000000000
63494  54.173  -24.760  39.188 0.0000000000
64677  54.724  -24.744  39.092 0.0000000000
61234  53.641  -27.453  39.560 0.0000000000
62362  55.463  -26.029  37.852 0.0000000000
60257  49.797  -28.079  37.296 0.0000000000
61275  50.365  -27.723  36.585 0.0000000000
37771  24.297  -48.651  56.404 0.0000000000
37752  23.142  -48.570  56.715 0.0000000000
36561  22.708  -49.246  56.281 0.0000000000
36545  21.452  -48.670  56.783 0.0000000000
36563  21.234  -48.657  56.404 0.0000000000
37774  20.749  -48.456  56.126 0.0000000000
38996  19.539  -47.744  55.932 0.0000000000
39018  20.126  -47.854  55.382 0.0000000000
39039  19.579  -47.510  54.594 0.0000000000
39040  18.584  -47.231  54.557 0.0000000000
38965  17.539  -47.358  58.513 0.0000000000
38953  18.711  -47.633  59.322 0.0000000000
38977  18.445  -47.574  57.326 0.0000000000
39020  17.998  -46.997  55.579 0.0000000000
39093  15.622  -47.542  52.086 0.0000000000
37806  14.345  -48.080  54.047 0.0000000000
130939  46.558  -21.284  38.849 0.0000000000
65761  44.090  -23.834  39.118 0.0000000000
64678  44.301  -24.026  40.503 0.0000000000
62346  43.952  -26.157  38.918 0.0000000000
62368  45.219  -26.279  38.150 0.0000000000
62323  46.516  -26.491  39.510 0.0000000000
61224  46.558  -26.860  40.265 0.0000000000
61208  47.164  -26.925  40.773 0.0000000000
63447  50.089  -25.565  40.513 0.0000000000
63426  52.954  -24.699  41.644 0.0000000000
63394  50.058  -25.143  44.158 0.0000000000
63411  50.148  -25.463  43.187 0.0000000000
64630  52.772  -24.894  43.403 0.0000000000
64642  53.286  -24.688  42.689 0.0000000000
64653  53.570  -24.850  42.324 0.0000000000
63407  53.560  -25.558  42.430 0.0000000000
61185  52.194  -27.353  42.204 0.0000000000
61204  51.533  -27.765  41.628 0.0000000000
64593  47.116  -24.929  47.432 0.0000000000
64592  47.834  -24.946  47.170 0.0000000000
64591  48.524  -25.031  47.262 0.0000000000
64566  50.397  -24.842  47.223 0.0000000000
63312  50.686  -25.089  47.244 0.0000000000
63330  51.152  -25.110  46.626 0.0000000000
61118  48.848  -27.044  46.242 0.0000000000
62180  49.582  -26.584  46.956 0.0000000000
62215  50.291  -26.870  44.564 0.0000000000
62198  49.901  -26.874  45.132 0.0000000000
62240  50.872  -26.939  43.899 0.0000000000
61206  49.791  -27.603  41.854 0.0000000000
61187  50.649  -27.562  42.599 0.0000000000
61222  50.172  -27.747  41.358 0.0000000000
61221  50.666  -28.013  40.965 0.0000000000
60183  46.670  -29.002  42.304 0.0000000000
60198  47.425  -28.780  41.601 0.0000000000
60226  45.996  -28.706  39.708 0.0000000000
57175  47.501  -31.709  46.975 0.0000000000
51676  47.239  -36.733  46.403 0.0000000000
51696  47.698  -36.254  46.055 0.0000000000
51713  44.142  -36.638  44.242 0.0000000000
51712  44.887  -36.584  44.369 0.0000000000
52881  45.114  -35.961  43.930 0.0000000000
53977  46.655  -34.713  44.246 0.0000000000
52879  46.390  -35.580  44.512 0.0000000000
53953  46.880  -34.981  44.754 0.0000000000
53952  47.365  -34.684  45.243 0.0000000000
55029  47.642  -33.764  45.890 0.0000000000
56114  46.177  -32.749  43.984 0.0000000000
57205  45.690  -31.751  43.978 0.0000000000
57250  45.049  -31.790  41.658 0.0000000000
58280  44.841  -31.021  41.545 0.0000000000
57251  44.724  -31.780  41.077 0.0000000000
55102  43.492  -33.672  41.188 0.0000000000
55109  44.066  -33.206  40.741 0.0000000000
57287  43.099  -31.750  39.514 0.0000000000
58293  44.146  -31.312  40.100 0.0000000000
58304  43.654  -30.949  39.566 0.0000000000
59295  43.708  -30.212  39.062 0.0000000000
58329  41.523  -30.988  37.440 0.0000000000
56233  37.772  -32.059  37.098 0.0000000000
57311  38.178  -31.798  37.107 0.0000000000
51788  38.070  -36.061  40.861 0.0000000000
51789  37.212  -36.145  40.726 0.0000000000
52956  36.336  -35.033  39.699 0.0000000000
54034  36.257  -34.670  39.365 0.0000000000
52958  34.882  -36.035  39.259 0.0000000000
54056  34.590  -33.875  37.498 0.0000000000
41572  36.034  -44.666  44.744 0.0000000000
42766  34.208  -44.429  43.902 0.0000000000
43887  34.580  -43.880  43.920 0.0000000000
43892  34.024  -43.324  43.408 0.0000000000
43891  34.833  -42.888  43.526 0.0000000000
42772  31.920  -44.883  42.300 0.0000000000
42771  32.442  -44.542  42.612 0.0000000000
42780  31.985  -44.216  42.156 0.0000000000
45086  32.556  -42.533  41.249 0.0000000000
45085  33.033  -42.479  41.685 0.0000000000
46202  33.151  -41.627  41.119 0.0000000000
46212  31.601  -41.033  39.722 0.0000000000
48368  31.703  -39.559  39.385 0.0000000000
41624  27.560  -44.895  41.294 0.0000000000
43917  27.019  -43.188  39.939 0.0000000000
45093  28.222  -43.076  40.355 0.0000000000
45092  29.118  -43.100  40.368 0.0000000000
46224  26.138  -41.548  38.666 0.0000000000
46222  28.104  -41.043  38.893 0.0000000000
46221  28.997  -40.818  38.783 0.0000000000
46214  29.954  -41.310  39.228 0.0000000000
47285  28.830  -39.773  37.454 0.0000000000
48372  30.174  -39.337  38.150 0.0000000000
65808  43.346  -23.423  35.329 0.0000000000
66853  43.679  -22.762  33.661 0.0000000000
67874  43.714  -21.670  33.835 0.0000000000
35320  25.735  -49.640  55.911 0.0000000000
35335  25.079  -49.709  55.909 0.0000000000
41546  39.159  -45.548  47.582 0.0000000000
41545  40.085  -45.464  47.876 0.0000000000
42744  39.334  -44.221  47.013 0.0000000000
43841  39.747  -43.934  47.069 0.0000000000
43856  39.456  -43.415  46.781 0.0000000000
43873  37.939  -42.802  45.881 0.0000000000
45062  37.321  -41.960  45.198 0.0000000000
43875  36.746  -43.316  45.144 0.0000000000
43885  36.003  -43.285  44.718 0.0000000000
62341  49.006  -26.318  38.449 0.0000000000
63499  48.903  -26.045  37.975 0.0000000000
40391  22.305  -46.188  45.931 0.0000000000
34155  34.863  -51.054  51.687 0.0000000000
34174  35.087  -51.196  50.961 0.0000000000
34212  34.892  -51.199  49.913 0.0000000000
35448  34.506  -50.682  49.436 0.0000000000
37894  25.874  -48.484  49.483 0.0000000000
60255  51.281  -28.104  37.805 0.0000000000
37758  13.721  -48.364  57.546 0.0000000000
62218  47.121  -26.263  44.845 0.0000000000
63375  47.496  -25.753  45.525 0.0000000000
63353  48.851  -25.265  46.302 0.0000000000
60142  47.462  -28.405  47.210 0.0000000000
60143  47.140  -28.485  46.455 0.0000000000
58239  45.555  -30.179  43.675 0.0000000000
51737  40.816  -36.316  43.410 0.0000000000
51736  41.942  -36.430  43.640 0.0000000000
52902  40.913  -35.648  42.864 0.0000000000
54007  41.302  -34.720  41.939 0.0000000000
54022  39.704  -34.357  40.701 0.0000000000
54030  39.335  -34.111  40.078 0.0000000000
54023  38.904  -34.568  40.440 0.0000000000
54024  38.195  -34.760  40.236 0.0000000000
41586  30.209  -45.502  42.884 0.0000000000
41599  30.745  -45.452  42.537 0.0000000000
42775  29.522  -45.111  42.312 0.0000000000
130953  45.998  -20.036  36.502 0.0000000000
67857  43.906  -21.343  35.880 0.0000000000
37859  24.281  -48.627  51.111 0.0000000000
36646  23.354  -49.136  52.050 0.0000000000
36613  22.833  -49.614  53.787 0.0000000000
36631  21.100  -48.890  53.162 0.0000000000
36615  21.268  -49.008  53.629 0.0000000000
34099  31.188  -51.952  54.129 0.0000000000
33015  31.128  -52.262  53.703 0.0000000000
34159  30.983  -51.930  53.150 0.0000000000
34138  30.831  -51.574  53.683 0.0000000000
34160  30.289  -50.968  53.207 0.0000000000
35389  29.204  -50.692  53.216 0.0000000000
35369  26.835  -50.389  53.831 0.0000000000
36643  26.226  -49.498  51.384 0.0000000000
42722  43.382  -44.110  48.712 0.0000000000
42721  44.201  -43.934  48.777 0.0000000000
47143  45.700  -40.871  47.809 0.0000000000
47145  43.940  -41.076  47.205 0.0000000000
47173  43.829  -40.479  46.807 0.0000000000
47177  40.001  -40.804  45.906 0.0000000000
47198  40.528  -40.174  45.697 0.0000000000
49344  40.456  -38.500  44.779 0.0000000000
48299  39.680  -38.862  44.667 0.0000000000
49368  39.149  -38.518  44.103 0.0000000000
49391  38.428  -38.334  43.525 0.0000000000
48332  36.961  -38.951  42.560 0.0000000000
46177  35.920  -41.153  43.636 0.0000000000
47228  35.687  -40.619  42.888 0.0000000000
47257  34.827  -39.983  41.699 0.0000000000
47268  33.428  -40.626  40.736 0.0000000000
40459  25.637  -46.301  41.340 0.0000000000
40476  24.991  -45.705  40.146 0.0000000000
63565  44.028  -25.045  36.897 0.0000000000
64725  43.912  -24.720  36.513 0.0000000000
63560  48.887  -26.170  36.410 0.0000000000
41577  19.531  -45.487  44.548 0.0000000000
40397  17.043  -46.750  46.711 0.0000000000
36675  37.290  -49.302  49.561 0.0000000000
39203  36.143  -46.933  46.893 0.0000000000
39204  34.936  -47.406  46.713 0.0000000000
37944  33.438  -48.294  46.722 0.0000000000
37957  32.893  -48.089  46.084 0.0000000000
36698  29.918  -49.183  48.891 0.0000000000
37971  27.271  -47.651  44.000 0.0000000000
37981  26.896  -47.374  43.557 0.0000000000
37972  26.911  -47.494  43.786 0.0000000000
39255  25.653  -46.944  43.225 0.0000000000
40420  23.446  -46.366  44.361 0.0000000000
40438  24.197  -46.204  43.615 0.0000000000
41604  23.128  -45.449  42.354 0.0000000000
42777  22.729  -45.077  41.870 0.0000000000
61262  54.408  -28.302  38.051 0.0000000000
37740  20.867  -48.005  58.153 0.0000000000
37792  20.425  -48.251  55.795 0.0000000000
37776  19.301  -48.087  56.868 0.0000000000
38997  18.902  -47.616  56.437 0.0000000000
38966  16.507  -47.215  58.749 0.0000000000
38979  16.620  -47.157  57.619 0.0000000000
40239  17.381  -46.720  56.215 0.0000000000
130932  45.367  -22.798  39.431 0.0000000000
65760  44.717  -23.459  39.736 0.0000000000
63475  43.513  -25.327  39.929 0.0000000000
62283  47.019  -27.099  41.499 0.0000000000
64618  51.160  -24.615  44.816 0.0000000000
64632  51.627  -24.943  43.903 0.0000000000
64616  52.135  -25.175  43.953 0.0000000000
63392  52.943  -25.323  43.428 0.0000000000
62259  53.209  -25.984  42.816 0.0000000000
62238  52.675  -26.006  43.485 0.0000000000
61166  52.086  -27.060  43.046 0.0000000000
64567  48.305  -24.769  47.866 0.0000000000
63314  48.932  -25.056  47.744 0.0000000000
61149  48.244  -27.412  44.594 0.0000000000
61148  48.978  -27.297  44.381 0.0000000000
61147  49.580  -27.132  44.057 0.0000000000
61168  50.455  -27.317  43.279 0.0000000000
61207  49.401  -27.624  42.297 0.0000000000
60196  49.325  -27.894  41.546 0.0000000000
60227  45.199  -29.141  39.802 0.0000000000
60245  44.524  -29.186  38.528 0.0000000000
56078  48.485  -32.660  47.498 0.0000000000
56095  47.813  -32.804  46.715 0.0000000000
49319  45.495  -38.983  46.339 0.0000000000
49318  46.441  -38.577  46.753 0.0000000000
49338  46.093  -38.267  45.995 0.0000000000
50516  46.005  -37.478  45.667 0.0000000000
51698  45.876  -36.805  45.202 0.0000000000
52898  44.764  -35.566  43.577 0.0000000000
53988  46.234  -34.699  43.656 0.0000000000
55059  46.643  -33.851  43.948 0.0000000000
56125  46.182  -33.441  43.384 0.0000000000
56143  44.990  -32.647  41.882 0.0000000000
56185  42.391  -32.916  39.751 0.0000000000
56195  42.683  -32.178  39.392 0.0000000000
57288  42.518  -31.753  39.093 0.0000000000
58318  41.866  -31.218  38.065 0.0000000000
57309  40.091  -31.354  37.312 0.0000000000
51777  36.864  -36.705  41.099 0.0000000000
51790  36.392  -36.467  40.554 0.0000000000
52947  36.065  -35.941  40.129 0.0000000000
52968  33.349  -35.495  38.200 0.0000000000
54057  33.351  -34.584  37.299 0.0000000000
43903  31.185  -44.052  41.322 0.0000000000
43908  31.928  -43.088  40.693 0.0000000000
45088  32.196  -42.623  40.729 0.0000000000
46209  31.490  -41.966  40.236 0.0000000000
47274  30.587  -40.899  39.186 0.0000000000
42796  26.451  -44.348  40.462 0.0000000000
43914  26.805  -44.031  40.491 0.0000000000
47288  26.437  -40.425  37.806 0.0000000000
47281  26.813  -40.988  38.418 0.0000000000
65817  43.720  -24.317  34.633 0.0000000000
63525  54.326  -24.855  38.181 0.0000000000
36612  25.268  -50.156  53.263 0.0000000000
35392  24.934  -50.198  53.409 0.0000000000
36593  23.226  -49.732  54.828 0.0000000000
41527  41.502  -46.004  48.529 0.0000000000
41543  41.954  -45.198  48.429 0.0000000000
43838  42.353  -43.456  47.949 0.0000000000
45016  42.241  -42.670  47.511 0.0000000000
46102  41.278  -41.846  47.318 0.0000000000
45030  39.985  -42.368  46.760 0.0000000000
46130  39.810  -41.465  46.398 0.0000000000
46143  39.427  -41.194  45.808 0.0000000000
47214  38.103  -40.497  44.536 0.0000000000
46159  36.546  -41.471  44.223 0.0000000000
45080  34.817  -41.962  42.936 0.0000000000
40470  23.511  -45.830  40.471 0.0000000000
40478  23.697  -45.854  39.917 0.0000000000
41657  21.718  -45.301  37.477 0.0000000000
63531  46.918  -25.656  37.035 0.0000000000
62378  47.452  -26.064  37.024 0.0000000000
40440  21.711  -45.644  43.910 0.0000000000
40423  20.616  -45.567  44.719 0.0000000000
40424  19.962  -45.813  45.119 0.0000000000
41567  19.416  -45.619  45.114 0.0000000000
41568  19.106  -45.595  45.367 0.0000000000
35428  36.480  -50.520  50.759 0.0000000000
36676  36.147  -49.836  49.307 0.0000000000
37926  35.467  -48.748  47.968 0.0000000000
36693  33.888  -49.636  48.420 0.0000000000
37929  33.112  -48.796  47.468 0.0000000000
36682  27.769  -49.576  49.594 0.0000000000
36700  27.960  -49.452  48.929 0.0000000000
37951  26.596  -47.978  46.322 0.0000000000
37964  26.489  -47.623  45.520 0.0000000000
37965  25.861  -47.512  45.374 0.0000000000
62297  53.608  -26.307  41.084 0.0000000000
62262  49.113  -25.727  43.219 0.0000000000
62242  48.777  -25.616  43.808 0.0000000000
63371  50.490  -24.725  44.647 0.0000000000
64603  51.483  -24.787  45.457 0.0000000000
62152  48.788  -26.468  48.705 0.0000000000
62165  48.986  -26.604  47.806 0.0000000000
61134  47.919  -27.544  45.523 0.0000000000
59274  44.584  -30.257  41.221 0.0000000000
53940  48.763  -34.691  47.386 0.0000000000
50519  43.063  -37.771  44.996 0.0000000000
50542  43.634  -37.078  44.649 0.0000000000
51734  44.001  -36.255  43.738 0.0000000000
52899  43.883  -35.590  43.284 0.0000000000
53991  43.830  -34.877  42.791 0.0000000000
54015  43.402  -34.174  41.682 0.0000000000
55103  42.676  -33.813  40.896 0.0000000000
54017  41.898  -34.355  41.308 0.0000000000
55104  42.006  -33.918  40.710 0.0000000000
55111  42.430  -33.320  40.267 0.0000000000
56198  40.088  -33.092  38.950 0.0000000000
56199  39.554  -33.259  38.926 0.0000000000
55124  39.115  -33.345  38.980 0.0000000000
55125  38.535  -33.328  38.750 0.0000000000
55126  37.593  -33.471  38.564 0.0000000000
55127  36.667  -33.652  38.399 0.0000000000
51802  33.315  -36.569  38.645 0.0000000000
52974  32.898  -35.175  37.614 0.0000000000
41584  32.482  -45.460  43.154 0.0000000000
43910  30.665  -43.632  40.818 0.0000000000
45091  30.109  -42.948  40.493 0.0000000000
45106  24.612  -42.690  38.625 0.0000000000
45105  25.425  -42.615  39.024 0.0000000000
46232  24.589  -41.928  37.787 0.0000000000
46231  25.268  -41.276  37.698 0.0000000000
46238  25.030  -41.133  37.085 0.0000000000
47289  25.710  -40.729  37.666 0.0000000000
69706  46.233  -19.232  35.724 0.0000000000
69698  45.919  -19.581  36.064 0.0000000000
69718  44.851  -20.046  34.442 0.0000000000
68834  44.190  -21.030  33.787 0.0000000000
37896  24.017  -47.668  48.917 0.0000000000
39151  23.950  -47.689  49.464 0.0000000000
37879  23.953  -48.120  50.744 0.0000000000
37865  19.525  -47.904  52.160 0.0000000000
37842  19.364  -47.755  52.336 0.0000000000
39090  18.993  -47.555  52.844 0.0000000000
34135  33.049  -51.717  53.255 0.0000000000
33027  33.045  -52.148  52.496 0.0000000000
34177  32.915  -51.973  51.794 0.0000000000
35430  32.842  -50.936  50.608 0.0000000000
35410  31.953  -51.063  51.556 0.0000000000
34179  31.098  -51.380  52.586 0.0000000000
35432  30.661  -50.356  51.021 0.0000000000
35453  28.750  -49.988  50.032 0.0000000000
34140  29.160  -50.715  53.965 0.0000000000
35390  27.882  -50.401  52.972 0.0000000000
36662  28.185  -49.781  50.188 0.0000000000
37876  26.422  -48.925  50.198 0.0000000000
64541  48.173  -24.606  48.590 0.0000000000
63276  48.413  -25.024  49.153 0.0000000000
61099  48.134  -27.860  48.377 0.0000000000
59184  47.237  -29.084  47.561 0.0000000000
58178  46.901  -30.092  47.190 0.0000000000
48241  45.635  -39.531  47.048 0.0000000000
46127  42.579  -41.288  47.076 0.0000000000
47174  42.783  -40.601  46.648 0.0000000000
48244  42.592  -39.676  46.227 0.0000000000
49341  43.363  -38.284  45.506 0.0000000000
49366  40.899  -38.052  44.554 0.0000000000
50545  40.916  -37.750  44.281 0.0000000000
50571  40.960  -37.290  43.887 0.0000000000
50572  40.103  -37.075  43.539 0.0000000000
51738  40.045  -36.526  43.144 0.0000000000
51774  39.089  -36.216  42.121 0.0000000000
50618  37.752  -37.253  42.030 0.0000000000
50619  36.878  -37.303  41.682 0.0000000000
48302  37.467  -39.559  43.871 0.0000000000
48320  36.915  -39.268  43.155 0.0000000000
48333  36.377  -39.361  42.382 0.0000000000
50636  35.104  -37.647  40.462 0.0000000000
49440  34.119  -37.893  40.106 0.0000000000
49441  33.583  -38.432  40.039 0.0000000000
49442  32.573  -38.436  39.481 0.0000000000
41602  27.815  -45.903  42.308 0.0000000000
40466  26.251  -45.843  40.738 0.0000000000
41626  26.022  -45.442  40.498 0.0000000000
42792  26.380  -44.906  40.610 0.0000000000
41643  24.090  -44.797  38.731 0.0000000000
42801  24.480  -44.505  38.934 0.0000000000
43923  24.530  -43.687  38.684 0.0000000000
45107  24.016  -43.022  38.343 0.0000000000
66827  43.911  -22.126  37.164 0.0000000000
64744  44.145  -24.710  35.943 0.0000000000
63593  47.099  -25.605  35.464 0.0000000000
41607  19.534  -44.865  42.860 0.0000000000
40409  18.610  -45.761  45.710 0.0000000000
40382  19.355  -46.390  47.306 0.0000000000
36657  38.082  -48.793  50.171 0.0000000000
37889  40.324  -47.940  49.863 0.0000000000
37905  40.792  -47.755  49.540 0.0000000000
39166  40.038  -47.431  48.713 0.0000000000
39184  39.148  -47.047  47.600 0.0000000000
40379  38.838  -46.486  47.511 0.0000000000
41547  38.447  -45.825  47.364 0.0000000000
42747  36.923  -44.602  45.900 0.0000000000
40400  35.804  -45.847  45.579 0.0000000000
41565  35.282  -45.567  45.233 0.0000000000
41566  34.661  -45.892  45.262 0.0000000000
40414  33.768  -46.059  44.554 0.0000000000
37942  34.928  -48.315  47.391 0.0000000000
40433  30.583  -45.944  43.378 0.0000000000
35450  32.735  -50.546  49.728 0.0000000000
35467  32.381  -49.972  49.027 0.0000000000
35468  32.040  -49.766  49.082 0.0000000000
37912  31.775  -49.097  48.182 0.0000000000
37933  28.972  -48.371  47.404 0.0000000000
37947  30.604  -48.217  46.581 0.0000000000
40435  28.652  -46.208  43.324 0.0000000000
40448  28.029  -46.405  42.612 0.0000000000
40450  26.299  -46.327  42.199 0.0000000000
39264  26.370  -46.852  42.798 0.0000000000
40437  24.844  -46.413  42.975 0.0000000000
40461  23.999  -45.994  41.406 0.0000000000
42793  22.485  -44.787  40.931 0.0000000000
41628  21.765  -44.732  40.391 0.0000000000
62318  54.522  -25.869  39.382 0.0000000000
62339  55.352  -25.558  38.431 0.0000000000
60256  50.728  -28.131  37.714 0.0000000000
61265  51.067  -27.910  37.369 0.0000000000
36542  23.754  -49.017  56.731 0.0000000000
36562  21.773  -49.146  56.188 0.0000000000
37753  22.317  -48.360  57.395 0.0000000000
37790  21.208  -48.914  55.292 0.0000000000
37804  20.523  -48.297  54.216 0.0000000000
39017  20.461  -48.199  54.950 0.0000000000
37805  20.281  -47.915  54.027 0.0000000000
39064  19.908  -47.624  53.928 0.0000000000
40251  17.625  -46.795  56.072 0.0000000000
39066  18.184  -47.146  53.571 0.0000000000
37825  14.512  -48.525  53.321 0.0000000000
64710  43.533  -24.138  37.737 0.0000000000
63501  43.736  -25.316  38.823 0.0000000000
62301  47.106  -26.539  39.920 0.0000000000
62300  47.799  -26.513  40.229 0.0000000000
63474  49.234  -25.979  39.811 0.0000000000
64644  52.152  -24.773  43.237 0.0000000000
63408  53.077  -24.514  42.351 0.0000000000
61202  53.040  -26.988  41.230 0.0000000000
62279  52.721  -26.933  41.874 0.0000000000
61237  50.802  -28.099  39.925 0.0000000000
63333  47.215  -25.157  46.670 0.0000000000
64607  48.323  -25.146  46.755 0.0000000000
63332  49.096  -25.071  47.107 0.0000000000
63331  49.569  -24.851  46.809 0.0000000000
64590  50.231  -24.668  46.820 0.0000000000
64589  50.838  -24.658  46.598 0.0000000000
63329  51.484  -25.107  45.936 0.0000000000
62177  51.571  -25.467  45.604 0.0000000000
62179  50.503  -26.295  46.690 0.0000000000
61132  49.849  -26.766  45.504 0.0000000000
62196  51.536  -25.990  45.399 0.0000000000
61238  50.244  -28.211  39.585 0.0000000000
58177  47.324  -30.621  47.409 0.0000000000
58193  46.708  -30.579  46.600 0.0000000000
52833  48.425  -35.524  47.154 0.0000000000
53941  48.450  -34.789  46.792 0.0000000000
51699  45.143  -36.851  44.983 0.0000000000
51710  46.406  -36.199  44.956 0.0000000000
52880  45.652  -35.850  44.196 0.0000000000
52854  47.590  -35.598  45.663 0.0000000000
56105  47.268  -32.800  45.701 0.0000000000
57192  47.290  -32.105  46.318 0.0000000000
57193  46.823  -31.698  45.728 0.0000000000
58240  45.345  -30.775  43.183 0.0000000000
57218  45.496  -31.763  43.295 0.0000000000
59259  44.929  -30.390  41.815 0.0000000000
55101  44.240  -33.332  41.305 0.0000000000
56166  44.596  -32.638  40.995 0.0000000000
57270  44.419  -31.909  40.407 0.0000000000
58327  42.897  -30.429  38.212 0.0000000000
56224  39.969  -32.223  37.882 0.0000000000
57310  38.805  -31.622  37.122 0.0000000000
52934  38.579  -35.767  41.148 0.0000000000
54025  37.407  -34.795  40.208 0.0000000000
54043  36.759  -34.097  38.998 0.0000000000
51795  35.060  -36.513  39.678 0.0000000000
52966  35.229  -34.957  38.896 0.0000000000
42761  36.257  -44.130  45.015 0.0000000000
45077  34.672  -42.557  43.200 0.0000000000
42768  32.938  -44.882  43.167 0.0000000000
43898  32.274  -43.866  42.220 0.0000000000
43897  32.998  -43.415  42.361 0.0000000000
43896  33.620  -42.787  42.699 0.0000000000
45082  33.535  -42.400  42.117 0.0000000000
46192  33.980  -41.576  41.735 0.0000000000
46201  33.841  -41.225  41.249 0.0000000000
47269  32.633  -40.580  40.394 0.0000000000
41613  28.235  -44.845  41.858 0.0000000000
41623  28.133  -44.707  41.299 0.0000000000
42789  28.739  -44.521  41.309 0.0000000000
45104  26.143  -42.413  39.169 0.0000000000
46218  26.486  -42.178  39.159 0.0000000000
46223  27.249  -41.392  38.767 0.0000000000
45098  29.535  -42.217  39.947 0.0000000000
47277  30.133  -40.346  38.608 0.0000000000
47276  30.623  -39.891  38.645 0.0000000000
67868  43.501  -21.554  34.857 0.0000000000
68831  43.815  -21.010  34.240 0.0000000000
68835  43.846  -21.198  33.905 0.0000000000
64768  44.206  -24.851  33.454 0.0000000000
63557  52.373  -25.442  36.925 0.0000000000
32986  31.181  -52.188  54.095 0.0000000000
32987  31.038  -52.224  54.204 0.0000000000
33000  31.877  -52.278  53.935 0.0000000000
33002  30.996  -52.188  53.956 0.0000000000
33014  31.546  -52.360  53.666 0.0000000000
33028  32.499  -52.129  52.934 0.0000000000
33029  31.772  -52.191  53.062 0.0000000000
33040  33.091  -52.218  52.112 0.0000000000
34100  30.962  -52.008  54.062 0.0000000000
34119  32.230  -52.013  54.039 0.0000000000
35321  25.171  -49.483  56.184 0.0000000000
35476  34.614  -49.674  48.686 0.0000000000
35477  34.454  -49.859  48.725 0.0000000000
36578  21.181  -48.969  54.869 0.0000000000
36661  29.528  -50.035  50.277 0.0000000000
37970  27.629  -47.646  44.183 0.0000000000
37980  27.265  -47.422  43.706 0.0000000000
39037  20.536  -48.306  54.709 0.0000000000
39170  36.489  -48.309  48.020 0.0000000000
40238  17.581  -46.831  56.307 0.0000000000
40252  17.359  -46.675  55.912 0.0000000000
40422  21.645  -45.701  44.672 0.0000000000
40475  25.316  -45.687  40.303 0.0000000000
41585  32.077  -45.830  43.141 0.0000000000
41611  30.387  -45.251  42.055 0.0000000000
41615  26.764  -45.641  41.506 0.0000000000
42727  39.031  -44.749  47.281 0.0000000000
42774  29.857  -45.392  42.067 0.0000000000
46226  24.562  -42.201  38.271 0.0000000000
47296  24.926  -41.059  36.840 0.0000000000
49370  37.749  -39.177  44.179 0.0000000000
50521  41.629  -37.875  44.911 0.0000000000
50598  38.850  -37.307  42.700 0.0000000000
52896  46.190  -35.290  43.982 0.0000000000
55058  46.909  -34.169  44.394 0.0000000000
56210  41.809  -32.239  38.769 0.0000000000
57176  47.082  -31.456  46.489 0.0000000000
58261  45.006  -30.749  41.811 0.0000000000
58279  45.137  -31.343  41.906 0.0000000000
60222  50.209  -28.255  39.827 0.0000000000
61135  47.536  -27.843  45.954 0.0000000000
62200  46.355  -26.201  45.397 0.0000000000
62237  53.071  -25.828  43.103 0.0000000000
63492  55.362  -25.159  38.727 0.0000000000
63493  55.192  -25.491  38.733 0.0000000000
64523  48.092  -24.613  49.056 0.0000000000
64569  47.136  -24.943  48.256 0.0000000000
64619  50.610  -24.599  45.257 0.0000000000
64629  53.272  -25.014  43.115 0.0000000000
64641  53.513  -25.066  42.647 0.0000000000
64652  53.748  -25.046  42.189 0.0000000000
70659  46.725  -18.780  35.873 0.0000000000
