#!ascii label  , from subject 3104 vox2ras=TkReg
1797
21391  39.718  -62.564  -16.765 0.2000000030
22817  39.131  -61.711  -15.216 0.2000000030
21373  40.070  -62.096  -16.409 0.2000000030
20021  39.275  -63.446  -16.918 0.2000000030
21417  41.076  -61.803  -18.165 0.1000000015
22801  38.873  -61.648  -14.281 0.3000000119
21374  39.107  -62.327  -16.113 0.2000000030
21390  40.405  -62.323  -17.096 0.1000000015
20020  39.752  -62.820  -17.154 0.2000000030
22827  40.439  -61.607  -16.700 0.1000000015
21389  40.850  -61.854  -17.005 0.1000000015
24201  40.091  -60.896  -16.501 0.1000000015
24191  39.537  -60.190  -15.906 0.1000000015
24216  40.157  -60.768  -17.239 0.1000000015
25512  38.833  -59.827  -15.351 0.1000000015
24202  39.412  -60.552  -16.578 0.1000000015
24217  39.266  -60.802  -17.276 0.1000000015
25501  38.111  -59.583  -14.830 0.2000000030
24203  38.358  -60.593  -16.515 0.1000000015
25498  40.302  -59.446  -14.239 0.1000000015
22816  39.935  -61.269  -15.749 0.2000000030
22815  40.281  -60.669  -15.260 0.1000000015
24190  40.114  -60.343  -15.549 0.1000000015
25511  39.589  -59.693  -15.242 0.1000000015
25500  38.744  -59.241  -14.756 0.1000000015
27992  38.120  -57.317  -14.710 0.2000000030
29202  37.728  -56.417  -15.572 0.1000000015
26784  37.583  -58.628  -14.632 0.2000000030
30437  37.767  -55.444  -16.241 0.2000000030
29203  36.411  -56.513  -15.071 0.1000000015
30412  36.366  -55.368  -15.147 0.1000000015
25510  40.171  -59.680  -15.012 0.1000000015
26782  39.858  -58.226  -14.108 0.1000000015
29226  38.088  -55.974  -16.160 0.2000000030
31657  37.999  -54.056  -17.101 0.2000000030
30411  37.087  -55.571  -15.638 0.2000000030
31608  36.777  -54.604  -15.726 0.1000000015
25499  39.566  -59.169  -14.538 0.1000000015
27990  39.693  -57.220  -13.992 0.1000000015
26783  38.810  -58.340  -14.470 0.1000000015
27991  39.089  -57.369  -14.418 0.2000000030
30409  39.279  -55.876  -15.661 0.2000000030
30410  38.688  -55.987  -15.891 0.3000000119
32763  37.440  -53.399  -17.033 0.3000000119
31634  36.827  -54.055  -16.154 0.2000000030
31609  35.869  -54.466  -15.051 0.2000000030
29177  34.364  -56.181  -14.383 0.2000000030
30435  39.706  -55.364  -16.495 0.3000000119
29173  38.705  -56.684  -14.834 0.2000000030
32785  38.230  -53.542  -17.426 0.3000000119
33944  38.170  -52.837  -17.470 0.3000000119
35180  38.336  -52.070  -17.559 0.3000000119
33929  36.673  -52.790  -16.386 0.2000000030
31579  35.223  -54.528  -14.704 0.2000000030
31580  34.617  -54.505  -14.571 0.2000000030
35194  39.999  -51.886  -19.038 0.4000000060
32808  39.427  -53.599  -18.326 0.3000000119
32784  38.826  -53.203  -17.875 0.3000000119
31631  39.185  -54.863  -17.078 0.2000000030
31656  38.784  -54.155  -17.694 0.2000000030
33928  37.503  -52.326  -17.047 0.3000000119
32743  35.619  -53.471  -15.326 0.2000000030
33930  36.325  -52.677  -15.974 0.2000000030
32716  35.127  -53.873  -14.836 0.2000000030
35178  40.166  -51.042  -18.704 0.3000000119
33943  38.815  -52.426  -17.921 0.3000000119
35166  36.773  -51.462  -16.240 0.2000000030
35149  35.733  -51.559  -15.461 0.2000000030
35129  35.189  -51.754  -14.752 0.1000000015
33915  35.899  -52.736  -15.700 0.2000000030
33898  34.038  -52.564  -14.258 0.2000000030
33897  35.141  -52.658  -14.791 0.2000000030
32717  34.366  -53.584  -14.415 0.2000000030
36424  40.206  -50.479  -18.579 0.3000000119
36425  39.408  -50.530  -17.875 0.3000000119
35179  39.311  -51.376  -18.161 0.3000000119
37630  39.474  -49.759  -17.714 0.2000000030
36411  38.564  -50.414  -17.338 0.3000000119
37619  38.676  -49.158  -17.048 0.2000000030
35165  38.111  -51.347  -17.128 0.3000000119
36412  37.507  -50.559  -16.554 0.1000000015
36413  36.868  -50.616  -16.118 0.1000000015
36399  35.366  -50.452  -14.942 0.1000000015
36398  36.247  -50.500  -15.639 0.1000000015
37621  37.065  -49.929  -15.958 0.1000000015
35130  34.569  -51.713  -14.463 0.1000000015
37638  41.000  -49.938  -19.078 0.3000000119
37629  40.332  -49.409  -18.346 0.2000000030
38814  40.660  -48.471  -18.430 0.2000000030
38815  39.485  -48.452  -17.568 0.2000000030
40081  40.124  -47.507  -17.877 0.1000000015
38800  38.736  -48.401  -16.940 0.1000000015
37620  37.814  -49.554  -16.550 0.1000000015
37605  36.435  -49.269  -15.515 0.1000000015
37606  35.524  -49.487  -15.137 0.1000000015
38828  41.041  -49.185  -18.757 0.2000000030
40082  39.265  -47.206  -17.384 0.1000000015
40066  38.030  -47.166  -16.491 0.1000000015
40065  38.713  -47.669  -16.941 0.1000000015
38783  37.273  -48.109  -15.900 0.1000000015
37604  37.199  -48.914  -15.979 0.1000000015
38784  36.615  -48.279  -15.587 0.1000000015
41221  38.823  -46.536  -16.913 0.1000000015
40051  36.045  -47.470  -15.465 0.1000000015
38785  35.729  -48.432  -15.295 0.1000000015
41220  39.323  -46.058  -17.000 0.1000000015
28006  37.133  -57.432  -14.862 0.1000000015
31465  36.487  -54.127  -8.724 0.5000000000
31467  34.442  -54.204  -9.101 0.5000000000
31466  35.464  -54.094  -8.994 0.5000000000
32648  35.860  -53.485  -8.516 0.5000000000
32647  36.911  -53.426  -8.231 0.5000000000
31469  32.719  -54.532  -8.358 0.2000000030
31468  33.391  -54.669  -8.823 0.3000000119
32649  34.863  -53.479  -8.698 0.5000000000
33815  34.308  -52.806  -8.403 0.5000000000
33814  35.332  -52.807  -8.358 0.5000000000
33813  36.194  -52.851  -8.224 0.5000000000
32646  37.673  -53.685  -7.980 0.5000000000
32631  37.520  -53.123  -7.739 0.5000000000
31464  37.646  -54.423  -8.408 0.5000000000
30274  38.846  -55.431  -7.870 0.5000000000
32632  32.294  -53.499  -7.709 0.3000000119
32651  32.783  -53.595  -8.279 0.3000000119
32650  33.819  -53.577  -8.664 0.5000000000
33798  35.900  -52.138  -8.051 0.5000000000
33797  36.882  -52.492  -7.674 0.5000000000
31447  38.603  -54.487  -7.644 0.5000000000
26710  40.793  -58.207  -7.752 0.4000000060
27902  40.618  -57.599  -7.393 0.5000000000
27903  40.216  -57.228  -7.645 0.5000000000
29081  39.559  -56.229  -7.853 0.5000000000
30263  39.237  -55.158  -7.334 0.5000000000
26709  41.563  -58.623  -7.762 0.4000000060
31450  31.829  -54.216  -7.239 0.3000000119
33817  32.754  -52.940  -8.183 0.4000000060
35037  34.421  -51.428  -7.686 0.5000000000
33799  34.863  -52.119  -8.040 0.5000000000
35036  35.449  -51.410  -7.685 0.5000000000
35035  36.457  -51.512  -7.522 0.5000000000
33796  37.913  -52.532  -7.411 0.5000000000
29070  40.211  -56.276  -7.221 0.5000000000
30273  39.490  -55.722  -7.360 0.5000000000
31446  39.497  -54.600  -7.071 0.5000000000
25419  42.619  -59.127  -7.489 0.4000000060
25429  42.191  -59.508  -7.949 0.4000000060
26698  41.424  -58.034  -7.460 0.5000000000
30167  33.654  -56.005  -3.306 0.1000000015
31383  32.336  -55.128  -3.754 0.1000000015
31384  31.698  -54.599  -3.424 0.1000000015
31400  32.378  -54.956  -4.377 0.1000000015
32559  31.245  -53.744  -3.961 0.1000000015
31414  31.877  -54.451  -4.906 0.1000000015
31401  31.658  -54.168  -4.445 0.1000000015
31432  31.767  -54.309  -6.788 0.2000000030
32591  32.035  -54.139  -5.687 0.1000000015
32633  31.828  -53.517  -7.180 0.3000000119
33800  33.758  -52.123  -8.045 0.5000000000
33802  31.871  -52.861  -7.126 0.4000000060
33801  32.488  -52.543  -7.555 0.4000000060
35038  33.453  -51.600  -7.441 0.4000000060
36268  34.991  -50.723  -7.323 0.5000000000
36267  35.988  -50.718  -7.238 0.5000000000
32630  38.265  -53.483  -7.589 0.5000000000
27887  40.496  -56.901  -7.173 0.5000000000
26697  42.196  -58.496  -7.584 0.4000000060
24060  43.161  -60.566  -7.784 0.5000000000
26597  34.010  -58.402  -1.066 0.1000000015
27803  34.140  -57.540  -1.671 0.1000000015
28978  33.461  -56.795  -2.108 0.1000000015
28993  33.317  -56.280  -2.763 0.1000000015
30168  32.778  -55.789  -3.042 0.1000000015
30169  31.904  -55.522  -2.792 0.1000000015
31363  31.340  -54.915  -2.300 0.1000000015
30151  32.494  -56.164  -2.351 0.1000000015
31385  30.937  -53.855  -3.396 0.1000000015
34988  31.002  -51.167  -4.253 0.2000000030
36191  31.121  -50.535  -3.756 0.2000000030
31413  32.112  -54.689  -5.403 0.1000000015
32578  31.214  -53.386  -4.619 0.1000000015
33745  31.029  -53.014  -4.748 0.1000000015
35008  30.853  -51.898  -4.892 0.2000000030
32592  31.671  -53.808  -5.384 0.2000000030
33760  31.131  -52.808  -5.151 0.1000000015
35024  31.733  -51.703  -6.151 0.2000000030
36252  31.823  -50.951  -6.051 0.2000000030
36214  31.400  -50.604  -4.712 0.2000000030
37438  31.719  -49.747  -4.410 0.2000000030
33782  31.719  -52.649  -6.419 0.2000000030
33781  31.979  -52.197  -7.030 0.2000000030
35023  32.257  -51.614  -6.764 0.3000000119
35022  33.193  -51.085  -6.915 0.3000000119
36250  33.701  -50.169  -6.772 0.4000000060
36269  34.024  -50.790  -7.296 0.5000000000
32628  39.990  -53.993  -6.928 0.5000000000
31428  41.270  -54.522  -6.709 0.5000000000
32610  41.121  -53.819  -6.465 0.5000000000
32611  40.633  -53.890  -6.643 0.5000000000
31429  40.842  -54.590  -6.468 0.5000000000
31430  40.203  -54.650  -6.634 0.5000000000
35034  37.447  -51.623  -7.319 0.5000000000
27879  41.251  -56.725  -6.590 0.5000000000
30244  41.059  -55.370  -6.575 0.5000000000
30245  40.517  -55.355  -6.615 0.5000000000
33794  40.194  -53.077  -7.095 0.5000000000
27885  41.888  -57.622  -7.187 0.5000000000
27886  40.927  -57.283  -6.991 0.5000000000
30262  39.814  -55.424  -6.837 0.5000000000
32629  39.277  -53.732  -7.315 0.6000000238
29055  40.806  -56.244  -6.779 0.5000000000
25418  43.047  -59.679  -7.507 0.4000000060
26598  32.882  -58.510  -0.563 0.1000000015
27779  33.560  -57.791  -1.276 0.1000000015
27805  32.543  -57.445  -1.161 0.1000000015
28979  32.200  -56.787  -1.477 0.1000000015
28932  31.299  -57.047  -0.435 0.1000000015
31364  30.832  -54.148  -2.619 0.1000000015
33710  30.454  -52.326  -2.731 0.1000000015
32560  30.829  -53.262  -3.789 0.1000000015
34968  30.645  -51.360  -3.479 0.2000000030
34967  30.857  -50.987  -3.856 0.2000000030
34989  30.763  -51.922  -4.429 0.1000000015
36251  32.726  -50.470  -6.324 0.3000000119
37470  32.675  -49.804  -5.887 0.3000000119
37450  32.522  -49.080  -5.322 0.2000000030
36249  34.555  -50.161  -6.976 0.4000000060
37449  33.720  -48.812  -6.010 0.3000000119
36248  35.440  -50.078  -6.805 0.4000000060
37468  34.580  -49.264  -6.439 0.4000000060
33792  41.500  -53.117  -7.037 0.5000000000
33793  41.071  -52.797  -6.905 0.5000000000
35046  41.545  -52.015  -8.574 0.5000000000
36261  41.282  -51.914  -8.294 0.5000000000
36262  41.016  -51.702  -8.016 0.5000000000
35031  40.501  -52.234  -7.508 0.5000000000
36266  36.971  -50.769  -7.151 0.5000000000
36263  40.094  -51.174  -7.647 0.5000000000
33795  38.964  -52.731  -7.411 0.5000000000
35032  39.507  -51.966  -7.347 0.5000000000
22702  43.491  -61.107  -8.512 0.4000000060
22681  43.670  -60.986  -8.077 0.4000000060
25428  42.836  -60.125  -7.723 0.4000000060
30097  29.810  -55.335  1.159 0.1000000015
28933  30.872  -56.762  0.103 0.1000000015
31298  30.177  -54.783  0.572 0.1000000015
28954  31.513  -56.842  -0.886 0.1000000015
30132  30.859  -55.526  -0.698 0.1000000015
31318  30.474  -54.700  -0.229 0.1000000015
30131  31.307  -56.142  -1.125 0.1000000015
31342  30.730  -54.749  -1.507 0.1000000015
32491  30.278  -53.606  -0.646 0.1000000015
32520  30.366  -53.247  -1.918 0.1000000015
33684  30.189  -52.147  -1.906 0.1000000015
36151  30.708  -50.838  -2.199 0.2000000030
36174  31.179  -50.336  -2.723 0.2000000030
37421  31.749  -49.650  -3.314 0.2000000030
37437  32.252  -49.050  -4.034 0.2000000030
42294  40.894  -46.322  -8.454 0.2000000030
38616  32.891  -48.533  -5.029 0.2000000030
41094  41.371  -46.630  -9.189 0.2000000030
41095  40.464  -46.931  -8.688 0.2000000030
41096  39.767  -47.421  -8.236 0.2000000030
41073  38.963  -46.803  -7.543 0.2000000030
39953  41.583  -47.666  -9.959 0.2000000030
39939  40.438  -47.871  -8.871 0.2000000030
39940  39.922  -48.196  -8.280 0.2000000030
39923  39.102  -48.135  -7.844 0.2000000030
39924  38.245  -47.820  -7.344 0.3000000119
38656  38.268  -48.800  -7.312 0.2000000030
38638  37.491  -48.927  -6.832 0.4000000060
37533  42.186  -49.076  -10.154 0.2000000030
37509  41.091  -49.148  -9.165 0.3000000119
38666  40.404  -48.842  -8.631 0.3000000119
38655  39.150  -49.196  -7.701 0.4000000060
37467  35.931  -49.356  -6.612 0.4000000060
36291  42.438  -51.222  -9.474 0.5000000000
36292  42.225  -50.746  -9.166 0.4000000060
37493  41.663  -50.597  -8.800 0.4000000060
37494  40.938  -49.877  -8.621 0.4000000060
36281  40.254  -50.355  -8.121 0.4000000060
37483  39.443  -50.160  -7.655 0.5000000000
37484  38.513  -49.770  -7.194 0.5000000000
38637  37.973  -49.399  -6.970 0.5000000000
36247  36.465  -50.122  -6.714 0.5000000000
36280  40.972  -50.910  -8.337 0.5000000000
35033  38.447  -51.728  -7.206 0.5000000000
36265  37.890  -50.837  -7.058 0.5000000000
30070  29.890  -55.409  1.932 0.1000000015
28892  29.824  -56.085  1.712 0.1000000015
32453  30.531  -53.704  1.615 0.1000000015
32468  30.400  -53.831  0.550 0.1000000015
33612  30.678  -52.903  1.126 0.1000000015
33658  30.322  -52.428  -0.995 0.1000000015
33636  30.559  -52.641  0.146 0.1000000015
34918  30.611  -51.387  -1.464 0.2000000030
34917  31.171  -50.940  -0.920 0.2000000030
36150  31.283  -50.545  -1.688 0.2000000030
42265  41.170  -45.715  -7.891 0.1000000015
42266  39.944  -46.182  -7.757 0.2000000030
41072  39.841  -46.728  -8.140 0.2000000030
38615  33.546  -48.269  -5.136 0.2000000030
42243  41.464  -45.427  -6.926 0.1000000015
42244  40.252  -45.553  -6.990 0.1000000015
42245  39.152  -46.101  -6.965 0.1000000015
41058  38.758  -46.374  -7.100 0.1000000015
39925  37.663  -47.764  -7.097 0.1000000015
38657  37.752  -48.285  -7.084 0.2000000030
41060  37.129  -47.238  -6.453 0.1000000015
39908  37.203  -48.039  -6.833 0.1000000015
38640  35.419  -48.426  -6.478 0.2000000030
36245  38.059  -50.166  -6.886 0.5000000000
37465  37.650  -49.661  -6.772 0.5000000000
36246  37.355  -50.164  -6.769 0.5000000000
36264  38.864  -50.825  -7.149 0.5000000000
30071  29.606  -55.562  2.627 0.1000000015
31226  30.266  -54.290  3.264 0.1000000015
32422  30.712  -53.428  2.680 0.1000000015
31248  30.147  -54.625  2.173 0.1000000015
33635  31.139  -52.242  0.807 0.1000000015
33611  31.113  -52.269  1.606 0.1000000015
34869  30.946  -51.973  0.308 0.1000000015
34891  30.887  -51.642  -0.358 0.2000000030
36124  31.683  -50.477  -0.952 0.2000000030
36149  32.172  -50.137  -1.520 0.2000000030
37396  31.763  -49.836  -2.651 0.2000000030
37395  32.469  -49.418  -2.424 0.2000000030
37420  32.326  -49.174  -3.273 0.2000000030
38589  32.837  -48.567  -3.340 0.2000000030
38602  32.828  -48.503  -4.516 0.2000000030
42222  40.543  -45.459  -5.957 0.1000000015
42223  39.505  -45.602  -6.184 0.1000000015
42224  38.750  -45.915  -6.296 0.1000000015
41059  38.214  -46.359  -6.708 0.1000000015
39882  34.371  -47.618  -5.316 0.1000000015
38614  34.520  -48.392  -6.102 0.2000000030
39883  33.908  -47.838  -5.055 0.2000000030
41036  37.245  -46.515  -5.683 0.1000000015
41061  36.417  -47.413  -6.267 0.1000000015
39909  36.352  -47.828  -6.607 0.2000000030
32390  31.108  -54.043  4.474 0.1000000015
32401  30.995  -53.618  3.865 0.1000000015
32388  32.671  -53.651  4.490 0.1000000015
32421  31.425  -52.985  3.239 0.1000000015
32399  32.992  -53.330  3.928 0.1000000015
33562  32.069  -52.598  3.185 0.1000000015
34814  31.422  -51.795  1.918 0.1000000015
33583  31.423  -52.351  2.474 0.1000000015
34838  31.684  -51.791  1.297 0.1000000015
34867  32.318  -51.021  0.029 0.1000000015
34889  32.143  -50.755  -0.269 0.1000000015
36103  33.100  -50.705  0.222 0.1000000015
36123  32.442  -50.368  -0.571 0.1000000015
37346  32.559  -49.952  -1.138 0.2000000030
38569  32.967  -48.723  -2.582 0.2000000030
38588  33.561  -48.030  -3.417 0.2000000030
39849  34.002  -47.584  -3.909 0.1000000015
38601  33.379  -48.032  -4.158 0.2000000030
41007  40.838  -46.171  -4.555 0.1000000015
41008  39.644  -45.893  -4.428 0.1000000015
42201  39.565  -45.585  -5.302 0.1000000015
41035  38.186  -46.067  -5.609 0.1000000015
39861  33.911  -47.724  -4.692 0.2000000030
41009  38.570  -45.839  -4.707 0.1000000015
41010  37.439  -46.132  -4.759 0.1000000015
41037  36.125  -47.062  -5.735 0.1000000015
41038  35.035  -47.022  -5.449 0.2000000030
32387  33.542  -53.667  4.322 0.1000000015
33560  34.033  -52.722  3.367 0.1000000015
33581  33.548  -52.143  2.781 0.1000000015
34812  33.037  -51.370  2.123 0.1000000015
36080  33.442  -50.743  0.852 0.1000000015
36122  33.592  -50.156  -0.512 0.1000000015
37345  32.957  -49.704  -1.015 0.2000000030
36148  33.620  -49.707  -1.257 0.1000000015
37368  33.176  -49.409  -1.689 0.1000000015
37367  34.072  -49.267  -1.824 0.2000000030
37394  33.355  -48.999  -2.230 0.2000000030
38567  34.504  -48.356  -2.212 0.1000000015
37393  33.883  -48.802  -2.263 0.2000000030
40978  38.901  -46.701  -2.759 0.1000000015
40979  37.869  -46.519  -2.854 0.1000000015
39827  37.001  -47.282  -2.326 0.1000000015
39829  35.059  -47.484  -2.801 0.1000000015
39830  34.201  -47.767  -3.078 0.1000000015
40993  38.742  -46.260  -3.672 0.1000000015
40980  36.843  -46.495  -3.077 0.1000000015
40981  36.060  -46.503  -3.334 0.1000000015
40996  35.590  -46.425  -4.023 0.1000000015
39848  34.787  -47.108  -3.680 0.1000000015
39860  34.507  -47.264  -4.558 0.1000000015
40994  37.668  -46.163  -3.808 0.1000000015
40995  36.622  -46.150  -3.944 0.1000000015
41011  36.387  -46.378  -4.857 0.1000000015
41039  34.679  -47.174  -5.071 0.1000000015
33559  34.461  -52.838  3.288 0.1000000015
34811  34.078  -51.766  1.997 0.1000000015
34836  33.712  -51.041  1.245 0.1000000015
36102  34.059  -50.508  0.570 0.1000000015
36147  34.353  -49.890  -1.149 0.1000000015
37363  37.946  -49.624  -1.292 0.1000000015
37364  36.892  -49.380  -1.107 0.1000000015
36145  36.225  -50.147  -0.936 0.1000000015
37365  35.825  -49.328  -1.273 0.1000000015
38535  38.645  -48.845  -1.608 0.1000000015
38536  37.630  -48.639  -1.480 0.1000000015
38538  35.306  -48.695  -1.712 0.1000000015
38539  34.687  -48.950  -1.799 0.1000000015
39797  39.362  -48.110  -1.774 0.1000000015
39798  38.383  -47.945  -1.760 0.1000000015
38537  36.480  -48.311  -1.676 0.1000000015
38566  35.601  -47.959  -2.232 0.1000000015
34865  34.826  -50.979  0.763 0.1000000015
34864  35.617  -51.167  0.266 0.1000000015
36101  35.061  -50.642  0.180 0.1000000015
34888  36.219  -51.158  -0.240 0.1000000015
36100  35.433  -50.814  0.009 0.1000000015
36121  34.663  -50.298  -0.392 0.1000000015
37362  38.985  -49.773  -1.508 0.1000000015
36144  37.258  -50.459  -1.043 0.1000000015
36120  35.619  -50.671  -0.389 0.1000000015
36146  35.258  -50.028  -1.007 0.1000000015
33816  33.257  -52.861  -8.329 0.4000000060
35039  32.847  -51.700  -7.171 0.4000000060
30190  33.005  -55.556  -3.740 0.1000000015
32613  32.022  -53.879  -6.199 0.2000000030
27780  33.033  -57.814  -0.933 0.1000000015
36231  31.647  -50.637  -5.399 0.3000000119
36192  30.803  -50.715  -3.208 0.2000000030
33761  30.848  -52.214  -4.882 0.2000000030
35007  31.222  -51.631  -5.268 0.2000000030
36230  32.183  -50.139  -5.698 0.3000000119
37451  31.784  -49.968  -5.169 0.2000000030
33780  40.941  -53.306  -6.547 0.5000000000
27781  31.940  -57.722  -0.728 0.1000000015
30114  31.182  -56.300  -0.392 0.1000000015
30152  31.524  -55.604  -1.824 0.1000000015
30153  31.033  -55.526  -1.292 0.1000000015
32545  30.664  -53.225  -3.011 0.1000000015
33727  30.585  -52.495  -3.665 0.1000000015
34947  30.469  -51.476  -2.433 0.1000000015
36175  30.659  -50.887  -2.810 0.2000000030
37469  33.289  -49.560  -6.185 0.3000000119
35030  41.161  -52.315  -7.908 0.5000000000
36279  41.868  -51.547  -8.603 0.5000000000
30115  30.652  -55.671  0.282 0.1000000015
41118  41.058  -47.302  -9.365 0.2000000030
41074  37.799  -47.145  -7.206 0.1000000015
39954  41.007  -47.981  -9.490 0.2000000030
38680  40.819  -48.502  -9.240 0.2000000030
38667  39.681  -48.781  -8.157 0.3000000119
38639  36.593  -48.691  -6.623 0.4000000060
37508  41.838  -49.811  -9.550 0.5000000000
38705  42.130  -48.612  -10.227 0.2000000030
37495  39.925  -49.555  -8.220 0.4000000060
37466  36.954  -49.504  -6.556 0.5000000000
37507  42.402  -50.470  -9.966 0.5000000000
31249  29.853  -54.787  2.875 0.1000000015
31279  30.209  -54.463  1.209 0.1000000015
34890  31.709  -50.920  -0.335 0.2000000030
42267  39.352  -46.351  -7.417 0.1000000015
31227  29.715  -54.911  3.504 0.1000000015
33584  30.822  -52.893  1.917 0.1000000015
34868  31.583  -51.511  0.433 0.1000000015
42200  40.318  -45.688  -5.096 0.1000000015
42202  38.884  -45.665  -5.605 0.1000000015
39881  35.227  -47.678  -6.131 0.2000000030
39880  35.977  -47.527  -6.289 0.1000000015
31212  31.397  -54.283  4.982 0.1000000015
32389  31.734  -53.707  4.562 0.1000000015
31210  33.294  -54.234  4.835 0.1000000015
32400  32.097  -53.151  3.870 0.1000000015
33561  32.990  -52.705  3.417 0.1000000015
33582  32.492  -52.046  2.729 0.1000000015
34813  32.007  -51.526  2.037 0.1000000015
34837  32.598  -51.159  1.060 0.1000000015
41012  35.478  -46.676  -4.914 0.1000000015
32398  33.718  -53.253  3.766 0.1000000015
36079  33.734  -50.725  0.906 0.1000000015
39826  38.120  -47.106  -2.078 0.1000000015
39825  39.097  -47.352  -2.163 0.1000000015
38565  36.270  -47.698  -2.259 0.1000000015
39799  37.507  -47.812  -1.776 0.1000000015
39828  35.992  -47.084  -2.650 0.1000000015
39847  35.438  -46.823  -3.227 0.1000000015
40997  34.990  -46.777  -4.410 0.1000000015
33580  34.655  -52.479  2.841 0.1000000015
34810  35.107  -51.789  1.974 0.1000000015
34835  34.562  -51.312  1.365 0.1000000015
34866  34.282  -50.938  0.996 0.1000000015
36143  38.294  -50.641  -1.323 0.1000000015
37366  34.911  -49.423  -1.504 0.1000000015
34834  35.380  -51.417  1.168 0.1000000015
36119  36.567  -50.837  -0.650 0.1000000015
34887  36.948  -51.290  -0.289 0.1000000015
34916  37.762  -51.239  -1.122 0.1000000015
27923  33.247  -57.883  -9.272 0.1000000015
29096  33.230  -56.817  -9.596 0.1000000015
30306  33.574  -56.345  -9.887 0.1000000015
30291  33.431  -55.691  -9.456 0.1000000015
29084  32.618  -56.663  -8.731 0.1000000015
30277  32.598  -55.518  -8.534 0.1000000015
26747  33.789  -58.431  -9.662 0.2000000030
27939  33.862  -57.728  -10.109 0.1000000015
26746  34.427  -59.094  -10.014 0.2000000030
29110  33.795  -56.791  -10.092 0.1000000015
30276  33.129  -55.289  -8.920 0.1000000015
25459  34.782  -59.859  -9.894 0.2000000030
27938  34.850  -57.986  -10.628 0.2000000030
30305  33.998  -56.195  -10.182 0.2000000030
29109  34.525  -56.927  -10.262 0.2000000030
29095  34.575  -56.266  -10.117 0.2000000030
31486  34.165  -54.962  -9.393 0.3000000119
30290  34.582  -55.647  -9.837 0.3000000119
31485  35.076  -54.811  -9.462 0.3000000119
29108  35.479  -57.184  -10.422 0.2000000030
29094  35.208  -56.350  -10.092 0.2000000030
25457  36.304  -59.731  -10.464 0.2000000030
26744  36.566  -58.744  -10.672 0.2000000030
21283  37.307  -62.267  -8.716 0.1000000015
25458  35.312  -60.016  -10.165 0.2000000030
26745  35.510  -58.946  -10.589 0.2000000030
30289  35.700  -55.537  -9.809 0.3000000119
22708  37.164  -61.826  -9.240 0.1000000015
24128  36.099  -60.591  -10.152 0.1000000015
29107  36.132  -57.350  -10.442 0.2000000030
29093  36.389  -56.586  -10.039 0.2000000030
22685  36.531  -61.990  -8.625 0.1000000015
31484  36.122  -54.657  -9.418 0.4000000060
22726  36.604  -61.246  -10.041 0.2000000030
27937  35.869  -57.981  -10.649 0.2000000030
24127  36.968  -60.566  -10.587 0.2000000030
21282  37.827  -62.434  -8.890 0.1000000015
21281  38.844  -62.589  -9.023 0.2000000030
22707  38.220  -62.011  -9.658 0.1000000015
25456  37.337  -59.565  -10.687 0.2000000030
27936  36.819  -57.699  -10.377 0.2000000030
22725  37.601  -61.359  -10.255 0.1000000015
27922  37.357  -57.041  -9.916 0.4000000060
31483  37.061  -54.653  -9.094 0.4000000060
24126  38.115  -60.425  -10.644 0.4000000060
29092  37.663  -56.218  -9.352 0.4000000060
31482  37.448  -54.722  -8.834 0.4000000060
26743  37.614  -58.545  -10.487 0.3000000119
25454  39.422  -58.984  -9.941 0.4000000060
25455  38.445  -59.334  -10.473 0.3000000119
42292  43.613  -45.836  -9.154 0.1000000015
30287  37.608  -55.147  -9.028 0.4000000060
27921  38.204  -56.980  -9.709 0.4000000060
29083  38.067  -55.683  -8.910 0.5000000000
26741  39.265  -58.282  -9.819 0.4000000060
26742  38.638  -58.293  -10.166 0.3000000119
27935  37.878  -57.658  -10.174 0.4000000060
27934  38.590  -57.570  -9.824 0.4000000060
42293  42.172  -46.020  -9.052 0.1000000015
30275  38.233  -55.255  -8.522 0.4000000060
29082  38.732  -56.120  -8.703 0.5000000000
31463  38.336  -54.888  -8.105 0.5000000000
42312  42.626  -46.410  -9.722 0.1000000015
41117  41.696  -46.865  -10.019 0.1000000015
41134  43.482  -47.157  -10.924 0.1000000015
41116  42.778  -46.702  -10.295 0.1000000015
41135  42.436  -47.354  -10.449 0.1000000015
27906  32.784  -57.479  -8.504 0.1000000015
27924  32.829  -57.132  -9.109 0.1000000015
30292  32.824  -56.260  -9.167 0.1000000015
29071  32.415  -56.826  -7.693 0.1000000015
30264  32.155  -55.543  -7.155 0.1000000015
26729  33.782  -58.998  -9.038 0.1000000015
30288  36.771  -55.429  -9.524 0.4000000060
29091  38.443  -56.576  -9.266 0.4000000060
42311  43.416  -46.397  -9.951 0.1000000015
29057  32.575  -56.652  -6.340 0.1000000015
21361  30.561  -62.113  -15.005 0.1000000015
21378  30.847  -62.158  -15.927 0.1000000015
21392  32.852  -63.066  -16.215 0.1000000015
21379  29.887  -62.385  -15.660 0.1000000015
22818  32.263  -61.964  -15.406 0.1000000015
21362  29.472  -62.144  -14.708 0.1000000015
21380  28.876  -62.694  -15.538 0.1000000015
20012  27.872  -63.443  -15.643 0.1000000015
20028  28.560  -63.308  -16.359 0.1000000015
7269  31.322  -74.280  -11.939 0.1000000015
15040  27.420  -67.031  -13.649 0.1000000015
16206  26.538  -66.365  -14.047 0.1000000015
22803  31.396  -61.604  -14.594 0.1000000015
17426  26.953  -64.933  -14.359 0.1000000015
21360  31.312  -61.950  -15.344 0.1000000015
18674  27.207  -64.054  -15.210 0.1000000015
22802  32.367  -61.685  -14.858 0.1000000015
21376  32.918  -62.618  -15.417 0.1000000015
8280  30.506  -73.542  -10.938 0.1000000015
8277  32.022  -73.983  -12.179 0.1000000015
9343  32.397  -73.337  -12.727 0.1000000015
8222  30.238  -73.484  -9.089 0.1000000015
9307  30.383  -73.633  -9.928 0.1000000015
8279  30.984  -74.172  -11.444 0.1000000015
8278  31.717  -74.000  -11.864 0.1000000015
10396  31.494  -71.949  -12.009 0.1000000015
13837  30.454  -68.491  -13.118 0.1000000015
15039  28.533  -67.351  -13.630 0.1000000015
22804  30.264  -61.479  -14.266 0.1000000015
21363  28.399  -62.676  -14.592 0.1000000015
22788  32.357  -61.318  -13.743 0.1000000015
21358  34.045  -62.530  -14.470 0.1000000015
21375  33.752  -62.918  -15.181 0.1000000015
9327  32.103  -73.715  -12.182 0.1000000015
9328  32.082  -73.005  -11.613 0.1000000015
8194  30.897  -73.633  -8.206 0.1000000015
7216  30.919  -74.162  -8.852 0.1000000015
7251  30.758  -74.220  -10.067 0.1000000015
8260  32.023  -73.337  -9.974 0.1000000015
9317  32.059  -72.847  -10.272 0.1000000015
11506  31.416  -70.678  -11.827 0.1000000015
12660  31.106  -69.600  -12.351 0.1000000015
12661  30.888  -69.232  -12.872 0.1000000015
13816  30.916  -68.779  -11.957 0.1000000015
15024  30.132  -67.305  -13.185 0.1000000015
15038  29.624  -67.174  -13.348 0.1000000015
16197  28.965  -66.473  -13.068 0.1000000015
16198  27.915  -66.383  -13.267 0.1000000015
19984  27.775  -63.780  -13.885 0.1000000015
22789  31.046  -61.201  -13.569 0.1000000015
22805  29.488  -61.574  -13.943 0.1000000015
19998  28.026  -63.140  -13.933 0.1000000015
19999  27.683  -63.420  -14.660 0.1000000015
21349  33.024  -61.627  -13.678 0.1000000015
21359  33.071  -61.905  -14.258 0.1000000015
10383  31.306  -71.420  -10.184 0.1000000015
9273  31.394  -73.018  -7.070 0.1000000015
8220  31.250  -74.018  -8.640 0.1000000015
7234  31.121  -74.228  -9.442 0.1000000015
8242  31.982  -73.431  -9.510 0.1000000015
9306  32.212  -72.755  -9.679 0.1000000015
10374  31.884  -71.913  -9.471 0.1000000015
11488  31.335  -70.772  -11.098 0.1000000015
12649  30.726  -69.651  -10.892 0.1000000015
13817  30.763  -68.714  -11.216 0.1000000015
16155  30.325  -67.034  -11.462 0.1000000015
8193  31.604  -73.469  -7.722 0.1000000015
8192  32.640  -73.393  -7.365 0.1000000015
8219  32.130  -73.499  -8.490 0.1000000015
9305  32.390  -72.893  -9.190 0.1000000015
15022  30.731  -68.162  -12.462 0.1000000015
15023  30.430  -67.501  -12.744 0.1000000015
16188  29.883  -66.472  -12.580 0.1000000015
17396  29.337  -65.635  -12.322 0.1000000015
17397  28.979  -66.035  -12.635 0.1000000015
18642  29.242  -64.804  -12.379 0.1000000015
17408  28.532  -65.490  -12.957 0.1000000015
18644  27.938  -64.512  -13.438 0.1000000015
18643  28.627  -64.501  -12.691 0.1000000015
22792  28.675  -62.187  -12.605 0.1000000015
19983  28.184  -63.585  -13.160 0.1000000015
22790  29.981  -61.136  -13.385 0.1000000015
21350  28.926  -62.034  -13.992 0.1000000015
21351  28.501  -62.573  -13.416 0.1000000015
22775  31.711  -61.067  -12.682 0.1000000015
22774  32.798  -61.499  -12.560 0.1000000015
21347  34.499  -62.485  -13.563 0.1000000015
21348  33.655  -61.861  -13.330 0.1000000015
21332  34.467  -62.514  -12.590 0.1000000015
11470  31.163  -70.777  -9.350 0.1000000015
11489  30.950  -70.633  -10.420 0.1000000015
8167  32.163  -73.451  -6.517 0.1000000015
8166  33.107  -73.594  -6.434 0.1000000015
9271  33.453  -72.789  -7.716 0.1000000015
10373  32.391  -72.375  -8.799 0.1000000015
12632  30.614  -69.864  -9.673 0.1000000015
14989  30.321  -67.681  -10.638 0.1000000015
9272  32.733  -73.132  -7.972 0.1000000015
14990  29.886  -67.025  -10.254 0.1000000015
16156  29.860  -66.508  -10.805 0.1000000015
16173  29.814  -66.383  -11.799 0.1000000015
17386  29.327  -65.503  -11.362 0.1000000015
17387  28.875  -65.272  -10.909 0.1000000015
18624  29.376  -64.880  -11.827 0.1000000015
21334  28.325  -62.944  -12.391 0.1000000015
19950  28.511  -63.669  -11.731 0.1000000015
22776  30.629  -60.814  -12.662 0.1000000015
22754  30.361  -60.672  -11.758 0.1000000015
22777  29.715  -61.026  -12.410 0.1000000015
22778  29.028  -61.630  -12.099 0.1000000015
22779  28.562  -62.252  -11.950 0.1000000015
22753  31.238  -60.798  -11.868 0.1000000015
22791  29.143  -61.666  -13.142 0.1000000015
22752  32.163  -61.010  -11.605 0.1000000015
21333  33.713  -62.017  -11.980 0.1000000015
19949  35.107  -63.156  -10.801 0.1000000015
9228  33.538  -72.829  -5.322 0.1000000015
9229  32.551  -73.001  -5.618 0.1000000015
9230  31.933  -73.024  -6.010 0.1000000015
9249  34.419  -72.592  -6.358 0.1000000015
9270  33.965  -72.435  -7.097 0.1000000015
8191  33.387  -73.252  -6.963 0.1000000015
9289  33.172  -72.413  -8.115 0.1000000015
11453  32.469  -71.126  -7.676 0.1000000015
11455  31.350  -70.633  -8.587 0.1000000015
13795  30.655  -68.963  -9.132 0.1000000015
14976  30.325  -68.133  -9.513 0.1000000015
13782  30.591  -68.941  -8.147 0.1000000015
14960  29.897  -67.673  -8.711 0.1000000015
16141  29.575  -66.520  -9.852 0.1000000015
17370  29.189  -65.665  -10.326 0.1000000015
17357  29.082  -65.926  -9.298 0.1000000015
17371  28.584  -64.978  -10.484 0.1000000015
18602  28.396  -64.440  -10.640 0.1000000015
19942  28.197  -63.677  -10.741 0.1000000015
21317  28.210  -62.745  -11.420 0.1000000015
22755  29.499  -60.980  -11.221 0.1000000015
22756  28.617  -61.786  -11.241 0.1000000015
24153  30.971  -60.490  -11.207 0.1000000015
24154  30.308  -60.562  -11.013 0.1000000015
24152  31.643  -60.650  -11.226 0.1000000015
22751  33.051  -61.599  -11.222 0.1000000015
21315  34.426  -62.618  -11.384 0.1000000015
11437  33.029  -70.750  -6.559 0.1000000015
12591  32.377  -69.867  -6.500 0.1000000015
9209  34.306  -72.616  -4.766 0.1000000015
9227  34.461  -72.803  -5.418 0.1000000015
9248  35.082  -72.325  -5.714 0.1000000015
10354  33.777  -71.980  -7.445 0.1000000015
10343  32.988  -71.134  -6.901 0.1000000015
12592  31.729  -69.447  -6.817 0.1000000015
13767  31.495  -69.234  -7.006 0.1000000015
8143  33.686  -73.360  -5.878 0.1000000015
10355  33.013  -71.428  -7.362 0.1000000015
11445  32.141  -70.569  -7.520 0.1000000015
13768  31.068  -68.903  -7.343 0.1000000015
14945  30.221  -67.935  -7.552 0.1000000015
16122  29.363  -66.750  -8.766 0.1000000015
14959  30.329  -68.331  -8.620 0.1000000015
17343  28.582  -65.441  -8.495 0.1000000015
17358  28.592  -65.145  -9.596 0.1000000015
18584  27.821  -64.036  -9.384 0.1000000015
21305  28.131  -62.339  -10.297 0.1000000015
22732  29.384  -60.813  -10.489 0.1000000015
24133  29.972  -60.570  -10.334 0.1000000015
24132  30.851  -60.588  -10.489 0.1000000015
22729  32.334  -61.100  -10.477 0.1000000015
11417  35.740  -70.732  -4.612 0.1000000015
9189  35.085  -72.354  -4.054 0.1000000015
10324  35.313  -71.691  -5.385 0.1000000015
11426  34.967  -71.149  -5.518 0.1000000015
11436  33.675  -70.963  -6.005 0.1000000015
12582  32.586  -69.408  -5.848 0.1000000015
10294  34.274  -72.104  -3.738 0.1000000015
10293  34.880  -72.506  -3.656 0.1000000015
9226  35.197  -72.319  -4.962 0.1000000015
11435  34.419  -71.172  -5.839 0.1000000015
10342  33.493  -71.423  -6.734 0.1000000015
13756  32.230  -69.191  -5.987 0.1000000015
13757  31.606  -68.784  -6.346 0.1000000015
14936  30.988  -67.695  -6.323 0.1000000015
13758  30.921  -68.343  -6.865 0.1000000015
16105  29.418  -66.591  -7.452 0.1000000015
16123  28.842  -66.281  -8.238 0.1000000015
18572  28.028  -64.393  -8.985 0.1000000015
19901  27.740  -63.495  -8.628 0.1000000015
19919  27.821  -63.433  -9.642 0.1000000015
21286  27.605  -62.370  -9.130 0.1000000015
24114  29.768  -60.564  -9.454 0.1000000015
22733  28.807  -61.187  -10.319 0.1000000015
22714  31.239  -60.818  -10.130 0.1000000015
22713  31.741  -60.918  -9.795 0.1000000015
10307  35.411  -71.633  -4.442 0.1000000015
11418  34.699  -70.410  -4.980 0.1000000015
12581  33.259  -69.944  -5.540 0.1000000015
11419  34.062  -70.178  -5.224 0.1000000015
13744  31.851  -68.232  -5.758 0.1000000015
14924  31.799  -67.496  -5.386 0.1000000015
14925  31.001  -67.201  -5.680 0.1000000015
16087  30.540  -66.866  -6.005 0.1000000015
17304  29.229  -65.665  -6.468 0.1000000015
17323  28.878  -65.772  -7.145 0.1000000015
18557  28.156  -64.383  -7.906 0.1000000015
21243  27.746  -62.214  -7.388 0.1000000015
22690  27.820  -61.618  -8.354 0.1000000015
21263  27.657  -62.354  -8.101 0.1000000015
24091  28.573  -61.000  -8.524 0.1000000015
22715  28.212  -61.464  -9.370 0.1000000015
24090  29.409  -60.605  -8.601 0.1000000015
24115  28.947  -60.815  -9.396 0.1000000015
24113  30.847  -60.669  -9.569 0.1000000015
24111  32.277  -60.883  -8.817 0.1000000015
22688  33.173  -62.323  -7.945 0.1000000015
11416  36.610  -70.086  -4.292 0.1000000015
13742  33.366  -69.171  -5.093 0.1000000015
13728  32.728  -68.182  -4.800 0.1000000015
11409  36.256  -71.106  -3.808 0.1000000015
17294  29.667  -65.807  -5.789 0.1000000015
17305  28.687  -65.281  -6.749 0.1000000015
18537  28.439  -64.403  -6.645 0.1000000015
18521  28.502  -63.888  -5.830 0.1000000015
24067  28.281  -61.186  -7.673 0.1000000015
22671  27.870  -61.710  -7.684 0.1000000015
24089  30.268  -60.516  -8.778 0.1000000015
24088  31.186  -60.568  -8.480 0.1000000015
24087  32.232  -60.854  -8.292 0.1000000015
21223  32.937  -62.404  -6.893 0.1000000015
21240  34.161  -62.647  -7.346 0.1000000015
12553  37.104  -69.819  -3.335 0.1000000015
11408  36.859  -70.325  -3.925 0.1000000015
12555  35.700  -69.450  -3.856 0.1000000015
13727  33.512  -68.595  -4.440 0.1000000015
14911  32.497  -67.563  -4.266 0.1000000015
13726  34.323  -69.290  -4.256 0.1000000015
16073  30.896  -66.556  -5.196 0.1000000015
16074  30.190  -66.303  -5.673 0.1000000015
17293  30.146  -65.665  -5.202 0.1000000015
21211  28.087  -62.515  -5.912 0.1000000015
21224  27.832  -62.407  -6.581 0.1000000015
25392  32.079  -59.257  -5.708 0.1000000015
25406  31.374  -59.552  -6.290 0.1000000015
25408  29.857  -59.720  -6.110 0.1000000015
24046  29.470  -60.008  -6.496 0.1000000015
24047  28.333  -60.744  -6.778 0.1000000015
22654  27.936  -61.649  -6.938 0.1000000015
25405  32.315  -59.987  -6.224 0.1000000015
24045  30.796  -59.919  -6.939 0.1000000015
25391  32.785  -59.488  -6.084 0.1000000015
25404  33.163  -59.913  -6.549 0.1000000015
24043  32.575  -60.739  -6.612 0.1000000015
24044  31.841  -60.518  -6.712 0.1000000015
24064  31.596  -60.589  -7.490 0.1000000015
24065  30.202  -60.393  -7.777 0.1000000015
22652  32.772  -61.677  -6.720 0.1000000015
24063  32.398  -61.256  -7.446 0.1000000015
24061  34.178  -61.192  -7.958 0.1000000015
21222  33.397  -62.333  -6.848 0.1000000015
22667  34.674  -61.949  -7.711 0.1000000015
12543  36.762  -69.416  -2.809 0.1000000015
12554  36.430  -69.485  -3.511 0.1000000015
13714  35.706  -69.282  -3.412 0.1000000015
13701  35.811  -69.057  -2.618 0.1000000015
13716  33.703  -68.380  -3.411 0.1000000015
13715  34.820  -68.979  -3.654 0.1000000015
14900  33.077  -67.747  -3.344 0.1000000015
16058  32.172  -66.821  -3.618 0.1000000015
16059  31.760  -66.568  -4.185 0.1000000015
17282  31.389  -66.022  -4.269 0.1000000015
17283  30.853  -65.607  -4.421 0.1000000015
18519  30.097  -64.942  -4.744 0.1000000015
18520  29.195  -64.715  -5.510 0.1000000015
19851  28.600  -63.151  -5.104 0.1000000015
24021  28.673  -60.662  -4.857 0.1000000015
22640  27.726  -61.882  -6.161 0.1000000015
25393  30.823  -58.974  -5.278 0.1000000015
25394  29.832  -59.551  -5.706 0.1000000015
24029  29.083  -59.904  -5.346 0.1000000015
24030  28.519  -60.598  -5.761 0.1000000015
25420  33.565  -59.745  -7.476 0.1000000015
13700  36.718  -69.119  -2.103 0.1000000015
13702  34.424  -68.594  -2.568 0.1000000015
13703  33.482  -68.076  -2.531 0.1000000015
14890  32.951  -67.414  -2.559 0.1000000015
14901  32.595  -67.143  -3.242 0.1000000015
16048  32.166  -66.663  -2.983 0.1000000015
17271  31.411  -65.803  -3.724 0.1000000015
19850  28.973  -63.516  -4.723 0.1000000015
18506  29.617  -64.258  -4.378 0.1000000015
22623  28.577  -61.427  -4.441 0.1000000015
21192  28.787  -62.428  -4.308 0.1000000015
25382  30.304  -59.012  -4.236 0.1000000015
21203  28.478  -62.378  -5.204 0.1000000015
26677  31.903  -58.518  -5.153 0.1000000015
26678  31.408  -58.584  -4.765 0.1000000015
26676  32.758  -58.660  -5.755 0.1000000015
13684  35.027  -68.530  -1.419 0.1000000015
13685  33.970  -68.286  -1.774 0.1000000015
14875  33.396  -67.489  -1.637 0.1000000015
16035  32.204  -66.505  -2.460 0.1000000015
16049  31.721  -66.322  -3.278 0.1000000015
17257  31.456  -65.491  -2.488 0.1000000015
17272  30.917  -65.114  -3.441 0.1000000015
18492  30.449  -64.307  -3.124 0.1000000015
18493  29.915  -64.091  -3.679 0.1000000015
21180  29.306  -62.368  -3.387 0.1000000015
19834  29.424  -63.358  -3.800 0.1000000015
24013  29.309  -60.514  -3.515 0.1000000015
22622  28.837  -61.480  -3.685 0.1000000015
24020  29.147  -60.113  -4.413 0.1000000015
26687  33.147  -58.960  -6.448 0.1000000015
26712  33.688  -59.043  -7.965 0.1000000015
14874  34.229  -67.921  -1.122 0.1000000015
16005  33.273  -66.609  -1.016 0.1000000015
14876  32.766  -67.130  -1.993 0.1000000015
16006  32.602  -66.187  -1.305 0.1000000015
16018  32.500  -66.564  -1.819 0.1000000015
17256  32.007  -66.147  -2.223 0.1000000015
17258  30.950  -64.793  -2.831 0.1000000015
18486  30.871  -64.348  -2.200 0.1000000015
19833  29.892  -63.675  -3.201 0.1000000015
19820  29.598  -63.086  -3.012 0.1000000015
22612  29.499  -61.448  -2.969 0.1000000015
25374  29.724  -59.674  -3.926 0.1000000015
26666  31.893  -58.279  -4.376 0.1000000015
26651  30.746  -58.790  -3.599 0.1000000015
27888  33.378  -58.510  -7.611 0.1000000015
27905  33.261  -58.320  -8.358 0.1000000015
17218  32.205  -65.045  -0.821 0.1000000015
17238  32.137  -65.892  -1.646 0.1000000015
18485  31.436  -64.726  -1.670 0.1000000015
18471  31.323  -64.065  -1.524 0.1000000015
19801  30.836  -63.405  -1.668 0.1000000015
19819  30.233  -63.397  -2.508 0.1000000015
21179  29.757  -62.394  -2.578 0.1000000015
26688  33.053  -58.215  -6.296 0.1000000015
25373  30.269  -59.342  -3.462 0.1000000015
27880  33.287  -58.345  -6.962 0.1000000015
18470  32.008  -64.363  -0.987 0.1000000015
21160  32.294  -62.545  -1.347 0.1000000015
19800  31.711  -63.389  -1.314 0.1000000015
22594  31.894  -61.707  -1.575 0.1000000015
24002  31.914  -60.243  -1.958 0.1000000015
21162  30.507  -62.458  -1.997 0.1000000015
22611  30.190  -61.467  -2.273 0.1000000015
26665  32.595  -57.822  -4.845 0.1000000015
26650  31.585  -58.432  -3.566 0.1000000015
26636  31.094  -58.901  -2.956 0.1000000015
25364  30.491  -59.607  -2.726 0.1000000015
27881  32.889  -57.598  -6.735 0.1000000015
24001  32.717  -60.257  -1.871 0.1000000015
22595  31.040  -61.600  -1.847 0.1000000015
21161  31.342  -62.513  -1.555 0.1000000015
25363  31.462  -59.473  -2.373 0.1000000015
24003  30.860  -60.500  -2.087 0.1000000015
26649  32.779  -57.754  -3.667 0.1000000015
15051  28.401  -67.857  -14.056 0.1000000015
16199  27.085  -66.318  -13.641 0.1000000015
17409  27.310  -65.387  -13.730 0.1000000015
21377  31.864  -62.131  -15.887 0.1000000015
22819  31.860  -61.726  -15.294 0.1000000015
18662  27.405  -64.394  -14.315 0.1000000015
21381  28.274  -62.946  -15.328 0.1000000015
20029  27.914  -63.696  -16.267 0.1000000015
8292  30.662  -74.104  -12.443 0.1000000015
15041  26.851  -66.799  -13.761 0.1000000015
15052  27.791  -67.733  -14.133 0.1000000015
8261  31.489  -73.754  -10.358 0.1000000015
13838  29.994  -67.734  -13.151 0.1000000015
9316  32.263  -73.113  -9.754 0.1000000015
10382  31.544  -71.681  -10.884 0.1000000015
12648  31.024  -69.586  -11.600 0.1000000015
11522  31.290  -70.519  -12.721 0.1000000015
11507  31.080  -70.252  -11.201 0.1000000015
16172  30.363  -66.949  -12.212 0.1000000015
16189  29.374  -66.246  -12.700 0.1000000015
13803  30.597  -68.934  -10.225 0.1000000015
15005  30.773  -67.829  -11.855 0.1000000015
9290  32.730  -72.731  -8.363 0.1000000015
18625  29.014  -64.282  -12.086 0.1000000015
19964  28.514  -63.778  -12.423 0.1000000015
11469  31.611  -71.186  -8.821 0.1000000015
8144  32.859  -73.535  -5.829 0.1000000015
10365  32.743  -71.878  -8.245 0.1000000015
14977  29.856  -67.326  -9.645 0.1000000015
18616  28.759  -64.679  -11.307 0.1000000015
10353  34.260  -72.115  -6.905 0.1000000015
12616  30.923  -69.887  -8.522 0.1000000015
12600  31.621  -69.860  -7.516 0.1000000015
12601  30.985  -69.412  -7.864 0.1000000015
14946  29.617  -67.305  -8.111 0.1000000015
17342  28.942  -66.119  -8.720 0.1000000015
22730  31.636  -60.806  -10.377 0.1000000015
12599  32.181  -70.241  -7.167 0.1000000015
9208  34.898  -72.546  -4.387 0.1000000015
10340  35.262  -71.971  -6.149 0.1000000015
10341  34.538  -71.697  -6.351 0.1000000015
16104  30.267  -67.049  -6.773 0.1000000015
11425  35.230  -71.375  -5.303 0.1000000015
13743  32.586  -68.629  -5.472 0.1000000015
16088  29.869  -66.408  -6.349 0.1000000015
17324  28.516  -65.231  -7.426 0.1000000015
24112  31.863  -60.755  -9.026 0.1000000015
22712  32.584  -61.193  -9.091 0.1000000015
12568  33.964  -69.719  -4.731 0.1000000015
12567  35.084  -69.777  -4.320 0.1000000015
16072  31.558  -66.780  -4.832 0.1000000015
19888  27.853  -63.250  -7.337 0.1000000015
19871  28.237  -63.264  -6.323 0.1000000015
24066  28.916  -60.468  -7.686 0.1000000015
22689  32.809  -61.849  -7.854 0.1000000015
22711  33.258  -62.127  -8.598 0.1000000015
21262  33.128  -62.394  -7.639 0.1000000015
21241  33.594  -62.678  -7.305 0.1000000015
12565  36.852  -69.832  -3.965 0.1000000015
19863  28.474  -63.145  -5.625 0.1000000015
22669  32.626  -61.946  -7.077 0.1000000015
21221  33.767  -62.239  -6.885 0.1000000015
14910  33.283  -67.963  -3.925 0.1000000015
19862  28.712  -63.705  -5.330 0.1000000015
25407  30.317  -59.539  -6.176 0.1000000015
22631  28.484  -61.411  -5.170 0.1000000015
26675  33.027  -59.357  -6.176 0.1000000015
24042  33.129  -61.001  -6.719 0.1000000015
22670  32.287  -61.228  -6.974 0.1000000015
22653  32.386  -61.077  -6.796 0.1000000015
26699  33.407  -59.083  -7.154 0.1000000015
22651  33.550  -61.719  -6.801 0.1000000015
22650  34.066  -62.060  -7.025 0.1000000015
21193  28.614  -61.910  -4.785 0.1000000015
25383  29.741  -59.442  -4.822 0.1000000015
18505  30.327  -64.711  -3.978 0.1000000015
24004  29.915  -60.508  -2.665 0.1000000015
24107  39.875  -59.650  -9.706 0.3000000119
26726  39.750  -58.115  -9.213 0.3000000119
27904  39.562  -56.791  -8.401 0.4000000060
26725  40.423  -58.520  -8.611 0.3000000119
19945  38.358  -64.052  -11.632 0.1000000015
21313  38.810  -62.806  -11.358 0.1000000015
21300  40.934  -62.712  -10.467 0.2000000030
22703  43.004  -61.586  -9.065 0.3000000119
29054  41.436  -56.163  -6.826 0.4000000060
24125  39.378  -60.219  -10.129 0.3000000119
25417  43.493  -59.535  -7.771 0.4000000060
26696  42.940  -58.798  -7.387 0.4000000060
21298  42.576  -62.322  -9.667 0.2000000030
27883  43.380  -58.525  -7.612 0.4000000060
27884  42.727  -57.888  -7.648 0.4000000060
27878  41.770  -56.988  -6.561 0.4000000060
18639  38.380  -65.125  -12.856 0.1000000015
19934  42.151  -62.723  -9.805 0.3000000119
27877  42.295  -57.188  -6.996 0.4000000060
29053  42.147  -56.654  -6.832 0.4000000060
19960  38.202  -63.895  -12.359 0.1000000015
30243  41.263  -55.357  -6.755 0.5000000000
21299  41.864  -62.397  -10.547 0.2000000030
22721  42.853  -61.691  -9.895 0.3000000119
25427  43.862  -59.625  -8.310 0.3000000119
31444  41.412  -54.522  -7.137 0.4000000060
33778  41.426  -53.332  -6.740 0.4000000060
26707  44.086  -58.763  -8.365 0.4000000060
27899  43.859  -58.024  -8.094 0.4000000060
29067  42.431  -56.943  -7.543 0.4000000060
29068  41.887  -56.183  -7.266 0.4000000060
21331  37.984  -63.187  -12.268 0.2000000030
21312  40.120  -62.273  -11.133 0.2000000030
22722  42.411  -61.798  -10.425 0.2000000030
25438  44.214  -59.938  -9.083 0.3000000119
26724  44.257  -58.614  -8.930 0.3000000119
18659  38.093  -64.195  -13.512 0.1000000015
27900  42.958  -57.512  -8.303 0.4000000060
24103  43.530  -60.756  -9.487 0.3000000119
27915  44.312  -57.987  -8.915 0.4000000060
29078  42.399  -57.058  -8.149 0.4000000060
30260  41.470  -55.347  -7.042 0.5000000000
30261  41.327  -55.076  -7.422 0.5000000000
32626  41.475  -53.851  -7.000 0.4000000060
27916  43.842  -57.535  -9.002 0.4000000060
29079  41.699  -56.446  -8.370 0.4000000060
30271  41.522  -55.687  -7.556 0.5000000000
30272  41.032  -55.386  -8.031 0.5000000000
32627  41.292  -53.982  -7.366 0.4000000060
22750  39.523  -61.764  -11.710 0.2000000030
21311  41.119  -62.194  -11.265 0.2000000030
22747  41.851  -61.610  -11.062 0.2000000030
24122  42.744  -61.055  -10.392 0.4000000060
25453  43.909  -59.730  -10.010 0.3000000119
24121  43.526  -60.358  -10.712 0.4000000060
25437  44.204  -59.131  -9.440 0.3000000119
31445  41.071  -54.510  -7.644 0.5000000000
32644  40.959  -53.669  -7.895 0.4000000060
32643  41.342  -53.457  -7.382 0.4000000060
25452  44.310  -58.945  -10.237 0.4000000060
27917  42.887  -57.503  -9.289 0.4000000060
22749  40.527  -61.547  -11.852 0.2000000030
21330  38.318  -62.369  -12.641 0.2000000030
22748  41.349  -61.580  -11.717 0.2000000030
33811  40.861  -52.914  -8.380 0.4000000060
24147  42.851  -60.621  -11.374 0.2000000030
27930  44.347  -57.736  -9.804 0.3000000119
27901  42.369  -57.238  -8.661 0.4000000060
21346  37.854  -63.004  -13.270 0.2000000030
24149  40.989  -61.463  -12.178 0.2000000030
24146  43.435  -60.083  -11.671 0.3000000119
25471  44.158  -59.380  -11.122 0.4000000060
33810  41.143  -52.759  -7.886 0.4000000060
26756  44.510  -58.251  -10.512 0.3000000119
31461  40.420  -54.501  -8.425 0.5000000000
36278  42.450  -51.663  -9.001 0.4000000060
21345  38.232  -62.303  -13.771 0.2000000030
22773  38.886  -61.784  -12.201 0.2000000030
27931  43.622  -57.411  -10.191 0.4000000060
27918  42.060  -57.173  -9.379 0.4000000060
31462  39.928  -54.039  -8.663 0.5000000000
37532  42.824  -49.600  -10.572 0.4000000060
21355  38.264  -62.464  -14.971 0.2000000030
24164  40.698  -61.263  -12.529 0.2000000030
24162  42.248  -60.698  -12.117 0.2000000030
24161  42.943  -60.359  -12.043 0.2000000030
27948  44.348  -57.516  -10.919 0.4000000060
29089  40.577  -56.154  -9.277 0.5000000000
31479  40.164  -54.932  -9.017 0.5000000000
20006  38.406  -63.566  -15.840 0.2000000030
29088  41.305  -56.778  -9.659 0.5000000000
29080  40.957  -55.874  -8.582 0.5000000000
35069  42.551  -50.956  -10.465 0.4000000060
36310  43.631  -50.112  -11.402 0.2000000030
35045  42.239  -51.772  -9.143 0.4000000060
33826  41.155  -52.231  -8.481 0.4000000060
22786  38.917  -61.760  -13.195 0.2000000030
26761  44.305  -58.471  -11.860 0.4000000060
32645  40.378  -53.596  -8.443 0.4000000060
33827  40.694  -52.281  -8.787 0.4000000060
24163  41.437  -61.133  -12.309 0.2000000030
25477  42.809  -60.087  -12.613 0.2000000030
24172  40.296  -61.117  -13.192 0.2000000030
35070  42.038  -51.189  -10.305 0.4000000060
35055  40.444  -51.808  -9.437 0.4000000060
27932  42.602  -57.295  -10.211 0.3000000119
30286  40.023  -55.429  -9.349 0.5000000000
33812  40.335  -52.976  -8.710 0.4000000060
26760  44.500  -58.034  -11.249 0.4000000060
29102  43.174  -56.957  -11.033 0.4000000060
29103  42.275  -56.824  -10.942 0.3000000119
29104  41.459  -56.679  -10.653 0.4000000060
30302  40.006  -56.128  -10.386 0.5000000000
24170  41.804  -60.555  -12.740 0.2000000030
35071  41.059  -51.304  -10.150 0.4000000060
32658  39.733  -53.521  -8.812 0.5000000000
31480  39.510  -54.505  -9.397 0.5000000000
29105  40.555  -56.486  -10.311 0.5000000000
30318  40.094  -55.989  -11.085 0.5000000000
29121  40.995  -56.340  -11.250 0.5000000000
27919  39.764  -57.452  -8.504 0.4000000060
35053  42.354  -51.219  -9.858 0.4000000060
35054  41.593  -51.834  -9.343 0.4000000060
31496  39.134  -54.945  -10.184 0.5000000000
22704  41.479  -61.324  -8.778 0.3000000119
24105  41.502  -60.218  -8.887 0.3000000119
25440  41.127  -59.282  -8.598 0.2000000030
21255  40.766  -63.216  -8.074 0.2000000030
24083  42.166  -60.527  -8.430 0.3000000119
21235  42.105  -63.301  -7.284 0.2000000030
21253  42.307  -62.912  -7.865 0.2000000030
24082  42.748  -60.656  -7.920 0.2000000030
19935  41.701  -63.039  -9.779 0.2000000030
18690  39.197  -64.407  -17.811 0.1000000015
27988  42.019  -56.989  -14.315 0.1000000015
22706  39.269  -61.796  -9.504 0.1000000015
24124  40.026  -60.770  -9.862 0.2000000030
24106  40.521  -60.255  -9.396 0.2000000030
22705  40.327  -61.469  -9.427 0.2000000030
21257  38.326  -63.037  -8.359 0.1000000015
19895  40.155  -63.577  -7.732 0.1000000015
21280  39.949  -62.443  -8.856 0.2000000030
19897  38.825  -63.637  -7.845 0.1000000015
19896  39.696  -63.759  -7.659 0.1000000015
19992  38.072  -63.713  -14.690 0.1000000015
22784  40.271  -60.896  -13.925 0.1000000015
26768  42.566  -58.744  -13.528 0.1000000015
27985  44.641  -57.007  -13.615 0.1000000015
24182  40.588  -60.279  -14.117 0.1000000015
27969  43.255  -57.947  -13.769 0.1000000015
29149  45.275  -56.400  -13.393 0.1000000015
27970  42.209  -57.864  -13.998 0.1000000015
30376  44.872  -55.875  -14.969 0.1000000015
31574  45.108  -54.402  -14.253 0.1000000015
31603  45.348  -54.455  -15.235 0.1000000015
31604  44.814  -53.978  -15.233 0.1000000015
21256  39.523  -63.276  -8.302 0.1000000015
29119  42.827  -56.394  -11.792 0.3000000119
22785  39.707  -61.406  -13.652 0.1000000015
24171  40.993  -60.566  -13.178 0.1000000015
25478  42.241  -60.348  -12.727 0.1000000015
26766  43.990  -58.595  -12.750 0.1000000015
29130  45.175  -56.311  -12.537 0.2000000030
29132  43.638  -55.987  -12.295 0.3000000119
30337  41.769  -55.873  -12.267 0.3000000119
30357  40.372  -55.565  -12.536 0.3000000119
20040  39.437  -63.703  -17.478 0.1000000015
22800  39.847  -61.360  -14.620 0.1000000015
26767  43.481  -58.648  -13.299 0.1000000015
29129  45.724  -56.009  -13.126 0.1000000015
29131  44.426  -55.983  -12.310 0.2000000030
30355  42.172  -55.342  -13.101 0.3000000119
22799  40.343  -60.814  -14.797 0.1000000015
30352  45.474  -55.321  -13.103 0.1000000015
31552  43.712  -54.592  -13.712 0.2000000030
31575  44.294  -54.260  -14.406 0.1000000015
31576  43.228  -54.270  -14.612 0.2000000030
31554  41.339  -54.893  -13.767 0.4000000060
32735  45.226  -53.722  -15.998 0.1000000015
32711  42.501  -53.927  -15.027 0.3000000119
25442  34.953  -60.190  -9.780 0.1000000015
31481  38.836  -54.016  -9.773 0.4000000060
30304  39.012  -55.135  -10.634 0.4000000060
29134  41.413  -56.188  -11.821 0.3000000119
30339  40.008  -55.367  -11.942 0.4000000060
30319  39.224  -55.392  -11.242 0.4000000060
31555  39.791  -55.229  -13.175 0.4000000060
31533  38.822  -54.649  -12.299 0.4000000060
32698  40.501  -54.391  -14.030 0.5000000000
31577  42.107  -54.252  -14.408 0.3000000119
32736  44.449  -53.469  -16.017 0.2000000030
31605  43.995  -53.767  -15.282 0.1000000015
32712  41.672  -53.719  -14.955 0.4000000060
30431  43.863  -54.901  -16.706 0.1000000015
31626  44.243  -54.237  -17.021 0.1000000015
32737  43.490  -53.352  -16.065 0.2000000030
31606  43.148  -53.876  -15.425 0.2000000030
29199  41.741  -55.780  -15.519 0.1000000015
30432  42.833  -55.090  -17.021 0.1000000015
32759  43.822  -53.187  -16.933 0.2000000030
30377  40.936  -55.909  -15.275 0.1000000015
30433  41.733  -55.020  -16.797 0.1000000015
32659  39.077  -53.457  -9.349 0.4000000060
33828  39.751  -52.580  -9.090 0.3000000119
32665  38.515  -53.491  -10.050 0.4000000060
31513  38.830  -54.893  -11.452 0.4000000060
31497  38.619  -54.452  -10.565 0.4000000060
31498  37.981  -54.103  -11.083 0.4000000060
31556  38.753  -54.270  -13.216 0.4000000060
32699  39.611  -53.991  -13.982 0.5000000000
32713  40.547  -53.703  -14.839 0.4000000060
32738  42.351  -53.422  -15.766 0.3000000119
31652  42.519  -54.488  -18.587 0.2000000030
31672  43.290  -54.046  -18.712 0.2000000030
32760  42.584  -53.088  -16.990 0.2000000030
31629  41.146  -54.750  -17.490 0.1000000015
30455  42.974  -54.850  -17.913 0.2000000030
25526  37.366  -60.457  -15.975 0.1000000015
33829  38.683  -52.554  -9.663 0.4000000060
32666  37.884  -53.589  -10.682 0.4000000060
32678  37.515  -53.713  -11.633 0.4000000060
32689  37.329  -53.559  -12.770 0.4000000060
32700  38.553  -53.430  -13.990 0.4000000060
31557  37.953  -53.838  -13.264 0.4000000060
32715  38.633  -52.783  -14.657 0.3000000119
32740  40.334  -52.765  -15.694 0.4000000060
32714  39.429  -53.164  -14.860 0.4000000060
33926  41.800  -52.673  -17.323 0.3000000119
32761  41.670  -53.012  -16.481 0.3000000119
32739  41.227  -53.337  -15.696 0.4000000060
31653  41.547  -54.469  -18.447 0.2000000030
31674  41.927  -54.154  -19.613 0.2000000030
32804  43.007  -53.611  -18.740 0.2000000030
32783  42.953  -53.340  -17.834 0.2000000030
30434  40.712  -55.237  -16.690 0.2000000030
24219  36.953  -61.200  -17.739 0.1000000015
24204  37.267  -60.832  -16.795 0.1000000015
25514  36.894  -59.730  -15.391 0.1000000015
35056  39.407  -51.804  -9.589 0.3000000119
33842  38.010  -52.891  -10.243 0.4000000060
33844  36.536  -51.766  -11.057 0.4000000060
33843  37.147  -52.545  -10.842 0.4000000060
33862  37.006  -52.784  -12.173 0.4000000060
33882  37.245  -52.215  -13.928 0.4000000060
33872  37.018  -52.728  -13.155 0.4000000060
33895  38.316  -51.998  -14.867 0.4000000060
33881  37.975  -52.647  -14.282 0.3000000119
35177  41.591  -51.521  -18.271 0.3000000119
35162  40.591  -51.393  -16.891 0.3000000119
33911  40.258  -51.903  -16.267 0.3000000119
33912  39.522  -52.075  -15.681 0.3000000119
33913  38.871  -51.987  -15.390 0.3000000119
32807  40.282  -53.284  -18.912 0.2000000030
32806  41.204  -53.303  -19.810 0.2000000030
35204  42.477  -52.358  -19.391 0.3000000119
33958  42.379  -52.349  -18.626 0.2000000030
33927  41.130  -52.279  -16.812 0.3000000119
32762  40.979  -53.027  -16.292 0.3000000119
31675  40.939  -53.921  -18.879 0.2000000030
33973  42.497  -53.023  -19.290 0.2000000030
31630  40.153  -54.816  -17.255 0.2000000030
36314  40.414  -50.655  -10.560 0.3000000119
35072  39.954  -51.346  -10.100 0.3000000119
35073  39.243  -51.293  -9.910 0.4000000060
35059  36.688  -51.011  -10.149 0.3000000119
36294  37.603  -50.597  -9.938 0.4000000060
35089  36.018  -51.104  -11.548 0.4000000060
35075  36.484  -51.200  -10.627 0.4000000060
35074  36.796  -51.788  -10.606 0.4000000060
35100  35.836  -50.708  -12.203 0.4000000060
33863  36.505  -51.981  -11.849 0.4000000060
35128  36.944  -50.767  -13.954 0.3000000119
33883  36.807  -52.205  -13.451 0.4000000060
33873  36.458  -52.206  -12.895 0.4000000060
36410  40.247  -50.308  -16.819 0.3000000119
36396  39.583  -50.307  -16.178 0.2000000030
36397  38.931  -50.368  -15.461 0.2000000030
35126  38.233  -51.227  -14.888 0.2000000030
35127  37.479  -51.361  -14.356 0.3000000119
35110  37.088  -51.729  -14.056 0.3000000119
35145  40.244  -51.533  -16.413 0.3000000119
35146  39.920  -51.303  -16.166 0.2000000030
35147  38.977  -51.202  -15.384 0.2000000030
33960  40.528  -52.394  -19.506 0.2000000030
35206  41.692  -51.570  -20.235 0.3000000119
35205  42.298  -51.890  -19.977 0.3000000119
36313  41.588  -50.729  -11.024 0.3000000119
36350  36.097  -50.386  -12.624 0.3000000119
37588  38.246  -49.081  -14.994 0.2000000030
38768  37.652  -48.633  -14.357 0.2000000030
36363  37.124  -50.026  -13.637 0.2000000030
37563  36.147  -49.504  -12.694 0.2000000030
38782  39.107  -48.374  -15.571 0.2000000030
37589  37.763  -49.566  -14.319 0.2000000030
36381  37.343  -50.286  -13.956 0.2000000030
36311  42.956  -50.469  -10.815 0.2000000030
30379  39.424  -56.054  -15.036 0.1000000015
30408  40.307  -55.711  -15.917 0.1000000015
31655  39.660  -54.394  -17.787 0.2000000030
26711  40.202  -57.899  -8.308 0.3000000119
25430  41.420  -58.855  -8.048 0.3000000119
25439  41.870  -59.804  -8.623 0.3000000119
22682  43.157  -61.465  -7.967 0.2000000030
22724  38.703  -61.168  -10.075 0.2000000030
25441  40.232  -59.111  -9.304 0.2000000030
25476  43.617  -59.430  -12.327 0.1000000015
27949  43.914  -57.078  -11.144 0.3000000119
36312  42.577  -50.822  -11.072 0.3000000119
25484  43.583  -59.077  -12.949 0.1000000015
27955  44.626  -57.412  -11.942 0.3000000119
30317  41.923  -56.046  -11.907 0.2000000030
29117  44.422  -56.808  -11.798 0.2000000030
25486  41.992  -59.773  -13.162 0.1000000015
21279  40.953  -62.297  -8.731 0.2000000030
21254  41.799  -62.681  -8.015 0.1000000015
22683  42.420  -61.658  -8.085 0.2000000030
29168  43.770  -56.610  -14.639 0.1000000015
22723  39.579  -61.102  -9.909 0.2000000030
25487  40.980  -59.588  -13.630 0.1000000015
25485  43.078  -59.404  -13.124 0.1000000015
27967  44.744  -57.104  -12.873 0.1000000015
27986  44.036  -57.288  -14.120 0.1000000015
29166  45.423  -55.922  -13.909 0.1000000015
31551  44.536  -54.574  -13.379 0.1000000015
27956  44.447  -57.899  -12.552 0.2000000030
30336  42.895  -55.718  -12.513 0.3000000119
30334  45.122  -55.311  -12.715 0.2000000030
30356  40.988  -55.594  -12.886 0.4000000060
30335  44.148  -55.072  -12.587 0.3000000119
30354  43.329  -55.091  -13.198 0.3000000119
31553  42.663  -54.759  -13.821 0.3000000119
31534  37.934  -54.283  -12.512 0.4000000060
30454  43.461  -54.793  -17.495 0.2000000030
32782  43.861  -53.732  -17.789 0.2000000030
31514  38.204  -54.437  -11.588 0.4000000060
31673  42.770  -54.074  -19.262 0.2000000030
33830  37.854  -52.204  -10.076 0.4000000060
33942  41.596  -52.194  -17.671 0.3000000119
33940  42.381  -52.824  -18.002 0.2000000030
32825  42.173  -53.558  -20.078 0.2000000030
35057  38.421  -51.413  -9.892 0.4000000060
35058  37.142  -51.518  -10.076 0.4000000060
33959  41.164  -52.560  -19.922 0.2000000030
33975  41.793  -52.586  -20.211 0.2000000030
36293  38.357  -50.639  -10.009 0.4000000060
35099  36.139  -51.242  -12.674 0.4000000060
37618  40.325  -49.695  -16.803 0.2000000030
37602  39.637  -49.144  -16.236 0.2000000030
37603  38.898  -49.606  -15.590 0.2000000030
36380  38.246  -50.341  -14.838 0.2000000030
36315  39.177  -50.583  -10.145 0.2000000030
37510  38.266  -49.927  -9.945 0.3000000119
37535  39.801  -49.696  -10.665 0.2000000030
18548  42.357  -64.202  -7.693 0.1000000015
19893  42.476  -63.624  -8.125 0.1000000015
21278  42.626  -62.480  -8.547 0.1000000015
19914  40.774  -63.936  -8.957 0.1000000015
19913  41.711  -63.647  -8.739 0.1000000015
37531  43.860  -49.745  -11.363 0.1000000015
36330  44.064  -50.078  -11.788 0.1000000015
38726  43.347  -48.328  -12.631 0.1000000015
37561  43.217  -49.390  -12.556 0.1000000015
36333  41.568  -50.090  -11.634 0.1000000015
37549  42.126  -49.395  -12.021 0.1000000015
37534  40.822  -50.016  -11.088 0.1000000015
37550  41.148  -49.412  -11.457 0.1000000015
37551  40.442  -49.332  -11.078 0.1000000015
37536  38.905  -49.557  -10.203 0.2000000030
38708  39.156  -48.951  -10.429 0.1000000015
38681  39.231  -48.261  -10.276 0.2000000030
36316  36.966  -50.232  -9.989 0.2000000030
38682  38.252  -48.600  -9.754 0.2000000030
37511  37.293  -49.574  -9.765 0.2000000030
39956  38.100  -47.393  -9.363 0.2000000030
37512  36.477  -49.185  -9.808 0.2000000030
36317  36.407  -50.396  -10.303 0.2000000030
36318  35.770  -50.073  -10.663 0.2000000030
35090  35.701  -50.564  -11.844 0.2000000030
39955  39.030  -47.363  -9.796 0.2000000030
37538  35.929  -49.371  -10.233 0.2000000030
37539  35.537  -49.436  -10.944 0.1000000015
38730  35.522  -48.716  -11.377 0.1000000015
37552  35.570  -49.491  -11.715 0.1000000015
36348  43.297  -49.930  -12.319 0.1000000015
38725  44.408  -49.011  -12.003 0.1000000015
37559  44.372  -49.433  -12.804 0.1000000015
40005  44.735  -48.275  -13.085 0.1000000015
38727  42.346  -48.419  -12.152 0.1000000015
38728  41.407  -48.642  -11.585 0.1000000015
38683  36.861  -48.596  -9.460 0.2000000030
35207  41.277  -51.560  -19.961 0.2000000030
36423  41.837  -50.441  -19.052 0.2000000030
35192  42.260  -50.901  -19.887 0.2000000030
35193  40.858  -51.217  -19.516 0.2000000030
36435  41.650  -50.290  -19.418 0.2000000030
36409  40.940  -50.419  -17.634 0.2000000030
36422  42.058  -49.845  -19.309 0.2000000030
36436  40.912  -50.456  -19.335 0.2000000030
37628  41.850  -49.787  -18.636 0.1000000015
37617  41.070  -49.266  -17.588 0.2000000030
37636  42.130  -49.375  -19.341 0.1000000015
37627  42.405  -49.232  -19.001 0.1000000015
37616  41.996  -48.993  -18.239 0.1000000015
38827  41.648  -48.505  -19.135 0.1000000015
38813  40.850  -48.038  -18.745 0.1000000015
38799  40.565  -48.625  -16.568 0.1000000015
38797  42.040  -48.291  -17.846 0.1000000015
38826  42.664  -48.333  -19.200 0.1000000015
38812  42.665  -48.229  -18.406 0.1000000015
40095  42.840  -47.607  -19.417 0.1000000015
38840  43.122  -47.876  -19.599 0.1000000015
41237  40.733  -46.600  -18.184 0.1000000015
41119  39.236  -46.372  -9.619 0.1000000015
38798  41.382  -48.320  -17.364 0.1000000015
40063  40.946  -47.440  -16.469 0.1000000015
38824  43.752  -47.710  -18.906 0.1000000015
41254  42.484  -46.494  -18.905 0.1000000015
41253  43.242  -46.602  -19.509 0.1000000015
41120  38.426  -46.493  -9.097 0.1000000015
39957  37.242  -47.686  -9.274 0.1000000015
40047  39.929  -47.393  -15.954 0.1000000015
41219  41.123  -46.417  -16.456 0.1000000015
40046  40.408  -47.134  -16.188 0.1000000015
40064  40.338  -47.946  -16.303 0.1000000015
38781  39.861  -48.286  -16.199 0.1000000015
41218  41.840  -46.668  -16.736 0.1000000015
42400  43.273  -45.775  -17.331 0.1000000015
41217  42.751  -46.785  -17.227 0.1000000015
40078  43.210  -47.537  -17.821 0.1000000015
40062  42.266  -47.642  -17.424 0.1000000015
43594  44.302  -45.030  -18.953 0.1000000015
42419  44.474  -45.702  -18.182 0.1000000015
41235  44.167  -46.743  -18.378 0.1000000015
42450  44.692  -45.784  -19.611 0.1000000015
41097  37.672  -46.178  -8.630 0.1000000015
41121  37.491  -46.845  -8.948 0.1000000015
38767  38.293  -47.968  -14.859 0.1000000015
43554  42.138  -44.485  -16.492 0.1000000015
42401  42.338  -45.666  -16.771 0.1000000015
43552  43.516  -45.131  -17.485 0.1000000015
37637  41.673  -49.615  -19.312 0.1000000015
40106  44.975  -47.090  -19.238 0.1000000015
42452  43.671  -45.519  -19.681 0.1000000015
40048  38.894  -47.103  -15.289 0.1000000015
28030  33.141  -57.771  -16.126 0.1000000015
28011  32.681  -56.876  -15.759 0.1000000015
26811  32.870  -57.664  -17.042 0.1000000015
26832  33.589  -58.265  -17.943 0.1000000015
28058  34.013  -57.596  -19.163 0.1000000015
28093  34.888  -57.490  -20.753 0.1000000015
29300  35.189  -56.469  -22.183 0.1000000015
26795  33.367  -58.093  -15.994 0.1000000015
28010  33.411  -57.368  -15.436 0.1000000015
26850  33.941  -57.982  -18.712 0.1000000015
25558  33.972  -58.498  -18.660 0.1000000015
29179  32.828  -56.094  -14.324 0.1000000015
29178  33.327  -56.042  -14.103 0.1000000015
27994  34.418  -57.079  -14.675 0.1000000015
28009  34.555  -57.968  -15.096 0.1000000015
26809  33.864  -58.936  -17.183 0.1000000015
28031  32.732  -57.264  -16.479 0.1000000015
30381  35.216  -55.311  -14.513 0.1000000015
30380  35.911  -55.874  -14.754 0.1000000015
29206  32.676  -56.326  -15.168 0.1000000015
31581  33.720  -54.419  -14.347 0.1000000015
32718  33.364  -53.447  -14.145 0.1000000015
31610  32.059  -54.715  -14.912 0.1000000015
30384  32.628  -55.485  -14.581 0.1000000015
32719  32.433  -53.262  -14.491 0.1000000015
27995  33.722  -56.639  -14.640 0.1000000015
29317  34.644  -56.144  -22.797 0.1000000015
7217  30.742  -74.159  -9.276 0.1000000015
7235  30.785  -74.211  -9.715 0.1000000015
7250  30.954  -74.280  -9.969 0.1000000015
7268  31.511  -74.266  -12.214 0.1000000015
7282  31.195  -74.402  -12.286 0.1000000015
8142  34.180  -73.167  -6.051 0.1000000015
8145  32.356  -73.370  -5.937 0.1000000015
8164  34.162  -73.054  -6.268 0.1000000015
8165  33.840  -73.230  -6.381 0.1000000015
8221  30.546  -73.775  -8.865 0.1000000015
8243  31.562  -73.836  -9.275 0.1000000015
8244  30.509  -73.889  -9.533 0.1000000015
8245  30.356  -73.648  -9.232 0.1000000015
8262  30.710  -74.021  -10.245 0.1000000015
8263  30.444  -73.589  -10.416 0.1000000015
8290  32.143  -74.063  -12.550 0.1000000015
8291  31.765  -74.186  -12.324 0.1000000015
9190  35.000  -72.460  -3.890 0.1000000015
9207  35.198  -72.232  -4.303 0.1000000015
9250  33.778  -72.832  -6.887 0.1000000015
9318  30.415  -73.618  -10.186 0.1000000015
10308  34.549  -72.360  -4.223 0.1000000015
10325  35.251  -71.571  -5.869 0.1000000015
10364  33.391  -72.260  -7.967 0.1000000015
10366  31.983  -71.545  -8.638 0.1000000015
10375  31.187  -71.253  -9.863 0.1000000015
11427  34.236  -70.636  -5.544 0.1000000015
11444  32.578  -70.741  -7.090 0.1000000015
11454  31.881  -70.919  -8.127 0.1000000015
12566  36.232  -69.777  -4.242 0.1000000015
12590  33.110  -70.349  -6.181 0.1000000015
12615  31.400  -70.334  -8.171 0.1000000015
12642  30.627  -69.770  -10.339 0.1000000015
13836  30.836  -68.756  -12.477 0.1000000015
14891  32.528  -66.891  -2.529 0.1000000015
14912  31.946  -67.056  -4.711 0.1000000015
14923  32.433  -67.923  -5.023 0.1000000015
14935  31.571  -68.015  -5.967 0.1000000015
15004  30.861  -68.353  -12.179 0.1000000015
15037  30.193  -66.910  -13.148 0.1000000015
16017  32.919  -66.978  -1.571 0.1000000015
16036  31.838  -66.273  -2.676 0.1000000015
16060  31.298  -66.301  -4.587 0.1000000015
16106  28.676  -65.968  -7.722 0.1000000015
16187  30.289  -66.825  -12.789 0.1000000015
16195  30.136  -66.610  -12.977 0.1000000015
16196  29.786  -66.550  -13.083 0.1000000015
17239  31.825  -65.258  -1.279 0.1000000015
17407  29.157  -65.024  -12.751 0.1000000015
17410  26.756  -65.847  -13.956 0.1000000015
18533  42.227  -64.221  -7.212 0.1000000015
18536  28.820  -65.057  -6.292 0.1000000015
18565  42.409  -64.190  -8.034 0.1000000015
18573  27.774  -64.068  -9.107 0.1000000015
18583  28.165  -64.328  -9.938 0.1000000015
18615  29.211  -65.005  -11.527 0.1000000015
18658  38.280  -64.776  -13.927 0.1000000015
18663  26.820  -64.609  -14.762 0.1000000015
19881  39.335  -64.250  -7.486 0.1000000015
19902  27.728  -63.941  -8.904 0.1000000015
19912  42.293  -62.999  -9.108 0.1000000015
19920  27.733  -63.781  -9.134 0.1000000015
19946  38.187  -63.587  -12.014 0.1000000015
19959  38.231  -64.541  -12.311 0.1000000015
19978  38.207  -64.363  -12.778 0.1000000015
19979  38.038  -63.822  -13.040 0.1000000015
19993  37.908  -63.730  -13.783 0.1000000015
19997  34.276  -63.202  -15.095 0.1000000015
20011  28.398  -63.102  -15.715 0.1000000015
21202  28.663  -62.886  -4.800 0.1000000015
21212  27.750  -62.136  -6.050 0.1000000015
21225  27.733  -62.107  -6.302 0.1000000015
21234  42.300  -63.399  -7.397 0.1000000015
21242  33.005  -62.466  -7.308 0.1000000015
21244  27.710  -61.980  -7.765 0.1000000015
21261  33.563  -62.759  -7.861 0.1000000015
21264  27.676  -62.024  -7.976 0.1000000015
21310  41.576  -62.012  -11.207 0.2000000030
21314  38.247  -63.353  -11.777 0.2000000030
21356  37.782  -62.971  -14.149 0.1000000015
21364  27.973  -63.038  -15.075 0.1000000015
22639  27.939  -61.607  -5.971 0.1000000015
22655  27.764  -61.887  -6.422 0.1000000015
22664  43.511  -61.065  -7.940 0.4000000060
22665  43.373  -60.863  -7.886 0.5000000000
22672  27.781  -61.798  -7.958 0.1000000015
22684  37.054  -62.160  -8.646 0.1000000015
22691  27.673  -61.885  -8.166 0.1000000015
22731  31.273  -60.686  -10.422 0.1000000015
22770  41.719  -61.208  -11.721 0.2000000030
22771  41.500  -61.330  -11.942 0.2000000030
22772  39.771  -61.430  -12.605 0.2000000030
22787  32.954  -61.580  -13.334 0.1000000015
22826  40.798  -61.454  -17.113 0.1000000015
22836  40.754  -61.224  -17.695 0.1000000015
23986  31.590  -60.986  -1.781 0.1000000015
24014  28.661  -60.754  -4.082 0.1000000015
24059  43.496  -60.407  -7.926 0.4000000060
24081  43.814  -60.544  -8.519 0.3000000119
24104  43.039  -61.296  -9.699 0.3000000119
24123  42.213  -61.329  -10.724 0.2000000030
24130  31.841  -60.735  -10.777 0.1000000015
24131  31.387  -60.580  -10.747 0.1000000015
24134  29.310  -60.653  -10.022 0.1000000015
24148  42.109  -60.937  -11.150 0.2000000030
24150  40.742  -61.430  -12.202 0.2000000030
24151  32.056  -60.787  -11.036 0.1000000015
24160  43.248  -60.054  -12.222 0.2000000030
24189  40.448  -60.212  -14.900 0.1000000015
24192  38.843  -60.137  -16.020 0.1000000015
24200  40.540  -61.231  -16.852 0.1000000015
24215  40.531  -61.077  -17.100 0.1000000015
25365  29.846  -59.865  -3.177 0.1000000015
25390  33.028  -59.603  -6.251 0.1000000015
25426  44.181  -59.227  -8.809 0.3000000119
25470  44.482  -58.807  -10.752 0.4000000060
25502  37.475  -59.497  -14.944 0.2000000030
25513  37.981  -60.197  -15.395 0.2000000030
26637  30.636  -59.160  -3.161 0.1000000015
26667  31.053  -58.566  -4.295 0.1000000015
26695  43.377  -59.084  -7.491 0.4000000060
26708  43.759  -58.892  -7.830 0.4000000060
26727  39.089  -57.855  -9.685 0.4000000060
26740  44.403  -58.392  -9.616 0.3000000119
26757  44.505  -58.596  -11.107 0.4000000060
26785  37.049  -59.136  -14.958 0.1000000015
26810  33.207  -58.177  -16.720 0.1000000015
26833  33.129  -57.768  -17.443 0.1000000015
26849  34.329  -58.141  -19.255 0.1000000015
27804  33.140  -57.367  -1.426 0.1000000015
27898  44.193  -58.291  -8.524 0.4000000060
27920  39.114  -57.115  -9.238 0.4000000060
27933  41.884  -57.042  -10.186 0.4000000060
27968  44.179  -57.850  -13.334 0.1000000015
27987  43.002  -57.173  -14.226 0.1000000015
29056  40.352  -55.820  -6.879 0.5000000000
29069  40.614  -56.716  -6.999 0.5000000000
29090  39.994  -55.896  -9.649 0.5000000000
29097  32.808  -56.719  -9.179 0.1000000015
29106  40.049  -56.169  -9.927 0.5000000000
29118  43.765  -56.554  -11.761 0.3000000119
29120  41.860  -56.308  -11.529 0.2000000030
29133  41.712  -56.119  -11.884 0.2000000030
29148  45.640  -55.970  -13.488 0.1000000015
29151  40.080  -56.793  -13.878 0.1000000015
29152  33.121  -56.049  -13.954 0.1000000015
29153  32.882  -55.965  -13.949 0.1000000015
29167  44.806  -56.373  -14.333 0.1000000015
29174  38.239  -56.683  -15.167 0.2000000030
29175  35.938  -56.308  -14.781 0.1000000015
29176  35.427  -56.501  -14.626 0.1000000015
29196  44.354  -56.116  -15.008 0.1000000015
29200  39.046  -56.234  -15.077 0.2000000030
29201  38.553  -56.321  -15.508 0.3000000119
29205  33.167  -56.509  -14.679 0.1000000015
29225  38.315  -56.092  -15.965 0.3000000119
30191  32.289  -55.374  -3.387 0.1000000015
30285  40.541  -55.375  -8.782 0.5000000000
30303  39.555  -55.601  -10.179 0.5000000000
30316  42.244  -56.062  -12.015 0.2000000030
30320  38.813  -55.053  -10.971 0.4000000060
30333  45.594  -55.676  -12.935 0.1000000015
30338  40.720  -56.069  -12.072 0.3000000119
30351  45.573  -55.468  -13.599 0.1000000015
30353  43.963  -54.689  -13.092 0.3000000119
30358  32.955  -55.805  -14.125 0.1000000015
30359  32.792  -55.897  -14.240 0.1000000015
30375  45.448  -55.471  -14.783 0.1000000015
30378  39.989  -55.872  -15.015 0.1000000015
30382  34.050  -55.298  -14.521 0.1000000015
30383  33.211  -55.245  -14.384 0.1000000015
30406  42.247  -55.258  -16.018 0.1000000015
30407  41.267  -55.514  -16.058 0.1000000015
30413  35.874  -55.241  -14.817 0.1000000015
30436  38.660  -55.541  -16.292 0.2000000030
31341  31.177  -55.082  -1.861 0.1000000015
31448  38.047  -54.017  -7.910 0.5000000000
31449  32.242  -54.381  -7.706 0.3000000119
31512  39.126  -55.072  -11.531 0.4000000060
31530  45.113  -55.012  -12.963 0.2000000030
31531  44.885  -54.914  -12.920 0.2000000030
31532  39.383  -54.941  -11.887 0.4000000060
31549  45.568  -55.068  -13.709 0.1000000015
31550  45.316  -54.917  -13.363 0.1000000015
31573  45.564  -54.899  -14.141 0.1000000015
31578  41.224  -54.218  -14.431 0.3000000119
31582  32.706  -54.375  -14.386 0.1000000015
31607  37.290  -54.989  -16.001 0.2000000030
31627  43.818  -54.576  -17.386 0.2000000030
31628  42.135  -54.918  -17.790 0.2000000030
31632  38.302  -54.727  -16.787 0.2000000030
31633  37.418  -54.356  -16.426 0.1000000015
31650  44.153  -54.041  -17.685 0.2000000030
31651  43.570  -54.301  -18.129 0.2000000030
31654  40.565  -54.399  -18.063 0.2000000030
31676  40.019  -53.990  -18.402 0.2000000030
31677  39.414  -54.097  -18.133 0.2000000030
31694  42.461  -53.869  -19.794 0.2000000030
31695  42.340  -54.046  -19.851 0.2000000030
32386  34.101  -53.573  4.107 0.1000000015
32579  31.020  -53.306  -4.200 0.1000000015
32609  41.340  -53.597  -6.698 0.4000000060
32612  32.103  -54.314  -5.854 0.1000000015
32701  37.636  -53.114  -13.594 0.4000000060
32741  39.556  -52.657  -15.372 0.3000000119
32742  36.358  -53.582  -15.854 0.2000000030
32757  45.071  -53.861  -16.286 0.2000000030
32758  44.540  -53.780  -16.662 0.2000000030
32764  36.905  -53.641  -16.417 0.2000000030
32781  44.281  -53.907  -17.344 0.1000000015
32803  43.500  -53.932  -18.413 0.2000000030
32805  41.751  -53.685  -20.110 0.2000000030
32824  42.548  -53.529  -19.593 0.2000000030
32826  41.739  -53.306  -20.112 0.2000000030
33746  30.860  -52.814  -4.447 0.1000000015
33779  41.276  -53.298  -6.616 0.4000000060
33894  38.991  -52.506  -15.222 0.3000000119
33896  37.698  -52.088  -14.418 0.3000000119
33914  36.321  -52.941  -15.977 0.2000000030
33925  42.150  -52.779  -17.645 0.2000000030
33941  42.014  -52.255  -18.198 0.2000000030
33957  42.486  -52.850  -18.709 0.2000000030
33961  39.528  -52.606  -18.603 0.3000000119
33974  42.345  -52.786  -19.862 0.2000000030
33976  41.203  -51.952  -19.991 0.3000000119
35111  36.743  -51.531  -13.674 0.4000000060
35148  36.205  -51.173  -15.827 0.1000000015
35163  40.207  -50.761  -16.749 0.3000000119
35164  38.667  -51.058  -17.486 0.3000000119
35167  36.281  -52.246  -15.952 0.2000000030
35176  42.044  -51.810  -18.552 0.2000000030
35190  42.482  -52.259  -18.986 0.2000000030
35191  42.353  -51.815  -19.086 0.3000000119
36173  31.820  -50.118  -2.221 0.2000000030
36295  36.881  -50.799  -9.919 0.3000000119
36329  44.288  -49.816  -12.090 0.1000000015
36331  43.312  -50.254  -11.677 0.1000000015
36332  42.463  -50.268  -11.821 0.1000000015
36334  35.985  -50.649  -10.859 0.2000000030
36335  35.653  -50.231  -11.383 0.2000000030
36346  44.235  -49.781  -12.321 0.1000000015
36347  43.989  -50.057  -12.403 0.1000000015
36349  42.741  -49.712  -12.269 0.1000000015
36351  35.658  -50.083  -12.159 0.3000000119
36364  36.733  -50.322  -13.393 0.3000000119
36382  36.998  -50.432  -13.782 0.2000000030
36383  35.052  -51.087  -14.654 0.1000000015
36434  41.911  -49.826  -19.457 0.2000000030
37369  32.681  -49.725  -1.551 0.2000000030
37448  34.274  -48.826  -6.215 0.2000000030
37464  38.045  -49.757  -6.888 0.5000000000
37537  36.600  -49.768  -9.995 0.2000000030
37547  44.406  -49.364  -12.348 0.1000000015
37548  44.274  -49.624  -11.853 0.1000000015
37560  43.858  -49.528  -12.900 0.1000000015
37562  42.708  -49.377  -12.376 0.1000000015
37564  35.717  -49.510  -12.195 0.1000000015
38568  33.575  -48.409  -2.689 0.2000000030
38613  35.041  -48.168  -6.292 0.2000000030
38641  34.846  -48.716  -6.325 0.2000000030
38679  41.608  -48.607  -9.724 0.2000000030
38724  44.838  -48.590  -12.680 0.1000000015
38729  40.652  -48.827  -11.277 0.1000000015
38739  44.972  -48.780  -13.079 0.1000000015
38740  44.385  -48.859  -13.217 0.1000000015
38741  43.637  -48.910  -13.026 0.1000000015
38742  42.859  -48.980  -12.557 0.1000000015
38744  35.743  -48.925  -12.104 0.1000000015
38801  37.979  -48.315  -16.480 0.1000000015
38810  43.580  -47.734  -18.750 0.1000000015
38811  43.352  -47.821  -18.631 0.1000000015
38825  43.288  -47.976  -18.970 0.1000000015
38838  43.943  -47.614  -18.958 0.1000000015
38839  43.357  -47.736  -19.360 0.1000000015
39910  35.737  -47.831  -6.460 0.1000000015
39989  44.975  -48.297  -12.711 0.1000000015
39994  35.388  -47.928  -11.108 0.1000000015
40004  45.027  -48.412  -12.957 0.1000000015
40006  44.092  -48.344  -13.142 0.1000000015
40061  42.754  -47.365  -17.430 0.1000000015
40077  43.758  -47.532  -18.617 0.1000000015
40079  42.752  -47.864  -17.854 0.1000000015
40091  45.335  -47.006  -19.013 0.1000000015
40092  45.198  -47.107  -19.025 0.1000000015
40093  44.559  -47.395  -18.919 0.1000000015
40094  43.076  -47.121  -19.534 0.1000000015
40105  45.363  -46.956  -19.126 0.1000000015
40107  44.276  -47.284  -19.436 0.1000000015
40108  43.485  -47.290  -19.604 0.1000000015
40109  43.152  -47.681  -19.669 0.1000000015
41013  34.884  -46.893  -4.906 0.1000000015
41034  41.043  -45.682  -5.368 0.1000000015
41075  37.412  -47.535  -6.921 0.1000000015
41093  42.091  -46.480  -9.666 0.1000000015
41203  40.413  -46.511  -16.135 0.1000000015
41234  44.678  -46.253  -18.493 0.1000000015
41236  43.506  -46.613  -17.601 0.1000000015
41238  39.632  -46.443  -17.452 0.1000000015
41239  39.198  -46.722  -17.270 0.1000000015
41250  45.339  -46.710  -19.056 0.1000000015
41251  44.945  -46.675  -18.781 0.1000000015
41252  44.640  -47.009  -18.741 0.1000000015
41255  41.625  -46.283  -18.489 0.1000000015
41264  45.206  -46.676  -19.279 0.1000000015
41265  44.828  -46.618  -19.543 0.1000000015
41266  44.301  -46.538  -19.857 0.1000000015
41267  43.811  -46.347  -19.948 0.1000000015
42246  38.707  -46.110  -6.648 0.1000000015
42295  40.271  -46.518  -8.267 0.2000000030
42399  43.838  -45.454  -17.676 0.1000000015
42418  44.812  -45.929  -18.548 0.1000000015
42420  43.983  -46.074  -17.648 0.1000000015
42436  45.261  -46.360  -19.211 0.1000000015
42437  45.133  -45.865  -19.115 0.1000000015
42438  44.740  -45.713  -18.729 0.1000000015
42439  42.962  -45.454  -19.247 0.1000000015
42449  45.065  -46.086  -19.465 0.1000000015
42451  44.211  -45.604  -19.917 0.1000000015
43553  43.118  -44.738  -17.153 0.1000000015
43573  43.792  -44.621  -18.099 0.1000000015
43593  44.407  -45.021  -19.432 0.1000000015
44758  44.440  -44.297  -19.162 0.1000000015
