#!ascii label  , from subject 3104 vox2ras=TkReg
596
73402  21.835  -16.063  -10.279 0.1428571492
73404  20.193  -16.095  -10.100 0.1428571492
75591  20.428  -14.382  -10.826 0.1428571492
75590  21.524  -14.314  -10.413 0.2857142985
74481  21.137  -15.202  -10.271 0.1428571492
74480  22.175  -15.208  -10.212 0.1428571492
77667  21.820  -12.864  -11.275 0.5714285970
75589  22.584  -14.328  -10.171 0.1428571492
76677  24.089  -13.557  -10.448 0.2857142985
76695  25.518  -12.995  -10.582 0.1428571492
77663  25.122  -12.925  -10.703 0.2857142985
79561  26.194  -10.554  -11.556 0.2857142985
78645  25.789  -11.386  -11.317 0.2857142985
81532  26.587  -8.224  -11.902 0.2857142985
80554  26.877  -9.196  -11.552 0.2857142985
83587  27.130  -6.499  -12.683 0.2857142985
82552  26.372  -7.377  -12.903 0.2857142985
84566  27.657  -5.117  -12.665 0.2857142985
87587  27.085  -2.829  -13.584 0.8571428657
86604  27.490  -3.787  -13.033 0.4285714328
84548  27.503  -5.817  -12.491 0.2857142985
89676  27.850  -0.656  -14.353 0.7142857313
88669  27.848  -1.324  -13.813 0.7142857313
87601  27.547  -1.901  -14.102 0.7142857313
86605  26.942  -3.539  -13.619 0.7142857313
90638  28.126  0.707  -13.924 0.8571428657
89675  28.351  -0.389  -13.671 0.5714285970
89686  27.675  -0.410  -15.235 0.8571428657
88670  27.565  -1.378  -14.636 0.7142857313
92513  28.613  2.245  -14.104 0.4285714328
90645  28.025  0.926  -14.664 0.7142857313
89685  27.978  0.134  -14.503 0.8571428657
93401  29.410  3.680  -14.317 0.2857142985
93411  29.060  3.757  -15.187 0.5714285970
92524  28.536  2.330  -15.056 0.8571428657
92523  28.835  3.053  -14.628 0.7142857313
91588  28.071  1.601  -15.286 0.8571428657
94306  29.657  4.637  -13.902 0.1428571492
94319  29.455  4.388  -14.918 0.4285714328
92535  28.680  3.101  -15.424 0.8571428657
96066  29.311  6.708  -14.699 0.1428571492
95172  29.715  5.679  -14.180 0.1428571492
95185  29.362  5.359  -14.936 0.1428571492
93420  28.759  3.589  -15.958 0.8571428657
96967  29.452  7.670  -15.434 0.1428571492
96065  29.736  7.218  -14.944 0.1428571492
96047  29.544  6.120  -14.487 0.1428571492
95186  28.722  5.613  -14.988 0.4285714328
95197  28.837  4.972  -15.550 0.5714285970
94338  27.879  3.919  -16.621 0.8571428657
96968  28.839  7.650  -15.453 0.1428571492
96979  28.897  8.098  -16.238 0.1428571492
96067  28.933  6.501  -14.540 0.1428571492
95198  28.365  4.867  -15.533 0.8571428657
94331  28.454  4.270  -16.053 0.8571428657
95199  28.114  4.790  -15.513 0.8571428657
98879  29.003  8.741  -16.158 0.1428571492
97888  28.802  8.618  -15.397 0.2857142985
96950  28.644  7.112  -14.009 0.8571428657
95173  28.588  5.929  -14.486 0.8571428657
98850  29.080  9.534  -14.597 0.1428571492
99916  29.628  10.214  -14.015 0.1428571492
97848  28.754  8.374  -13.902 0.4285714328
97849  28.692  7.822  -13.155 0.8571428657
96931  28.432  7.153  -13.116 0.8571428657
96048  28.408  6.237  -13.967 0.8571428657
96049  27.779  5.993  -13.230 0.8571428657
98827  29.504  8.922  -13.299 0.4285714328
96932  28.094  7.198  -12.242 0.8571428657
96029  28.266  6.586  -13.103 0.8571428657
96030  27.582  6.366  -12.400 0.8571428657
99900  30.144  9.940  -12.885 0.1428571492
99899  30.452  10.700  -12.488 0.2857142985
98810  29.336  9.265  -11.768 0.8571428657
98828  28.766  8.472  -12.112 0.8571428657
97850  28.459  7.859  -12.043 0.8571428657
98829  28.390  8.241  -11.594 0.8571428657
100967  30.820  11.280  -12.002 0.2857142985
99886  30.527  10.760  -11.838 0.7142857313
99887  30.014  10.288  -11.696 0.8571428657
98811  28.358  8.762  -10.880 0.8571428657
98812  27.213  9.073  -10.851 0.8571428657
97831  28.042  7.949  -11.550 0.8571428657
100959  29.136  11.069  -10.442 0.8571428657
99888  29.001  10.259  -10.705 0.8571428657
99878  28.322  10.901  -10.257 0.7142857313
99889  27.891  9.932  -10.434 0.7142857313
100958  29.777  11.316  -10.601 0.8571428657
100946  29.536  11.609  -10.112 0.8571428657
100947  29.017  11.482  -9.873 0.8571428657
101864  28.618  12.715  -9.588 0.8571428657
100948  28.054  11.717  -10.123 0.7142857313
102697  30.935  13.230  -10.763 0.7142857313
102698  30.344  12.707  -10.074 0.8571428657
102684  30.203  13.840  -10.227 0.8571428657
102685  29.270  13.452  -9.733 0.8571428657
104264  29.800  15.523  -9.600 0.7142857313
99877  28.839  10.995  -10.397 0.8571428657
105104  32.624  16.500  -12.877 0.1428571492
103465  30.399  14.775  -10.049 0.8571428657
104263  30.704  15.683  -10.029 0.7142857313
103466  29.471  14.604  -9.847 0.8571428657
106925  32.475  18.486  -12.757 0.1428571492
105095  31.460  16.982  -10.687 0.5714285970
105987  31.544  17.878  -10.498 0.5714285970
106902  30.143  18.683  -10.233 0.5714285970
106899  32.254  18.202  -11.096 0.1428571492
107788  32.528  19.621  -13.154 0.1428571492
107756  30.710  19.769  -10.807 0.5714285970
109428  32.097  20.966  -13.183 0.1428571492
109441  31.727  21.260  -14.186 0.1428571492
107774  31.375  19.962  -11.440 0.1428571492
110149  31.619  22.319  -14.253 0.1428571492
107755  31.707  19.262  -10.958 0.5714285970
110137  31.455  22.091  -13.264 0.1428571492
110124  31.264  22.145  -12.705 0.1428571492
110810  31.215  22.894  -14.434 0.1428571492
110138  31.058  22.631  -13.078 0.1428571492
73387  21.521  -16.780  -10.001 0.1428571492
73388  20.557  -16.602  -9.761 0.1428571492
74479  23.235  -15.223  -10.271 0.1428571492
75587  24.623  -14.323  -10.101 0.2857142985
76678  23.067  -13.475  -10.321 0.2857142985
78644  26.677  -11.296  -11.158 0.2857142985
84567  26.867  -5.410  -12.957 0.2857142985
86587  27.416  -3.177  -13.225 0.4285714328
85561  27.198  -4.438  -13.046 0.5714285970
87602  27.045  -2.527  -14.607 0.7142857313
92512  28.994  2.892  -13.662 0.1428571492
91600  27.868  2.188  -15.784 0.8571428657
94330  29.083  4.432  -15.565 0.7142857313
96978  29.239  7.984  -16.204 0.1428571492
95174  27.937  5.560  -14.327 0.8571428657
100957  30.461  11.071  -11.359 0.8571428657
102683  31.045  14.209  -10.504 0.8571428657
105078  31.662  16.177  -10.705 0.7142857313
106000  32.214  17.468  -11.336 0.2857142985
108641  32.181  20.612  -12.639 0.1428571492
110166  31.948  22.490  -15.301 0.1428571492
72267  20.165  -17.288  -9.326 0.1428571492
77664  24.555  -12.848  -10.753 0.2857142985
77666  22.602  -12.707  -10.880 0.2857142985
77687  25.277  -12.236  -10.766 0.1428571492
79560  27.065  -10.277  -11.314 0.2857142985
80553  27.678  -9.407  -11.323 0.2857142985
80567  26.169  -9.080  -12.032 0.2857142985
79584  25.741  -9.828  -11.898 0.2857142985
96046  30.110  6.650  -14.352 0.1428571492
96977  29.731  8.048  -15.898 0.1428571492
98868  28.987  9.479  -15.414 0.1428571492
97870  28.924  8.737  -14.511 0.2857142985
95187  28.097  5.084  -15.267 0.8571428657
94320  27.677  4.843  -14.861 1.0000000000
99915  30.155  10.687  -13.328 0.1428571492
100978  30.670  11.517  -13.280 0.1428571492
101881  31.401  12.024  -12.256 0.2857142985
101874  30.862  11.962  -10.981 0.5714285970
102696  31.503  13.844  -11.300 0.5714285970
103464  31.193  14.975  -10.216 0.7142857313
105094  31.844  16.682  -10.975 0.4285714328
104279  32.701  15.494  -11.645 0.2857142985
105093  32.650  16.436  -11.697 0.2857142985
106013  32.522  17.446  -12.301 0.1428571492
106917  32.253  18.284  -11.788 0.1428571492
107773  31.972  19.385  -12.024 0.1428571492
108626  30.784  20.663  -11.113 0.2857142985
109422  31.472  21.433  -12.458 0.1428571492
109423  31.079  21.681  -11.903 0.1428571492
110125  30.762  22.267  -12.119 0.1428571492
108650  32.041  20.589  -13.671 0.1428571492
110811  30.787  23.155  -14.066 0.1428571492
110801  30.215  23.177  -12.829 0.1428571492
110825  30.601  23.898  -15.046 0.1428571492
101873  31.469  12.882  -11.611 0.4285714328
102705  31.928  13.560  -12.060 0.4285714328
103486  32.674  14.841  -12.024 0.4285714328
103479  31.716  14.812  -10.951 0.5714285970
104280  32.197  15.736  -11.028 0.5714285970
73403  20.876  -16.020  -10.124 0.1428571492
73389  19.413  -16.267  -9.848 0.1428571492
76679  22.080  -13.524  -10.677 0.5714285970
75588  23.631  -14.361  -10.210 0.1428571492
77665  23.586  -12.710  -10.712 0.1428571492
77688  24.163  -11.977  -11.044 0.1428571492
79583  26.412  -9.788  -11.650 0.2857142985
88685  27.330  -1.425  -15.645 0.7142857313
91577  28.314  1.535  -14.453 0.8571428657
97871  28.458  8.033  -14.524 0.5714285970
97832  27.415  8.248  -11.287 0.8571428657
101875  30.275  11.916  -10.219 0.8571428657
101863  29.817  11.905  -9.816 0.8571428657
106901  31.191  18.651  -10.446 0.5714285970
105988  30.726  17.613  -10.270 0.5714285970
107792  32.323  19.746  -14.193 0.1428571492
107775  31.038  20.293  -11.239 0.4285714328
108642  31.700  20.806  -12.160 0.1428571492
109440  32.066  21.707  -14.639 0.1428571492
108659  32.246  20.805  -14.581 0.1428571492
108625  31.340  20.830  -11.609 0.1428571492
110150  31.242  22.536  -13.669 0.1428571492
78643  27.560  -11.235  -10.825 0.1428571492
81533  25.780  -8.249  -12.470 0.5714285970
109408  30.707  21.514  -11.352 0.1428571492
81534  25.071  -8.376  -13.234 0.5714285970
81535  24.152  -8.821  -13.272 0.5714285970
80588  23.062  -9.434  -13.117 0.2857142985
82568  25.374  -7.318  -13.774 0.5714285970
81569  24.118  -7.890  -14.354 0.5714285970
79609  22.748  -9.979  -13.078 0.4285714328
81553  24.954  -7.956  -13.814 0.5714285970
81556  22.106  -8.353  -13.226 0.2857142985
82570  23.068  -7.438  -14.101 0.4285714328
83603  26.417  -6.313  -13.273 0.4285714328
83620  25.226  -6.312  -14.243 0.5714285970
83622  23.847  -6.492  -14.496 0.5714285970
84568  26.186  -5.420  -13.684 0.5714285970
84585  25.547  -5.434  -14.183 0.5714285970
83621  24.627  -6.362  -14.509 0.4285714328
85563  25.969  -4.597  -14.286 0.7142857313
85579  25.413  -4.569  -14.629 0.4285714328
86607  25.967  -4.091  -15.011 0.4285714328
82589  23.689  -7.590  -14.348 0.4285714328
82571  22.488  -7.474  -13.640 0.2857142985
82572  21.794  -7.412  -13.186 0.2857142985
84587  24.189  -5.507  -14.704 0.4285714328
87619  26.496  -2.809  -15.435 0.7142857313
87635  25.773  -2.719  -15.600 0.4285714328
88702  26.504  -1.540  -16.300 0.7142857313
88703  25.676  -1.621  -15.532 0.5714285970
88712  26.159  -1.106  -16.392 0.7142857313
89697  24.838  -0.563  -15.220 0.2857142985
87603  26.537  -3.155  -15.048 0.5714285970
87634  26.301  -2.319  -15.709 0.7142857313
89704  27.177  -0.557  -16.839 0.7142857313
90657  26.066  0.212  -15.503 0.7142857313
90648  26.325  0.846  -15.167 0.7142857313
90649  25.572  0.785  -14.941 0.7142857313
90658  24.996  0.354  -15.245 0.4285714328
91591  25.809  1.370  -14.598 0.4285714328
88701  27.096  -1.368  -16.650 0.5714285970
90656  26.945  0.455  -15.955 0.5714285970
90647  26.810  1.057  -15.311 0.7142857313
91590  26.452  1.535  -15.139 0.7142857313
93412  26.758  2.957  -14.839 0.7142857313
92527  25.399  2.006  -14.011 0.7142857313
93413  25.935  2.643  -13.839 0.5714285970
93402  25.303  3.201  -13.110 0.5714285970
92536  28.339  2.600  -16.088 0.7142857313
91601  27.411  1.668  -15.563 0.5714285970
92538  27.306  2.548  -16.269 0.7142857313
91602  27.037  1.637  -15.509 0.7142857313
94333  26.951  3.595  -16.022 0.8571428657
94321  27.199  4.046  -14.587 0.7142857313
94322  26.464  3.410  -13.525 0.7142857313
94308  27.045  4.275  -12.983 0.7142857313
94309  25.685  4.085  -12.671 0.5714285970
92537  27.813  2.339  -16.462 0.5714285970
92525  26.785  2.275  -15.445 0.7142857313
94307  27.310  4.915  -14.034 0.8571428657
95176  26.050  5.168  -12.270 0.7142857313
96032  25.491  6.359  -12.233 0.2857142985
94332  27.774  4.388  -15.749 0.7142857313
96934  26.023  7.109  -11.400 0.7142857313
95175  27.195  5.404  -12.945 0.8571428657
95164  26.404  5.856  -12.443 0.8571428657
96916  26.791  7.681  -11.391 0.8571428657
95163  26.811  5.893  -12.569 0.8571428657
96917  26.219  7.840  -11.274 0.8571428657
97851  25.625  8.257  -11.381 0.7142857313
96050  27.162  6.003  -12.683 0.8571428657
96933  27.123  6.966  -11.748 0.8571428657
97833  26.576  8.410  -11.261 0.8571428657
98813  26.203  9.306  -11.131 0.7142857313
101865  27.420  12.950  -10.320 0.7142857313
103454  27.811  15.254  -9.558 0.7142857313
102687  26.514  13.992  -9.735 0.7142857313
104266  27.310  15.633  -9.965 0.7142857313
105082  27.548  16.327  -10.364 0.7142857313
104267  26.615  15.727  -10.346 0.5714285970
104265  28.902  15.393  -9.626 0.7142857313
105069  28.198  15.942  -9.749 0.7142857313
105083  26.116  16.771  -10.690 0.5714285970
105990  28.237  17.472  -10.445 0.4285714328
105081  28.894  16.330  -9.770 0.5714285970
105991  26.768  17.637  -10.731 0.5714285970
105084  25.029  17.120  -10.647 0.5714285970
105070  24.890  16.660  -10.730 0.4285714328
105992  25.429  17.717  -11.813 0.5714285970
106904  27.420  18.704  -10.508 0.5714285970
105993  24.264  17.582  -11.528 0.4285714328
104251  23.799  16.270  -10.706 0.4285714328
106004  24.668  17.998  -12.116 0.5714285970
106907  24.773  18.997  -10.982 0.4285714328
87586  27.645  -2.337  -13.347 0.2857142985
91589  27.585  1.110  -15.268 0.5714285970
106919  25.013  18.613  -11.431 0.2857142985
106906  24.325  18.152  -11.526 0.4285714328
106888  24.444  18.299  -10.621 0.2857142985
80570  23.978  -9.452  -13.005 0.5714285970
79587  23.647  -10.170  -13.022 0.5714285970
82553  25.609  -7.792  -13.041 0.4285714328
81536  23.663  -8.972  -13.100 0.5714285970
82567  26.057  -6.859  -13.516 0.5714285970
80589  22.614  -9.199  -12.877 0.2857142985
83605  23.304  -6.877  -14.322 0.4285714328
84586  24.936  -5.474  -14.544 0.5714285970
83607  22.043  -6.458  -13.381 0.2857142985
83623  23.259  -6.204  -14.333 0.2857142985
86626  25.598  -3.588  -15.296 0.5714285970
88655  28.346  -1.412  -12.983 0.2857142985
88687  24.364  -1.803  -14.639 0.2857142985
89696  25.808  -0.524  -15.847 0.7142857313
99879  27.373  10.907  -10.199 0.7142857313
99880  26.500  11.047  -10.449 0.7142857313
103455  27.511  15.387  -9.697 0.7142857313
104268  25.384  15.978  -10.742 0.5714285970
105085  24.447  17.301  -10.730 0.2857142985
105080  30.210  16.562  -9.623 0.5714285970
105989  29.726  17.467  -10.010 0.5714285970
105977  30.256  17.088  -9.757 0.5714285970
106905  26.263  18.651  -11.366 0.5714285970
85581  23.739  -4.617  -14.579 0.4285714328
90646  27.803  0.632  -15.126 0.7142857313
87618  26.858  -2.060  -15.807 0.5714285970
92544  28.158  2.625  -17.021 0.7142857313
93438  26.891  3.064  -17.208 0.7142857313
103467  28.403  14.696  -9.601 0.8571428657
85562  26.612  -4.525  -13.714 0.5714285970
86606  26.365  -3.664  -14.503 0.5714285970
99890  26.847  10.057  -10.449 0.7142857313
89694  27.482  -0.577  -16.285 0.5714285970
81554  24.385  -8.206  -13.993 0.5714285970
80569  24.617  -9.242  -12.739 0.4285714328
81555  23.277  -8.534  -13.662 0.5714285970
81570  23.862  -8.132  -14.219 0.4285714328
82588  24.508  -7.356  -14.333 0.5714285970
82587  25.024  -6.903  -14.394 0.5714285970
78688  23.145  -10.482  -13.125 0.5714285970
83604  25.761  -6.263  -13.736 0.5714285970
84588  23.423  -5.430  -14.582 0.4285714328
86625  26.204  -3.468  -15.316 0.5714285970
86640  25.940  -3.024  -15.844 0.7142857313
88686  25.118  -1.855  -14.881 0.4285714328
87620  25.093  -2.603  -14.958 0.4285714328
87633  26.745  -1.813  -16.177 0.7142857313
88711  26.661  -1.028  -16.839 0.7142857313
88704  24.935  -1.358  -14.932 0.2857142985
89695  26.439  -0.194  -16.227 0.7142857313
90665  27.330  -0.012  -16.517 0.7142857313
90655  27.391  0.403  -15.730 0.5714285970
92526  26.206  2.111  -14.621 0.7142857313
93422  26.951  2.908  -15.949 0.5714285970
94310  24.380  4.038  -12.888 0.2857142985
96051  25.098  5.723  -12.341 0.5714285970
96052  24.302  6.279  -12.677 0.2857142985
96031  26.615  6.287  -12.136 0.8571428657
102686  27.921  13.789  -9.772 0.7142857313
106918  25.527  18.617  -11.781 0.5714285970
106887  24.018  17.894  -11.322 0.4285714328
84569  22.934  -5.676  -14.300 0.1428571492
76681  20.313  -13.838  -11.370 0.4285714328
82536  27.866  -8.012  -11.505 0.1428571492
82551  27.394  -7.389  -11.838 0.1428571492
85560  27.879  -4.354  -12.688 0.1428571492
82550  28.017  -6.912  -11.629 0.1428571492
82535  28.423  -7.584  -11.388 0.1428571492
85545  28.578  -4.358  -12.380 0.1428571492
84547  28.154  -5.693  -12.282 0.1428571492
83585  28.587  -6.364  -11.511 0.1428571492
86586  28.055  -3.424  -12.706 0.1428571492
90627  28.680  0.468  -13.139 0.1428571492
111457  29.894  25.442  -14.792 0.1428571492
112115  29.184  25.874  -14.204 0.1428571492
100950  25.759  11.843  -10.725 0.4285714328
100949  26.876  11.977  -10.469 0.5714285970
101866  26.042  13.081  -10.457 0.4285714328
110110  27.599  22.632  -11.463 0.2857142985
108615  27.631  20.827  -11.277 0.2857142985
108614  28.781  20.701  -10.735 0.2857142985
102699  23.704  13.340  -11.638 0.1428571492
103468  27.192  14.945  -9.661 0.5714285970
108616  26.570  20.591  -11.706 0.2857142985
106903  28.883  18.607  -10.555 0.4285714328
102689  25.107  13.851  -10.714 0.4285714328
103470  25.234  14.840  -10.732 0.5714285970
104281  24.285  14.812  -10.699 0.4285714328
104269  24.565  15.495  -10.980 0.2857142985
107761  25.294  20.124  -11.328 0.1428571492
107760  25.963  19.693  -11.649 0.1428571492
104270  23.643  15.287  -10.538 0.1428571492
104250  24.580  16.328  -10.954 0.4285714328
106920  24.599  19.549  -11.100 0.1428571492
108618  24.542  20.710  -11.322 0.1428571492
108617  25.758  20.806  -11.343 0.1428571492
107747  24.587  19.612  -10.577 0.2857142985
106859  24.579  18.137  -7.811 0.1428571492
108631  23.890  20.502  -11.168 0.1428571492
109413  23.960  21.104  -11.499 0.1428571492
108619  23.939  20.476  -10.835 0.1428571492
108607  24.477  20.430  -10.249 0.1428571492
109404  24.061  21.008  -10.485 0.1428571492
108606  25.001  20.451  -9.446 0.1428571492
76696  20.666  -12.862  -11.552 0.4285714328
78650  20.853  -11.395  -11.696 0.2857142985
81516  27.434  -8.467  -11.549 0.1428571492
105066  30.609  17.092  -10.229 0.4285714328
107757  29.448  19.744  -10.537 0.2857142985
108629  26.408  21.067  -11.829 0.2857142985
109401  28.444  21.183  -11.147 0.2857142985
109402  25.821  21.776  -10.865 0.2857142985
77692  20.415  -12.285  -11.461 0.2857142985
77686  26.224  -11.979  -10.665 0.1428571492
76694  26.097  -12.719  -10.518 0.1428571492
99891  25.800  10.853  -11.111 0.4285714328
103480  24.112  14.249  -11.171 0.2857142985
109411  27.085  21.938  -11.682 0.2857142985
109410  28.088  21.743  -11.343 0.2857142985
109400  29.150  21.541  -11.097 0.2857142985
110109  28.543  22.396  -11.447 0.2857142985
110771  28.305  23.191  -11.632 0.1428571492
110789  28.000  24.047  -12.152 0.1428571492
109403  24.623  21.168  -10.862 0.2857142985
109412  26.419  21.548  -11.583 0.2857142985
110788  29.194  23.549  -12.173 0.1428571492
110802  29.682  24.031  -12.891 0.1428571492
110107  30.058  22.312  -11.164 0.1428571492
110787  29.904  22.907  -11.778 0.1428571492
109399  29.957  21.789  -10.907 0.2857142985
110108  29.299  22.216  -11.312 0.1428571492
76680  20.994  -13.430  -11.167 0.4285714328
108613  29.952  20.832  -10.857 0.2857142985
102688  25.456  14.110  -9.905 0.5714285970
107776  25.390  19.334  -11.355 0.2857142985
103469  25.836  15.016  -9.783 0.5714285970
107759  26.751  19.849  -10.767 0.2857142985
84565  28.291  -4.998  -12.525 0.1428571492
100951  24.768  11.981  -10.629 0.2857142985
108627  27.414  21.453  -11.609 0.2857142985
107758  28.115  19.792  -10.503 0.2857142985
102690  24.526  13.586  -11.218 0.2857142985
103471  24.724  14.506  -11.120 0.4285714328
86585  28.877  -3.490  -12.082 0.1428571492
109409  28.783  21.963  -11.287 0.2857142985
110770  29.145  22.752  -11.703 0.2857142985
111428  28.951  24.699  -12.424 0.1428571492
110100  25.876  22.768  -10.439 0.1428571492
110111  26.409  22.829  -11.331 0.1428571492
110760  26.049  23.807  -10.739 0.1428571492
109392  25.814  21.638  -9.721 0.1428571492
110094  26.415  22.695  -9.912 0.1428571492
110749  27.314  23.192  -9.228 0.1428571492
110753  25.997  23.613  -9.939 0.1428571492
95177  24.736  5.048  -12.505 0.2857142985
109391  26.482  22.174  -9.363 0.1428571492
110759  26.730  23.739  -9.419 0.1428571492
111410  26.424  24.703  -11.315 0.1428571492
110772  27.249  23.596  -11.620 0.1428571492
110773  26.452  24.248  -11.543 0.1428571492
110093  26.943  22.609  -9.295 0.1428571492
78670  23.318  -10.787  -12.661 0.4285714328
78646  24.802  -11.289  -11.402 0.2857142985
79586  24.279  -10.001  -12.617 0.2857142985
79563  24.515  -10.584  -12.055 0.1428571492
79585  25.012  -9.929  -12.313 0.2857142985
77689  23.121  -11.891  -11.243 0.2857142985
80568  25.404  -9.117  -12.451 0.2857142985
79562  25.350  -10.604  -11.761 0.1428571492
79564  23.894  -10.535  -12.433 0.2857142985
101867  24.895  12.772  -10.438 0.2857142985
78647  23.742  -11.101  -11.750 0.2857142985
77690  22.192  -12.082  -11.615 0.2857142985
78648  22.798  -11.410  -12.207 0.2857142985
78649  21.748  -11.259  -12.290 0.2857142985
78671  22.598  -10.661  -12.847 0.2857142985
85580  24.739  -4.572  -14.603 0.2857142985
86627  24.608  -3.674  -14.478 0.2857142985
87621  24.105  -2.757  -14.385 0.2857142985
90659  24.321  0.186  -14.816 0.1428571492
91603  24.494  0.597  -14.668 0.1428571492
91592  24.757  1.139  -14.136 0.2857142985
93414  25.097  2.608  -13.516 0.1428571492
96951  24.449  7.225  -12.631 0.1428571492
96935  25.000  7.449  -12.037 0.1428571492
96936  24.279  7.879  -12.455 0.1428571492
97852  24.543  8.482  -11.783 0.1428571492
98831  24.149  9.515  -11.784 0.1428571492
100961  24.116  11.599  -11.072 0.1428571492
101876  23.592  12.264  -11.357 0.1428571492
105994  24.254  17.349  -10.739 0.1428571492
105072  23.567  16.445  -9.801 0.1428571492
105979  24.518  17.179  -9.856 0.1428571492
105978  24.086  17.632  -10.983 0.1428571492
101868  24.243  12.590  -11.087 0.1428571492
76697  20.079  -13.243  -11.509 0.2857142985
86628  23.826  -3.669  -14.163 0.2857142985
91593  23.661  1.301  -13.890 0.1428571492
93403  24.280  3.150  -13.459 0.1428571492
96053  23.293  6.377  -13.566 0.1428571492
96952  23.662  7.471  -13.002 0.1428571492
99901  24.812  10.465  -11.737 0.1428571492
105071  24.404  16.850  -10.406 0.1428571492
91578  23.987  1.798  -13.538 0.1428571492
104252  22.702  16.171  -10.419 0.1428571492
85582  23.301  -4.903  -14.657 0.1428571492
98830  25.137  9.413  -11.402 0.1428571492
100960  25.054  11.356  -11.468 0.1428571492
76698  19.492  -13.034  -11.162 0.1428571492
77693  19.728  -12.394  -11.235 0.1428571492
77668  19.191  -12.442  -10.882 0.1428571492
78651  19.830  -11.343  -11.230 0.1428571492
78672  21.985  -10.558  -12.610 0.1428571492
91565  28.462  1.424  -13.562 0.1428571492
91564  28.795  1.360  -12.683 0.1428571492
101880  31.519  12.948  -12.572 0.1428571492
75603  19.850  -14.042  -11.412 0.1428571492
79565  21.177  -10.771  -11.966 0.1428571492
79588  22.216  -9.960  -12.691 0.1428571492
81537  21.656  -8.444  -12.828 0.1428571492
101888  31.197  12.434  -13.161 0.1428571492
102712  31.920  13.571  -12.960 0.1428571492
81557  21.613  -7.974  -12.867 0.1428571492
92502  28.686  2.120  -13.266 0.1428571492
83606  22.793  -6.537  -14.003 0.1428571492
77691  21.234  -12.371  -11.705 0.1428571492
75604  19.500  -13.656  -11.232 0.1428571492
78624  19.379  -11.911  -11.045 0.1428571492
78689  22.907  -10.334  -13.158 0.4285714328
79608  23.157  -10.022  -13.244 0.4285714328
80571  23.446  -9.410  -13.140 0.5714285970
82569  24.841  -7.749  -14.046 0.5714285970
83586  27.799  -6.438  -12.067 0.1428571492
85564  23.469  -4.193  -14.207 0.4285714328
85565  22.948  -4.665  -14.356 0.1428571492
86608  23.302  -3.664  -13.862 0.2857142985
86639  26.132  -3.131  -15.727 0.7142857313
88710  26.977  -0.880  -17.082 0.7142857313
89705  26.831  -0.410  -16.778 0.7142857313
89706  26.405  -0.679  -16.515 0.7142857313
90666  27.100  -0.091  -16.726 0.7142857313
92545  27.535  2.496  -17.108 0.5714285970
92546  27.024  2.761  -17.136 0.7142857313
92551  27.595  2.840  -17.274 0.7142857313
92552  27.255  2.850  -17.301 0.7142857313
92553  27.021  2.957  -17.322 0.7142857313
93421  28.311  3.365  -16.681 0.8571428657
93428  27.608  3.302  -17.150 0.7142857313
93429  27.022  3.338  -17.064 0.7142857313
93430  26.849  3.114  -16.765 0.7142857313
93436  27.393  3.058  -17.271 0.7142857313
93437  27.170  3.147  -17.257 0.7142857313
94339  27.296  3.709  -16.650 0.8571428657
94340  26.981  3.445  -16.721 0.7142857313
96033  24.773  6.840  -12.382 0.1428571492
96915  27.505  7.568  -11.573 0.8571428657
97887  28.901  9.119  -15.039 0.2857142985
97895  29.093  8.482  -16.236 0.1428571492
97896  28.809  8.408  -16.122 0.1428571492
98809  29.771  9.573  -12.398 0.5714285970
98869  28.962  8.884  -15.910 0.1428571492
103478  32.438  14.990  -11.385 0.5714285970
103487  32.130  14.350  -11.687 0.4285714328
104248  28.268  15.472  -9.575 0.7142857313
104249  27.759  15.693  -9.750 0.8571428657
104262  31.447  15.661  -10.523 0.7142857313
105067  30.443  16.909  -10.055 0.4285714328
105068  28.570  15.780  -9.654 0.8571428657
105079  30.997  16.651  -10.430 0.5714285970
105976  30.354  17.242  -10.039 0.5714285970
105986  32.037  17.881  -10.808 0.2857142985
106001  31.734  17.353  -10.799 0.2857142985
106002  31.285  17.287  -10.540 0.5714285970
106003  25.106  18.176  -12.099 0.5714285970
106900  31.989  18.493  -10.671 0.1428571492
107754  32.204  18.781  -11.215 0.1428571492
107762  24.136  19.886  -11.018 0.2857142985
107777  24.694  19.929  -11.221 0.1428571492
107778  24.181  20.187  -11.133 0.1428571492
108624  31.805  20.343  -11.918 0.1428571492
108628  26.903  21.247  -11.935 0.2857142985
108630  23.989  20.678  -11.400 0.1428571492
108651  31.628  20.948  -13.929 0.1428571492
108660  31.754  20.849  -14.155 0.1428571492
109394  24.425  20.891  -10.005 0.1428571492
109407  31.213  21.395  -11.784 0.1428571492
109414  23.771  20.964  -11.169 0.1428571492
109421  32.015  21.161  -12.938 0.1428571492
109429  31.668  21.319  -13.524 0.1428571492
110098  29.946  22.097  -10.914 0.2857142985
110099  29.734  22.012  -11.029 0.2857142985
110148  32.036  22.159  -14.756 0.1428571492
110165  32.204  22.029  -14.930 0.1428571492
110752  26.770  23.457  -9.540 0.1428571492
110769  29.617  22.582  -11.454 0.1428571492
111401  26.530  24.117  -9.410 0.1428571492
111408  26.921  23.805  -9.259 0.1428571492
111409  26.730  23.959  -9.327 0.1428571492
