#!ascii label  , from subject 3074 vox2ras=TkReg
719
18032  -49.848  -76.130  -8.182 0.0000000000
24432  -46.271  -71.411  -14.371 0.0000000000
24241  -55.041  -70.649  -4.872 0.0000000000
21772  -52.805  -72.007  -13.573 0.0000000000
22858  -48.773  -71.327  -5.748 0.0000000000
20427  -48.482  -74.217  -5.171 0.0000000000
24128  -53.369  -70.177  1.095 0.0000000000
28034  -48.576  -67.190  3.505 0.0000000000
26921  -51.541  -68.718  -2.127 0.0000000000
24259  -52.185  -70.195  -5.644 0.0000000000
28207  -49.308  -67.338  -3.243 0.0000000000
21595  -50.643  -73.299  -1.442 0.0000000000
22784  -47.730  -71.579  -0.601 0.0000000000
31831  -50.911  -64.448  4.447 0.0000000000
29259  -52.842  -66.002  4.483 0.0000000000
18070  -46.987  -75.522  -10.397 0.0000000000
23071  -49.484  -71.817  -14.785 0.0000000000
18170  -47.563  -75.312  -15.999 0.0000000000
18188  -45.163  -75.580  -16.891 0.0000000000
20444  -53.104  -73.409  -6.826 0.0000000000
19253  -51.798  -73.993  -10.750 0.0000000000
21704  -51.871  -71.814  -10.374 0.0000000000
21687  -48.195  -72.718  -9.810 0.0000000000
20383  -52.343  -74.015  -3.573 0.0000000000
24172  -55.047  -70.540  -0.745 0.0000000000
26820  -53.624  -68.042  1.050 0.0000000000
25578  -46.425  -69.319  -0.285 0.0000000000
25501  -50.194  -69.230  2.063 0.0000000000
28041  -55.683  -67.202  2.820 0.0000000000
30581  -50.404  -65.681  2.227 0.0000000000
19330  -47.929  -74.640  -13.629 0.0000000000
25724  -44.087  -68.606  -10.837 0.0000000000
23030  -42.685  -71.693  -13.589 0.0000000000
19323  -39.442  -74.876  -13.535 0.0000000000
28154  -49.683  -67.723  -0.527 0.0000000000
28185  -49.874  -67.762  -2.563 0.0000000000
16970  -47.889  -76.503  -10.095 0.0000000000
23069  -47.561  -71.694  -14.908 0.0000000000
20614  -47.184  -73.361  -16.564 0.0000000000
21813  -46.104  -72.920  -15.542 0.0000000000
19378  -43.668  -75.221  -15.464 0.0000000000
21789  -44.040  -72.872  -15.014 0.0000000000
21651  -54.347  -72.150  -6.075 0.0000000000
24280  -55.083  -70.706  -7.379 0.0000000000
24275  -50.845  -70.771  -5.746 0.0000000000
22880  -52.286  -71.334  -7.245 0.0000000000
21667  -50.396  -72.519  -7.856 0.0000000000
21689  -50.429  -72.551  -9.664 0.0000000000
21666  -49.310  -72.582  -7.636 0.0000000000
19153  -51.153  -75.604  -4.409 0.0000000000
19133  -50.452  -74.988  -3.566 0.0000000000
22763  -51.890  -71.088  0.014 0.0000000000
22789  -53.048  -71.740  -0.660 0.0000000000
24148  -54.943  -70.530  0.185 0.0000000000
26883  -54.848  -68.906  0.025 0.0000000000
25537  -55.850  -69.025  1.482 0.0000000000
26815  -47.835  -68.159  1.727 0.0000000000
25529  -48.264  -68.983  1.183 0.0000000000
28071  -49.319  -67.978  2.857 0.0000000000
30559  -55.234  -65.322  3.539 0.0000000000
29283  -54.186  -66.559  3.947 0.0000000000
30585  -55.321  -65.527  2.911 0.0000000000
29316  -53.877  -66.308  2.537 0.0000000000
20522  -52.725  -72.870  -12.852 0.0000000000
19301  -50.451  -74.271  -12.803 0.0000000000
20546  -50.574  -73.762  -13.949 0.0000000000
18144  -46.252  -76.548  -14.683 0.0000000000
28307  -43.156  -67.530  -11.119 0.0000000000
25760  -44.139  -69.498  -12.558 0.0000000000
21738  -39.388  -72.352  -12.307 0.0000000000
25634  -53.950  -69.634  -3.439 0.0000000000
25673  -53.693  -69.829  -4.937 0.0000000000
25657  -51.705  -69.076  -3.887 0.0000000000
25656  -50.400  -69.345  -4.471 0.0000000000
25655  -49.138  -69.133  -4.454 0.0000000000
19111  -49.450  -74.308  -3.261 0.0000000000
21568  -49.095  -72.486  -0.865 0.0000000000
24144  -50.718  -70.625  0.300 0.0000000000
29256  -49.307  -66.119  4.399 0.0000000000
28015  -51.068  -66.732  4.276 0.0000000000
30538  -51.269  -65.362  4.532 0.0000000000
31834  -54.424  -64.336  4.300 0.0000000000
31873  -54.905  -64.411  3.197 0.0000000000
23073  -51.652  -71.634  -14.713 0.0000000000
20595  -49.727  -73.224  -15.899 0.0000000000
21835  -48.865  -72.899  -16.591 0.0000000000
18190  -46.428  -75.269  -16.912 0.0000000000
14874  -44.381  -78.091  -16.331 0.0000000000
15924  -43.635  -77.477  -16.066 0.0000000000
15905  -42.737  -77.739  -14.823 0.0000000000
17004  -41.618  -76.725  -13.831 0.0000000000
19200  -51.745  -74.517  -7.356 0.0000000000
18054  -50.562  -75.137  -9.309 0.0000000000
20492  -53.756  -72.680  -10.514 0.0000000000
23006  -53.742  -71.509  -11.992 0.0000000000
24293  -54.283  -70.647  -8.054 0.0000000000
22933  -53.293  -71.194  -9.641 0.0000000000
23004  -52.445  -71.483  -12.750 0.0000000000
21720  -51.190  -71.959  -11.671 0.0000000000
21743  -49.659  -72.206  -12.796 0.0000000000
21717  -47.898  -71.927  -12.162 0.0000000000
19189  -51.605  -74.897  -6.291 0.0000000000
20408  -53.145  -73.358  -4.975 0.0000000000
22839  -54.399  -71.824  -4.003 0.0000000000
20341  -51.288  -73.879  -1.923 0.0000000000
22809  -53.896  -71.591  -2.027 0.0000000000
22827  -55.143  -70.736  -3.170 0.0000000000
25603  -53.561  -69.340  -1.509 0.0000000000
26880  -51.793  -68.604  -0.403 0.0000000000
28096  -50.446  -67.422  1.104 0.0000000000
24168  -47.464  -70.721  -0.368 0.0000000000
25556  -49.424  -69.738  0.716 0.0000000000
25533  -51.658  -69.618  1.653 0.0000000000
28037  -52.034  -67.279  3.910 0.0000000000
26763  -53.685  -67.944  3.270 0.0000000000
26792  -55.198  -68.413  2.516 0.0000000000
28101  -54.946  -67.317  1.856 0.0000000000
29346  -51.692  -67.019  1.721 0.0000000000
18092  -49.416  -75.248  -11.408 0.0000000000
19270  -47.618  -74.869  -11.801 0.0000000000
18147  -47.905  -75.173  -15.202 0.0000000000
19327  -45.375  -75.489  -13.527 0.0000000000
21664  -47.161  -72.626  -7.841 0.0000000000
21686  -47.022  -72.527  -9.731 0.0000000000
24360  -47.026  -70.944  -11.971 0.0000000000
24358  -45.664  -70.079  -12.149 0.0000000000
23032  -44.974  -71.394  -14.205 0.0000000000
21787  -42.764  -73.253  -14.377 0.0000000000
19325  -41.415  -75.007  -13.911 0.0000000000
28125  -49.279  -67.293  0.001 0.0000000000
28169  -48.872  -67.165  -1.168 0.0000000000
16951  -47.722  -77.376  -9.437 0.0000000000
16972  -48.732  -76.681  -9.344 0.0000000000
23068  -46.688  -71.830  -14.991 0.0000000000
21814  -46.887  -72.528  -15.892 0.0000000000
21792  -46.170  -72.291  -15.197 0.0000000000
21811  -44.745  -73.272  -15.298 0.0000000000
21790  -44.756  -72.644  -15.056 0.0000000000
22862  -55.009  -71.113  -5.722 0.0000000000
22882  -55.227  -71.108  -6.889 0.0000000000
24262  -54.946  -70.724  -6.233 0.0000000000
22859  -49.786  -71.097  -5.790 0.0000000000
22878  -50.611  -71.406  -6.358 0.0000000000
22895  -50.128  -72.110  -7.107 0.0000000000
22877  -49.342  -71.858  -6.555 0.0000000000
19187  -47.466  -74.917  -6.456 0.0000000000
19172  -49.090  -74.904  -5.166 0.0000000000
19151  -49.711  -75.314  -4.604 0.0000000000
19150  -49.210  -74.603  -4.421 0.0000000000
24146  -52.642  -70.632  0.500 0.0000000000
22764  -52.893  -71.147  -0.100 0.0000000000
24147  -53.772  -70.727  0.498 0.0000000000
24130  -55.366  -69.997  1.150 0.0000000000
25536  -55.199  -69.482  1.640 0.0000000000
28033  -47.987  -66.882  3.443 0.0000000000
29312  -47.169  -66.745  2.813 0.0000000000
28069  -47.716  -67.267  2.622 0.0000000000
26814  -47.137  -67.841  1.521 0.0000000000
26786  -48.274  -67.804  2.390 0.0000000000
26787  -48.818  -68.204  2.455 0.0000000000
28070  -48.722  -67.659  2.872 0.0000000000
31872  -54.314  -64.528  2.827 0.0000000000
30584  -54.170  -65.472  2.775 0.0000000000
31871  -53.138  -64.670  2.667 0.0000000000
20548  -52.158  -72.746  -13.617 0.0000000000
20520  -50.985  -73.670  -13.421 0.0000000000
20547  -51.456  -73.212  -14.124 0.0000000000
24381  -41.590  -70.388  -12.119 0.0000000000
22996  -40.505  -71.397  -12.162 0.0000000000
25618  -52.530  -69.233  -2.149 0.0000000000
25633  -52.835  -69.426  -3.149 0.0000000000
25632  -51.960  -69.006  -2.801 0.0000000000
28208  -49.885  -67.809  -3.099 0.0000000000
26965  -50.439  -68.608  -3.680 0.0000000000
26964  -49.498  -68.226  -3.890 0.0000000000
28218  -48.927  -67.654  -3.834 0.0000000000
22786  -49.668  -71.779  -0.419 0.0000000000
24170  -49.216  -71.036  -0.148 0.0000000000
30536  -49.116  -65.383  4.425 0.0000000000
30537  -50.121  -65.396  4.582 0.0000000000
31853  -55.085  -64.178  3.769 0.0000000000
19250  -45.634  -74.805  -10.473 0.0000000000
23072  -50.593  -71.751  -14.695 0.0000000000
21817  -49.662  -72.619  -15.990 0.0000000000
23098  -49.156  -71.999  -15.563 0.0000000000
19404  -46.375  -74.399  -16.644 0.0000000000
18189  -45.802  -75.336  -17.049 0.0000000000
17064  -44.946  -76.265  -17.311 0.0000000000
15938  -44.092  -77.384  -16.559 0.0000000000
17046  -43.346  -76.664  -15.526 0.0000000000
17025  -42.723  -76.687  -14.793 0.0000000000
17005  -42.301  -77.030  -14.317 0.0000000000
17024  -42.087  -76.391  -14.257 0.0000000000
19201  -52.626  -73.819  -7.850 0.0000000000
19216  -51.859  -74.283  -8.602 0.0000000000
21723  -54.172  -72.126  -11.386 0.0000000000
24362  -54.554  -71.137  -10.605 0.0000000000
24260  -53.278  -70.136  -5.757 0.0000000000
24278  -53.848  -70.351  -6.785 0.0000000000
24277  -52.670  -70.739  -6.713 0.0000000000
22917  -53.127  -71.333  -8.756 0.0000000000
22950  -52.614  -71.436  -10.160 0.0000000000
22951  -53.387  -71.121  -10.588 0.0000000000
22974  -52.475  -71.457  -11.455 0.0000000000
22973  -51.955  -71.588  -12.219 0.0000000000
21688  -49.379  -72.775  -9.746 0.0000000000
21719  -49.901  -72.439  -11.794 0.0000000000
21701  -48.975  -72.656  -10.853 0.0000000000
21742  -48.689  -72.096  -12.643 0.0000000000
21718  -48.766  -72.268  -11.868 0.0000000000
19154  -51.725  -74.766  -4.261 0.0000000000
20407  -52.461  -73.976  -4.701 0.0000000000
20384  -52.817  -73.448  -4.208 0.0000000000
21636  -53.485  -72.749  -4.174 0.0000000000
20339  -49.968  -73.730  -1.890 0.0000000000
20362  -50.304  -74.116  -2.267 0.0000000000
20340  -50.586  -73.867  -1.950 0.0000000000
22790  -53.887  -71.419  -1.125 0.0000000000
21573  -53.499  -71.911  -1.602 0.0000000000
22810  -54.529  -71.062  -1.748 0.0000000000
22826  -54.761  -71.193  -2.762 0.0000000000
24208  -54.808  -70.735  -2.103 0.0000000000
25605  -55.111  -69.840  -1.931 0.0000000000
26850  -54.288  -68.466  0.559 0.0000000000
26882  -53.812  -68.855  -0.118 0.0000000000
26849  -53.198  -68.420  0.422 0.0000000000
26847  -51.380  -68.435  0.042 0.0000000000
26818  -52.073  -68.088  0.958 0.0000000000
24167  -46.603  -70.455  -0.534 0.0000000000
26817  -49.556  -69.138  1.996 0.0000000000
25555  -48.609  -69.529  0.581 0.0000000000
25531  -49.855  -69.464  1.435 0.0000000000
25532  -50.678  -69.574  1.562 0.0000000000
25502  -51.015  -69.212  2.290 0.0000000000
29281  -52.216  -66.620  4.277 0.0000000000
28036  -50.740  -67.321  3.988 0.0000000000
28040  -55.422  -67.187  3.271 0.0000000000
28039  -54.522  -67.245  3.596 0.0000000000
26764  -54.802  -67.855  3.055 0.0000000000
26791  -54.142  -68.480  2.657 0.0000000000
26765  -55.484  -67.829  3.052 0.0000000000
26794  -55.904  -68.213  2.108 0.0000000000
29349  -55.353  -66.976  2.334 0.0000000000
30582  -51.619  -65.655  2.498 0.0000000000
29315  -52.574  -66.559  2.224 0.0000000000
29314  -51.234  -66.373  2.138 0.0000000000
29345  -50.692  -66.854  1.676 0.0000000000
19252  -50.901  -74.641  -10.528 0.0000000000
18074  -50.127  -75.390  -10.231 0.0000000000
19273  -50.333  -74.743  -11.487 0.0000000000
19331  -48.903  -74.590  -13.675 0.0000000000
19299  -48.377  -74.845  -12.489 0.0000000000
19298  -47.306  -74.688  -12.632 0.0000000000
19268  -45.401  -74.651  -11.672 0.0000000000
19297  -46.265  -74.636  -12.692 0.0000000000
19407  -48.793  -73.858  -16.350 0.0000000000
19384  -49.336  -73.792  -15.586 0.0000000000
18171  -48.171  -74.873  -15.645 0.0000000000
17006  -45.047  -77.760  -13.653 0.0000000000
18123  -45.704  -76.337  -14.103 0.0000000000
22875  -47.237  -71.826  -6.486 0.0000000000
22874  -46.264  -71.825  -6.597 0.0000000000
21699  -46.461  -71.989  -10.424 0.0000000000
22948  -46.795  -71.302  -11.097 0.0000000000
24336  -46.297  -70.780  -11.048 0.0000000000
24383  -43.592  -70.029  -12.889 0.0000000000
25761  -44.916  -69.656  -12.442 0.0000000000
24384  -44.315  -70.116  -13.042 0.0000000000
24407  -44.550  -70.836  -13.647 0.0000000000
23031  -43.891  -71.812  -14.325 0.0000000000
21768  -43.543  -72.557  -14.585 0.0000000000
21767  -43.025  -72.537  -14.218 0.0000000000
20543  -39.933  -74.113  -13.451 0.0000000000
20544  -40.770  -73.909  -13.700 0.0000000000
19324  -40.393  -74.915  -13.651 0.0000000000
26903  -50.464  -68.301  -1.455 0.0000000000
26920  -50.551  -68.308  -2.383 0.0000000000
28171  -50.076  -67.985  -2.010 0.0000000000
29410  -49.109  -67.120  -2.044 0.0000000000
29427  -48.938  -66.890  -2.498 0.0000000000
33111  -51.675  -63.453  4.249 0.0000000000
33135  -52.257  -62.990  4.066 0.0000000000
16969  -47.515  -76.164  -10.181 0.0000000000
23070  -48.464  -71.721  -14.865 0.0000000000
21816  -48.652  -72.411  -16.170 0.0000000000
23096  -47.415  -72.058  -15.516 0.0000000000
20593  -46.567  -73.238  -16.088 0.0000000000
19381  -45.664  -74.382  -16.215 0.0000000000
18168  -44.636  -75.478  -16.358 0.0000000000
19380  -45.024  -74.783  -16.095 0.0000000000
19379  -44.223  -74.879  -15.583 0.0000000000
19352  -43.534  -74.553  -15.157 0.0000000000
21658  -54.111  -72.519  -6.658 0.0000000000
21659  -54.538  -72.055  -6.802 0.0000000000
22900  -54.955  -71.394  -7.704 0.0000000000
22920  -55.208  -70.830  -8.616 0.0000000000
24258  -51.246  -70.285  -5.425 0.0000000000
22879  -51.704  -71.404  -6.849 0.0000000000
22897  -51.869  -71.784  -7.751 0.0000000000
21680  -51.617  -72.114  -8.684 0.0000000000
21703  -51.105  -72.187  -10.511 0.0000000000
21679  -50.799  -72.485  -8.738 0.0000000000
21678  -49.846  -72.774  -8.704 0.0000000000
21677  -48.740  -72.884  -8.725 0.0000000000
19134  -51.037  -75.234  -3.474 0.0000000000
19135  -51.611  -74.561  -3.099 0.0000000000
21570  -51.289  -72.535  -0.826 0.0000000000
21571  -52.300  -72.431  -0.994 0.0000000000
22788  -52.048  -71.771  -0.469 0.0000000000
22765  -53.889  -71.125  -0.238 0.0000000000
22766  -54.507  -70.881  -0.576 0.0000000000
25583  -55.307  -69.530  -0.527 0.0000000000
24149  -55.568  -69.836  0.314 0.0000000000
26884  -55.487  -68.808  0.197 0.0000000000
26821  -54.699  -67.955  1.162 0.0000000000
26845  -46.538  -68.139  0.679 0.0000000000
25553  -47.135  -69.020  0.254 0.0000000000
25554  -47.825  -69.316  0.417 0.0000000000
26846  -47.504  -68.737  0.868 0.0000000000
26816  -48.854  -68.843  2.020 0.0000000000
26788  -50.003  -68.593  2.806 0.0000000000
29260  -53.925  -65.904  4.301 0.0000000000
29261  -54.817  -65.850  4.038 0.0000000000
30560  -55.639  -65.951  3.182 0.0000000000
29318  -55.598  -66.565  2.788 0.0000000000
29317  -55.000  -66.297  2.485 0.0000000000
30583  -52.881  -65.575  2.630 0.0000000000
20497  -52.241  -73.490  -11.837 0.0000000000
19302  -50.872  -74.162  -12.200 0.0000000000
20521  -51.544  -73.585  -12.843 0.0000000000
19332  -49.833  -74.332  -13.742 0.0000000000
18169  -47.070  -75.791  -15.664 0.0000000000
27063  -42.734  -68.678  -11.768 0.0000000000
27064  -43.342  -68.800  -12.027 0.0000000000
27050  -44.084  -68.562  -11.758 0.0000000000
25759  -43.366  -69.489  -12.466 0.0000000000
24382  -42.702  -70.445  -12.816 0.0000000000
22998  -42.513  -71.153  -13.153 0.0000000000
23029  -41.991  -72.047  -13.496 0.0000000000
21739  -40.814  -72.744  -13.134 0.0000000000
20542  -39.135  -74.082  -13.342 0.0000000000
25635  -54.788  -69.946  -3.725 0.0000000000
25674  -54.215  -69.939  -4.836 0.0000000000
25659  -54.110  -69.791  -4.302 0.0000000000
25672  -52.637  -69.782  -4.879 0.0000000000
26943  -51.154  -68.663  -2.975 0.0000000000
25671  -51.548  -69.742  -4.875 0.0000000000
25670  -50.896  -69.929  -4.983 0.0000000000
24239  -49.560  -69.892  -4.794 0.0000000000
24238  -48.670  -69.951  -4.785 0.0000000000
20382  -48.800  -73.959  -3.826 0.0000000000
20338  -49.015  -73.617  -1.855 0.0000000000
21593  -48.507  -73.021  -1.326 0.0000000000
21594  -49.560  -73.154  -1.365 0.0000000000
21569  -50.179  -72.526  -0.829 0.0000000000
22762  -51.272  -70.979  0.148 0.0000000000
24145  -51.648  -70.540  0.459 0.0000000000
29278  -48.342  -66.459  4.024 0.0000000000
29279  -49.331  -66.894  4.066 0.0000000000
29280  -49.996  -67.101  4.002 0.0000000000
29257  -50.417  -66.421  4.332 0.0000000000
29258  -51.672  -66.202  4.421 0.0000000000
31832  -52.086  -64.377  4.498 0.0000000000
30539  -52.469  -65.254  4.547 0.0000000000
30540  -53.649  -65.168  4.463 0.0000000000
30541  -54.716  -65.118  4.219 0.0000000000
21795  -52.204  -71.859  -14.483 0.0000000000
20571  -51.469  -72.630  -14.896 0.0000000000
21818  -50.913  -72.103  -15.537 0.0000000000
20617  -49.479  -73.019  -16.372 0.0000000000
19406  -48.280  -74.125  -16.644 0.0000000000
17067  -46.980  -75.402  -16.641 0.0000000000
14875  -45.094  -77.636  -16.604 0.0000000000
17047  -43.824  -76.645  -16.219 0.0000000000
15923  -43.240  -77.575  -15.495 0.0000000000
14845  -42.496  -78.805  -14.639 0.0000000000
14830  -41.793  -78.432  -13.934 0.0000000000
15890  -41.277  -77.668  -13.637 0.0000000000
18034  -51.137  -74.832  -7.877 0.0000000000
19215  -51.006  -74.813  -8.650 0.0000000000
19235  -51.427  -74.471  -9.628 0.0000000000
19236  -52.333  -73.706  -9.837 0.0000000000
20483  -53.066  -73.235  -9.798 0.0000000000
20491  -53.273  -73.084  -10.789 0.0000000000
20498  -53.259  -72.749  -11.767 0.0000000000
21722  -53.651  -72.202  -12.124 0.0000000000
21773  -53.284  -71.948  -12.900 0.0000000000
24279  -54.692  -70.437  -7.006 0.0000000000
24294  -54.941  -70.518  -7.999 0.0000000000
22898  -52.818  -71.309  -7.787 0.0000000000
22918  -53.783  -70.864  -8.978 0.0000000000
22952  -54.058  -70.842  -10.668 0.0000000000
23005  -53.158  -71.371  -12.410 0.0000000000
23040  -52.775  -71.538  -13.308 0.0000000000
23039  -52.084  -71.527  -13.677 0.0000000000
23038  -50.908  -71.795  -13.690 0.0000000000
21702  -50.154  -72.485  -10.713 0.0000000000
21744  -50.618  -72.048  -12.677 0.0000000000
23037  -49.670  -72.120  -13.759 0.0000000000
23036  -48.592  -71.887  -13.987 0.0000000000
23035  -47.703  -71.537  -14.085 0.0000000000
22999  -46.931  -71.246  -13.412 0.0000000000
18011  -51.066  -75.260  -7.031 0.0000000000
19190  -52.301  -74.146  -6.587 0.0000000000
19174  -51.403  -75.242  -5.273 0.0000000000
19175  -52.093  -74.524  -5.472 0.0000000000
20430  -53.332  -73.111  -5.878 0.0000000000
21647  -53.691  -72.756  -5.210 0.0000000000
22845  -54.526  -71.744  -5.302 0.0000000000
22846  -54.907  -71.249  -4.738 0.0000000000
19112  -50.004  -74.622  -3.124 0.0000000000
19114  -51.097  -74.530  -2.611 0.0000000000
20364  -52.030  -74.090  -2.460 0.0000000000
21597  -52.540  -72.853  -1.564 0.0000000000
20343  -52.692  -73.116  -1.901 0.0000000000
21618  -53.055  -72.687  -3.087 0.0000000000
22825  -53.780  -71.931  -2.911 0.0000000000
22840  -55.198  -71.075  -3.849 0.0000000000
24221  -55.136  -70.316  -3.648 0.0000000000
25620  -54.670  -69.688  -2.726 0.0000000000
25619  -53.726  -69.525  -2.448 0.0000000000
25602  -52.751  -69.106  -1.287 0.0000000000
25582  -54.306  -69.227  -0.761 0.0000000000
25580  -52.773  -68.948  -0.830 0.0000000000
26904  -51.496  -68.662  -1.167 0.0000000000
26879  -50.886  -68.414  -0.463 0.0000000000
28155  -50.276  -68.023  -0.135 0.0000000000
24141  -48.050  -70.110  0.089 0.0000000000
24169  -48.321  -70.927  -0.212 0.0000000000
24143  -49.756  -70.425  0.272 0.0000000000
24126  -51.191  -69.988  0.925 0.0000000000
25534  -52.816  -69.596  1.633 0.0000000000
26760  -50.354  -67.942  3.487 0.0000000000
26761  -51.150  -68.083  3.543 0.0000000000
26789  -51.568  -68.701  2.951 0.0000000000
28038  -53.316  -67.308  3.754 0.0000000000
26762  -52.403  -68.001  3.389 0.0000000000
25503  -52.190  -69.144  2.270 0.0000000000
25504  -53.469  -69.097  2.214 0.0000000000
25535  -54.064  -69.601  1.644 0.0000000000
25506  -55.715  -68.947  2.158 0.0000000000
26822  -55.598  -68.240  1.498 0.0000000000
28100  -53.885  -67.549  1.623 0.0000000000
28073  -53.847  -67.022  2.185 0.0000000000
28072  -53.131  -67.189  1.846 0.0000000000
28099  -52.957  -67.629  1.430 0.0000000000
28097  -51.209  -67.554  1.273 0.0000000000
29344  -49.741  -66.824  1.294 0.0000000000
18073  -49.286  -76.071  -10.044 0.0000000000
18072  -48.613  -75.939  -10.615 0.0000000000
18071  -47.926  -75.772  -10.698 0.0000000000
19272  -49.924  -74.783  -12.087 0.0000000000
18091  -48.581  -75.257  -11.548 0.0000000000
18089  -47.299  -75.002  -11.197 0.0000000000
19269  -46.638  -74.694  -11.418 0.0000000000
20570  -50.651  -73.206  -15.037 0.0000000000
19356  -49.324  -74.204  -14.780 0.0000000000
19354  -47.596  -74.933  -14.468 0.0000000000
18145  -46.569  -75.915  -14.750 0.0000000000
19353  -46.912  -75.133  -14.375 0.0000000000
19328  -46.129  -75.053  -13.763 0.0000000000
29408  -47.919  -66.140  -1.690 0.0000000000
26963  -48.503  -68.290  -4.143 0.0000000000
25654  -48.106  -69.217  -4.489 0.0000000000
24255  -48.233  -70.691  -5.236 0.0000000000
22876  -48.218  -71.845  -6.446 0.0000000000
21665  -48.163  -72.703  -7.811 0.0000000000
21676  -47.620  -72.771  -8.764 0.0000000000
21663  -46.277  -72.415  -7.808 0.0000000000
21675  -46.600  -72.535  -8.700 0.0000000000
21700  -47.602  -72.271  -10.995 0.0000000000
22972  -47.333  -71.334  -12.130 0.0000000000
24409  -46.280  -71.048  -13.831 0.0000000000
25745  -44.599  -69.085  -11.981 0.0000000000
25746  -45.185  -69.549  -11.611 0.0000000000
24335  -45.646  -70.246  -11.044 0.0000000000
24359  -46.521  -70.667  -11.754 0.0000000000
24408  -45.506  -70.898  -13.718 0.0000000000
23033  -45.493  -71.282  -14.163 0.0000000000
23065  -44.330  -72.286  -14.830 0.0000000000
21788  -43.361  -73.148  -14.660 0.0000000000
20566  -42.453  -73.929  -14.383 0.0000000000
20545  -41.663  -73.949  -14.013 0.0000000000
19350  -42.280  -74.860  -14.373 0.0000000000
18120  -40.909  -75.838  -13.770 0.0000000000
14860  -43.504  -78.145  -15.897 0.0000000000
14862  -45.121  -78.078  -15.891 0.0000000000
14873  -43.737  -78.221  -16.127 0.0000000000
15891  -42.142  -77.727  -14.067 0.0000000000
15939  -44.780  -77.096  -16.997 0.0000000000
16971  -48.406  -76.638  -9.707 0.0000000000
17007  -45.519  -77.323  -14.206 0.0000000000
17026  -46.055  -77.070  -14.743 0.0000000000
17027  -46.420  -76.755  -15.271 0.0000000000
17049  -46.972  -75.755  -16.314 0.0000000000
17066  -46.498  -75.956  -16.934 0.0000000000
17079  -45.970  -76.007  -17.375 0.0000000000
17080  -46.264  -75.737  -17.192 0.0000000000
17956  -50.614  -75.554  -4.097 0.0000000000
17957  -50.883  -75.697  -4.067 0.0000000000
18033  -50.376  -75.700  -7.926 0.0000000000
18053  -49.669  -75.857  -8.855 0.0000000000
18069  -46.226  -75.204  -10.250 0.0000000000
18090  -47.788  -75.232  -11.253 0.0000000000
18093  -49.783  -75.343  -10.816 0.0000000000
18101  -48.916  -74.990  -12.148 0.0000000000
18102  -49.125  -75.081  -11.937 0.0000000000
18121  -41.592  -75.924  -14.078 0.0000000000
18124  -45.939  -75.648  -14.042 0.0000000000
18142  -42.155  -75.754  -14.375 0.0000000000
18143  -42.869  -75.759  -14.902 0.0000000000
18146  -47.334  -75.448  -15.084 0.0000000000
18166  -43.471  -75.833  -15.569 0.0000000000
18167  -44.126  -75.843  -16.155 0.0000000000
18187  -44.630  -75.983  -16.832 0.0000000000
18191  -47.419  -74.789  -16.608 0.0000000000
18205  -45.415  -75.837  -17.325 0.0000000000
18206  -45.817  -75.720  -17.306 0.0000000000
18207  -46.046  -75.670  -17.285 0.0000000000
19094  -50.787  -74.207  -2.268 0.0000000000
19095  -51.102  -74.209  -2.238 0.0000000000
19113  -50.481  -74.580  -2.788 0.0000000000
19115  -51.493  -74.380  -2.567 0.0000000000
19131  -49.494  -74.570  -3.960 0.0000000000
19132  -49.972  -74.802  -3.780 0.0000000000
19152  -50.248  -75.337  -4.169 0.0000000000
19171  -48.196  -74.774  -6.106 0.0000000000
19173  -49.465  -75.343  -4.993 0.0000000000
19186  -46.798  -74.843  -6.429 0.0000000000
19188  -47.834  -74.990  -6.405 0.0000000000
19237  -52.665  -73.507  -9.559 0.0000000000
19251  -46.394  -74.970  -10.613 0.0000000000
19271  -48.127  -75.064  -11.794 0.0000000000
19274  -51.264  -74.103  -11.627 0.0000000000
19300  -49.395  -74.742  -12.541 0.0000000000
19326  -44.864  -76.023  -13.414 0.0000000000
19329  -46.999  -74.718  -13.639 0.0000000000
19351  -43.025  -74.854  -14.959 0.0000000000
19355  -48.414  -74.704  -14.763 0.0000000000
19357  -50.029  -73.809  -14.529 0.0000000000
19382  -48.067  -74.704  -16.234 0.0000000000
19383  -48.744  -74.298  -15.836 0.0000000000
19403  -45.629  -74.949  -16.638 0.0000000000
20337  -47.945  -73.231  -1.834 0.0000000000
20342  -52.179  -73.481  -1.860 0.0000000000
20361  -49.700  -74.112  -2.519 0.0000000000
20363  -51.368  -74.234  -2.315 0.0000000000
20365  -52.617  -73.266  -2.334 0.0000000000
20406  -48.758  -74.278  -4.662 0.0000000000
20428  -48.777  -74.464  -4.989 0.0000000000
20429  -52.669  -73.695  -5.743 0.0000000000
20445  -53.627  -72.891  -6.538 0.0000000000
20482  -52.833  -73.361  -10.355 0.0000000000
20484  -53.740  -72.676  -9.475 0.0000000000
20490  -52.670  -73.468  -10.921 0.0000000000
20499  -53.691  -72.682  -11.166 0.0000000000
20518  -39.662  -73.415  -13.022 0.0000000000
20519  -40.273  -73.529  -13.355 0.0000000000
20567  -43.139  -73.931  -14.730 0.0000000000
20568  -43.798  -73.888  -15.039 0.0000000000
20569  -49.807  -73.618  -15.180 0.0000000000
20590  -44.520  -73.943  -15.383 0.0000000000
20591  -45.222  -73.897  -15.670 0.0000000000
20592  -46.051  -73.749  -15.889 0.0000000000
20594  -49.120  -73.692  -16.099 0.0000000000
20596  -50.486  -72.689  -15.695 0.0000000000
20613  -46.584  -73.695  -16.357 0.0000000000
20616  -48.995  -73.368  -16.491 0.0000000000
21572  -53.113  -72.206  -1.287 0.0000000000
21596  -51.694  -73.117  -1.414 0.0000000000
21598  -53.284  -72.588  -2.007 0.0000000000
21617  -52.509  -73.436  -2.995 0.0000000000
21635  -52.817  -73.253  -3.599 0.0000000000
21637  -54.070  -72.279  -4.825 0.0000000000
21648  -54.119  -72.315  -5.467 0.0000000000
21650  -53.834  -72.588  -5.972 0.0000000000
21654  -45.932  -72.169  -7.208 0.0000000000
21655  -46.743  -72.307  -7.105 0.0000000000
21656  -47.670  -72.361  -7.072 0.0000000000
21657  -48.539  -72.342  -7.059 0.0000000000
21668  -51.171  -72.302  -8.017 0.0000000000
21669  -54.318  -72.386  -7.259 0.0000000000
21670  -54.623  -71.940  -7.521 0.0000000000
21685  -45.944  -72.186  -9.556 0.0000000000
21690  -51.324  -72.219  -9.577 0.0000000000
21740  -41.633  -72.274  -13.379 0.0000000000
21741  -48.239  -71.852  -12.746 0.0000000000
21745  -53.314  -72.232  -12.686 0.0000000000
21746  -53.629  -71.917  -12.393 0.0000000000
21769  -50.174  -72.105  -13.373 0.0000000000
21770  -50.363  -72.067  -13.147 0.0000000000
21771  -52.076  -72.353  -14.433 0.0000000000
21791  -45.461  -72.432  -15.090 0.0000000000
21793  -51.098  -72.479  -15.343 0.0000000000
21794  -51.658  -72.033  -15.085 0.0000000000
21812  -45.360  -73.139  -15.417 0.0000000000
21815  -47.775  -72.393  -16.062 0.0000000000
21819  -51.375  -71.739  -15.136 0.0000000000
21833  -47.470  -72.756  -16.326 0.0000000000
21836  -49.262  -72.953  -16.503 0.0000000000
22785  -48.676  -71.705  -0.551 0.0000000000
22787  -50.879  -71.591  -0.232 0.0000000000
22791  -54.634  -70.904  -1.111 0.0000000000
22838  -53.684  -72.279  -3.535 0.0000000000
22860  -50.391  -70.902  -5.782 0.0000000000
22861  -54.762  -71.581  -6.309 0.0000000000
22881  -54.853  -71.592  -7.043 0.0000000000
22896  -51.013  -72.030  -7.253 0.0000000000
22899  -53.550  -71.006  -8.204 0.0000000000
22901  -55.221  -70.957  -7.883 0.0000000000
22932  -52.686  -71.508  -9.338 0.0000000000
22949  -47.305  -71.600  -11.605 0.0000000000
22971  -47.034  -71.102  -11.673 0.0000000000
22975  -53.610  -71.184  -11.441 0.0000000000
22976  -54.280  -71.175  -11.113 0.0000000000
22977  -54.526  -71.582  -10.675 0.0000000000
22995  -39.653  -71.633  -11.954 0.0000000000
22997  -41.813  -71.527  -12.956 0.0000000000
23000  -47.797  -71.530  -13.013 0.0000000000
23001  -48.647  -71.981  -13.213 0.0000000000
23002  -49.144  -72.154  -13.103 0.0000000000
23003  -51.577  -71.679  -12.830 0.0000000000
23034  -46.900  -71.395  -14.280 0.0000000000
23041  -53.242  -71.696  -12.806 0.0000000000
23066  -44.814  -71.988  -14.742 0.0000000000
23067  -45.699  -71.718  -14.603 0.0000000000
23074  -52.378  -71.669  -14.038 0.0000000000
23097  -48.184  -72.008  -15.559 0.0000000000
23099  -50.240  -71.958  -15.392 0.0000000000
23100  -51.141  -71.711  -15.195 0.0000000000
23101  -51.409  -71.552  -14.977 0.0000000000
24127  -52.220  -70.014  0.980 0.0000000000
24129  -54.550  -70.171  1.100 0.0000000000
24131  -55.583  -69.443  0.862 0.0000000000
24142  -48.898  -70.260  0.160 0.0000000000
24171  -50.044  -71.075  -0.095 0.0000000000
24173  -55.442  -70.180  -0.380 0.0000000000
24193  -54.939  -70.596  -1.530 0.0000000000
24194  -55.270  -70.158  -1.239 0.0000000000
24209  -55.085  -70.377  -2.427 0.0000000000
24220  -54.986  -70.120  -3.923 0.0000000000
24240  -54.819  -70.218  -4.354 0.0000000000
24256  -49.230  -70.562  -5.250 0.0000000000
24257  -50.305  -70.344  -5.268 0.0000000000
24261  -54.371  -70.263  -5.476 0.0000000000
24276  -51.563  -70.785  -6.113 0.0000000000
24292  -53.474  -70.756  -7.505 0.0000000000
24295  -55.112  -70.687  -8.116 0.0000000000
24308  -55.085  -70.578  -8.591 0.0000000000
24337  -54.417  -70.924  -10.564 0.0000000000
24361  -54.418  -71.006  -10.820 0.0000000000
24385  -45.205  -70.292  -13.025 0.0000000000
24386  -46.207  -70.610  -12.940 0.0000000000
24387  -46.956  -71.061  -12.499 0.0000000000
24405  -42.834  -70.978  -13.280 0.0000000000
24406  -43.472  -70.752  -13.469 0.0000000000
24431  -45.840  -71.207  -14.159 0.0000000000
25505  -54.739  -69.104  2.230 0.0000000000
25507  -56.010  -68.660  2.078 0.0000000000
25530  -49.087  -69.252  1.329 0.0000000000
25557  -50.273  -69.905  0.826 0.0000000000
25558  -55.598  -69.293  0.620 0.0000000000
25579  -47.281  -69.790  -0.165 0.0000000000
25581  -53.340  -69.058  -0.799 0.0000000000
25604  -54.557  -69.549  -1.655 0.0000000000
25617  -52.012  -68.963  -2.376 0.0000000000
25621  -55.086  -69.972  -3.014 0.0000000000
25636  -55.076  -70.045  -3.465 0.0000000000
25658  -53.174  -69.641  -4.120 0.0000000000
25660  -54.494  -70.021  -4.548 0.0000000000
25711  -43.785  -69.065  -10.245 0.0000000000
25726  -45.170  -69.651  -11.117 0.0000000000
25744  -42.288  -68.898  -11.694 0.0000000000
26766  -55.710  -67.795  2.468 0.0000000000
26790  -52.870  -68.522  2.749 0.0000000000
26793  -55.788  -68.313  2.317 0.0000000000
26819  -52.648  -68.086  0.972 0.0000000000
26848  -52.033  -68.358  0.414 0.0000000000
26851  -55.242  -68.546  0.742 0.0000000000
26852  -55.731  -68.844  0.945 0.0000000000
26878  -50.189  -68.162  -0.728 0.0000000000
26881  -52.749  -68.721  -0.324 0.0000000000
26902  -49.872  -68.029  -1.079 0.0000000000
26905  -52.277  -68.816  -0.935 0.0000000000
26922  -52.123  -68.874  -1.550 0.0000000000
26939  -47.815  -67.839  -3.802 0.0000000000
26940  -48.406  -67.737  -3.844 0.0000000000
26941  -49.894  -68.042  -3.410 0.0000000000
26942  -50.375  -68.253  -3.088 0.0000000000
26966  -50.891  -68.654  -3.422 0.0000000000
27030  -44.018  -68.427  -11.195 0.0000000000
27065  -43.943  -68.954  -12.273 0.0000000000
28016  -51.523  -66.858  4.207 0.0000000000
28035  -49.606  -67.629  3.502 0.0000000000
28068  -46.972  -66.889  2.421 0.0000000000
28074  -54.619  -66.760  2.274 0.0000000000
28075  -55.605  -67.474  2.520 0.0000000000
28095  -47.392  -67.642  1.887 0.0000000000
28098  -52.074  -67.682  1.328 0.0000000000
28102  -55.703  -67.597  1.747 0.0000000000
28127  -50.927  -68.043  0.500 0.0000000000
28128  -51.630  -68.001  0.940 0.0000000000
28153  -49.047  -67.269  -0.655 0.0000000000
28170  -49.469  -67.568  -1.572 0.0000000000
28184  -49.367  -67.292  -2.403 0.0000000000
28219  -49.263  -67.702  -3.691 0.0000000000
28306  -42.558  -67.466  -11.342 0.0000000000
29255  -48.686  -65.913  4.344 0.0000000000
29282  -53.088  -66.652  4.197 0.0000000000
29284  -55.260  -66.368  3.619 0.0000000000
29285  -55.710  -66.533  3.121 0.0000000000
29313  -50.597  -66.307  2.008 0.0000000000
29347  -52.465  -67.205  1.713 0.0000000000
29348  -55.024  -66.850  2.161 0.0000000000
29426  -48.395  -66.451  -2.245 0.0000000000
29451  -48.960  -66.916  -2.905 0.0000000000
30586  -55.718  -66.143  3.013 0.0000000000
30614  -50.137  -66.304  1.831 0.0000000000
33134  -51.835  -62.985  4.049 0.0000000000
