#!ascii label  , from subject 3074 vox2ras=TkReg
1134
71022  33.399  -32.681  39.419 0.0000000000
93927  46.188  -14.169  30.495 0.0000000000
86826  35.504  -20.261  35.904 0.0000000000
58999  12.756  -42.519  53.341 0.0000000000
73694  25.163  -30.833  45.296 0.0000000000
91584  37.826  -16.405  36.115 0.0000000000
64267  19.249  -38.310  47.978 0.0000000000
59048  17.916  -43.716  51.429 0.0000000000
68103  22.471  -35.760  45.692 0.0000000000
95002  49.482  -14.022  29.242 0.0000000000
77174  32.348  -28.343  42.069 0.0000000000
80723  33.345  -25.811  41.257 0.0000000000
76079  37.417  -29.888  42.581 0.0000000000
100451  48.602  -8.637  28.315 0.0000000000
98431  51.930  -10.540  26.497 0.0000000000
94967  42.904  -13.564  32.464 0.0000000000
90376  46.723  -18.188  32.767 0.0000000000
90382  41.884  -17.503  33.879 0.0000000000
84429  40.815  -21.995  35.762 0.0000000000
66713  31.797  -36.202  43.554 0.0000000000
54304  11.105  -46.599  57.131 0.0000000000
54280  6.291  -46.059  59.365 0.0000000000
55311  5.021  -44.771  63.331 0.0000000000
73786  27.998  -31.951  40.637 0.0000000000
68145  25.952  -36.324  43.978 0.0000000000
85567  32.372  -21.306  39.656 0.0000000000
81945  37.070  -24.498  39.385 0.0000000000
103877  54.325  -5.560  24.199 0.0000000000
93935  47.757  -14.048  29.593 0.0000000000
91641  48.422  -16.130  31.587 0.0000000000
75016  34.011  -30.220  38.627 0.0000000000
77198  35.356  -28.588  40.027 0.0000000000
73763  35.994  -31.500  40.474 0.0000000000
97223  45.168  -11.459  30.627 0.0000000000
99439  47.098  -9.116  30.180 0.0000000000
97238  46.783  -11.214  29.104 0.0000000000
96088  48.634  -11.938  27.850 0.0000000000
51825  3.249  -48.801  64.444 0.0000000000
92751  42.411  -15.646  32.863 0.0000000000
93878  40.750  -14.904  34.413 0.0000000000
89120  36.043  -18.008  36.324 0.0000000000
89132  38.332  -18.585  35.061 0.0000000000
86845  37.985  -20.691  35.225 0.0000000000
85617  37.293  -22.265  37.157 0.0000000000
59051  15.383  -42.746  52.009 0.0000000000
57718  16.974  -44.110  53.771 0.0000000000
57720  14.905  -44.445  53.474 0.0000000000
55409  13.612  -45.865  56.280 0.0000000000
56526  11.906  -44.569  54.592 0.0000000000
56480  8.089  -43.971  58.284 0.0000000000
55337  5.928  -44.696  61.183 0.0000000000
73732  26.427  -30.970  43.121 0.0000000000
69601  26.610  -34.397  41.561 0.0000000000
72344  24.151  -32.483  43.587 0.0000000000
63084  23.208  -39.503  47.251 0.0000000000
66592  24.057  -37.087  47.722 0.0000000000
80704  35.962  -26.347  42.932 0.0000000000
81900  34.684  -24.930  41.145 0.0000000000
92694  39.220  -15.353  36.705 0.0000000000
90305  36.849  -15.855  38.738 0.0000000000
89088  34.515  -17.620  38.043 0.0000000000
60468  20.875  -41.639  48.040 0.0000000000
59073  20.464  -43.461  50.706 0.0000000000
60451  19.062  -41.651  48.926 0.0000000000
61771  16.252  -40.253  50.308 0.0000000000
63010  14.320  -39.712  52.761 0.0000000000
72324  22.280  -32.414  45.500 0.0000000000
70873  21.380  -32.805  47.497 0.0000000000
66637  20.720  -36.882  46.677 0.0000000000
79562  30.700  -26.736  44.463 0.0000000000
80745  29.446  -25.175  41.838 0.0000000000
78366  31.987  -27.318  40.817 0.0000000000
78349  35.704  -27.762  42.270 0.0000000000
102649  51.528  -6.935  26.679 0.0000000000
99458  50.126  -9.647  27.090 0.0000000000
95028  50.713  -13.249  27.735 0.0000000000
94978  44.183  -13.419  31.252 0.0000000000
91643  46.503  -16.195  31.821 0.0000000000
92749  44.684  -15.725  32.229 0.0000000000
89174  44.505  -18.274  33.235 0.0000000000
86857  44.270  -20.634  34.403 0.0000000000
91598  39.293  -16.610  34.740 0.0000000000
87995  41.284  -19.768  34.591 0.0000000000
69594  32.835  -34.373  41.473 0.0000000000
69573  34.890  -34.263  42.670 0.0000000000
97199  44.631  -11.625  32.438 0.0000000000
58981  10.750  -42.594  55.492 0.0000000000
55413  9.514  -44.771  56.386 0.0000000000
55381  8.822  -46.064  57.654 0.0000000000
53112  8.757  -48.135  59.937 0.0000000000
53100  5.447  -47.710  61.084 0.0000000000
54248  4.295  -46.774  61.830 0.0000000000
55294  3.152  -45.652  64.194 0.0000000000
56421  2.456  -44.442  65.572 0.0000000000
71025  30.704  -33.013  39.636 0.0000000000
69598  29.338  -34.790  41.304 0.0000000000
68164  28.880  -36.454  43.321 0.0000000000
69507  23.812  -35.462  45.332 0.0000000000
86781  33.282  -20.552  37.865 0.0000000000
81950  31.520  -23.643  39.552 0.0000000000
83198  33.953  -23.312  38.404 0.0000000000
85585  35.735  -21.984  37.555 0.0000000000
72353  37.445  -32.392  43.703 0.0000000000
102669  56.184  -6.825  22.841 0.0000000000
100485  53.135  -8.029  25.438 0.0000000000
100483  54.505  -8.835  24.993 0.0000000000
93926  47.244  -14.123  30.200 0.0000000000
92776  47.928  -14.866  30.736 0.0000000000
92777  46.953  -14.761  30.952 0.0000000000
73802  33.554  -31.203  38.661 0.0000000000
73800  35.252  -31.061  39.340 0.0000000000
72408  34.567  -32.364  39.745 0.0000000000
96046  45.546  -12.479  30.187 0.0000000000
98401  45.928  -11.166  29.714 0.0000000000
95005  46.533  -12.880  29.704 0.0000000000
95018  47.331  -12.684  28.815 0.0000000000
53069  2.478  -47.575  64.476 0.0000000000
93877  41.236  -14.211  34.693 0.0000000000
93865  40.725  -14.465  35.402 0.0000000000
87963  35.709  -19.290  35.783 0.0000000000
87979  37.301  -19.993  35.105 0.0000000000
86825  36.471  -20.282  35.637 0.0000000000
85646  38.130  -22.049  36.279 0.0000000000
85647  36.922  -21.448  36.048 0.0000000000
59024  14.163  -42.625  52.633 0.0000000000
57742  15.455  -43.784  52.947 0.0000000000
57721  13.757  -43.995  53.404 0.0000000000
56542  12.974  -44.301  54.025 0.0000000000
56543  12.136  -43.644  54.094 0.0000000000
73715  25.827  -30.728  44.265 0.0000000000
73733  25.282  -31.706  42.983 0.0000000000
73716  24.428  -31.478  44.127 0.0000000000
61779  23.574  -41.060  49.121 0.0000000000
83114  30.208  -22.892  43.718 0.0000000000
81857  36.733  -25.874  42.851 0.0000000000
90306  35.875  -16.436  38.402 0.0000000000
90287  35.212  -16.845  39.453 0.0000000000
61796  20.286  -40.742  47.389 0.0000000000
60469  19.832  -41.342  48.148 0.0000000000
63075  18.988  -39.607  48.163 0.0000000000
63063  17.306  -39.385  49.876 0.0000000000
63048  16.045  -39.437  50.872 0.0000000000
61759  15.278  -40.392  51.331 0.0000000000
72263  22.710  -31.131  47.742 0.0000000000
68042  20.134  -36.145  48.695 0.0000000000
68061  20.427  -35.260  47.839 0.0000000000
65415  19.847  -37.591  47.720 0.0000000000
63087  20.494  -39.634  46.953 0.0000000000
78350  30.918  -27.084  42.014 0.0000000000
77188  31.538  -27.492  41.404 0.0000000000
76090  36.469  -29.538  41.174 0.0000000000
78363  35.011  -27.529  40.845 0.0000000000
77184  36.484  -28.949  41.787 0.0000000000
78332  36.943  -27.503  42.918 0.0000000000
77156  37.452  -28.545  43.045 0.0000000000
100444  47.728  -8.574  29.725 0.0000000000
101498  49.485  -8.103  27.636 0.0000000000
100462  48.996  -8.982  27.622 0.0000000000
95016  48.920  -13.281  28.258 0.0000000000
96087  49.283  -12.209  27.664 0.0000000000
95015  50.154  -13.684  28.440 0.0000000000
94979  43.460  -13.518  31.844 0.0000000000
92769  44.157  -15.025  31.992 0.0000000000
93898  43.199  -14.815  32.206 0.0000000000
91608  42.385  -16.485  33.222 0.0000000000
91607  43.257  -16.669  33.051 0.0000000000
90356  43.011  -18.072  33.599 0.0000000000
89149  43.870  -18.913  33.496 0.0000000000
89150  42.794  -18.952  33.803 0.0000000000
92695  38.629  -15.627  36.503 0.0000000000
92712  39.312  -15.340  35.584 0.0000000000
91599  38.695  -16.694  35.092 0.0000000000
86843  39.880  -20.572  35.056 0.0000000000
87976  40.328  -19.711  34.764 0.0000000000
86842  40.938  -20.559  35.009 0.0000000000
86840  42.579  -21.206  35.092 0.0000000000
68182  31.767  -35.140  42.623 0.0000000000
68159  33.974  -35.313  43.416 0.0000000000
96008  43.391  -12.648  33.377 0.0000000000
96023  43.417  -12.620  32.344 0.0000000000
96022  43.931  -12.003  31.912 0.0000000000
59074  19.380  -43.516  50.642 0.0000000000
57758  19.396  -43.703  52.402 0.0000000000
55410  12.458  -46.088  56.286 0.0000000000
54302  13.232  -46.276  57.542 0.0000000000
54290  12.656  -46.723  58.158 0.0000000000
53133  10.693  -47.556  58.493 0.0000000000
58942  10.005  -42.123  57.416 0.0000000000
57701  10.207  -43.320  55.674 0.0000000000
58943  9.467  -42.768  56.895 0.0000000000
55383  7.562  -44.582  58.590 0.0000000000
55382  8.219  -45.258  57.852 0.0000000000
54279  7.324  -46.482  58.691 0.0000000000
54278  8.451  -47.081  58.514 0.0000000000
53127  6.840  -47.167  59.472 0.0000000000
53113  7.498  -48.229  60.195 0.0000000000
53128  6.282  -46.739  59.769 0.0000000000
55310  6.051  -44.643  63.289 0.0000000000
54247  4.588  -46.365  61.370 0.0000000000
55326  4.338  -45.324  62.723 0.0000000000
54219  3.603  -45.949  62.935 0.0000000000
55312  3.959  -45.315  63.305 0.0000000000
73767  29.267  -31.338  41.403 0.0000000000
73784  30.137  -31.711  40.459 0.0000000000
72432  29.542  -32.865  39.830 0.0000000000
71006  30.347  -33.698  40.036 0.0000000000
71008  28.510  -33.370  40.480 0.0000000000
68188  25.964  -35.132  42.584 0.0000000000
68186  27.816  -35.529  42.365 0.0000000000
66717  27.782  -36.863  43.757 0.0000000000
69531  22.232  -34.508  45.230 0.0000000000
69530  23.340  -34.557  44.784 0.0000000000
68129  23.008  -35.307  45.310 0.0000000000
68060  24.813  -36.795  48.067 0.0000000000
90392  46.990  -17.570  32.452 0.0000000000
90391  48.040  -17.980  32.172 0.0000000000
89185  48.014  -18.485  32.758 0.0000000000
87884  32.369  -19.885  40.596 0.0000000000
87905  32.511  -19.558  39.322 0.0000000000
86757  32.716  -20.663  38.731 0.0000000000
80743  30.836  -25.833  40.808 0.0000000000
81930  30.443  -24.413  40.563 0.0000000000
80760  32.449  -25.217  40.181 0.0000000000
81925  36.424  -24.840  40.219 0.0000000000
81947  34.593  -24.574  39.240 0.0000000000
81958  35.023  -24.131  38.636 0.0000000000
84378  34.304  -22.656  38.109 0.0000000000
83182  36.703  -23.520  38.795 0.0000000000
84357  37.592  -22.601  39.244 0.0000000000
70967  36.423  -32.944  43.105 0.0000000000
102671  54.643  -6.034  23.641 0.0000000000
100474  51.757  -8.804  26.219 0.0000000000
101506  52.057  -7.691  26.087 0.0000000000
99470  52.791  -9.563  26.243 0.0000000000
99468  54.835  -9.549  26.186 0.0000000000
99467  55.705  -9.740  25.799 0.0000000000
66574  19.844  -36.364  49.217 0.0000000000
64247  18.977  -37.876  48.984 0.0000000000
93934  48.635  -14.269  29.587 0.0000000000
93913  50.058  -14.797  30.899 0.0000000000
92775  48.747  -14.997  30.581 0.0000000000
77186  33.004  -28.735  41.237 0.0000000000
77200  33.095  -28.523  39.981 0.0000000000
76112  34.386  -29.475  39.086 0.0000000000
75001  35.931  -30.365  40.295 0.0000000000
74980  36.733  -30.437  41.556 0.0000000000
99433  47.274  -9.407  31.421 0.0000000000
98385  46.106  -10.223  30.701 0.0000000000
99445  46.830  -9.824  29.668 0.0000000000
98409  47.705  -10.434  28.471 0.0000000000
98408  48.430  -10.441  27.973 0.0000000000
97247  47.444  -11.449  28.587 0.0000000000
95017  47.825  -13.000  28.566 0.0000000000
51841  4.390  -49.164  63.384 0.0000000000
94950  42.424  -13.419  33.338 0.0000000000
93899  42.510  -14.494  32.555 0.0000000000
93886  41.520  -14.647  33.492 0.0000000000
93887  40.929  -15.418  33.788 0.0000000000
92737  40.877  -16.172  33.875 0.0000000000
90329  37.063  -17.362  35.972 0.0000000000
90343  38.410  -17.351  35.286 0.0000000000
89118  37.729  -18.619  35.120 0.0000000000
87978  38.180  -19.798  34.827 0.0000000000
85663  39.488  -21.406  35.416 0.0000000000
85645  39.153  -22.051  36.005 0.0000000000
85616  38.641  -22.268  37.604 0.0000000000
66662  31.148  -37.477  44.786 0.0000000000
59049  16.947  -43.357  51.380 0.0000000000
57760  17.865  -43.910  52.148 0.0000000000
57741  16.429  -43.761  52.969 0.0000000000
57719  15.997  -44.271  53.598 0.0000000000
56523  15.577  -45.111  55.016 0.0000000000
55418  13.064  -45.898  55.535 0.0000000000
55411  11.314  -45.915  56.196 0.0000000000
57672  8.650  -43.438  58.252 0.0000000000
56472  7.421  -43.835  59.444 0.0000000000
55349  6.319  -44.537  59.951 0.0000000000
55350  5.813  -45.208  60.136 0.0000000000
55336  6.544  -44.358  60.937 0.0000000000
55324  5.927  -44.582  62.231 0.0000000000
55290  7.044  -44.421  64.305 0.0000000000
73751  27.269  -31.294  42.272 0.0000000000
72413  27.315  -32.806  40.891 0.0000000000
72396  26.074  -32.557  41.545 0.0000000000
70973  25.149  -33.233  42.456 0.0000000000
69562  25.205  -34.488  43.126 0.0000000000
64298  22.382  -38.177  45.971 0.0000000000
66634  23.096  -36.999  45.789 0.0000000000
64266  23.600  -38.695  47.549 0.0000000000
88013  46.690  -19.623  33.449 0.0000000000
84341  31.379  -22.221  41.405 0.0000000000
80722  34.342  -25.451  41.744 0.0000000000
80740  34.224  -25.037  41.362 0.0000000000
81876  35.194  -25.073  41.877 0.0000000000
81899  35.817  -24.836  41.241 0.0000000000
103871  53.870  -5.369  25.090 0.0000000000
53044  1.504  -47.707  66.156 0.0000000000
91552  39.389  -15.051  38.267 0.0000000000
91553  38.599  -15.539  37.522 0.0000000000
91555  37.057  -16.356  37.338 0.0000000000
91556  36.487  -16.607  37.308 0.0000000000
89106  35.611  -17.651  36.994 0.0000000000
89121  34.981  -18.713  36.433 0.0000000000
60448  22.481  -42.090  48.787 0.0000000000
59095  22.181  -42.754  50.205 0.0000000000
60435  21.087  -42.469  49.203 0.0000000000
59097  19.651  -42.863  49.753 0.0000000000
59098  18.733  -42.776  50.015 0.0000000000
61782  18.234  -40.226  49.038 0.0000000000
60453  17.364  -40.704  49.645 0.0000000000
60422  16.598  -42.261  50.536 0.0000000000
60423  15.913  -41.725  51.079 0.0000000000
60425  14.474  -40.976  52.069 0.0000000000
60410  13.592  -41.163  52.828 0.0000000000
73695  23.815  -31.065  45.285 0.0000000000
72279  22.765  -31.188  46.799 0.0000000000
70894  21.536  -33.249  46.001 0.0000000000
70895  21.521  -34.125  46.397 0.0000000000
70855  20.940  -33.593  48.016 0.0000000000
68082  20.911  -35.423  46.921 0.0000000000
66636  21.467  -36.892  46.168 0.0000000000
63105  21.730  -39.128  46.377 0.0000000000
61811  22.068  -40.466  47.179 0.0000000000
80689  29.586  -25.213  44.939 0.0000000000
81859  29.219  -24.442  42.973 0.0000000000
79582  30.260  -26.276  42.594 0.0000000000
79595  31.257  -26.617  41.146 0.0000000000
79594  32.507  -26.515  40.893 0.0000000000
78383  34.004  -27.854  40.249 0.0000000000
78364  33.782  -27.220  40.699 0.0000000000
79579  33.863  -26.146  41.517 0.0000000000
79577  35.562  -26.745  42.578 0.0000000000
78315  37.354  -27.068  43.713 0.0000000000
102642  50.668  -7.129  27.359 0.0000000000
101508  50.525  -8.061  26.650 0.0000000000
99457  50.854  -9.714  26.851 0.0000000000
98419  49.174  -10.485  27.636 0.0000000000
97257  50.454  -11.406  27.188 0.0000000000
93928  45.179  -14.268  30.839 0.0000000000
92778  45.931  -14.888  30.996 0.0000000000
92779  45.389  -14.834  31.175 0.0000000000
92748  45.189  -15.808  32.110 0.0000000000
90394  45.164  -17.293  32.558 0.0000000000
91627  43.346  -16.170  32.795 0.0000000000
90395  44.594  -17.240  32.791 0.0000000000
89173  45.395  -18.615  33.163 0.0000000000
89148  44.974  -19.145  33.552 0.0000000000
86856  45.249  -20.601  34.354 0.0000000000
92693  40.041  -14.730  36.134 0.0000000000
92728  39.604  -15.842  34.752 0.0000000000
91596  40.942  -17.086  34.198 0.0000000000
90342  39.238  -17.946  35.060 0.0000000000
90341  40.021  -18.248  34.614 0.0000000000
89151  41.816  -18.850  34.092 0.0000000000
87994  42.474  -19.765  34.367 0.0000000000
71004  32.467  -33.743  40.347 0.0000000000
70985  34.872  -33.145  41.139 0.0000000000
70970  33.888  -34.258  41.993 0.0000000000
68158  34.704  -35.170  43.601 0.0000000000
97213  44.617  -11.607  31.414 0.0000000000
97224  44.834  -12.139  30.684 0.0000000000
60379  12.369  -41.143  54.125 0.0000000000
60360  11.722  -40.745  56.163 0.0000000000
57723  11.938  -42.779  54.197 0.0000000000
57699  11.274  -43.264  54.645 0.0000000000
55421  10.363  -44.678  55.383 0.0000000000
55412  10.194  -45.321  56.010 0.0000000000
55400  8.549  -44.598  57.495 0.0000000000
55399  9.293  -45.486  57.051 0.0000000000
54305  10.009  -46.327  57.453 0.0000000000
53134  9.836  -47.398  58.510 0.0000000000
53111  9.822  -47.994  60.057 0.0000000000
51878  5.206  -48.497  61.770 0.0000000000
54262  5.162  -45.813  60.488 0.0000000000
51859  4.707  -48.696  62.432 0.0000000000
53085  3.899  -47.906  62.757 0.0000000000
53079  2.712  -46.980  63.708 0.0000000000
54192  2.042  -46.673  64.909 0.0000000000
55272  3.889  -45.043  65.159 0.0000000000
55273  3.024  -45.335  64.928 0.0000000000
54193  1.518  -46.491  65.504 0.0000000000
73803  32.338  -31.246  38.789 0.0000000000
72445  31.171  -31.654  39.086 0.0000000000
71024  31.684  -32.989  39.456 0.0000000000
69614  31.735  -33.986  40.729 0.0000000000
69596  31.443  -34.404  41.367 0.0000000000
68183  31.017  -35.256  42.642 0.0000000000
69599  28.324  -34.739  41.228 0.0000000000
68185  29.161  -35.916  42.701 0.0000000000
66714  30.755  -36.401  43.373 0.0000000000
72345  23.578  -32.339  44.098 0.0000000000
69544  24.273  -34.263  43.954 0.0000000000
69528  25.120  -35.631  44.702 0.0000000000
68102  23.651  -36.197  45.847 0.0000000000
68101  24.610  -36.207  45.829 0.0000000000
68099  25.982  -36.690  45.482 0.0000000000
91642  47.460  -16.215  31.669 0.0000000000
89067  33.599  -17.937  39.401 0.0000000000
87926  33.494  -19.144  37.732 0.0000000000
87965  34.275  -19.934  36.408 0.0000000000
83127  29.531  -23.696  42.078 0.0000000000
83162  31.003  -23.247  40.443 0.0000000000
83161  31.629  -22.846  39.847 0.0000000000
81928  32.816  -24.669  39.759 0.0000000000
83184  32.824  -23.213  38.861 0.0000000000
84360  32.888  -22.130  38.905 0.0000000000
85587  33.464  -21.629  38.027 0.0000000000
85620  34.174  -21.246  37.186 0.0000000000
85619  35.107  -21.407  37.052 0.0000000000
85584  36.745  -21.987  37.953 0.0000000000
70984  35.595  -32.821  41.676 0.0000000000
72372  36.576  -32.214  42.753 0.0000000000
73726  37.722  -31.394  43.263 0.0000000000
73708  38.643  -31.656  44.353 0.0000000000
74966  38.407  -30.581  43.572 0.0000000000
103895  56.489  -4.959  22.397 0.0000000000
102655  53.028  -6.415  25.375 0.0000000000
101524  53.813  -7.197  24.651 0.0000000000
99469  53.780  -9.375  26.176 0.0000000000
100484  53.760  -8.220  25.103 0.0000000000
101523  54.723  -7.583  24.159 0.0000000000
101522  55.257  -8.148  24.092 0.0000000000
100510  56.329  -8.599  23.570 0.0000000000
94989  46.436  -13.299  30.035 0.0000000000
72409  33.824  -32.454  39.422 0.0000000000
72427  34.129  -31.917  38.984 0.0000000000
94990  45.480  -13.421  30.420 0.0000000000
96045  46.165  -12.664  29.876 0.0000000000
94988  47.006  -13.642  29.799 0.0000000000
53057  2.177  -47.610  65.497 0.0000000000
85648  36.103  -20.828  36.250 0.0000000000
59025  13.346  -42.384  52.963 0.0000000000
57744  13.538  -43.183  52.948 0.0000000000
57745  13.058  -42.847  53.156 0.0000000000
57722  12.762  -43.200  53.565 0.0000000000
60432  23.424  -41.832  49.904 0.0000000000
61769  23.844  -41.163  50.179 0.0000000000
81842  29.887  -23.648  44.730 0.0000000000
63074  19.506  -39.477  47.590 0.0000000000
61797  19.459  -40.415  48.010 0.0000000000
63060  18.900  -38.818  48.187 0.0000000000
65394  19.554  -37.369  48.553 0.0000000000
66593  20.111  -36.775  48.327 0.0000000000
65416  19.553  -38.083  47.701 0.0000000000
64280  19.876  -38.525  47.394 0.0000000000
77175  31.604  -27.726  42.100 0.0000000000
77187  32.050  -28.166  40.988 0.0000000000
76080  36.864  -29.620  42.100 0.0000000000
77171  36.759  -28.656  42.485 0.0000000000
76067  37.190  -29.283  42.762 0.0000000000
100452  47.931  -8.805  28.889 0.0000000000
100443  48.363  -8.225  29.198 0.0000000000
101489  48.742  -8.051  28.766 0.0000000000
100450  49.124  -8.400  27.779 0.0000000000
95029  49.731  -13.018  27.845 0.0000000000
51858  5.787  -49.193  62.555 0.0000000000
94966  43.150  -13.143  32.275 0.0000000000
93916  43.398  -14.388  32.032 0.0000000000
93917  42.945  -14.084  32.232 0.0000000000
91609  41.552  -16.836  33.827 0.0000000000
90381  42.350  -17.374  33.625 0.0000000000
90357  42.202  -18.080  33.836 0.0000000000
91568  38.156  -15.933  36.553 0.0000000000
92713  38.611  -15.644  35.980 0.0000000000
91583  38.260  -16.385  35.675 0.0000000000
85662  40.416  -21.402  35.357 0.0000000000
85661  41.308  -21.537  35.453 0.0000000000
68161  32.244  -35.618  43.165 0.0000000000
68143  32.745  -35.911  43.506 0.0000000000
66712  32.346  -36.080  43.554 0.0000000000
96009  42.838  -13.020  33.029 0.0000000000
96024  43.072  -12.954  32.664 0.0000000000
59075  18.371  -43.325  50.612 0.0000000000
59047  18.966  -43.626  51.524 0.0000000000
54311  11.703  -46.366  56.668 0.0000000000
54303  12.283  -46.593  57.201 0.0000000000
54291  11.547  -47.133  58.083 0.0000000000
55365  6.796  -44.945  59.092 0.0000000000
54295  7.540  -45.547  58.358 0.0000000000
55325  4.768  -45.212  62.232 0.0000000000
73768  28.082  -31.266  41.326 0.0000000000
73785  28.957  -31.719  40.659 0.0000000000
72410  29.513  -32.076  40.303 0.0000000000
72411  28.944  -32.499  40.183 0.0000000000
71007  29.424  -33.447  40.160 0.0000000000
72412  27.966  -32.698  40.542 0.0000000000
68167  25.783  -35.529  43.179 0.0000000000
68166  26.968  -36.238  43.401 0.0000000000
66695  27.113  -37.210  44.124 0.0000000000
68144  26.430  -36.933  44.026 0.0000000000
69508  21.717  -34.686  45.924 0.0000000000
89186  47.447  -18.255  32.628 0.0000000000
89171  47.569  -18.855  33.164 0.0000000000
85555  32.347  -20.911  41.058 0.0000000000
85554  32.249  -20.200  41.691 0.0000000000
86741  32.317  -20.417  40.358 0.0000000000
86758  32.378  -20.366  39.619 0.0000000000
80742  32.252  -25.851  40.816 0.0000000000
80761  31.305  -25.218  40.399 0.0000000000
81946  35.861  -24.590  39.065 0.0000000000
83183  35.698  -23.655  38.422 0.0000000000
83181  37.662  -23.666  39.231 0.0000000000
103876  54.704  -4.898  24.315 0.0000000000
103884  54.943  -5.201  23.475 0.0000000000
103885  54.632  -5.604  23.760 0.0000000000
99471  52.122  -9.835  26.337 0.0000000000
66554  19.580  -36.236  50.136 0.0000000000
65369  19.353  -36.894  49.660 0.0000000000
66553  19.780  -35.771  50.906 0.0000000000
66573  19.697  -35.690  49.938 0.0000000000
93925  48.288  -14.505  30.141 0.0000000000
92765  48.599  -15.461  31.110 0.0000000000
76113  33.476  -29.469  39.453 0.0000000000
77216  33.481  -28.980  39.611 0.0000000000
73782  35.847  -31.039  39.951 0.0000000000
75002  35.507  -30.304  39.650 0.0000000000
73781  36.137  -30.921  40.523 0.0000000000
74990  36.401  -30.391  40.818 0.0000000000
73762  36.313  -31.248  41.167 0.0000000000
98373  45.553  -10.664  31.274 0.0000000000
98386  45.688  -10.914  30.233 0.0000000000
97239  46.293  -11.525  29.402 0.0000000000
98400  46.284  -10.555  29.682 0.0000000000
98399  47.070  -10.483  29.101 0.0000000000
95003  48.213  -13.878  28.889 0.0000000000
51842  3.662  -48.758  63.775 0.0000000000
94934  42.291  -13.366  34.392 0.0000000000
94951  41.961  -13.867  33.741 0.0000000000
94935  41.709  -13.849  34.389 0.0000000000
92727  40.374  -15.687  34.323 0.0000000000
89119  37.294  -18.331  35.450 0.0000000000
86844  38.874  -20.645  35.020 0.0000000000
85664  38.552  -21.423  35.532 0.0000000000
85583  38.137  -21.699  38.622 0.0000000000
94933  43.111  -12.828  34.323 0.0000000000
59050  15.889  -43.097  51.374 0.0000000000
59021  16.652  -43.693  52.106 0.0000000000
59022  15.761  -43.456  52.274 0.0000000000
57698  15.600  -44.695  54.151 0.0000000000
56540  14.933  -44.974  54.263 0.0000000000
56524  14.423  -45.353  54.866 0.0000000000
56525  13.182  -45.418  54.626 0.0000000000
55419  12.166  -45.539  55.399 0.0000000000
56464  7.138  -43.844  60.460 0.0000000000
56456  7.370  -43.719  61.762 0.0000000000
55309  7.197  -44.296  63.246 0.0000000000
73714  26.826  -30.864  44.284 0.0000000000
73731  27.584  -31.013  43.421 0.0000000000
73770  26.412  -32.136  41.658 0.0000000000
73752  26.093  -31.812  42.072 0.0000000000
72362  24.679  -32.588  43.042 0.0000000000
72361  25.094  -32.383  42.730 0.0000000000
70957  24.791  -33.498  42.878 0.0000000000
70956  25.159  -33.801  42.571 0.0000000000
69563  24.585  -33.953  43.300 0.0000000000
64278  22.764  -38.641  46.488 0.0000000000
84330  31.280  -21.836  42.178 0.0000000000
80721  35.636  -25.878  42.440 0.0000000000
81856  37.520  -25.793  43.302 0.0000000000
81875  36.493  -25.524  42.190 0.0000000000
81874  37.816  -25.267  42.276 0.0000000000
54178  1.074  -46.419  65.856 0.0000000000
90320  37.219  -16.037  37.915 0.0000000000
91542  36.599  -16.229  37.881 0.0000000000
90307  35.033  -17.272  38.238 0.0000000000
90321  35.791  -17.200  37.406 0.0000000000
89107  34.994  -17.800  37.343 0.0000000000
60467  21.835  -41.761  48.151 0.0000000000
60434  21.854  -42.543  49.396 0.0000000000
60449  21.446  -42.218  48.677 0.0000000000
59119  20.155  -42.460  49.273 0.0000000000
60436  18.877  -42.403  49.482 0.0000000000
60437  18.211  -42.018  49.569 0.0000000000
64248  18.562  -37.853  49.668 0.0000000000
63061  18.419  -38.973  48.860 0.0000000000
63062  17.849  -39.233  49.539 0.0000000000
61770  16.923  -40.148  49.770 0.0000000000
60438  16.952  -41.531  49.942 0.0000000000
60439  16.252  -41.055  50.516 0.0000000000
63031  14.637  -39.877  51.964 0.0000000000
61760  14.687  -40.588  51.870 0.0000000000
61750  14.219  -40.525  52.365 0.0000000000
60409  14.197  -41.551  52.427 0.0000000000
61751  13.759  -40.824  52.720 0.0000000000
74916  24.016  -30.532  47.014 0.0000000000
73656  23.732  -30.510  47.536 0.0000000000
72280  22.078  -32.021  47.103 0.0000000000
70874  21.285  -33.842  47.007 0.0000000000
68083  20.528  -36.096  47.186 0.0000000000
68105  20.888  -36.182  46.472 0.0000000000
66668  21.642  -37.579  46.059 0.0000000000
65442  21.179  -37.586  46.358 0.0000000000
61812  21.152  -40.381  47.178 0.0000000000
63086  21.472  -39.754  46.815 0.0000000000
61795  21.496  -41.147  47.541 0.0000000000
61794  22.705  -41.223  48.026 0.0000000000
79563  30.163  -26.242  43.887 0.0000000000
78367  31.334  -27.169  41.274 0.0000000000
79581  30.614  -26.586  41.779 0.0000000000
77199  34.305  -28.390  39.762 0.0000000000
78382  34.745  -27.971  40.097 0.0000000000
79592  34.302  -26.782  41.364 0.0000000000
79591  35.025  -27.027  41.868 0.0000000000
79578  34.781  -26.282  41.959 0.0000000000
78331  37.713  -27.910  43.309 0.0000000000
100431  47.848  -8.930  31.407 0.0000000000
102634  51.086  -6.133  28.059 0.0000000000
102635  50.526  -6.816  27.826 0.0000000000
100461  49.599  -8.717  27.279 0.0000000000
101497  50.169  -7.678  27.351 0.0000000000
100460  50.373  -8.770  26.791 0.0000000000
97259  48.883  -11.293  27.746 0.0000000000
96086  50.180  -12.299  27.488 0.0000000000
97258  49.631  -11.381  27.446 0.0000000000
97256  51.172  -11.291  27.023 0.0000000000
93929  44.587  -13.892  31.006 0.0000000000
93914  45.068  -14.752  31.228 0.0000000000
91625  45.386  -16.402  32.231 0.0000000000
93900  41.916  -15.006  32.816 0.0000000000
90379  44.057  -17.255  33.118 0.0000000000
91606  43.754  -16.635  32.915 0.0000000000
90378  44.897  -17.823  32.915 0.0000000000
87992  44.593  -19.828  34.023 0.0000000000
91597  40.252  -16.624  34.347 0.0000000000
87996  40.657  -19.304  34.465 0.0000000000
89130  40.218  -18.996  34.391 0.0000000000
89152  40.827  -18.666  34.280 0.0000000000
70987  32.813  -34.198  40.968 0.0000000000
70986  33.643  -34.129  41.164 0.0000000000
69575  33.255  -34.584  42.243 0.0000000000
68141  34.282  -35.759  44.136 0.0000000000
97198  45.284  -11.122  32.210 0.0000000000
96036  44.286  -12.545  31.033 0.0000000000
94991  44.714  -13.413  30.752 0.0000000000
96047  44.932  -12.796  30.555 0.0000000000
59072  21.705  -43.273  50.889 0.0000000000
59045  21.036  -43.806  51.642 0.0000000000
57740  17.585  -43.792  52.838 0.0000000000
55408  14.311  -45.773  56.638 0.0000000000
61727  13.134  -40.140  54.094 0.0000000000
58960  10.916  -41.608  56.517 0.0000000000
58959  11.418  -41.447  55.990 0.0000000000
60369  12.095  -41.122  54.919 0.0000000000
58980  11.668  -42.009  55.322 0.0000000000
57682  9.803  -43.599  56.042 0.0000000000
56528  10.223  -43.945  55.448 0.0000000000
56510  9.853  -44.453  55.845 0.0000000000
56495  8.581  -43.879  57.664 0.0000000000
54306  9.336  -46.199  57.535 0.0000000000
54292  10.396  -47.044  57.910 0.0000000000
54293  9.218  -46.877  57.972 0.0000000000
53126  7.922  -47.688  59.099 0.0000000000
53125  9.176  -47.581  59.052 0.0000000000
53114  6.228  -47.347  60.237 0.0000000000
53099  6.535  -48.420  60.767 0.0000000000
51877  6.089  -48.813  61.548 0.0000000000
55351  5.361  -45.085  60.631 0.0000000000
54233  4.387  -45.935  61.940 0.0000000000
53101  4.468  -47.529  61.833 0.0000000000
54220  3.216  -46.363  63.371 0.0000000000
54221  2.862  -46.623  63.699 0.0000000000
54206  2.663  -46.475  64.041 0.0000000000
55271  5.061  -44.622  65.594 0.0000000000
55274  2.184  -45.414  65.048 0.0000000000
55275  1.467  -45.370  65.533 0.0000000000
72431  30.037  -32.392  39.832 0.0000000000
73805  30.559  -31.816  39.670 0.0000000000
72430  30.976  -32.123  39.130 0.0000000000
72429  31.974  -32.165  38.869 0.0000000000
71005  31.295  -33.632  40.099 0.0000000000
69616  29.887  -34.318  40.615 0.0000000000
69615  30.862  -34.218  40.665 0.0000000000
69597  30.423  -34.774  41.603 0.0000000000
69578  30.706  -34.979  42.293 0.0000000000
70988  27.065  -33.435  41.017 0.0000000000
71009  27.682  -33.460  40.714 0.0000000000
69600  27.286  -34.314  41.096 0.0000000000
68165  28.212  -36.302  43.228 0.0000000000
66737  30.081  -36.248  42.865 0.0000000000
66715  29.554  -36.760  43.525 0.0000000000
66692  30.328  -37.406  44.278 0.0000000000
72297  22.861  -31.499  45.818 0.0000000000
73717  23.653  -31.704  44.565 0.0000000000
72323  22.971  -32.150  44.827 0.0000000000
69545  23.489  -33.936  44.007 0.0000000000
69529  24.427  -35.382  44.945 0.0000000000
69543  25.093  -34.996  44.213 0.0000000000
66611  23.661  -36.962  46.909 0.0000000000
68081  23.918  -36.594  46.805 0.0000000000
68059  25.120  -36.729  47.594 0.0000000000
68079  25.248  -36.726  46.686 0.0000000000
68100  25.406  -36.389  45.775 0.0000000000
92767  46.645  -15.505  31.384 0.0000000000
89046  33.560  -17.955  40.512 0.0000000000
87927  32.959  -19.786  38.213 0.0000000000
89090  33.056  -18.956  38.584 0.0000000000
87945  33.765  -19.516  36.863 0.0000000000
87946  33.369  -19.975  37.406 0.0000000000
80727  29.183  -24.956  42.375 0.0000000000
81879  29.293  -24.250  42.427 0.0000000000
81903  29.434  -24.712  41.765 0.0000000000
81929  31.581  -24.430  39.806 0.0000000000
83163  30.407  -23.734  40.689 0.0000000000
83186  31.502  -23.263  39.754 0.0000000000
81901  34.066  -24.913  40.979 0.0000000000
80759  33.193  -25.039  40.255 0.0000000000
81927  33.941  -24.891  40.196 0.0000000000
81959  34.186  -24.035  38.543 0.0000000000
81948  33.421  -24.217  39.149 0.0000000000
84379  33.494  -22.703  38.497 0.0000000000
84377  35.527  -22.749  38.031 0.0000000000
85586  34.708  -21.953  37.645 0.0000000000
85618  36.145  -21.514  36.927 0.0000000000
85565  37.365  -21.960  38.836 0.0000000000
70969  34.548  -33.967  41.992 0.0000000000
70968  35.678  -33.358  42.592 0.0000000000
72354  36.734  -32.719  43.360 0.0000000000
72371  37.179  -31.785  43.165 0.0000000000
74950  38.570  -31.129  44.003 0.0000000000
76064  39.296  -29.869  44.109 0.0000000000
103883  55.853  -5.664  22.776 0.0000000000
101516  52.580  -7.301  25.569 0.0000000000
102656  52.540  -6.695  25.681 0.0000000000
101515  53.199  -7.435  25.145 0.0000000000
100470  54.971  -9.148  25.614 0.0000000000
100471  54.243  -8.931  25.661 0.0000000000
100494  54.322  -8.090  24.645 0.0000000000
100493  54.943  -8.517  24.451 0.0000000000
93936  47.261  -13.796  29.699 0.0000000000
92766  47.669  -15.489  31.246 0.0000000000
73817  33.941  -30.783  38.517 0.0000000000
73801  34.461  -31.055  38.736 0.0000000000
72426  34.837  -31.703  39.276 0.0000000000
72407  35.465  -31.862  39.935 0.0000000000
97240  45.731  -11.746  29.818 0.0000000000
96062  46.361  -12.369  29.520 0.0000000000
96061  46.961  -12.125  28.995 0.0000000000
95004  47.117  -13.226  29.294 0.0000000000
53068  2.848  -48.175  64.286 0.0000000000
94923  41.568  -13.799  34.980 0.0000000000
93864  41.579  -13.946  35.659 0.0000000000
87962  36.714  -19.141  35.500 0.0000000000
86846  37.250  -20.815  35.443 0.0000000000
85665  37.734  -21.373  35.608 0.0000000000
59052  14.811  -42.412  52.310 0.0000000000
59023  15.038  -43.091  52.551 0.0000000000
57743  14.488  -43.568  52.909 0.0000000000
56541  14.029  -44.786  54.067 0.0000000000
74953  26.294  -30.689  44.453 0.0000000000
73734  24.596  -32.021  43.416 0.0000000000
61793  23.541  -40.439  48.096 0.0000000000
61809  23.502  -40.027  47.587 0.0000000000
80703  36.641  -26.155  43.246 0.0000000000
80720  36.342  -25.897  42.689 0.0000000000
80702  37.337  -25.938  43.951 0.0000000000
90286  36.115  -16.299  39.661 0.0000000000
90308  34.371  -17.562  38.439 0.0000000000
60470  19.282  -40.945  48.377 0.0000000000
61781  18.845  -40.325  48.490 0.0000000000
63046  17.474  -38.488  50.322 0.0000000000
63047  16.693  -38.959  50.581 0.0000000000
61758  15.862  -40.695  50.768 0.0000000000
68041  19.810  -35.271  48.980 0.0000000000
69469  20.429  -34.321  48.475 0.0000000000
68062  20.293  -36.080  48.098 0.0000000000
66612  20.286  -36.864  47.443 0.0000000000
65443  20.430  -37.800  46.850 0.0000000000
64301  20.558  -38.764  46.711 0.0000000000
78337  30.585  -26.616  43.191 0.0000000000
78351  30.726  -26.791  42.812 0.0000000000
76091  35.950  -29.216  40.594 0.0000000000
77185  35.881  -28.582  41.255 0.0000000000
77172  36.199  -28.454  42.091 0.0000000000
78348  36.314  -28.162  42.553 0.0000000000
77155  38.314  -28.414  43.553 0.0000000000
100437  48.647  -8.095  30.304 0.0000000000
101487  50.009  -7.168  28.511 0.0000000000
99459  49.418  -9.660  27.455 0.0000000000
96071  48.823  -12.536  27.935 0.0000000000
95030  49.200  -12.791  27.923 0.0000000000
93915  44.377  -14.378  31.399 0.0000000000
92770  43.557  -14.901  32.151 0.0000000000
92735  42.116  -15.973  33.112 0.0000000000
91628  42.847  -16.223  32.984 0.0000000000
90380  43.126  -17.302  33.320 0.0000000000
89175  43.735  -17.944  33.337 0.0000000000
87993  43.552  -19.785  34.194 0.0000000000
91582  38.835  -15.999  35.188 0.0000000000
87977  39.184  -19.716  34.719 0.0000000000
89131  39.531  -18.865  34.699 0.0000000000
87975  40.862  -19.979  34.868 0.0000000000
86859  42.141  -20.525  34.751 0.0000000000
86841  41.820  -20.996  35.214 0.0000000000
69576  32.176  -34.537  41.999 0.0000000000
68160  33.134  -35.328  43.088 0.0000000000
68142  33.375  -35.874  43.781 0.0000000000
95992  43.715  -12.667  34.105 0.0000000000
95991  44.186  -12.492  33.915 0.0000000000
96007  44.176  -12.027  33.099 0.0000000000
96037  43.724  -12.779  31.573 0.0000000000
59046  19.949  -43.500  51.636 0.0000000000
55396  13.046  -46.064  56.908 0.0000000000
55395  13.792  -45.969  57.036 0.0000000000
54276  12.188  -47.126  58.788 0.0000000000
58961  10.122  -42.736  56.223 0.0000000000
58962  9.646  -43.123  56.420 0.0000000000
57683  9.312  -43.479  56.643 0.0000000000
54294  8.223  -46.266  58.116 0.0000000000
55338  5.065  -45.119  61.264 0.0000000000
54234  3.891  -46.340  62.359 0.0000000000
55313  3.520  -45.525  63.760 0.0000000000
71026  29.975  -33.118  39.747 0.0000000000
69617  28.952  -34.096  40.781 0.0000000000
69581  26.019  -34.449  42.203 0.0000000000
69580  26.954  -34.958  41.793 0.0000000000
68187  26.501  -35.492  42.414 0.0000000000
66716  28.587  -36.861  43.845 0.0000000000
70919  22.402  -33.361  44.933 0.0000000000
68128  23.456  -35.398  45.313 0.0000000000
66572  24.411  -37.386  48.189 0.0000000000
66591  24.418  -36.950  47.900 0.0000000000
66571  24.910  -37.360  48.637 0.0000000000
91624  46.354  -16.809  32.168 0.0000000000
91623  47.277  -16.935  32.092 0.0000000000
86729  32.513  -19.609  41.748 0.0000000000
87883  32.680  -19.193  40.794 0.0000000000
89047  33.070  -18.539  40.489 0.0000000000
87906  32.363  -19.880  40.134 0.0000000000
80744  29.927  -25.259  41.223 0.0000000000
81902  29.817  -24.425  41.276 0.0000000000
80762  30.571  -25.225  40.677 0.0000000000
81926  35.218  -24.981  40.163 0.0000000000
83197  34.779  -23.448  38.314 0.0000000000
84359  36.175  -23.126  38.338 0.0000000000
84358  36.634  -22.566  38.452 0.0000000000
69557  35.894  -34.072  43.865 0.0000000000
70949  36.569  -33.388  43.797 0.0000000000
72336  37.542  -32.842  44.358 0.0000000000
102670  55.311  -6.405  23.250 0.0000000000
101507  51.181  -7.532  26.594 0.0000000000
100473  52.812  -8.468  25.942 0.0000000000
100482  55.353  -9.269  24.954 0.0000000000
69451  20.502  -34.097  49.742 0.0000000000
93923  50.223  -14.262  30.616 0.0000000000
93924  49.384  -14.517  30.257 0.0000000000
92764  49.491  -15.270  31.036 0.0000000000
77215  33.890  -28.936  39.488 0.0000000000
77214  34.669  -28.917  39.458 0.0000000000
75015  34.948  -30.224  38.912 0.0000000000
76111  35.190  -29.478  39.429 0.0000000000
76100  35.686  -29.630  40.093 0.0000000000
76099  36.134  -29.821  40.569 0.0000000000
74979  37.147  -30.514  42.273 0.0000000000
99434  46.547  -9.798  31.054 0.0000000000
99440  46.576  -9.714  30.429 0.0000000000
99444  47.435  -9.501  29.168 0.0000000000
99451  48.101  -9.552  28.405 0.0000000000
97246  48.177  -11.307  28.082 0.0000000000
96073  47.523  -12.317  28.586 0.0000000000
96072  48.166  -12.281  28.219 0.0000000000
51840  5.101  -49.200  62.953 0.0000000000
93885  42.027  -14.081  33.208 0.0000000000
92752  41.768  -15.279  33.024 0.0000000000
92736  41.615  -15.812  33.308 0.0000000000
91569  37.328  -16.524  36.558 0.0000000000
90344  37.719  -16.920  35.786 0.0000000000
89133  37.761  -17.712  35.511 0.0000000000
87961  37.531  -19.038  34.958 0.0000000000
84419  39.771  -22.503  36.564 0.0000000000
84401  39.458  -22.525  37.281 0.0000000000
84420  38.989  -22.402  36.708 0.0000000000
85615  39.774  -22.260  38.069 0.0000000000
66691  31.441  -36.850  44.150 0.0000000000
66690  32.542  -36.474  44.068 0.0000000000
66661  32.051  -37.259  44.759 0.0000000000
94949  42.897  -12.930  33.518 0.0000000000
59020  17.372  -43.857  51.963 0.0000000000
56509  13.838  -45.667  55.453 0.0000000000
56471  8.241  -43.421  59.469 0.0000000000
56481  7.682  -43.847  58.862 0.0000000000
55366  6.219  -45.196  59.542 0.0000000000
55323  6.700  -44.092  62.045 0.0000000000
73750  28.491  -31.281  42.541 0.0000000000
73787  27.568  -32.346  40.837 0.0000000000
73769  27.088  -32.127  41.424 0.0000000000
72395  26.731  -32.887  41.145 0.0000000000
70989  26.399  -33.660  41.433 0.0000000000
73753  25.572  -31.953  42.393 0.0000000000
72397  25.602  -32.949  41.777 0.0000000000
70971  25.960  -33.749  41.862 0.0000000000
69582  25.402  -34.122  42.437 0.0000000000
69561  25.710  -34.915  42.748 0.0000000000
68168  25.407  -35.146  43.701 0.0000000000
66635  22.120  -36.925  45.652 0.0000000000
65440  22.634  -37.717  45.964 0.0000000000
65414  23.295  -37.767  46.751 0.0000000000
65393  23.990  -37.760  47.871 0.0000000000
63073  23.842  -39.637  47.980 0.0000000000
89172  46.477  -18.999  33.200 0.0000000000
84329  31.966  -21.336  41.996 0.0000000000
84340  31.738  -22.010  40.496 0.0000000000
80741  33.515  -25.296  40.879 0.0000000000
81877  34.586  -25.052  41.610 0.0000000000
103878  53.957  -5.628  24.567 0.0000000000
97269  52.409  -11.298  26.661 0.0000000000
98430  52.680  -10.490  26.484 0.0000000000
53058  1.806  -47.256  65.670 0.0000000000
92671  40.455  -14.741  37.584 0.0000000000
92672  39.430  -15.233  37.526 0.0000000000
91554  37.714  -16.059  37.370 0.0000000000
90330  36.509  -16.942  36.659 0.0000000000
91543  36.163  -16.555  37.721 0.0000000000
87964  34.885  -19.614  36.084 0.0000000000
60421  23.091  -42.269  50.370 0.0000000000
59096  20.985  -42.797  49.861 0.0000000000
60450  20.430  -42.124  48.750 0.0000000000
61783  17.540  -40.122  49.401 0.0000000000
60452  17.950  -41.007  49.494 0.0000000000
59099  17.913  -42.511  50.114 0.0000000000
59076  17.295  -42.843  50.625 0.0000000000
59077  16.439  -42.777  50.839 0.0000000000
60407  15.632  -42.352  51.640 0.0000000000
60424  14.956  -41.207  51.775 0.0000000000
60408  15.257  -41.957  51.992 0.0000000000
60389  13.838  -42.015  52.892 0.0000000000
60390  13.323  -41.548  53.046 0.0000000000
73670  24.718  -30.566  46.475 0.0000000000
74915  24.177  -30.558  46.748 0.0000000000
73671  23.659  -30.701  46.495 0.0000000000
72298  22.189  -32.017  46.207 0.0000000000
69490  20.870  -34.517  47.477 0.0000000000
69509  21.369  -34.738  46.654 0.0000000000
68104  21.484  -35.790  46.065 0.0000000000
66667  21.889  -37.444  45.807 0.0000000000
64299  22.024  -38.520  45.986 0.0000000000
63085  22.373  -39.523  46.704 0.0000000000
63106  21.072  -39.203  46.547 0.0000000000
61810  23.003  -40.293  47.355 0.0000000000
61780  23.070  -41.661  48.737 0.0000000000
80705  29.288  -25.061  43.362 0.0000000000
80726  29.635  -25.557  42.141 0.0000000000
80725  30.265  -26.157  41.519 0.0000000000
80724  32.814  -26.064  41.124 0.0000000000
77201  32.501  -27.845  40.475 0.0000000000
78385  32.545  -27.476  40.474 0.0000000000
78365  32.846  -27.083  40.572 0.0000000000
79593  33.427  -26.585  40.977 0.0000000000
79580  33.191  -26.183  41.174 0.0000000000
78333  35.963  -27.264  42.943 0.0000000000
79561  36.266  -26.769  43.119 0.0000000000
79560  37.043  -26.694  43.525 0.0000000000
102641  51.245  -6.805  27.181 0.0000000000
101496  50.795  -7.268  27.106 0.0000000000
100475  50.889  -8.449  26.398 0.0000000000
100459  51.007  -9.144  26.453 0.0000000000
99456  51.491  -9.757  26.538 0.0000000000
99450  48.749  -9.619  27.860 0.0000000000
98418  49.894  -10.522  27.263 0.0000000000
98417  50.655  -10.510  27.068 0.0000000000
98416  51.311  -10.502  26.815 0.0000000000
97270  51.707  -11.248  26.711 0.0000000000
92768  45.364  -15.469  31.631 0.0000000000
91644  45.913  -16.203  31.991 0.0000000000
90393  46.077  -17.404  32.495 0.0000000000
90377  45.787  -18.071  32.798 0.0000000000
92750  43.506  -15.413  32.389 0.0000000000
91626  44.306  -16.525  32.603 0.0000000000
89146  46.389  -19.532  33.385 0.0000000000
89147  45.866  -19.400  33.407 0.0000000000
87991  45.561  -19.992  33.812 0.0000000000
92711  40.167  -15.219  35.128 0.0000000000
91610  40.910  -16.651  34.099 0.0000000000
90361  39.026  -17.204  34.910 0.0000000000
90360  39.719  -17.375  34.680 0.0000000000
90359  40.529  -17.626  34.379 0.0000000000
90358  41.402  -17.793  34.098 0.0000000000
86858  43.199  -20.792  34.579 0.0000000000
71003  33.792  -33.081  40.073 0.0000000000
69560  33.786  -34.855  42.894 0.0000000000
69559  34.472  -34.740  43.094 0.0000000000
69558  35.330  -34.442  43.423 0.0000000000
97212  45.028  -11.090  31.357 0.0000000000
57759  18.455  -43.801  52.268 0.0000000000
62984  13.519  -40.041  53.528 0.0000000000
61739  12.972  -41.094  53.365 0.0000000000
60391  12.692  -41.417  53.565 0.0000000000
59000  12.331  -42.010  54.030 0.0000000000
57700  10.559  -43.358  55.223 0.0000000000
56527  10.888  -44.174  55.046 0.0000000000
55420  11.088  -45.136  55.307 0.0000000000
55397  11.076  -46.243  56.680 0.0000000000
57671  9.059  -43.170  57.599 0.0000000000
56494  9.005  -44.239  56.952 0.0000000000
55398  10.515  -45.992  56.762 0.0000000000
53124  10.274  -47.894  59.143 0.0000000000
54277  9.023  -47.236  58.509 0.0000000000
54261  5.814  -46.341  60.029 0.0000000000
53115  5.322  -46.753  60.508 0.0000000000
53077  3.721  -48.463  63.318 0.0000000000
53086  3.423  -47.027  62.887 0.0000000000
53078  3.144  -47.825  63.584 0.0000000000
55292  5.034  -44.668  64.381 0.0000000000
55293  4.076  -45.075  64.397 0.0000000000
55295  2.524  -45.864  64.562 0.0000000000
79544  30.088  -26.298  45.173 0.0000000000
72428  33.150  -32.112  39.016 0.0000000000
73819  31.621  -31.537  38.887 0.0000000000
71023  32.760  -32.898  39.386 0.0000000000
69595  32.234  -34.160  41.093 0.0000000000
69577  31.243  -34.772  42.135 0.0000000000
68162  31.390  -35.699  43.077 0.0000000000
69618  28.131  -34.057  40.741 0.0000000000
69579  27.692  -35.015  41.589 0.0000000000
68204  28.742  -35.271  41.860 0.0000000000
68203  29.609  -35.281  41.965 0.0000000000
68184  30.296  -35.541  42.466 0.0000000000
66736  30.488  -36.000  42.888 0.0000000000
70918  23.092  -33.285  44.239 0.0000000000
70939  23.748  -33.298  43.789 0.0000000000
68146  25.460  -35.659  44.108 0.0000000000
69506  24.121  -35.824  45.524 0.0000000000
68080  24.461  -36.599  47.029 0.0000000000
68127  25.068  -35.885  45.310 0.0000000000
68126  25.605  -36.169  44.888 0.0000000000
68125  26.153  -36.724  44.710 0.0000000000
66666  26.413  -37.049  45.193 0.0000000000
91622  48.252  -16.907  32.020 0.0000000000
88011  48.347  -19.730  33.534 0.0000000000
90264  34.559  -17.214  40.476 0.0000000000
90288  34.231  -17.444  39.240 0.0000000000
89068  33.074  -18.534  39.611 0.0000000000
89089  33.818  -18.072  38.317 0.0000000000
89108  34.149  -18.666  37.114 0.0000000000
89122  34.377  -19.254  36.524 0.0000000000
86827  34.801  -20.363  36.246 0.0000000000
81858  29.415  -23.788  43.226 0.0000000000
81878  29.516  -23.703  42.570 0.0000000000
83126  29.902  -23.104  42.543 0.0000000000
83142  30.014  -23.582  41.304 0.0000000000
83141  30.651  -22.479  41.888 0.0000000000
81949  32.348  -23.876  39.441 0.0000000000
83185  31.864  -23.212  39.280 0.0000000000
84361  32.181  -22.453  39.460 0.0000000000
85566  32.849  -21.434  38.823 0.0000000000
85621  33.631  -20.874  37.428 0.0000000000
86806  33.859  -20.441  36.864 0.0000000000
86805  34.595  -20.821  36.674 0.0000000000
86804  35.378  -20.858  36.506 0.0000000000
71002  34.602  -32.798  40.328 0.0000000000
72392  35.074  -32.490  40.427 0.0000000000
72391  35.741  -32.213  41.048 0.0000000000
72373  35.973  -32.501  41.972 0.0000000000
72390  36.248  -31.888  41.803 0.0000000000
73744  36.681  -31.263  42.057 0.0000000000
73743  37.203  -31.309  42.701 0.0000000000
74967  37.671  -30.549  42.893 0.0000000000
72335  38.153  -32.554  44.645 0.0000000000
72352  38.162  -32.094  44.074 0.0000000000
73725  38.193  -31.573  43.792 0.0000000000
76066  37.884  -29.532  43.172 0.0000000000
76065  38.872  -29.450  43.688 0.0000000000
102648  52.159  -6.467  26.239 0.0000000000
103864  53.121  -5.483  26.134 0.0000000000
102663  53.713  -6.050  24.493 0.0000000000
100472  53.551  -8.598  25.685 0.0000000000
102662  54.293  -6.553  24.072 0.0000000000
101540  54.874  -6.878  23.676 0.0000000000
101539  55.591  -7.696  23.509 0.0000000000
100492  55.802  -8.789  24.265 0.0000000000
51826  2.749  -48.390  64.792 0.0000000000
53135  9.302  -47.291  58.510 0.0000000000
54205  2.980  -46.159  63.844 0.0000000000
54235  3.498  -46.590  62.849 0.0000000000
54312  11.322  -46.293  56.682 0.0000000000
56511  9.429  -44.132  56.307 0.0000000000
58982  10.370  -42.974  55.594 0.0000000000
59026  12.827  -41.990  53.327 0.0000000000
59118  20.672  -42.500  49.276 0.0000000000
60433  22.770  -42.374  49.735 0.0000000000
60447  23.205  -41.944  49.207 0.0000000000
61728  12.741  -40.782  53.769 0.0000000000
61737  13.794  -40.209  52.978 0.0000000000
61738  13.320  -40.709  53.275 0.0000000000
61772  15.706  -40.057  50.771 0.0000000000
63104  22.135  -39.054  46.314 0.0000000000
64268  19.377  -38.143  47.859 0.0000000000
64279  22.365  -38.963  46.321 0.0000000000
64281  19.487  -38.320  47.725 0.0000000000
64300  21.270  -38.423  46.314 0.0000000000
64321  21.897  -38.244  45.853 0.0000000000
64322  21.713  -38.224  46.016 0.0000000000
65395  19.443  -37.869  47.943 0.0000000000
65441  22.119  -37.813  45.707 0.0000000000
65471  21.814  -37.991  45.817 0.0000000000
65472  21.543  -37.970  46.116 0.0000000000
66609  25.485  -36.862  47.338 0.0000000000
66610  24.026  -36.706  47.375 0.0000000000
68124  26.600  -37.139  44.630 0.0000000000
68163  30.783  -35.754  42.914 0.0000000000
68181  32.521  -35.064  42.609 0.0000000000
68205  28.148  -35.165  41.746 0.0000000000
69574  34.135  -34.428  42.499 0.0000000000
69613  32.144  -33.932  40.738 0.0000000000
70938  24.305  -33.378  43.377 0.0000000000
70948  37.217  -33.001  44.194 0.0000000000
70950  35.858  -33.802  43.430 0.0000000000
70972  25.513  -33.529  42.098 0.0000000000
70990  25.840  -33.310  41.643 0.0000000000
72379  25.817  -32.225  41.890 0.0000000000
72380  25.457  -32.485  42.221 0.0000000000
72381  24.997  -32.832  42.647 0.0000000000
72444  31.397  -31.793  38.897 0.0000000000
73818  33.635  -30.690  38.587 0.0000000000
73820  31.360  -31.505  39.043 0.0000000000
74937  26.164  -30.598  44.787 0.0000000000
74954  26.107  -30.624  44.564 0.0000000000
74965  39.017  -30.179  43.804 0.0000000000
75031  33.863  -30.549  38.522 0.0000000000
75032  33.668  -30.443  38.610 0.0000000000
78384  33.086  -27.655  40.326 0.0000000000
80706  29.212  -24.684  42.796 0.0000000000
81960  33.541  -23.644  38.636 0.0000000000
83143  29.539  -24.120  41.731 0.0000000000
83199  33.465  -23.228  38.612 0.0000000000
84376  36.215  -22.415  37.887 0.0000000000
86740  32.293  -20.017  41.054 0.0000000000
86807  33.532  -20.453  37.380 0.0000000000
86828  34.365  -20.409  36.509 0.0000000000
86860  41.545  -20.482  34.860 0.0000000000
90322  35.275  -17.417  37.655 0.0000000000
91567  38.645  -15.630  36.820 0.0000000000
91570  36.830  -16.564  36.938 0.0000000000
94980  43.134  -13.889  32.090 0.0000000000
96063  45.919  -12.325  29.816 0.0000000000
