#!ascii label  , from subject 3074 vox2ras=TkReg
1724
51873  10.282  -48.576  61.305 0.0000000000
85639  46.431  -21.389  36.463 0.0000000000
65390  29.805  -38.893  48.915 0.0000000000
66521  40.888  -36.652  52.234 0.0000000000
60420  23.529  -41.839  50.793 0.0000000000
55319  20.557  -46.067  62.032 0.0000000000
96057  53.086  -12.199  29.133 0.0000000000
91534  54.977  -16.637  39.027 0.0000000000
80672  38.526  -26.120  45.196 0.0000000000
101558  57.814  -7.969  22.353 0.0000000000
64137  28.836  -39.223  54.796 0.0000000000
53105  15.455  -47.431  61.223 0.0000000000
91605  53.892  -16.556  33.125 0.0000000000
89167  51.720  -18.679  33.405 0.0000000000
89066  44.258  -19.109  39.645 0.0000000000
91499  48.210  -16.694  40.755 0.0000000000
86737  40.914  -21.407  40.199 0.0000000000
69499  37.493  -34.664  46.281 0.0000000000
64214  35.853  -38.298  49.989 0.0000000000
60357  24.752  -40.954  55.964 0.0000000000
56442  24.936  -44.876  62.428 0.0000000000
56517  21.923  -45.213  55.399 0.0000000000
56507  15.954  -45.355  56.098 0.0000000000
66535  25.431  -38.122  50.068 0.0000000000
97217  57.373  -11.218  31.268 0.0000000000
92732  55.202  -15.104  33.705 0.0000000000
89100  50.653  -19.277  38.003 0.0000000000
81794  42.712  -24.703  45.726 0.0000000000
73616  42.120  -31.740  48.779 0.0000000000
98426  56.427  -10.496  26.206 0.0000000000
100449  60.389  -9.099  28.287 0.0000000000
102651  62.184  -6.909  25.779 0.0000000000
64039  27.316  -39.412  58.413 0.0000000000
51871  12.555  -48.472  61.831 0.0000000000
53054  14.670  -47.441  65.372 0.0000000000
51822  12.687  -48.610  64.844 0.0000000000
92763  50.415  -15.402  31.429 0.0000000000
89000  43.597  -19.294  42.499 0.0000000000
88982  46.595  -18.712  43.009 0.0000000000
50436  5.358  -49.947  66.044 0.0000000000
84400  40.301  -22.566  37.380 0.0000000000
65436  30.947  -37.846  46.474 0.0000000000
65433  34.289  -37.446  46.594 0.0000000000
64240  32.803  -38.711  49.649 0.0000000000
61726  24.582  -41.454  53.782 0.0000000000
57681  24.008  -43.626  55.985 0.0000000000
57735  22.717  -43.818  53.552 0.0000000000
63024  25.185  -39.649  50.619 0.0000000000
64156  25.685  -38.913  53.269 0.0000000000
54241  23.012  -46.934  61.529 0.0000000000
98396  55.270  -11.023  29.958 0.0000000000
95999  56.345  -12.897  33.168 0.0000000000
96032  55.075  -12.606  32.001 0.0000000000
91566  53.926  -16.840  35.950 0.0000000000
91580  54.319  -16.007  35.431 0.0000000000
86855  46.221  -20.655  34.245 0.0000000000
86837  49.263  -20.738  35.241 0.0000000000
86795  48.659  -20.242  37.304 0.0000000000
81874  37.816  -25.267  42.276 0.0000000000
81872  40.191  -24.994  41.965 0.0000000000
81796  40.634  -25.189  46.355 0.0000000000
68051  39.627  -35.652  48.824 0.0000000000
72273  39.891  -33.143  47.360 0.0000000000
69418  41.690  -34.226  50.648 0.0000000000
95026  52.815  -13.413  27.766 0.0000000000
98428  54.522  -10.405  26.524 0.0000000000
95023  55.640  -13.279  27.887 0.0000000000
97231  57.873  -11.530  29.494 0.0000000000
105088  60.870  -5.011  23.091 0.0000000000
101521  60.320  -7.545  24.438 0.0000000000
101493  61.652  -7.714  27.680 0.0000000000
100480  59.116  -9.149  25.257 0.0000000000
64196  28.948  -39.323  52.023 0.0000000000
63021  32.458  -39.587  51.981 0.0000000000
62944  31.521  -39.780  54.740 0.0000000000
55347  17.507  -46.036  60.796 0.0000000000
54186  20.131  -47.163  65.139 0.0000000000
55265  17.357  -46.757  65.232 0.0000000000
96059  51.513  -12.778  29.921 0.0000000000
94974  53.614  -13.514  31.401 0.0000000000
93911  51.617  -14.508  31.619 0.0000000000
89182  53.349  -18.105  33.005 0.0000000000
89129  53.616  -18.352  35.844 0.0000000000
87943  44.835  -20.333  37.943 0.0000000000
89103  47.505  -18.786  38.359 0.0000000000
89016  46.505  -18.015  40.807 0.0000000000
78331  37.713  -27.910  43.309 0.0000000000
69365  42.909  -34.852  54.333 0.0000000000
51856  7.727  -49.345  62.078 0.0000000000
50450  9.733  -49.902  65.380 0.0000000000
50452  7.789  -49.793  65.295 0.0000000000
85659  43.450  -21.685  35.404 0.0000000000
85612  42.765  -21.762  37.766 0.0000000000
87903  42.089  -20.197  39.819 0.0000000000
87835  42.180  -20.640  42.737 0.0000000000
68123  34.876  -35.991  44.657 0.0000000000
66587  37.161  -36.805  48.002 0.0000000000
65317  39.136  -37.857  51.183 0.0000000000
62996  34.934  -39.452  52.528 0.0000000000
62967  37.956  -39.573  53.211 0.0000000000
61636  25.702  -40.695  59.366 0.0000000000
60252  25.960  -42.683  61.925 0.0000000000
57646  24.425  -43.093  59.592 0.0000000000
55370  23.470  -45.745  58.807 0.0000000000
55359  21.078  -46.085  59.132 0.0000000000
57738  19.781  -44.098  53.193 0.0000000000
56504  19.061  -44.798  56.292 0.0000000000
55375  18.548  -45.506  58.631 0.0000000000
55378  15.587  -46.288  58.246 0.0000000000
54275  13.037  -46.980  58.915 0.0000000000
53124  10.274  -47.894  59.143 0.0000000000
65470  28.505  -37.911  46.163 0.0000000000
66608  26.006  -37.275  47.000 0.0000000000
65365  27.335  -38.355  49.451 0.0000000000
65305  26.987  -38.621  52.570 0.0000000000
64102  26.441  -39.223  55.709 0.0000000000
91615  55.669  -16.591  32.743 0.0000000000
92733  54.387  -14.941  33.556 0.0000000000
89169  49.513  -18.730  33.273 0.0000000000
87974  51.705  -19.953  35.483 0.0000000000
89077  53.313  -18.075  38.332 0.0000000000
90298  49.207  -17.836  39.130 0.0000000000
90255  52.208  -17.165  40.426 0.0000000000
84338  38.539  -22.743  39.648 0.0000000000
83122  42.128  -23.275  42.098 0.0000000000
85477  43.951  -21.732  46.164 0.0000000000
74934  39.791  -30.610  44.942 0.0000000000
76004  40.511  -28.293  46.600 0.0000000000
72208  43.501  -32.619  51.410 0.0000000000
75973  43.079  -29.074  50.277 0.0000000000
79469  40.710  -26.478  48.501 0.0000000000
81734  42.308  -25.186  49.521 0.0000000000
83031  44.553  -23.395  48.935 0.0000000000
99483  57.218  -9.638  24.703 0.0000000000
98415  59.166  -10.547  27.059 0.0000000000
98378  59.885  -10.211  30.938 0.0000000000
64028  27.813  -39.756  58.865 0.0000000000
51872  11.484  -48.552  61.642 0.0000000000
51836  12.642  -48.851  63.690 0.0000000000
50482  11.531  -49.367  63.470 0.0000000000
88971  44.323  -19.812  44.280 0.0000000000
88970  45.367  -19.460  44.246 0.0000000000
51812  2.886  -49.065  65.321 0.0000000000
65410  30.418  -38.259  47.526 0.0000000000
65388  32.252  -38.170  48.117 0.0000000000
64263  31.977  -38.440  49.035 0.0000000000
60388  24.133  -42.094  52.595 0.0000000000
59018  23.487  -43.247  53.158 0.0000000000
59043  23.457  -42.672  51.939 0.0000000000
63059  24.230  -40.137  48.720 0.0000000000
61757  24.174  -41.038  50.990 0.0000000000
61749  24.543  -41.016  52.042 0.0000000000
54229  22.145  -46.856  62.114 0.0000000000
55282  21.435  -46.758  63.848 0.0000000000
97235  53.623  -11.365  29.755 0.0000000000
97219  54.443  -11.191  30.949 0.0000000000
97220  53.717  -11.311  30.726 0.0000000000
90327  54.324  -17.008  37.401 0.0000000000
92682  55.352  -15.881  37.282 0.0000000000
85656  46.390  -21.440  35.359 0.0000000000
85654  47.743  -21.235  36.003 0.0000000000
86823  47.219  -20.847  36.842 0.0000000000
80688  37.373  -26.269  44.038 0.0000000000
81838  37.774  -25.812  44.129 0.0000000000
81836  39.759  -25.319  44.285 0.0000000000
81798  38.939  -25.763  46.308 0.0000000000
66547  40.176  -36.143  50.897 0.0000000000
68030  40.801  -35.102  49.978 0.0000000000
67988  41.157  -35.541  51.664 0.0000000000
95012  53.300  -13.486  28.485 0.0000000000
95025  53.822  -13.438  27.783 0.0000000000
94997  54.711  -13.049  29.025 0.0000000000
96055  55.195  -12.317  29.272 0.0000000000
101556  60.006  -7.796  22.366 0.0000000000
100525  59.516  -8.359  22.818 0.0000000000
100488  59.880  -8.561  24.437 0.0000000000
100508  58.141  -9.052  23.244 0.0000000000
64153  28.966  -38.951  53.937 0.0000000000
63001  30.600  -39.419  53.247 0.0000000000
62946  29.836  -39.630  54.967 0.0000000000
54257  16.589  -46.657  60.930 0.0000000000
54231  17.469  -46.501  63.104 0.0000000000
53083  16.263  -47.232  63.164 0.0000000000
51753  14.906  -47.924  66.673 0.0000000000
53022  16.092  -47.157  67.258 0.0000000000
95001  50.854  -13.709  29.565 0.0000000000
94985  51.394  -13.371  31.046 0.0000000000
93912  50.770  -14.512  31.228 0.0000000000
90388  51.087  -17.016  32.646 0.0000000000
91619  51.397  -16.292  32.289 0.0000000000
89183  52.551  -18.075  32.724 0.0000000000
89142  53.551  -18.292  34.800 0.0000000000
87984  52.812  -19.187  34.379 0.0000000000
89087  44.093  -19.574  38.964 0.0000000000
89065  45.351  -18.860  39.511 0.0000000000
89043  45.033  -18.888  40.417 0.0000000000
95014  51.268  -13.598  28.506 0.0000000000
50486  7.452  -49.720  63.582 0.0000000000
50487  6.553  -49.772  63.685 0.0000000000
85660  42.314  -21.918  35.621 0.0000000000
84396  43.209  -22.293  36.972 0.0000000000
84417  41.752  -22.517  36.703 0.0000000000
86778  40.187  -21.753  39.306 0.0000000000
85580  41.212  -21.504  38.722 0.0000000000
87881  41.406  -20.663  40.461 0.0000000000
87861  41.792  -20.066  41.310 0.0000000000
87847  41.597  -20.941  41.134 0.0000000000
66689  33.502  -36.338  44.526 0.0000000000
65361  35.364  -38.044  48.813 0.0000000000
65405  35.471  -37.434  47.426 0.0000000000
65360  36.138  -37.939  49.055 0.0000000000
65358  37.866  -37.340  49.323 0.0000000000
64212  37.710  -38.191  50.487 0.0000000000
62972  32.846  -39.664  53.685 0.0000000000
62997  34.047  -39.437  52.584 0.0000000000
62941  34.632  -39.826  54.377 0.0000000000
62939  37.130  -40.003  54.546 0.0000000000
62966  38.837  -39.353  53.853 0.0000000000
61664  25.141  -40.701  57.612 0.0000000000
60312  25.048  -41.576  59.615 0.0000000000
58918  24.302  -42.272  57.983 0.0000000000
56499  23.434  -44.523  56.268 0.0000000000
56475  23.664  -44.822  58.391 0.0000000000
56486  22.715  -45.658  57.075 0.0000000000
54285  22.739  -46.415  58.937 0.0000000000
55389  21.651  -46.370  57.752 0.0000000000
57757  20.383  -43.787  52.452 0.0000000000
56522  16.659  -44.756  55.369 0.0000000000
57695  18.348  -44.423  54.785 0.0000000000
56505  18.091  -44.988  56.293 0.0000000000
56489  18.509  -44.952  57.105 0.0000000000
56490  17.490  -45.154  57.140 0.0000000000
55377  16.498  -45.866  58.435 0.0000000000
56491  16.333  -45.449  57.199 0.0000000000
53123  11.410  -47.703  59.110 0.0000000000
66693  29.062  -37.531  44.721 0.0000000000
66665  27.022  -37.492  45.161 0.0000000000
66571  24.910  -37.360  48.637 0.0000000000
66570  25.486  -37.110  48.813 0.0000000000
66588  26.896  -37.517  48.359 0.0000000000
65366  26.504  -38.104  49.471 0.0000000000
65340  27.313  -38.534  50.650 0.0000000000
65320  26.474  -38.539  51.247 0.0000000000
61717  25.087  -40.406  55.011 0.0000000000
62947  25.933  -39.349  54.597 0.0000000000
61702  25.476  -39.835  56.357 0.0000000000
62839  26.087  -39.622  57.999 0.0000000000
57622  25.442  -43.672  62.328 0.0000000000
51772  9.926  -49.460  67.520 0.0000000000
51771  11.017  -49.221  67.745 0.0000000000
96016  57.956  -12.627  32.604 0.0000000000
93883  55.542  -14.104  33.620 0.0000000000
92731  56.135  -14.777  33.386 0.0000000000
92743  55.914  -15.673  33.182 0.0000000000
91603  55.634  -16.335  33.744 0.0000000000
92759  53.935  -15.179  31.492 0.0000000000
92744  54.400  -15.083  32.263 0.0000000000
92734  53.919  -15.709  33.882 0.0000000000
91579  55.155  -16.362  35.759 0.0000000000
87959  50.560  -20.058  36.727 0.0000000000
86819  50.889  -20.352  35.812 0.0000000000
87935  51.911  -19.426  37.117 0.0000000000
89098  52.443  -18.842  37.742 0.0000000000
89079  51.685  -18.678  38.560 0.0000000000
90280  47.864  -17.073  39.923 0.0000000000
89082  48.374  -18.055  38.921 0.0000000000
91521  48.683  -17.050  39.878 0.0000000000
83180  38.392  -23.652  39.557 0.0000000000
81816  41.839  -24.774  44.910 0.0000000000
81852  41.859  -24.139  42.524 0.0000000000
81833  42.765  -23.996  44.076 0.0000000000
84291  43.093  -22.583  44.208 0.0000000000
83068  43.878  -23.514  46.134 0.0000000000
69541  36.211  -34.250  44.428 0.0000000000
70930  37.344  -33.443  44.889 0.0000000000
73633  40.934  -32.216  47.947 0.0000000000
73665  39.804  -32.122  46.202 0.0000000000
74899  40.883  -31.273  46.838 0.0000000000
76035  40.482  -30.008  45.916 0.0000000000
75992  41.627  -29.832  47.965 0.0000000000
70767  43.245  -33.615  53.031 0.0000000000
77044  43.390  -28.087  51.138 0.0000000000
77053  41.801  -27.603  49.716 0.0000000000
79457  41.834  -26.632  50.219 0.0000000000
81735  41.729  -25.641  49.381 0.0000000000
80616  42.464  -25.793  50.935 0.0000000000
98427  55.494  -10.456  26.397 0.0000000000
99466  56.776  -9.967  25.756 0.0000000000
99465  58.087  -9.903  25.766 0.0000000000
97263  57.805  -11.090  26.631 0.0000000000
98394  57.277  -10.896  29.984 0.0000000000
98393  58.394  -10.788  29.962 0.0000000000
98367  58.657  -10.727  31.463 0.0000000000
97191  59.601  -11.587  32.319 0.0000000000
102659  61.541  -6.111  24.672 0.0000000000
100456  61.229  -8.227  27.934 0.0000000000
100433  62.097  -9.083  29.978 0.0000000000
99438  61.576  -9.510  31.047 0.0000000000
64099  28.266  -39.105  56.346 0.0000000000
64098  29.017  -39.073  56.505 0.0000000000
64053  28.638  -39.120  57.922 0.0000000000
53093  14.092  -47.767  61.401 0.0000000000
51848  15.315  -47.945  62.808 0.0000000000
51850  13.980  -48.371  62.732 0.0000000000
53067  13.382  -48.057  64.996 0.0000000000
53032  13.357  -48.053  67.011 0.0000000000
91640  49.322  -15.915  31.555 0.0000000000
90389  50.050  -17.234  32.519 0.0000000000
89019  43.780  -19.102  41.593 0.0000000000
89018  44.784  -18.959  41.417 0.0000000000
87831  45.093  -19.489  42.926 0.0000000000
88969  46.461  -18.972  44.136 0.0000000000
50470  5.355  -49.752  64.457 0.0000000000
50456  4.300  -49.692  64.761 0.0000000000
51778  3.800  -49.836  66.422 0.0000000000
84418  40.784  -22.472  36.484 0.0000000000
86779  39.165  -21.808  39.149 0.0000000000
65465  33.117  -37.199  45.466 0.0000000000
65435  32.097  -37.860  46.329 0.0000000000
64261  33.547  -38.297  48.533 0.0000000000
64215  34.786  -38.807  50.116 0.0000000000
60367  24.568  -41.288  55.013 0.0000000000
60346  24.265  -42.183  56.760 0.0000000000
58979  24.021  -42.901  55.389 0.0000000000
57692  23.572  -43.837  55.074 0.0000000000
56536  22.344  -44.740  54.799 0.0000000000
56508  14.726  -45.522  56.008 0.0000000000
56524  14.423  -45.353  54.866 0.0000000000
64246  24.652  -38.989  48.776 0.0000000000
64198  25.097  -39.007  50.994 0.0000000000
65308  25.754  -38.729  51.776 0.0000000000
63002  25.334  -40.016  51.792 0.0000000000
61725  24.932  -40.766  53.894 0.0000000000
54239  24.600  -46.477  62.357 0.0000000000
98369  56.364  -11.370  31.129 0.0000000000
96017  56.891  -12.624  32.714 0.0000000000
96031  55.937  -12.243  32.114 0.0000000000
94962  55.473  -13.053  33.096 0.0000000000
94943  55.229  -13.637  33.535 0.0000000000
91595  53.711  -16.474  34.162 0.0000000000
92723  53.821  -15.794  34.727 0.0000000000
91581  53.747  -16.369  35.283 0.0000000000
86864  47.980  -20.175  33.784 0.0000000000
86838  48.079  -20.913  35.389 0.0000000000
86821  48.997  -20.753  36.301 0.0000000000
87937  50.183  -19.558  37.554 0.0000000000
92606  49.641  -16.119  41.549 0.0000000000
81897  38.240  -25.263  41.177 0.0000000000
81923  38.660  -25.006  40.199 0.0000000000
81873  39.075  -25.461  42.124 0.0000000000
81817  40.727  -25.068  45.199 0.0000000000
81795  41.640  -24.887  46.052 0.0000000000
68073  38.477  -35.524  47.720 0.0000000000
70884  38.265  -33.639  46.502 0.0000000000
69459  39.515  -34.876  48.198 0.0000000000
70848  40.705  -33.598  48.400 0.0000000000
72236  42.074  -32.781  49.392 0.0000000000
97269  52.409  -11.298  26.661 0.0000000000
98429  53.541  -10.399  26.513 0.0000000000
96095  53.750  -12.195  26.883 0.0000000000
96094  54.574  -12.223  26.858 0.0000000000
97255  56.018  -12.012  27.194 0.0000000000
96079  57.509  -12.316  27.511 0.0000000000
96070  56.684  -12.858  28.647 0.0000000000
97232  56.783  -11.587  29.611 0.0000000000
102702  60.663  -6.344  21.867 0.0000000000
102668  60.851  -6.523  23.648 0.0000000000
102653  60.630  -6.727  25.286 0.0000000000
102645  61.713  -6.902  26.466 0.0000000000
101512  60.397  -7.434  25.943 0.0000000000
101504  59.989  -8.167  26.247 0.0000000000
100457  60.110  -8.715  27.402 0.0000000000
64243  29.760  -38.938  50.158 0.0000000000
64218  31.544  -39.148  50.998 0.0000000000
64194  30.891  -39.301  51.559 0.0000000000
62973  31.933  -39.580  53.830 0.0000000000
62943  32.453  -39.796  54.668 0.0000000000
55334  18.559  -45.894  61.660 0.0000000000
55303  20.379  -46.266  63.150 0.0000000000
55304  19.300  -46.204  63.539 0.0000000000
55263  18.743  -46.860  65.045 0.0000000000
54189  16.162  -46.932  65.171 0.0000000000
53039  17.580  -47.978  66.246 0.0000000000
96058  52.220  -12.515  29.516 0.0000000000
96042  52.854  -12.254  30.793 0.0000000000
96043  51.822  -12.664  30.875 0.0000000000
93910  52.492  -14.499  31.511 0.0000000000
91637  53.251  -16.282  31.713 0.0000000000
92762  51.279  -15.259  31.709 0.0000000000
91638  52.590  -16.498  31.968 0.0000000000
90371  53.621  -17.359  33.452 0.0000000000
90355  53.607  -17.327  34.505 0.0000000000
90340  53.714  -17.405  35.490 0.0000000000
90328  53.941  -17.475  36.552 0.0000000000
86799  45.245  -20.885  37.464 0.0000000000
87941  46.465  -20.008  37.979 0.0000000000
89105  45.974  -19.567  38.231 0.0000000000
89063  46.776  -17.997  39.379 0.0000000000
90257  47.034  -17.412  40.394 0.0000000000
88997  46.631  -18.113  41.938 0.0000000000
90214  47.171  -17.499  41.897 0.0000000000
91450  48.316  -16.721  42.074 0.0000000000
79540  38.328  -26.743  44.475 0.0000000000
67954  42.140  -35.734  52.936 0.0000000000
97256  51.172  -11.291  27.023 0.0000000000
95027  51.780  -13.321  27.739 0.0000000000
95013  52.297  -13.478  28.491 0.0000000000
103908  58.431  -5.236  20.697 0.0000000000
102686  57.666  -6.559  21.827 0.0000000000
51855  8.707  -49.163  62.387 0.0000000000
50504  10.179  -49.438  63.065 0.0000000000
50485  8.470  -49.499  63.307 0.0000000000
50451  8.725  -49.885  65.247 0.0000000000
51773  8.739  -49.617  67.195 0.0000000000
50435  6.370  -49.582  66.335 0.0000000000
85672  44.942  -21.203  34.855 0.0000000000
85673  44.092  -21.258  34.888 0.0000000000
85640  45.229  -21.626  36.331 0.0000000000
85610  44.756  -21.539  37.051 0.0000000000
86801  43.395  -20.954  37.943 0.0000000000
87923  42.905  -20.309  39.088 0.0000000000
84399  41.294  -22.503  37.487 0.0000000000
86775  42.367  -20.688  38.720 0.0000000000
87902  42.728  -19.839  39.611 0.0000000000
87860  42.677  -19.581  41.356 0.0000000000
88986  42.733  -19.496  43.052 0.0000000000
87821  43.764  -20.026  44.303 0.0000000000
68121  36.474  -35.705  45.969 0.0000000000
66630  34.165  -36.989  45.966 0.0000000000
66656  36.055  -36.396  46.274 0.0000000000
66626  36.928  -36.256  46.925 0.0000000000
66567  38.054  -36.867  48.676 0.0000000000
66549  39.011  -36.899  49.851 0.0000000000
65316  39.743  -37.652  51.721 0.0000000000
64217  32.555  -39.047  50.526 0.0000000000
64193  33.985  -38.938  51.315 0.0000000000
64191  35.495  -38.816  50.890 0.0000000000
62940  35.940  -39.823  54.657 0.0000000000
62968  36.589  -39.729  53.371 0.0000000000
63016  36.738  -39.018  51.400 0.0000000000
64170  38.566  -38.906  52.228 0.0000000000
64169  39.655  -38.478  52.522 0.0000000000
64168  40.617  -38.240  53.115 0.0000000000
61605  25.950  -41.030  60.007 0.0000000000
60287  25.292  -41.636  60.638 0.0000000000
58879  24.953  -42.670  61.031 0.0000000000
57631  24.925  -43.806  61.242 0.0000000000
58901  24.118  -43.085  58.316 0.0000000000
57638  24.073  -44.266  59.628 0.0000000000
55343  24.048  -45.635  60.425 0.0000000000
54267  23.544  -46.332  60.092 0.0000000000
54254  22.094  -46.729  60.292 0.0000000000
55344  20.752  -46.255  59.832 0.0000000000
59044  22.422  -43.602  52.102 0.0000000000
57736  21.925  -43.994  53.223 0.0000000000
56538  20.509  -44.674  54.688 0.0000000000
57739  18.745  -43.950  53.138 0.0000000000
56539  19.737  -44.434  54.650 0.0000000000
56502  20.546  -45.512  56.213 0.0000000000
55391  19.758  -45.456  57.475 0.0000000000
55374  19.744  -45.611  58.356 0.0000000000
55361  19.206  -45.665  59.437 0.0000000000
55362  18.026  -45.701  59.632 0.0000000000
55363  16.783  -46.132  59.612 0.0000000000
54272  15.621  -46.525  59.744 0.0000000000
55394  14.612  -45.890  57.124 0.0000000000
54288  14.687  -46.642  58.601 0.0000000000
54260  14.141  -47.093  59.761 0.0000000000
53108  12.761  -47.652  60.330 0.0000000000
53109  11.776  -47.907  60.097 0.0000000000
53097  10.373  -48.124  60.605 0.0000000000
51887  9.439  -48.369  60.693 0.0000000000
51875  8.030  -49.070  61.174 0.0000000000
65485  29.812  -37.783  44.821 0.0000000000
65437  29.786  -37.938  46.590 0.0000000000
65411  29.173  -38.352  47.610 0.0000000000
66632  26.866  -37.902  46.243 0.0000000000
65412  27.936  -38.149  47.541 0.0000000000
65363  29.378  -38.963  49.680 0.0000000000
64221  28.687  -38.982  51.181 0.0000000000
64197  28.060  -39.191  51.940 0.0000000000
65281  27.733  -39.277  54.045 0.0000000000
65295  25.880  -38.153  53.144 0.0000000000
65272  26.562  -38.769  54.613 0.0000000000
64121  27.276  -39.104  55.312 0.0000000000
64078  26.913  -39.197  56.877 0.0000000000
62813  26.152  -39.891  58.911 0.0000000000
51808  11.361  -49.331  65.788 0.0000000000
53033  12.536  -48.486  67.263 0.0000000000
94961  57.208  -13.596  32.852 0.0000000000
94973  54.551  -13.443  31.835 0.0000000000
93897  54.508  -14.132  32.706 0.0000000000
92721  54.656  -15.281  34.195 0.0000000000
92722  54.252  -15.566  34.605 0.0000000000
91593  55.073  -15.990  34.677 0.0000000000
90390  49.059  -17.547  32.372 0.0000000000
89168  50.547  -18.718  33.490 0.0000000000
87988  49.143  -20.072  33.840 0.0000000000
86850  51.005  -19.957  34.347 0.0000000000
87985  51.724  -19.626  34.300 0.0000000000
87956  53.057  -19.106  36.066 0.0000000000
89116  53.305  -18.476  36.973 0.0000000000
90313  54.385  -17.178  38.376 0.0000000000
87939  48.126  -19.408  37.920 0.0000000000
89101  49.073  -18.407  38.558 0.0000000000
90297  49.994  -18.157  39.113 0.0000000000
91496  50.221  -16.882  40.600 0.0000000000
91519  50.387  -17.338  40.068 0.0000000000
89061  51.722  -18.304  39.249 0.0000000000
90275  52.719  -17.636  39.789 0.0000000000
90273  54.205  -17.011  40.290 0.0000000000
85564  38.146  -21.864  39.386 0.0000000000
86739  39.166  -22.141  39.572 0.0000000000
81921  40.205  -24.244  40.262 0.0000000000
83140  40.700  -23.429  40.787 0.0000000000
85537  41.455  -21.932  40.839 0.0000000000
85525  42.349  -21.676  42.438 0.0000000000
86696  43.581  -21.089  44.079 0.0000000000
87805  43.964  -20.568  45.979 0.0000000000
72314  38.673  -32.575  45.855 0.0000000000
76051  39.508  -29.117  44.409 0.0000000000
77124  39.810  -27.957  45.251 0.0000000000
78264  39.563  -27.020  46.748 0.0000000000
69385  42.203  -34.680  52.363 0.0000000000
70791  42.863  -33.333  51.571 0.0000000000
73604  43.201  -31.826  50.217 0.0000000000
74867  43.730  -30.666  50.609 0.0000000000
74876  42.462  -30.805  49.159 0.0000000000
77075  41.815  -29.106  48.388 0.0000000000
77077  40.781  -27.673  47.978 0.0000000000
79478  39.520  -26.612  47.507 0.0000000000
81777  40.173  -25.643  47.673 0.0000000000
81760  41.461  -24.941  48.219 0.0000000000
81759  42.365  -24.770  47.975 0.0000000000
81725  43.095  -25.105  50.945 0.0000000000
83014  43.147  -24.838  49.575 0.0000000000
83032  43.999  -24.053  48.352 0.0000000000
84261  44.301  -22.559  47.521 0.0000000000
101559  57.081  -7.025  22.579 0.0000000000
100509  57.125  -8.969  23.441 0.0000000000
100490  57.957  -9.405  24.476 0.0000000000
99464  58.937  -9.736  26.609 0.0000000000
99454  60.079  -9.633  28.053 0.0000000000
97245  58.992  -11.790  28.103 0.0000000000
97229  59.624  -10.888  29.006 0.0000000000
98406  60.257  -9.904  29.502 0.0000000000
98365  60.382  -10.481  31.687 0.0000000000
61604  26.389  -41.028  59.745 0.0000000000
51853  10.931  -49.048  62.265 0.0000000000
50502  11.284  -49.209  62.829 0.0000000000
88948  44.461  -19.897  45.679 0.0000000000
88947  44.851  -19.695  45.882 0.0000000000
65389  31.172  -38.407  48.366 0.0000000000
64264  30.967  -38.579  49.358 0.0000000000
60406  23.872  -41.799  51.630 0.0000000000
59070  23.446  -42.241  51.340 0.0000000000
55318  21.344  -46.621  61.665 0.0000000000
54215  22.209  -46.888  63.088 0.0000000000
55302  21.300  -46.650  62.685 0.0000000000
97221  53.085  -11.763  30.370 0.0000000000
91548  55.060  -16.358  37.886 0.0000000000
85638  47.405  -21.167  36.277 0.0000000000
86824  46.734  -20.927  37.057 0.0000000000
80673  37.973  -26.273  44.476 0.0000000000
80687  37.937  -25.995  44.550 0.0000000000
80686  38.534  -25.926  45.210 0.0000000000
80671  38.571  -25.887  45.984 0.0000000000
66531  40.585  -36.122  51.378 0.0000000000
67971  41.320  -36.012  52.143 0.0000000000
94998  53.732  -13.052  29.031 0.0000000000
96056  54.144  -12.092  28.967 0.0000000000
101557  59.041  -7.851  22.060 0.0000000000
100526  58.717  -8.567  22.669 0.0000000000
100507  59.198  -8.915  23.435 0.0000000000
64152  29.497  -39.224  54.370 0.0000000000
64136  29.277  -39.393  55.103 0.0000000000
54246  16.058  -47.205  61.253 0.0000000000
54245  16.576  -46.985  61.852 0.0000000000
53091  15.828  -47.704  61.900 0.0000000000
94987  50.085  -13.924  30.115 0.0000000000
94986  50.809  -13.672  30.671 0.0000000000
90372  50.829  -17.950  32.909 0.0000000000
89184  51.698  -17.740  32.857 0.0000000000
89166  52.852  -18.725  33.525 0.0000000000
88007  52.219  -19.155  33.836 0.0000000000
50507  6.722  -49.625  62.958 0.0000000000
86841  41.820  -20.996  35.214 0.0000000000
85661  41.308  -21.537  35.453 0.0000000000
84427  42.137  -22.349  36.194 0.0000000000
84428  41.517  -22.235  35.951 0.0000000000
86753  40.934  -21.295  39.826 0.0000000000
64237  35.590  -38.167  49.314 0.0000000000
65338  36.644  -38.016  49.668 0.0000000000
64213  36.894  -38.390  50.281 0.0000000000
62942  33.458  -39.816  54.583 0.0000000000
62971  33.797  -39.662  53.529 0.0000000000
60330  25.069  -41.420  58.481 0.0000000000
60345  24.609  -41.543  57.106 0.0000000000
56500  22.499  -45.468  56.364 0.0000000000
55405  22.220  -45.963  57.101 0.0000000000
55406  21.511  -45.925  56.867 0.0000000000
56521  17.696  -44.724  55.471 0.0000000000
56506  17.048  -45.177  56.243 0.0000000000
66552  25.261  -37.707  49.497 0.0000000000
68040  25.056  -36.938  48.520 0.0000000000
66551  25.641  -37.670  49.689 0.0000000000
66569  26.229  -37.502  49.112 0.0000000000
66550  26.064  -38.041  49.887 0.0000000000
66533  26.121  -38.425  50.544 0.0000000000
65321  25.925  -38.601  51.144 0.0000000000
61703  25.218  -40.120  55.842 0.0000000000
61684  25.068  -40.457  56.713 0.0000000000
57616  25.136  -44.485  62.582 0.0000000000
51750  9.381  -49.411  68.915 0.0000000000
51757  10.148  -49.279  68.441 0.0000000000
97193  58.020  -11.957  32.326 0.0000000000
97194  57.482  -12.216  32.385 0.0000000000
91616  54.048  -15.882  31.852 0.0000000000
91604  54.205  -15.807  32.813 0.0000000000
87936  51.037  -19.565  37.298 0.0000000000
89099  51.424  -19.172  37.949 0.0000000000
90279  48.317  -17.180  39.633 0.0000000000
91522  48.387  -16.852  40.292 0.0000000000
81944  38.056  -24.449  39.622 0.0000000000
81834  42.031  -24.255  43.768 0.0000000000
81815  42.840  -24.134  44.752 0.0000000000
81814  43.235  -23.745  45.145 0.0000000000
81793  43.413  -24.089  45.542 0.0000000000
69522  36.989  -34.552  45.600 0.0000000000
70931  36.680  -33.781  44.529 0.0000000000
70910  37.573  -33.907  45.924 0.0000000000
73632  41.361  -31.703  48.096 0.0000000000
73650  40.896  -31.797  47.352 0.0000000000
73649  41.189  -31.431  47.592 0.0000000000
74898  41.291  -30.790  47.329 0.0000000000
74887  41.786  -30.779  48.384 0.0000000000
77043  43.892  -28.693  51.597 0.0000000000
78228  42.621  -27.496  50.910 0.0000000000
78219  42.314  -26.991  51.090 0.0000000000
79445  42.241  -26.328  50.726 0.0000000000
79434  42.587  -25.999  51.262 0.0000000000
97265  56.183  -11.298  26.623 0.0000000000
99467  55.705  -9.740  25.799 0.0000000000
98425  57.410  -10.519  26.151 0.0000000000
97264  57.059  -11.206  26.536 0.0000000000
98380  57.896  -10.788  30.846 0.0000000000
97207  58.096  -11.207  31.809 0.0000000000
97192  58.819  -11.706  32.400 0.0000000000
102658  62.129  -6.389  24.841 0.0000000000
101519  62.636  -7.226  25.070 0.0000000000
101511  62.655  -7.616  25.925 0.0000000000
100448  60.928  -8.731  28.825 0.0000000000
100441  61.821  -8.574  29.414 0.0000000000
100434  61.740  -9.104  30.280 0.0000000000
100442  61.253  -8.988  29.908 0.0000000000
64054  27.843  -39.150  57.915 0.0000000000
64076  28.443  -39.071  57.239 0.0000000000
64038  27.917  -39.486  58.619 0.0000000000
53094  13.144  -47.950  61.161 0.0000000000
51870  13.550  -48.308  61.950 0.0000000000
51821  13.296  -48.350  64.339 0.0000000000
53041  13.582  -47.587  66.318 0.0000000000
53042  12.714  -48.075  66.540 0.0000000000
91621  49.235  -16.675  32.011 0.0000000000
88999  44.566  -19.244  42.343 0.0000000000
88984  44.566  -19.574  43.217 0.0000000000
51824  3.941  -49.407  64.273 0.0000000000
51795  3.328  -49.582  66.066 0.0000000000
50421  3.212  -49.976  66.995 0.0000000000
65467  31.515  -37.681  45.526 0.0000000000
65466  32.512  -37.464  45.501 0.0000000000
64262  32.949  -38.431  48.735 0.0000000000
65387  33.202  -38.191  47.974 0.0000000000
64239  33.937  -38.419  49.250 0.0000000000
60377  24.498  -41.554  54.278 0.0000000000
60368  24.161  -42.120  54.827 0.0000000000
58998  23.861  -43.045  54.400 0.0000000000
57712  23.192  -43.829  54.161 0.0000000000
57693  22.878  -44.291  54.697 0.0000000000
57713  22.258  -44.289  54.146 0.0000000000
63044  24.832  -40.304  49.851 0.0000000000
64223  24.859  -39.307  49.715 0.0000000000
64222  24.805  -38.808  49.958 0.0000000000
61736  24.586  -41.340  53.138 0.0000000000
61735  24.984  -40.579  52.682 0.0000000000
54240  23.926  -46.925  61.932 0.0000000000
54227  23.903  -46.947  62.848 0.0000000000
98382  55.853  -11.169  30.509 0.0000000000
97209  56.119  -11.724  31.567 0.0000000000
98370  55.676  -11.324  31.036 0.0000000000
96019  55.388  -12.962  32.766 0.0000000000
94963  55.079  -13.381  32.920 0.0000000000
87990  46.556  -20.004  33.746 0.0000000000
86865  47.769  -20.282  34.008 0.0000000000
86854  47.300  -20.583  34.362 0.0000000000
86822  47.998  -20.961  36.527 0.0000000000
87960  49.648  -20.156  37.049 0.0000000000
87938  49.191  -19.260  37.970 0.0000000000
81898  37.036  -25.044  41.261 0.0000000000
81855  38.748  -25.355  43.307 0.0000000000
81818  39.750  -25.670  45.450 0.0000000000
68052  39.074  -35.631  48.204 0.0000000000
69460  38.861  -34.967  47.826 0.0000000000
69419  41.260  -34.597  50.347 0.0000000000
69440  40.755  -34.492  49.272 0.0000000000
70810  41.381  -34.027  49.596 0.0000000000
70830  41.202  -33.572  49.051 0.0000000000
70809  41.968  -33.847  50.011 0.0000000000
96096  52.849  -12.123  26.872 0.0000000000
96083  53.322  -12.875  27.275 0.0000000000
95024  54.810  -13.426  27.782 0.0000000000
96082  54.290  -12.887  27.287 0.0000000000
96081  55.339  -12.718  27.269 0.0000000000
96080  56.511  -12.782  27.721 0.0000000000
95009  56.023  -13.195  28.453 0.0000000000
97233  55.723  -11.549  29.546 0.0000000000
98395  56.252  -11.038  29.957 0.0000000000
100523  60.435  -7.678  23.372 0.0000000000
102683  60.948  -6.940  23.305 0.0000000000
101534  60.801  -7.140  23.743 0.0000000000
103868  60.912  -6.142  24.599 0.0000000000
102660  60.697  -6.790  24.469 0.0000000000
102654  60.362  -7.134  24.879 0.0000000000
101514  59.821  -8.808  25.343 0.0000000000
101505  59.761  -8.732  25.744 0.0000000000
100467  59.782  -8.386  26.715 0.0000000000
100468  59.228  -9.103  26.222 0.0000000000
64220  29.530  -38.979  51.228 0.0000000000
64219  30.460  -38.945  51.081 0.0000000000
64195  30.173  -39.364  52.233 0.0000000000
62974  31.077  -39.531  53.968 0.0000000000
63000  31.376  -39.495  53.097 0.0000000000
55321  18.305  -46.159  62.871 0.0000000000
54217  17.581  -46.533  64.110 0.0000000000
54216  17.971  -46.474  63.912 0.0000000000
55264  17.989  -46.720  65.161 0.0000000000
54172  18.524  -47.338  65.437 0.0000000000
55246  18.116  -47.086  65.336 0.0000000000
53075  14.753  -47.872  63.869 0.0000000000
53074  15.560  -47.534  63.577 0.0000000000
54204  15.482  -47.158  64.991 0.0000000000
97237  51.976  -12.191  30.096 0.0000000000
94977  51.215  -13.858  31.326 0.0000000000
94976  51.843  -13.534  31.565 0.0000000000
92760  53.159  -15.324  31.437 0.0000000000
92761  52.235  -15.575  31.793 0.0000000000
92747  51.031  -15.836  31.842 0.0000000000
90387  52.207  -16.962  32.474 0.0000000000
91618  52.035  -16.124  32.187 0.0000000000
90402  52.766  -16.958  32.066 0.0000000000
90401  52.974  -16.854  31.851 0.0000000000
90386  53.284  -17.240  32.317 0.0000000000
87942  45.664  -20.232  37.921 0.0000000000
87920  45.285  -19.721  38.386 0.0000000000
89042  45.915  -18.466  40.186 0.0000000000
89064  46.242  -18.433  39.397 0.0000000000
89041  46.588  -17.959  39.947 0.0000000000
88998  45.573  -18.991  42.300 0.0000000000
89017  45.805  -18.681  41.158 0.0000000000
88981  47.325  -18.007  42.736 0.0000000000
90203  48.034  -17.636  43.173 0.0000000000
90213  47.720  -17.316  42.305 0.0000000000
90211  49.090  -16.815  43.182 0.0000000000
78314  38.030  -27.354  43.890 0.0000000000
78315  37.354  -27.068  43.713 0.0000000000
96085  51.253  -12.337  27.165 0.0000000000
96098  51.513  -11.749  26.862 0.0000000000
95000  51.788  -13.224  29.190 0.0000000000
102705  57.957  -5.703  21.312 0.0000000000
51839  9.015  -49.188  63.017 0.0000000000
50505  8.123  -49.349  62.652 0.0000000000
50468  7.177  -49.797  64.460 0.0000000000
50467  8.134  -49.799  64.360 0.0000000000
50433  8.389  -49.750  66.171 0.0000000000
50415  7.867  -49.613  66.786 0.0000000000
50455  4.833  -49.807  65.218 0.0000000000
50454  5.850  -49.770  65.324 0.0000000000
85671  45.858  -21.252  34.733 0.0000000000
86857  44.270  -20.634  34.403 0.0000000000
86858  43.199  -20.792  34.579 0.0000000000
85658  44.590  -21.604  35.526 0.0000000000
85641  44.195  -21.960  36.341 0.0000000000
85611  43.678  -21.960  37.304 0.0000000000
87922  43.652  -20.279  38.696 0.0000000000
86774  42.969  -20.667  38.558 0.0000000000
85614  40.792  -22.141  38.209 0.0000000000
87925  41.659  -20.538  39.356 0.0000000000
86776  41.713  -20.968  38.837 0.0000000000
87924  42.137  -20.201  39.109 0.0000000000
87879  42.610  -19.613  40.369 0.0000000000
87846  41.969  -20.566  41.950 0.0000000000
87845  42.551  -19.809  42.294 0.0000000000
87834  42.725  -20.083  43.354 0.0000000000
87833  43.403  -19.861  43.694 0.0000000000
68140  35.283  -35.349  44.127 0.0000000000
69524  35.805  -34.963  44.573 0.0000000000
68122  35.661  -35.769  45.032 0.0000000000
65434  33.296  -37.508  46.169 0.0000000000
66659  33.682  -36.752  45.367 0.0000000000
65404  36.163  -37.347  47.678 0.0000000000
66628  35.653  -36.882  46.629 0.0000000000
66604  36.712  -36.841  47.429 0.0000000000
66627  36.387  -36.457  46.702 0.0000000000
66586  37.756  -36.572  48.125 0.0000000000
65336  38.037  -37.634  50.116 0.0000000000
65357  38.452  -37.212  49.808 0.0000000000
65335  38.788  -37.462  50.510 0.0000000000
65334  39.485  -37.269  51.032 0.0000000000
63042  31.980  -39.509  51.529 0.0000000000
63041  32.508  -39.384  51.224 0.0000000000
63019  34.366  -39.174  51.811 0.0000000000
64192  34.574  -38.867  51.099 0.0000000000
63018  35.233  -39.205  51.690 0.0000000000
62994  37.083  -39.452  52.049 0.0000000000
64171  37.858  -38.992  51.743 0.0000000000
62993  37.887  -39.285  52.286 0.0000000000
64150  39.775  -38.936  53.745 0.0000000000
60286  25.794  -41.448  60.727 0.0000000000
61606  25.482  -41.191  59.897 0.0000000000
58884  24.681  -42.456  60.073 0.0000000000
57637  24.494  -43.697  60.167 0.0000000000
58940  24.098  -42.828  56.658 0.0000000000
58919  24.022  -43.029  57.533 0.0000000000
56469  23.789  -44.832  59.265 0.0000000000
56461  23.991  -44.777  60.019 0.0000000000
55357  23.740  -45.642  59.645 0.0000000000
54284  23.355  -46.261  59.401 0.0000000000
54286  21.990  -46.489  58.763 0.0000000000
54268  22.799  -46.580  59.780 0.0000000000
54270  21.337  -46.388  59.518 0.0000000000
54255  21.384  -46.551  60.108 0.0000000000
57737  20.812  -44.196  53.184 0.0000000000
57714  21.213  -44.496  53.942 0.0000000000
57715  20.189  -44.441  53.950 0.0000000000
57717  18.033  -44.165  53.908 0.0000000000
56520  18.670  -44.677  55.526 0.0000000000
57694  19.123  -44.467  54.909 0.0000000000
56519  19.672  -44.739  55.397 0.0000000000
56503  19.893  -45.166  56.183 0.0000000000
56487  20.134  -45.509  56.818 0.0000000000
56488  19.427  -45.047  56.983 0.0000000000
56477  17.987  -45.159  57.921 0.0000000000
56476  18.997  -45.198  57.772 0.0000000000
55346  18.799  -45.715  60.523 0.0000000000
55364  16.037  -46.420  58.964 0.0000000000
54287  15.351  -46.592  58.984 0.0000000000
55408  14.311  -45.773  56.638 0.0000000000
56493  14.749  -45.674  56.651 0.0000000000
54289  13.739  -46.579  58.225 0.0000000000
54274  13.962  -46.954  59.068 0.0000000000
53121  13.359  -47.280  59.669 0.0000000000
53110  10.793  -48.062  59.958 0.0000000000
53096  11.127  -48.213  60.771 0.0000000000
51888  8.594  -48.579  60.659 0.0000000000
66663  28.760  -37.707  45.365 0.0000000000
65469  29.106  -37.802  45.722 0.0000000000
65438  28.761  -38.102  46.685 0.0000000000
68078  25.734  -36.950  46.165 0.0000000000
66633  26.298  -37.282  45.882 0.0000000000
66568  26.790  -37.952  48.905 0.0000000000
65413  27.407  -37.638  47.944 0.0000000000
65392  27.450  -37.959  48.461 0.0000000000
65391  28.337  -38.548  48.614 0.0000000000
65364  28.609  -38.783  50.045 0.0000000000
65319  27.087  -38.504  51.703 0.0000000000
65339  27.854  -38.777  51.252 0.0000000000
65304  27.526  -39.056  52.658 0.0000000000
64174  28.239  -39.295  52.763 0.0000000000
65293  27.074  -38.897  53.311 0.0000000000
64175  25.514  -39.077  52.070 0.0000000000
65296  25.701  -38.580  52.503 0.0000000000
64123  26.298  -38.995  55.106 0.0000000000
65273  26.387  -38.904  54.505 0.0000000000
64122  26.737  -38.933  55.218 0.0000000000
65271  27.074  -38.713  54.705 0.0000000000
64101  26.879  -39.407  55.886 0.0000000000
64079  26.464  -39.321  56.354 0.0000000000
61663  25.554  -40.385  58.404 0.0000000000
62794  26.239  -40.210  59.528 0.0000000000
60251  26.193  -42.576  61.718 0.0000000000
55283  20.086  -46.656  64.054 0.0000000000
55260  21.323  -47.108  64.320 0.0000000000
55261  20.574  -46.983  64.499 0.0000000000
50465  10.171  -49.828  64.382 0.0000000000
50483  10.584  -49.603  63.602 0.0000000000
50449  10.646  -49.794  65.223 0.0000000000
51756  10.955  -48.804  68.558 0.0000000000
51788  11.743  -48.625  66.870 0.0000000000
51770  11.881  -48.666  67.985 0.0000000000
51769  12.702  -48.731  67.776 0.0000000000
50414  12.562  -49.455  67.973 0.0000000000
94941  56.531  -13.389  33.233 0.0000000000
92742  56.496  -15.317  32.745 0.0000000000
96034  52.799  -12.849  31.260 0.0000000000
96033  53.792  -12.420  31.220 0.0000000000
93884  54.835  -14.072  33.572 0.0000000000
92701  53.994  -15.661  34.995 0.0000000000
91594  54.561  -15.996  35.102 0.0000000000
90339  55.650  -16.924  35.309 0.0000000000
90375  48.394  -18.389  32.728 0.0000000000
90391  48.040  -17.980  32.172 0.0000000000
90374  48.900  -18.245  32.792 0.0000000000
90373  49.805  -18.036  32.956 0.0000000000
86853  48.454  -20.456  34.274 0.0000000000
86852  49.586  -20.348  34.450 0.0000000000
86835  51.041  -20.194  34.888 0.0000000000
87973  52.558  -19.529  35.254 0.0000000000
87957  52.264  -19.564  36.218 0.0000000000
89097  53.164  -18.354  37.917 0.0000000000
90314  53.789  -17.813  37.781 0.0000000000
90295  53.444  -17.680  38.912 0.0000000000
89104  46.625  -19.132  38.264 0.0000000000
87940  47.245  -19.648  37.926 0.0000000000
91535  48.994  -17.379  39.280 0.0000000000
90315  48.715  -18.058  38.880 0.0000000000
89081  49.691  -18.490  38.705 0.0000000000
90278  49.928  -17.646  39.453 0.0000000000
91495  51.347  -16.670  40.639 0.0000000000
91518  51.010  -17.436  40.097 0.0000000000
90276  51.706  -17.682  39.957 0.0000000000
89060  52.318  -17.993  39.380 0.0000000000
84357  37.592  -22.601  39.244 0.0000000000
85553  38.463  -22.179  39.617 0.0000000000
85563  38.712  -22.114  39.557 0.0000000000
85552  39.153  -22.281  39.797 0.0000000000
81896  39.449  -25.222  40.992 0.0000000000
81894  41.133  -23.849  41.262 0.0000000000
83139  41.394  -23.216  41.150 0.0000000000
84326  41.052  -22.706  40.697 0.0000000000
84314  41.711  -22.498  41.212 0.0000000000
85526  41.948  -21.759  41.628 0.0000000000
84302  42.580  -22.508  42.639 0.0000000000
85501  43.646  -21.960  44.631 0.0000000000
85502  43.317  -21.818  44.245 0.0000000000
85488  43.869  -21.726  45.212 0.0000000000
86687  43.688  -21.002  44.943 0.0000000000
70883  38.950  -33.323  46.867 0.0000000000
72290  38.820  -33.003  46.530 0.0000000000
73687  39.734  -31.678  45.600 0.0000000000
73688  38.944  -32.020  45.014 0.0000000000
73707  39.273  -31.358  44.803 0.0000000000
74949  39.072  -30.673  44.272 0.0000000000
76050  39.571  -29.904  44.611 0.0000000000
76016  40.499  -28.638  46.174 0.0000000000
76037  39.830  -28.613  44.822 0.0000000000
77123  40.142  -28.268  45.858 0.0000000000
77104  39.914  -27.611  46.138 0.0000000000
77091  40.010  -27.598  46.806 0.0000000000
67941  42.536  -35.294  53.905 0.0000000000
67969  42.112  -35.299  52.691 0.0000000000
69376  42.873  -34.520  53.379 0.0000000000
72196  43.488  -32.960  52.465 0.0000000000
70778  43.088  -33.426  52.168 0.0000000000
72219  42.754  -32.773  50.355 0.0000000000
72218  43.295  -32.261  50.643 0.0000000000
75963  43.832  -29.288  50.969 0.0000000000
74861  44.230  -30.467  51.677 0.0000000000
75972  43.409  -29.867  50.227 0.0000000000
74875  43.057  -30.849  50.003 0.0000000000
75980  42.831  -29.732  49.619 0.0000000000
75981  41.997  -29.815  48.862 0.0000000000
77062  42.160  -28.593  49.185 0.0000000000
78239  41.379  -27.069  49.215 0.0000000000
77063  41.381  -27.526  48.866 0.0000000000
78251  40.282  -27.058  48.292 0.0000000000
78252  39.644  -27.019  47.748 0.0000000000
79477  39.925  -26.561  48.192 0.0000000000
80647  39.871  -25.941  47.926 0.0000000000
80638  40.407  -26.147  48.326 0.0000000000
81745  41.606  -25.309  48.936 0.0000000000
81775  41.485  -24.817  47.183 0.0000000000
81744  42.326  -24.971  49.077 0.0000000000
80607  43.520  -25.688  52.003 0.0000000000
81717  43.355  -25.259  51.645 0.0000000000
82993  43.488  -24.750  50.357 0.0000000000
83013  44.026  -24.332  49.517 0.0000000000
81743  43.239  -24.702  48.705 0.0000000000
83051  43.984  -23.612  47.259 0.0000000000
102687  56.672  -6.085  22.254 0.0000000000
99469  53.780  -9.375  26.176 0.0000000000
100491  56.750  -9.277  24.122 0.0000000000
100510  56.329  -8.599  23.570 0.0000000000
98424  58.357  -10.541  26.473 0.0000000000
99455  59.584  -9.680  27.275 0.0000000000
98414  59.821  -10.499  27.761 0.0000000000
96069  57.502  -12.622  28.259 0.0000000000
96068  58.252  -12.264  27.801 0.0000000000
96052  58.277  -12.176  28.712 0.0000000000
98379  58.951  -10.513  30.783 0.0000000000
97230  59.002  -11.365  29.110 0.0000000000
98392  59.599  -10.498  29.815 0.0000000000
98407  60.068  -10.376  28.762 0.0000000000
98377  60.713  -9.776  31.174 0.0000000000
96013  60.137  -11.866  32.315 0.0000000000
105095  60.891  -4.592  22.246 0.0000000000
105094  61.352  -4.412  22.402 0.0000000000
105087  61.432  -4.600  22.883 0.0000000000
102639  61.385  -7.148  27.046 0.0000000000
62792  27.503  -40.000  59.188 0.0000000000
51852  11.953  -48.953  62.707 0.0000000000
51837  12.082  -49.150  63.366 0.0000000000
50463  12.119  -49.282  64.226 0.0000000000
88959  45.160  -19.691  45.189 0.0000000000
65409  31.593  -38.106  47.322 0.0000000000
60378  24.233  -42.141  53.754 0.0000000000
59019  22.664  -43.682  53.018 0.0000000000
63025  24.912  -40.467  51.191 0.0000000000
54228  23.043  -46.896  62.496 0.0000000000
54200  22.347  -46.877  63.690 0.0000000000
54199  22.683  -46.989  64.100 0.0000000000
98397  54.384  -10.814  29.999 0.0000000000
98383  54.945  -11.111  30.579 0.0000000000
98384  54.215  -10.901  30.509 0.0000000000
97211  54.437  -11.783  31.223 0.0000000000
91565  54.450  -16.407  36.509 0.0000000000
92663  55.573  -15.945  37.776 0.0000000000
85670  46.730  -21.158  34.762 0.0000000000
86839  47.484  -21.005  34.992 0.0000000000
85655  47.210  -21.239  35.498 0.0000000000
85637  47.733  -21.141  36.273 0.0000000000
86796  47.717  -20.260  37.348 0.0000000000
81856  37.520  -25.793  43.302 0.0000000000
81837  38.563  -25.671  44.524 0.0000000000
81819  38.864  -25.673  45.755 0.0000000000
81797  39.672  -25.641  46.642 0.0000000000
68011  40.195  -35.975  50.437 0.0000000000
68031  40.194  -35.613  49.718 0.0000000000
68010  40.688  -35.513  50.694 0.0000000000
69400  41.067  -34.959  51.091 0.0000000000
95011  54.286  -13.431  28.458 0.0000000000
95010  55.216  -13.381  28.471 0.0000000000
94996  55.637  -13.084  29.031 0.0000000000
97234  54.689  -11.411  29.514 0.0000000000
100506  59.890  -8.312  23.737 0.0000000000
99481  59.755  -8.685  24.038 0.0000000000
100489  59.129  -9.234  24.256 0.0000000000
64173  29.081  -39.209  53.005 0.0000000000
64172  29.781  -39.142  53.478 0.0000000000
62975  30.244  -39.436  54.122 0.0000000000
62945  30.649  -39.697  54.840 0.0000000000
54256  17.089  -46.409  61.565 0.0000000000
55322  17.659  -46.292  62.550 0.0000000000
54244  17.174  -46.470  62.294 0.0000000000
54232  16.760  -46.874  62.737 0.0000000000
54218  16.773  -46.745  63.582 0.0000000000
54171  14.987  -47.450  66.391 0.0000000000
54170  15.811  -46.939  66.597 0.0000000000
96060  51.223  -13.166  30.365 0.0000000000
91620  50.315  -16.279  31.957 0.0000000000
89143  53.258  -18.702  34.206 0.0000000000
87972  53.317  -19.030  35.150 0.0000000000
87921  44.469  -19.929  38.500 0.0000000000
89086  44.843  -19.271  38.890 0.0000000000
51857  6.818  -49.307  62.205 0.0000000000
50506  7.562  -49.502  62.790 0.0000000000
85642  43.139  -22.216  36.397 0.0000000000
85643  42.541  -22.280  36.196 0.0000000000
84416  42.530  -22.409  36.718 0.0000000000
84398  42.208  -22.355  37.444 0.0000000000
85581  40.380  -21.842  38.849 0.0000000000
86777  41.128  -21.228  39.332 0.0000000000
87904  41.509  -20.625  39.879 0.0000000000
87880  41.890  -19.991  40.523 0.0000000000
66688  34.218  -36.266  44.819 0.0000000000
65406  34.584  -37.660  47.403 0.0000000000
65385  34.985  -37.812  48.153 0.0000000000
65384  35.821  -37.787  48.193 0.0000000000
65383  36.644  -37.390  48.288 0.0000000000
65382  37.425  -37.136  48.578 0.0000000000
65359  37.020  -37.651  49.117 0.0000000000
65337  37.353  -37.865  49.842 0.0000000000
64211  38.222  -37.917  50.562 0.0000000000
62998  33.143  -39.612  52.694 0.0000000000
62970  34.582  -39.588  53.291 0.0000000000
62911  37.725  -40.085  55.467 0.0000000000
60329  25.470  -40.924  58.882 0.0000000000
61637  25.433  -41.158  59.568 0.0000000000
58900  24.516  -42.512  59.031 0.0000000000
57669  23.862  -43.843  56.960 0.0000000000
56485  23.315  -45.010  57.315 0.0000000000
55387  23.243  -45.544  58.075 0.0000000000
55371  22.938  -46.084  58.309 0.0000000000
54300  22.324  -46.425  58.248 0.0000000000
55372  21.489  -46.313  58.574 0.0000000000
57696  17.350  -44.350  54.677 0.0000000000
55376  17.452  -45.557  58.711 0.0000000000
56478  17.024  -45.442  57.886 0.0000000000
56479  16.465  -45.607  57.845 0.0000000000
55392  16.090  -45.787  57.830 0.0000000000
54290  12.656  -46.723  58.158 0.0000000000
54276  12.188  -47.126  58.788 0.0000000000
66694  27.967  -37.209  44.590 0.0000000000
66664  28.104  -37.722  45.683 0.0000000000
68039  25.195  -36.821  48.239 0.0000000000
66590  25.614  -36.825  47.910 0.0000000000
66589  26.299  -37.057  48.151 0.0000000000
65341  26.585  -38.401  50.189 0.0000000000
65306  26.446  -38.372  52.354 0.0000000000
62948  25.719  -39.789  54.128 0.0000000000
64140  26.112  -39.187  53.989 0.0000000000
62920  25.582  -39.719  55.115 0.0000000000
62891  25.610  -39.590  55.757 0.0000000000
62890  25.944  -39.285  56.136 0.0000000000
62864  26.245  -39.372  57.074 0.0000000000
61683  25.616  -39.896  57.217 0.0000000000
51790  9.723  -49.850  66.537 0.0000000000
51809  10.533  -49.864  66.005 0.0000000000
93882  56.238  -13.995  33.450 0.0000000000
93909  53.385  -14.425  31.379 0.0000000000
93908  54.206  -14.315  31.707 0.0000000000
91564  55.188  -16.071  36.501 0.0000000000
89170  48.570  -18.791  33.173 0.0000000000
86820  49.969  -20.511  36.059 0.0000000000
86836  50.219  -20.446  35.137 0.0000000000
87958  51.431  -19.887  36.466 0.0000000000
89078  52.622  -18.246  38.660 0.0000000000
90300  47.528  -17.749  39.283 0.0000000000
89083  47.868  -18.147  38.859 0.0000000000
90299  48.472  -17.564  39.246 0.0000000000
91536  48.881  -17.243  39.459 0.0000000000
91494  52.445  -16.566  40.974 0.0000000000
84356  38.059  -23.139  39.362 0.0000000000
81853  41.139  -24.922  42.824 0.0000000000
83109  42.538  -23.426  43.086 0.0000000000
84301  42.812  -22.556  43.462 0.0000000000
83108  42.898  -23.145  43.730 0.0000000000
84281  43.207  -22.992  44.555 0.0000000000
84272  43.914  -22.593  45.708 0.0000000000
72272  40.449  -32.737  47.650 0.0000000000
72289  39.585  -32.650  46.756 0.0000000000
72288  40.331  -32.251  47.047 0.0000000000
73664  40.351  -31.749  46.472 0.0000000000
73686  40.325  -31.190  45.980 0.0000000000
74933  40.282  -30.586  45.627 0.0000000000
74912  40.724  -30.651  46.371 0.0000000000
76014  41.058  -29.684  46.685 0.0000000000
76002  41.237  -29.489  47.077 0.0000000000
69375  43.289  -33.987  53.557 0.0000000000
70756  43.613  -33.571  53.694 0.0000000000
72184  43.705  -32.892  53.183 0.0000000000
75964  43.227  -28.629  50.668 0.0000000000
77061  42.639  -28.886  49.873 0.0000000000
77052  42.595  -28.172  50.299 0.0000000000
78230  41.583  -26.932  49.777 0.0000000000
78231  41.438  -26.649  49.283 0.0000000000
80624  41.542  -26.043  49.309 0.0000000000
79458  41.738  -26.253  49.738 0.0000000000
80617  42.244  -25.912  50.187 0.0000000000
81726  42.500  -25.580  50.412 0.0000000000
99468  54.835  -9.549  26.186 0.0000000000
99477  56.183  -9.588  25.226 0.0000000000
99476  57.081  -9.866  25.171 0.0000000000
98366  59.456  -10.601  31.557 0.0000000000
97206  59.071  -11.073  32.025 0.0000000000
103874  61.352  -5.755  24.139 0.0000000000
105081  61.714  -4.996  23.620 0.0000000000
103873  61.931  -5.667  24.179 0.0000000000
102666  62.403  -6.155  23.959 0.0000000000
100455  61.731  -8.012  28.207 0.0000000000
101479  62.101  -7.912  29.090 0.0000000000
99436  62.356  -9.603  30.078 0.0000000000
64119  28.831  -39.261  55.665 0.0000000000
64075  29.236  -39.039  57.365 0.0000000000
64027  28.377  -39.734  58.771 0.0000000000
51868  15.214  -48.156  62.200 0.0000000000
51869  14.441  -48.247  62.045 0.0000000000
51834  14.410  -48.234  63.353 0.0000000000
53076  14.243  -48.112  63.846 0.0000000000
51851  13.069  -48.617  62.739 0.0000000000
51835  13.685  -48.381  63.610 0.0000000000
53066  14.134  -47.909  64.536 0.0000000000
53055  13.822  -47.590  65.500 0.0000000000
51768  13.996  -48.252  66.916 0.0000000000
92764  49.491  -15.270  31.036 0.0000000000
91639  49.889  -15.717  31.499 0.0000000000
89044  44.042  -19.006  40.667 0.0000000000
87843  45.084  -19.356  42.601 0.0000000000
88983  45.596  -19.282  43.245 0.0000000000
50488  5.554  -49.622  63.532 0.0000000000
50489  4.966  -49.657  63.886 0.0000000000
50471  4.616  -49.668  64.309 0.0000000000
51810  4.469  -49.864  65.674 0.0000000000
51811  3.865  -49.654  65.248 0.0000000000
51794  4.489  -49.958  66.232 0.0000000000
50420  4.191  -50.341  66.802 0.0000000000
85582  39.306  -21.963  38.737 0.0000000000
86754  40.089  -21.892  39.543 0.0000000000
65408  32.687  -37.990  47.174 0.0000000000
65407  33.690  -37.827  47.240 0.0000000000
65386  34.107  -38.129  48.167 0.0000000000
64238  35.030  -38.316  49.371 0.0000000000
60358  24.208  -42.033  55.989 0.0000000000
58958  24.126  -42.834  56.017 0.0000000000
56515  23.558  -44.209  55.659 0.0000000000
56516  22.965  -44.705  55.401 0.0000000000
57697  16.386  -44.519  54.459 0.0000000000
56523  15.577  -45.111  55.016 0.0000000000
65368  24.636  -37.930  48.712 0.0000000000
65367  25.014  -38.057  49.376 0.0000000000
65342  25.150  -38.344  50.149 0.0000000000
65322  25.527  -38.672  50.901 0.0000000000
62976  25.597  -39.908  52.966 0.0000000000
61748  24.949  -40.515  52.110 0.0000000000
98368  56.756  -11.383  31.199 0.0000000000
97208  57.055  -11.680  31.801 0.0000000000
96030  56.502  -12.077  32.052 0.0000000000
97210  55.215  -11.662  31.355 0.0000000000
96018  55.846  -12.766  32.935 0.0000000000
94942  55.729  -13.336  33.437 0.0000000000
92702  53.871  -15.825  35.137 0.0000000000
88012  47.310  -19.863  33.641 0.0000000000
91470  48.842  -16.446  41.473 0.0000000000
92607  49.206  -16.458  41.167 0.0000000000
81924  37.578  -25.018  40.236 0.0000000000
81854  39.993  -25.323  43.094 0.0000000000
81835  40.984  -25.150  44.017 0.0000000000
69481  37.755  -34.928  46.822 0.0000000000
69498  37.885  -34.368  46.663 0.0000000000
69480  38.352  -34.621  47.207 0.0000000000
69479  39.134  -34.383  47.517 0.0000000000
69478  39.753  -34.231  47.717 0.0000000000
69441  40.064  -34.996  48.869 0.0000000000
69458  40.216  -34.352  48.314 0.0000000000
70864  40.147  -33.644  47.708 0.0000000000
72256  41.260  -32.757  48.511 0.0000000000
72255  41.748  -32.277  48.638 0.0000000000
97268  53.239  -11.307  26.744 0.0000000000
97267  54.157  -11.334  26.788 0.0000000000
97266  55.204  -11.530  26.731 0.0000000000
97254  56.839  -11.927  27.077 0.0000000000
96053  57.341  -12.419  29.154 0.0000000000
94995  56.204  -13.046  28.921 0.0000000000
96054  56.269  -12.513  29.294 0.0000000000
98381  56.841  -11.190  30.691 0.0000000000
103907  60.717  -5.469  21.598 0.0000000000
103893  60.717  -5.578  22.492 0.0000000000
101571  60.526  -7.153  22.097 0.0000000000
102684  60.784  -6.530  22.801 0.0000000000
103882  60.770  -5.728  23.284 0.0000000000
103875  60.929  -5.815  23.944 0.0000000000
103867  61.112  -6.151  24.878 0.0000000000
102652  61.422  -6.478  25.518 0.0000000000
102644  62.338  -7.334  26.580 0.0000000000
102646  60.862  -6.934  26.361 0.0000000000
101513  60.138  -7.966  25.270 0.0000000000
101503  60.373  -7.571  26.538 0.0000000000
101494  60.717  -7.592  27.199 0.0000000000
101495  59.986  -7.891  26.904 0.0000000000
64265  30.342  -38.830  49.636 0.0000000000
64242  30.804  -38.776  50.200 0.0000000000
63022  31.434  -39.572  52.080 0.0000000000
63023  30.899  -39.519  52.648 0.0000000000
62999  32.216  -39.484  52.885 0.0000000000
64118  29.482  -39.372  55.780 0.0000000000
62918  30.216  -39.517  55.735 0.0000000000
62917  31.013  -39.833  55.666 0.0000000000
62888  31.367  -39.870  56.568 0.0000000000
59094  22.725  -42.506  50.349 0.0000000000
55333  19.665  -45.964  61.294 0.0000000000
55320  19.479  -45.900  62.455 0.0000000000
55284  19.088  -46.707  64.352 0.0000000000
55262  19.701  -46.825  64.839 0.0000000000
54187  19.338  -47.184  65.264 0.0000000000
53084  15.792  -47.604  62.709 0.0000000000
53073  16.238  -47.076  63.895 0.0000000000
54188  16.745  -46.804  65.193 0.0000000000
55239  16.019  -47.222  66.512 0.0000000000
55237  17.152  -47.636  65.880 0.0000000000
54167  17.252  -47.610  65.925 0.0000000000
97236  52.685  -11.944  29.851 0.0000000000
97222  52.430  -12.081  30.401 0.0000000000
96035  52.240  -13.027  31.479 0.0000000000
94975  52.710  -13.622  31.396 0.0000000000
91636  53.627  -15.717  31.538 0.0000000000
91617  53.778  -16.406  32.301 0.0000000000
93923  50.223  -14.262  30.616 0.0000000000
92745  51.984  -15.828  32.030 0.0000000000
89165  53.468  -18.153  33.870 0.0000000000
85608  46.142  -21.282  36.983 0.0000000000
86798  46.202  -20.897  37.376 0.0000000000
89085  45.894  -19.035  38.744 0.0000000000
89084  46.914  -18.338  38.861 0.0000000000
90301  47.056  -17.870  39.248 0.0000000000
90281  47.099  -17.600  39.655 0.0000000000
90256  47.517  -16.950  40.896 0.0000000000
90229  47.022  -17.467  41.271 0.0000000000
90228  47.494  -17.093  41.636 0.0000000000
91471  47.987  -16.724  41.458 0.0000000000
91449  49.256  -16.346  42.444 0.0000000000
79560  37.043  -26.694  43.525 0.0000000000
79541  37.730  -26.673  44.122 0.0000000000
79519  38.792  -26.285  44.910 0.0000000000
66508  41.182  -37.034  52.977 0.0000000000
66520  41.467  -36.232  52.457 0.0000000000
66491  42.365  -36.102  54.156 0.0000000000
97270  51.707  -11.248  26.711 0.0000000000
96097  52.005  -11.985  26.801 0.0000000000
96084  52.339  -12.763  27.207 0.0000000000
94999  52.753  -13.125  29.101 0.0000000000
102685  58.435  -7.229  21.717 0.0000000000
51854  9.846  -49.267  62.394 0.0000000000
51838  9.285  -49.226  62.804 0.0000000000
50484  9.579  -49.536  63.342 0.0000000000
50466  9.135  -49.894  64.309 0.0000000000
50432  9.120  -49.919  65.975 0.0000000000
50469  6.230  -49.783  64.471 0.0000000000
50453  6.821  -49.735  65.351 0.0000000000
50434  7.408  -49.665  66.147 0.0000000000
51774  7.630  -49.540  67.411 0.0000000000
50403  8.386  -49.786  68.431 0.0000000000
85657  45.587  -21.551  35.512 0.0000000000
85609  45.691  -21.349  36.986 0.0000000000
86800  44.365  -21.085  37.690 0.0000000000
87944  44.142  -20.513  38.150 0.0000000000
87901  43.477  -19.721  39.344 0.0000000000
85613  41.788  -21.635  38.224 0.0000000000
86802  42.516  -21.051  38.206 0.0000000000
87878  43.356  -19.339  40.075 0.0000000000
89045  43.222  -19.176  40.907 0.0000000000
89020  43.221  -19.262  41.416 0.0000000000
87859  43.262  -19.364  41.815 0.0000000000
87844  43.010  -19.498  42.162 0.0000000000
88985  43.421  -19.558  43.377 0.0000000000
88972  43.759  -19.890  43.831 0.0000000000
87811  44.120  -19.928  45.278 0.0000000000
69542  35.770  -34.675  44.032 0.0000000000
69523  36.216  -34.833  45.161 0.0000000000
68120  37.055  -35.122  46.120 0.0000000000
66658  34.724  -36.430  45.431 0.0000000000
65432  34.993  -37.320  46.828 0.0000000000
66629  34.912  -36.947  46.200 0.0000000000
66657  35.605  -36.398  45.892 0.0000000000
68095  37.243  -35.568  46.648 0.0000000000
68074  37.889  -35.495  47.248 0.0000000000
66585  38.497  -36.300  48.284 0.0000000000
66584  39.146  -36.234  48.718 0.0000000000
66566  38.690  -36.830  49.124 0.0000000000
66565  39.388  -36.301  49.454 0.0000000000
66548  39.687  -36.575  50.395 0.0000000000
66532  40.038  -36.744  51.417 0.0000000000
66522  40.137  -37.090  52.012 0.0000000000
64241  31.770  -38.767  49.948 0.0000000000
63020  33.416  -39.306  51.626 0.0000000000
64216  33.643  -38.900  50.563 0.0000000000
62969  35.443  -39.647  53.437 0.0000000000
62995  35.907  -39.570  52.393 0.0000000000
63017  36.148  -39.175  51.523 0.0000000000
64190  36.403  -38.715  50.882 0.0000000000
64189  37.298  -38.737  51.140 0.0000000000
64188  38.377  -38.373  51.139 0.0000000000
64151  39.010  -39.150  53.075 0.0000000000
64187  39.129  -38.306  51.721 0.0000000000
65303  40.348  -37.608  52.364 0.0000000000
65302  40.955  -37.471  52.796 0.0000000000
61575  26.160  -41.536  60.725 0.0000000000
60266  25.835  -41.917  61.394 0.0000000000
60267  25.266  -42.004  61.333 0.0000000000
58878  25.322  -42.479  61.568 0.0000000000
58870  24.983  -43.058  61.763 0.0000000000
57623  25.007  -43.895  62.218 0.0000000000
56452  24.734  -44.750  61.657 0.0000000000
58939  24.231  -42.360  57.228 0.0000000000
57656  23.791  -43.906  57.939 0.0000000000
57647  24.099  -43.773  59.043 0.0000000000
56460  24.385  -44.705  60.802 0.0000000000
55342  24.476  -45.644  61.193 0.0000000000
54251  24.471  -46.348  61.626 0.0000000000
54252  23.908  -46.540  60.967 0.0000000000
54253  22.916  -46.759  60.609 0.0000000000
54242  22.026  -46.948  61.133 0.0000000000
55331  21.375  -46.750  61.092 0.0000000000
55332  20.755  -46.450  60.866 0.0000000000
59071  22.825  -42.625  51.015 0.0000000000
57756  21.335  -43.999  52.483 0.0000000000
56537  21.507  -44.850  54.682 0.0000000000
57716  19.141  -44.293  54.105 0.0000000000
56518  20.751  -45.160  55.488 0.0000000000
56501  21.334  -45.564  56.133 0.0000000000
55407  20.799  -45.759  56.669 0.0000000000
55390  20.608  -45.854  57.468 0.0000000000
55373  20.822  -45.961  58.426 0.0000000000
55360  20.272  -45.820  59.248 0.0000000000
55345  19.910  -45.907  60.210 0.0000000000
55348  16.782  -46.320  60.392 0.0000000000
54271  16.252  -46.448  60.277 0.0000000000
54258  15.639  -46.934  60.627 0.0000000000
54259  14.776  -46.977  60.168 0.0000000000
56492  15.292  -45.574  56.783 0.0000000000
55393  15.455  -45.884  57.464 0.0000000000
55380  13.997  -46.208  57.536 0.0000000000
55379  14.693  -46.339  57.797 0.0000000000
54273  14.753  -46.782  59.398 0.0000000000
53106  14.784  -47.392  60.899 0.0000000000
53107  13.842  -47.393  60.508 0.0000000000
53122  12.406  -47.410  59.499 0.0000000000
53095  12.127  -48.105  60.980 0.0000000000
53111  9.822  -47.994  60.057 0.0000000000
51886  9.960  -48.121  60.739 0.0000000000
51874  9.144  -48.824  61.444 0.0000000000
53098  7.246  -48.894  60.716 0.0000000000
51876  7.033  -49.179  61.328 0.0000000000
66662  31.148  -37.477  44.786 0.0000000000
65468  30.289  -37.783  45.412 0.0000000000
65486  29.554  -37.810  45.151 0.0000000000
66631  27.450  -38.166  46.552 0.0000000000
66607  27.031  -37.751  47.382 0.0000000000
66606  27.547  -38.251  47.041 0.0000000000
65439  28.048  -38.221  46.572 0.0000000000
64244  29.143  -38.952  50.637 0.0000000000
64154  28.312  -39.266  53.597 0.0000000000
64138  28.237  -39.281  54.412 0.0000000000
65307  26.006  -38.483  52.064 0.0000000000
65294  26.485  -38.480  53.250 0.0000000000
64155  26.085  -38.816  53.726 0.0000000000
65284  26.321  -38.818  53.913 0.0000000000
65282  27.231  -39.015  54.051 0.0000000000
65270  27.545  -39.113  54.668 0.0000000000
64120  28.064  -39.209  55.343 0.0000000000
64100  27.518  -39.279  56.143 0.0000000000
64077  27.683  -39.149  57.080 0.0000000000
64055  27.169  -39.260  57.756 0.0000000000
62838  26.707  -39.506  58.362 0.0000000000
62793  26.558  -40.329  59.525 0.0000000000
55281  21.859  -47.007  64.216 0.0000000000
50503  10.726  -49.364  62.921 0.0000000000
50464  11.253  -49.619  64.540 0.0000000000
51823  11.987  -49.180  65.030 0.0000000000
51807  12.228  -48.549  65.805 0.0000000000
50413  13.059  -48.874  67.358 0.0000000000
96041  53.329  -11.874  30.776 0.0000000000
91622  48.252  -16.907  32.020 0.0000000000
88010  49.257  -19.425  33.528 0.0000000000
87987  49.859  -19.799  33.987 0.0000000000
88009  49.997  -19.270  33.605 0.0000000000
87986  50.702  -19.530  33.991 0.0000000000
89145  51.258  -19.130  33.831 0.0000000000
89144  51.591  -19.183  33.822 0.0000000000
89117  52.656  -19.134  36.843 0.0000000000
86797  46.966  -20.457  37.470 0.0000000000
89102  48.418  -18.441  38.514 0.0000000000
87918  49.955  -19.109  38.325 0.0000000000
89080  50.657  -18.657  38.621 0.0000000000
92627  49.435  -16.562  41.013 0.0000000000
91497  49.421  -16.915  40.532 0.0000000000
91520  49.411  -17.266  39.756 0.0000000000
92625  50.843  -16.298  41.127 0.0000000000
90277  50.774  -18.021  39.502 0.0000000000
89062  51.189  -18.442  38.980 0.0000000000
90296  52.761  -17.856  39.151 0.0000000000
90254  53.000  -17.168  40.585 0.0000000000
90274  53.596  -17.381  39.954 0.0000000000
90294  54.289  -17.186  39.414 0.0000000000
86756  38.478  -21.729  39.139 0.0000000000
86755  39.011  -21.956  39.337 0.0000000000
86738  39.978  -21.987  39.896 0.0000000000
81943  38.808  -24.277  39.796 0.0000000000
83160  39.171  -23.597  39.859 0.0000000000
81871  41.133  -24.479  41.809 0.0000000000
83159  40.129  -23.657  40.165 0.0000000000
84337  39.488  -22.843  40.109 0.0000000000
85551  39.958  -22.316  40.159 0.0000000000
86726  40.414  -21.945  40.164 0.0000000000
86725  41.146  -21.507  40.459 0.0000000000
86718  41.749  -21.229  41.333 0.0000000000
86717  41.960  -21.093  42.287 0.0000000000
86708  42.352  -20.952  43.162 0.0000000000
85515  42.661  -21.745  43.298 0.0000000000
86697  42.989  -21.161  43.517 0.0000000000
86707  43.083  -20.679  43.566 0.0000000000
87822  43.636  -20.449  44.076 0.0000000000
87812  43.829  -20.414  45.189 0.0000000000
70929  38.056  -32.988  45.250 0.0000000000
72313  39.425  -32.244  46.111 0.0000000000
77154  39.046  -28.575  44.037 0.0000000000
76036  40.179  -29.295  45.316 0.0000000000
77141  38.907  -27.812  44.206 0.0000000000
78294  39.839  -27.182  44.895 0.0000000000
78275  39.288  -26.409  45.382 0.0000000000
78265  39.209  -26.707  46.005 0.0000000000
67970  41.735  -35.578  52.346 0.0000000000
69386  41.705  -34.941  52.041 0.0000000000
69399  41.664  -34.554  51.399 0.0000000000
70768  42.793  -34.030  52.583 0.0000000000
70779  42.536  -33.856  51.955 0.0000000000
70793  41.938  -33.917  50.771 0.0000000000
70808  42.298  -33.514  50.462 0.0000000000
72235  42.605  -32.550  49.702 0.0000000000
73615  42.832  -31.968  49.488 0.0000000000
72195  44.045  -32.295  52.425 0.0000000000
74860  44.528  -30.835  52.353 0.0000000000
73593  44.396  -31.483  52.017 0.0000000000
72207  44.101  -32.045  51.750 0.0000000000
73603  43.607  -31.725  50.697 0.0000000000
77088  41.495  -29.029  47.802 0.0000000000
77089  41.102  -28.477  47.445 0.0000000000
77076  41.477  -28.362  48.262 0.0000000000
77090  40.448  -28.017  47.093 0.0000000000
78263  40.025  -27.433  47.494 0.0000000000
79488  39.085  -26.541  46.403 0.0000000000
80658  39.066  -25.963  46.669 0.0000000000
80657  39.567  -25.849  47.303 0.0000000000
81746  41.306  -25.722  48.710 0.0000000000
81761  40.931  -25.429  48.243 0.0000000000
81776  40.652  -25.177  47.438 0.0000000000
81774  42.531  -24.802  46.850 0.0000000000
80608  42.914  -25.747  51.457 0.0000000000
81718  42.775  -25.474  51.138 0.0000000000
81733  42.782  -25.207  50.018 0.0000000000
82974  43.803  -24.680  51.205 0.0000000000
81758  43.376  -24.568  47.605 0.0000000000
81773  43.475  -24.396  46.490 0.0000000000
84262  44.070  -22.621  46.640 0.0000000000
85467  44.041  -21.735  47.049 0.0000000000
101538  56.811  -7.900  23.098 0.0000000000
101537  57.396  -8.542  22.951 0.0000000000
100481  58.521  -9.438  25.409 0.0000000000
99475  57.889  -9.655  25.207 0.0000000000
100469  58.469  -9.541  25.644 0.0000000000
100458  59.201  -9.140  27.062 0.0000000000
97253  57.643  -11.709  27.015 0.0000000000
97252  58.501  -11.451  27.193 0.0000000000
97251  59.376  -11.217  27.589 0.0000000000
97244  59.679  -11.185  28.377 0.0000000000
99449  60.421  -9.497  28.861 0.0000000000
99448  60.663  -9.307  29.692 0.0000000000
99443  60.944  -9.309  30.509 0.0000000000
98364  61.393  -10.192  31.804 0.0000000000
97205  59.922  -11.125  31.953 0.0000000000
97204  60.818  -11.247  32.035 0.0000000000
50400  12.627  -49.101  68.192 0.0000000000
50437  4.786  -49.997  65.834 0.0000000000
50481  12.123  -49.230  63.679 0.0000000000
51749  10.268  -49.306  69.155 0.0000000000
51754  12.433  -49.006  68.544 0.0000000000
51758  9.183  -49.432  68.194 0.0000000000
51759  8.215  -49.576  68.055 0.0000000000
51766  16.255  -48.088  66.642 0.0000000000
51789  10.688  -49.245  66.732 0.0000000000
51791  8.998  -49.787  66.482 0.0000000000
51833  15.000  -48.076  63.288 0.0000000000
51849  14.757  -48.298  62.735 0.0000000000
51867  15.536  -47.864  62.390 0.0000000000
53024  15.091  -47.942  66.783 0.0000000000
53027  17.562  -47.744  66.008 0.0000000000
53028  17.125  -47.841  66.401 0.0000000000
53030  15.982  -47.562  66.953 0.0000000000
53031  14.432  -47.703  66.648 0.0000000000
53040  14.410  -47.368  66.074 0.0000000000
53056  12.989  -47.908  65.662 0.0000000000
53063  16.247  -46.980  64.230 0.0000000000
53064  15.970  -47.161  64.297 0.0000000000
53065  15.220  -47.408  64.621 0.0000000000
53090  16.282  -47.332  62.462 0.0000000000
53092  14.981  -47.853  61.558 0.0000000000
54164  15.787  -46.932  67.132 0.0000000000
54166  14.969  -47.686  66.602 0.0000000000
54168  16.765  -47.675  66.403 0.0000000000
54169  16.293  -46.960  66.868 0.0000000000
54173  17.830  -47.444  65.674 0.0000000000
54174  16.363  -47.161  65.530 0.0000000000
54175  15.951  -47.256  65.684 0.0000000000
54176  15.742  -47.304  65.934 0.0000000000
54177  15.142  -47.289  65.976 0.0000000000
54185  20.833  -47.441  64.666 0.0000000000
54190  15.754  -47.139  65.346 0.0000000000
54191  15.336  -47.260  65.387 0.0000000000
54201  17.214  -46.560  64.814 0.0000000000
54202  16.518  -46.773  64.474 0.0000000000
54203  15.838  -47.020  64.828 0.0000000000
54230  17.949  -46.418  63.606 0.0000000000
54243  21.503  -46.733  60.691 0.0000000000
54269  21.981  -46.565  59.484 0.0000000000
54301  21.850  -46.493  58.314 0.0000000000
55238  16.325  -47.472  66.238 0.0000000000
55240  15.912  -47.128  66.293 0.0000000000
55247  17.464  -47.183  65.526 0.0000000000
55248  16.762  -47.238  65.630 0.0000000000
55249  16.151  -47.402  65.928 0.0000000000
55250  15.880  -47.038  65.932 0.0000000000
55285  18.321  -46.606  64.673 0.0000000000
55286  17.774  -46.507  64.801 0.0000000000
55305  18.337  -46.498  63.958 0.0000000000
55306  18.020  -46.493  64.451 0.0000000000
55335  17.675  -46.099  61.969 0.0000000000
55358  21.584  -46.344  59.094 0.0000000000
55388  22.664  -45.933  57.659 0.0000000000
56434  25.113  -44.985  63.030 0.0000000000
60311  25.400  -41.178  59.205 0.0000000000
62863  26.615  -39.362  57.644 0.0000000000
62919  25.916  -39.250  55.209 0.0000000000
63003  24.933  -40.491  51.811 0.0000000000
63040  33.054  -39.251  50.935 0.0000000000
63043  24.945  -39.446  50.050 0.0000000000
64139  26.206  -39.075  54.420 0.0000000000
64245  24.906  -38.394  49.224 0.0000000000
65283  26.700  -38.837  54.004 0.0000000000
65292  27.632  -39.223  53.404 0.0000000000
65318  27.473  -38.808  52.025 0.0000000000
65362  34.676  -38.116  48.769 0.0000000000
66506  42.317  -35.802  53.485 0.0000000000
66534  25.749  -38.284  50.338 0.0000000000
66602  38.030  -36.057  47.735 0.0000000000
66603  37.425  -36.271  47.411 0.0000000000
66605  36.077  -37.008  47.169 0.0000000000
66660  32.888  -36.875  44.973 0.0000000000
67953  42.402  -35.232  53.126 0.0000000000
67987  41.504  -35.115  51.898 0.0000000000
68096  36.752  -35.991  46.569 0.0000000000
69364  43.395  -34.256  54.030 0.0000000000
69398  42.117  -34.128  51.767 0.0000000000
69540  36.639  -34.122  44.966 0.0000000000
70792  42.356  -33.636  51.192 0.0000000000
70829  41.672  -33.510  49.379 0.0000000000
70865  39.469  -33.613  47.268 0.0000000000
70866  38.770  -33.856  47.154 0.0000000000
70885  37.765  -34.120  46.363 0.0000000000
70909  37.964  -33.294  45.690 0.0000000000
72209  42.832  -33.066  51.149 0.0000000000
72220  42.264  -33.215  50.051 0.0000000000
72237  41.536  -33.145  49.079 0.0000000000
73594  44.037  -31.528  51.297 0.0000000000
74868  43.436  -31.270  50.332 0.0000000000
74874  43.383  -30.397  50.177 0.0000000000
74911  41.110  -30.030  46.695 0.0000000000
75979  43.233  -30.206  49.944 0.0000000000
76003  40.815  -28.693  46.746 0.0000000000
76015  40.789  -29.547  46.343 0.0000000000
77054  41.517  -27.266  49.413 0.0000000000
77064  40.831  -27.220  48.471 0.0000000000
77103  40.221  -28.051  46.460 0.0000000000
77125  39.533  -27.554  44.607 0.0000000000
77140  39.540  -28.228  44.466 0.0000000000
78229  42.011  -27.170  50.477 0.0000000000
78240  40.992  -26.866  48.814 0.0000000000
78274  39.710  -26.968  45.584 0.0000000000
78295  39.116  -26.934  44.656 0.0000000000
79444  42.552  -26.703  51.305 0.0000000000
79446  41.988  -26.229  50.074 0.0000000000
79459  41.326  -26.346  49.016 0.0000000000
79487  39.341  -26.552  46.942 0.0000000000
79500  38.829  -26.402  45.750 0.0000000000
79520  38.242  -26.391  44.611 0.0000000000
80623  41.808  -25.850  49.624 0.0000000000
80630  41.610  -25.797  49.222 0.0000000000
80631  41.217  -26.084  48.717 0.0000000000
80639  39.764  -26.281  47.923 0.0000000000
80648  39.439  -26.217  47.305 0.0000000000
80649  39.122  -26.291  46.693 0.0000000000
80659  38.701  -26.226  46.189 0.0000000000
81727  42.050  -25.849  49.772 0.0000000000
81747  40.925  -25.971  48.436 0.0000000000
81762  40.581  -25.826  48.249 0.0000000000
81870  41.661  -23.856  41.712 0.0000000000
81893  41.473  -23.578  41.407 0.0000000000
81895  40.395  -24.385  40.880 0.0000000000
81922  39.638  -24.494  40.120 0.0000000000
82957  43.500  -24.901  51.496 0.0000000000
83050  44.323  -23.243  48.088 0.0000000000
83080  43.556  -23.340  45.366 0.0000000000
83081  43.211  -23.372  44.843 0.0000000000
83094  43.028  -23.434  44.267 0.0000000000
83095  42.724  -23.708  43.739 0.0000000000
83123  41.905  -22.974  41.511 0.0000000000
83138  41.727  -23.380  41.553 0.0000000000
84280  43.543  -22.609  44.850 0.0000000000
84290  43.391  -22.228  44.486 0.0000000000
84313  42.167  -22.434  41.874 0.0000000000
84327  40.239  -22.816  40.516 0.0000000000
84339  38.124  -22.240  39.571 0.0000000000
84397  42.917  -22.288  37.230 0.0000000000
84415  42.957  -22.346  36.841 0.0000000000
85489  43.650  -21.470  44.620 0.0000000000
85503  43.073  -21.547  43.802 0.0000000000
85514  42.881  -22.020  43.866 0.0000000000
85538  40.685  -22.175  40.391 0.0000000000
85579  41.562  -21.347  38.627 0.0000000000
85669  47.216  -21.073  34.853 0.0000000000
86679  43.914  -20.900  46.586 0.0000000000
86686  43.811  -21.005  45.713 0.0000000000
86780  38.696  -21.715  39.069 0.0000000000
86803  42.076  -21.055  38.492 0.0000000000
86851  50.424  -20.117  34.431 0.0000000000
87813  43.717  -20.694  44.604 0.0000000000
87820  44.141  -19.858  44.794 0.0000000000
87832  44.806  -19.462  42.770 0.0000000000
87842  45.355  -19.316  42.770 0.0000000000
87862  41.451  -20.795  40.935 0.0000000000
87919  49.449  -18.801  38.409 0.0000000000
87983  53.309  -18.866  34.613 0.0000000000
87989  47.060  -20.114  33.955 0.0000000000
88008  51.836  -19.208  33.805 0.0000000000
88960  44.506  -19.878  45.196 0.0000000000
88996  47.179  -17.701  42.238 0.0000000000
89001  42.944  -19.298  42.726 0.0000000000
90316  48.542  -18.029  38.928 0.0000000000
91451  47.821  -16.890  41.899 0.0000000000
91498  48.871  -16.678  40.695 0.0000000000
92746  51.666  -15.821  31.986 0.0000000000
96000  56.110  -13.015  33.351 0.0000000000
96044  51.333  -13.232  30.728 0.0000000000
96078  58.035  -12.039  27.316 0.0000000000
97190  60.145  -11.510  32.184 0.0000000000
97218  57.000  -11.354  31.231 0.0000000000
98391  60.317  -9.776  30.309 0.0000000000
98398  53.881  -10.867  30.228 0.0000000000
99437  62.126  -9.455  30.633 0.0000000000
99482  59.591  -8.966  24.126 0.0000000000
99497  59.559  -8.822  23.831 0.0000000000
99498  59.354  -9.091  23.918 0.0000000000
100435  61.385  -9.186  30.479 0.0000000000
100447  61.635  -8.037  28.748 0.0000000000
100479  59.737  -8.872  24.944 0.0000000000
100505  60.252  -7.821  23.593 0.0000000000
100524  60.164  -8.039  23.070 0.0000000000
101520  60.567  -7.195  24.306 0.0000000000
101535  60.637  -7.298  23.829 0.0000000000
101536  60.252  -7.738  23.924 0.0000000000
101554  60.826  -7.177  23.498 0.0000000000
101555  60.718  -7.456  23.004 0.0000000000
102661  60.472  -7.109  24.656 0.0000000000
102667  60.922  -6.961  23.620 0.0000000000
105082  61.200  -5.159  23.566 0.0000000000
105083  60.911  -5.340  23.514 0.0000000000
106233  61.398  -4.230  21.974 0.0000000000
