#!ascii label  , from subject 3074 vox2ras=TkReg
255
102051  27.653  -7.392  -14.307 0.0000000000
89802  27.665  -17.838  -14.405 0.0000000000
109062  24.277  -1.967  -15.068 0.0000000000
120511  22.775  8.483  -14.682 0.0000000000
88613  25.258  -19.033  -13.278 0.0000000000
111357  27.262  0.406  -13.728 0.0000000000
114929  26.234  3.455  -14.037 0.0000000000
101018  25.542  -8.401  -14.022 0.0000000000
96643  26.932  -12.534  -13.826 0.0000000000
98952  28.308  -10.054  -14.145 0.0000000000
104465  29.975  -5.667  -15.058 0.0000000000
101033  30.545  -9.326  -16.536 0.0000000000
105630  26.221  -4.492  -14.673 0.0000000000
107877  29.386  -2.338  -14.505 0.0000000000
117367  22.938  5.597  -14.624 0.0000000000
117386  26.664  5.920  -14.692 0.0000000000
94522  29.057  -15.693  -14.404 0.0000000000
112482  24.816  1.519  -14.189 0.0000000000
114931  24.310  3.515  -14.057 0.0000000000
101017  26.542  -8.419  -14.037 0.0000000000
99996  27.000  -9.352  -13.958 0.0000000000
101015  28.418  -8.619  -14.186 0.0000000000
88611  26.032  -18.899  -13.945 0.0000000000
106752  25.409  -3.583  -14.805 0.0000000000
106750  27.390  -3.405  -14.369 0.0000000000
107880  26.684  -2.514  -14.331 0.0000000000
112478  28.599  1.344  -14.613 0.0000000000
111354  29.700  -0.326  -15.227 0.0000000000
120512  21.686  8.463  -14.655 0.0000000000
117369  21.222  5.782  -15.127 0.0000000000
118454  22.584  6.550  -14.607 0.0000000000
120575  25.176  8.399  -18.530 0.0000000000
120573  26.338  7.548  -17.551 0.0000000000
119501  26.453  7.142  -15.391 0.0000000000
118495  26.899  6.263  -16.954 0.0000000000
117401  27.320  5.297  -15.864 0.0000000000
96642  27.976  -12.410  -13.899 0.0000000000
95592  27.915  -13.381  -13.695 0.0000000000
88598  24.033  -19.369  -12.521 0.0000000000
110217  26.584  -0.579  -13.943 0.0000000000
111359  25.058  0.481  -13.997 0.0000000000
112480  26.919  1.479  -13.584 0.0000000000
113730  28.015  2.857  -14.890 0.0000000000
97842  25.128  -11.587  -14.093 0.0000000000
98971  26.138  -10.473  -14.086 0.0000000000
97839  28.101  -11.448  -13.883 0.0000000000
97838  29.061  -11.503  -14.134 0.0000000000
103215  29.107  -6.300  -14.673 0.0000000000
102072  29.655  -7.666  -15.090 0.0000000000
103246  30.974  -7.131  -16.600 0.0000000000
103218  25.934  -6.410  -14.397 0.0000000000
104448  25.196  -5.519  -14.859 0.0000000000
104446  27.043  -5.384  -14.598 0.0000000000
104444  29.009  -4.937  -14.926 0.0000000000
105649  29.930  -4.331  -15.193 0.0000000000
106783  30.744  -2.927  -15.949 0.0000000000
109045  28.107  -1.493  -14.141 0.0000000000
109061  30.229  -1.586  -15.319 0.0000000000
116169  22.329  4.169  -14.872 0.0000000000
120529  24.701  8.810  -14.957 0.0000000000
119483  25.479  7.369  -14.715 0.0000000000
117366  23.886  5.516  -14.322 0.0000000000
116152  24.098  4.511  -14.191 0.0000000000
116149  26.792  4.319  -14.451 0.0000000000
116187  28.064  3.805  -15.670 0.0000000000
93412  26.042  -15.587  -14.049 0.0000000000
96644  25.761  -12.653  -13.633 0.0000000000
99994  29.833  -9.914  -15.346 0.0000000000
97863  30.127  -11.390  -15.372 0.0000000000
113710  23.666  2.589  -14.491 0.0000000000
114932  23.442  3.539  -14.525 0.0000000000
102052  26.687  -7.358  -14.167 0.0000000000
101016  27.377  -8.250  -14.115 0.0000000000
87451  23.882  -20.619  -11.977 0.0000000000
88576  24.490  -19.974  -12.220 0.0000000000
89778  26.705  -18.359  -14.024 0.0000000000
107881  25.633  -2.560  -14.683 0.0000000000
109047  26.030  -1.548  -14.357 0.0000000000
112503  29.025  1.336  -15.587 0.0000000000
112502  29.328  0.841  -15.763 0.0000000000
119487  21.182  7.441  -14.863 0.0000000000
118455  21.651  6.544  -15.013 0.0000000000
119485  23.248  7.516  -14.523 0.0000000000
119524  26.626  7.039  -17.321 0.0000000000
118502  26.670  6.260  -17.781 0.0000000000
95590  29.653  -13.105  -14.217 0.0000000000
95591  28.866  -13.240  -13.850 0.0000000000
91018  24.815  -17.518  -13.380 0.0000000000
110219  24.452  -0.429  -14.608 0.0000000000
111360  24.176  0.562  -14.506 0.0000000000
113708  25.501  2.515  -13.843 0.0000000000
112481  25.771  1.502  -13.645 0.0000000000
113707  26.551  2.502  -13.861 0.0000000000
113706  27.654  2.439  -14.343 0.0000000000
114952  27.764  3.330  -14.871 0.0000000000
121532  22.198  9.467  -14.747 0.0000000000
98972  25.260  -10.650  -14.146 0.0000000000
99997  26.249  -9.405  -13.972 0.0000000000
99977  28.030  -9.511  -13.921 0.0000000000
98970  27.232  -10.307  -14.079 0.0000000000
98969  28.266  -10.636  -14.024 0.0000000000
98968  29.017  -10.565  -14.393 0.0000000000
88597  24.688  -19.191  -12.959 0.0000000000
88575  25.416  -19.536  -12.383 0.0000000000
103233  29.932  -6.761  -15.296 0.0000000000
103232  30.612  -6.420  -15.705 0.0000000000
102053  25.775  -7.417  -14.292 0.0000000000
105631  25.313  -4.560  -14.962 0.0000000000
104447  26.085  -5.447  -14.600 0.0000000000
104445  28.041  -5.271  -14.839 0.0000000000
105629  27.200  -4.393  -14.619 0.0000000000
106749  28.304  -3.224  -14.352 0.0000000000
105627  29.038  -3.845  -14.617 0.0000000000
106769  29.745  -3.226  -14.663 0.0000000000
106768  30.422  -3.271  -15.378 0.0000000000
110216  27.655  -0.561  -14.017 0.0000000000
110213  30.088  -0.897  -15.012 0.0000000000
107908  30.629  -2.372  -16.417 0.0000000000
117368  21.930  5.568  -14.770 0.0000000000
117387  21.243  5.115  -15.065 0.0000000000
116170  21.641  4.452  -14.940 0.0000000000
116154  22.411  4.874  -14.818 0.0000000000
120556  26.069  8.501  -16.872 0.0000000000
121571  25.656  9.095  -17.338 0.0000000000
120528  25.446  8.449  -15.289 0.0000000000
119502  25.859  7.737  -15.279 0.0000000000
118472  26.316  6.349  -14.804 0.0000000000
118451  25.601  6.321  -14.538 0.0000000000
117365  24.924  5.454  -14.262 0.0000000000
117364  26.057  5.410  -14.471 0.0000000000
116151  25.124  4.459  -14.204 0.0000000000
117385  27.022  5.380  -14.823 0.0000000000
117411  27.354  4.967  -16.638 0.0000000000
116188  27.747  4.432  -16.157 0.0000000000
116203  27.692  4.190  -17.151 0.0000000000
116202  28.120  3.798  -16.353 0.0000000000
93393  25.314  -15.256  -13.730 0.0000000000
97841  26.019  -11.525  -13.789 0.0000000000
95568  27.942  -14.275  -13.435 0.0000000000
95569  27.457  -14.397  -13.518 0.0000000000
94502  27.850  -14.859  -13.734 0.0000000000
93410  28.037  -15.990  -14.258 0.0000000000
101034  30.088  -8.943  -15.599 0.0000000000
101014  29.409  -8.717  -14.811 0.0000000000
112483  23.779  1.514  -14.525 0.0000000000
113709  24.556  2.520  -14.193 0.0000000000
114930  25.287  3.487  -13.971 0.0000000000
101000  27.800  -8.928  -13.866 0.0000000000
99976  28.535  -9.600  -14.199 0.0000000000
88612  25.644  -18.945  -13.537 0.0000000000
88596  25.553  -19.239  -13.143 0.0000000000
88595  26.142  -19.108  -13.554 0.0000000000
89760  26.528  -18.676  -13.160 0.0000000000
104464  30.794  -5.226  -15.502 0.0000000000
103231  31.362  -5.927  -16.218 0.0000000000
106753  24.557  -3.645  -15.131 0.0000000000
106751  26.404  -3.507  -14.563 0.0000000000
107879  27.676  -2.432  -14.210 0.0000000000
111356  28.275  0.414  -14.134 0.0000000000
111355  29.181  0.368  -14.884 0.0000000000
111377  29.532  0.276  -15.872 0.0000000000
120574  25.961  8.176  -17.796 0.0000000000
120527  26.042  7.988  -15.653 0.0000000000
119517  26.906  7.102  -16.444 0.0000000000
118487  27.301  6.181  -15.425 0.0000000000
117402  27.138  5.614  -16.609 0.0000000000
117412  26.980  5.289  -17.309 0.0000000000
95567  28.766  -14.167  -13.584 0.0000000000
89763  23.588  -18.605  -12.559 0.0000000000
89780  25.076  -18.589  -13.345 0.0000000000
89779  25.727  -18.351  -13.627 0.0000000000
91017  25.873  -17.528  -13.743 0.0000000000
92201  26.128  -16.905  -14.051 0.0000000000
109049  24.210  -1.054  -14.895 0.0000000000
110218  25.469  -0.552  -14.165 0.0000000000
111358  26.134  0.421  -13.650 0.0000000000
112479  27.898  1.370  -14.005 0.0000000000
113729  28.406  2.367  -15.110 0.0000000000
113751  28.423  2.240  -16.191 0.0000000000
97840  27.052  -11.465  -14.112 0.0000000000
96641  28.963  -12.365  -14.000 0.0000000000
96640  29.705  -12.385  -14.377 0.0000000000
103216  27.889  -6.363  -14.583 0.0000000000
102050  28.696  -7.501  -14.600 0.0000000000
102071  30.382  -7.808  -15.951 0.0000000000
102090  31.263  -7.763  -17.543 0.0000000000
102105  31.372  -8.913  -17.621 0.0000000000
103217  26.890  -6.328  -14.141 0.0000000000
105628  28.163  -4.222  -14.496 0.0000000000
105648  30.810  -4.172  -15.653 0.0000000000
105647  31.106  -3.955  -16.223 0.0000000000
109044  29.015  -1.496  -14.334 0.0000000000
110214  29.462  -0.711  -14.644 0.0000000000
109043  29.759  -1.557  -14.718 0.0000000000
107894  30.116  -2.383  -14.908 0.0000000000
107893  30.488  -2.350  -15.627 0.0000000000
114953  22.593  3.483  -14.815 0.0000000000
121530  24.177  9.409  -15.056 0.0000000000
121544  24.925  9.390  -15.338 0.0000000000
120510  23.931  8.490  -14.663 0.0000000000
119484  24.321  7.444  -14.453 0.0000000000
118453  23.610  6.522  -14.391 0.0000000000
118452  24.670  6.463  -14.279 0.0000000000
116153  23.144  4.535  -14.730 0.0000000000
116168  27.536  4.243  -15.159 0.0000000000
114928  27.145  3.417  -14.384 0.0000000000
114951  28.099  3.209  -15.284 0.0000000000
114977  28.315  3.133  -15.892 0.0000000000
92219  25.796  -16.116  -14.088 0.0000000000
92218  26.541  -16.356  -14.132 0.0000000000
96621  25.466  -13.265  -13.635 0.0000000000
95593  26.925  -13.764  -13.532 0.0000000000
95594  25.957  -13.754  -13.945 0.0000000000
94525  25.858  -14.664  -13.922 0.0000000000
93411  26.859  -15.541  -13.908 0.0000000000
92217  27.547  -16.572  -14.333 0.0000000000
99995  29.205  -9.708  -14.619 0.0000000000
100016  30.397  -10.188  -16.102 0.0000000000
98967  29.597  -10.766  -15.168 0.0000000000
97837  29.793  -11.596  -14.746 0.0000000000
89761  25.987  -19.219  -12.829 0.0000000000
91016  26.435  -17.576  -14.061 0.0000000000
91039  27.009  -17.324  -14.272 0.0000000000
93391  27.532  -15.264  -13.915 0.0000000000
94501  28.596  -14.962  -13.887 0.0000000000
94523  28.359  -15.503  -14.150 0.0000000000
98953  27.771  -9.943  -14.014 0.0000000000
98954  27.360  -9.748  -14.016 0.0000000000
99978  27.512  -9.387  -13.910 0.0000000000
100999  28.217  -9.148  -13.949 0.0000000000
101001  27.226  -8.845  -13.905 0.0000000000
102091  30.732  -8.444  -17.065 0.0000000000
106748  29.024  -3.009  -14.407 0.0000000000
106767  30.856  -3.500  -15.929 0.0000000000
107878  28.574  -2.337  -14.310 0.0000000000
109046  27.099  -1.537  -14.095 0.0000000000
109048  24.782  -1.539  -14.761 0.0000000000
109060  30.449  -1.629  -16.057 0.0000000000
110215  28.666  -0.561  -14.227 0.0000000000
111378  29.315  0.732  -15.491 0.0000000000
112521  29.272  0.910  -16.183 0.0000000000
113705  28.204  1.922  -14.456 0.0000000000
116150  26.037  4.376  -14.141 0.0000000000
116167  27.885  3.661  -15.253 0.0000000000
117363  26.491  4.882  -14.495 0.0000000000
117388  20.543  5.290  -14.993 0.0000000000
118471  26.939  6.369  -14.942 0.0000000000
118488  27.142  6.219  -16.188 0.0000000000
119482  25.985  6.806  -14.862 0.0000000000
119500  26.980  6.632  -15.371 0.0000000000
119516  27.091  6.739  -15.754 0.0000000000
120543  26.356  7.882  -16.257 0.0000000000
120555  26.440  7.750  -17.066 0.0000000000
121586  25.402  9.209  -18.004 0.0000000000
122567  25.354  9.584  -17.566 0.0000000000
