#!ascii label  , from subject 3018 vox2ras=TkReg
1367
69217  -44.209  -14.528  41.514 0.0000000000
86335  -55.424  -0.155  32.366 0.0000000000
72830  -53.440  -10.814  37.090 0.0000000000
52475  -11.999  -27.798  71.275 0.0000000000
63374  -39.578  -18.939  45.458 0.0000000000
57106  -26.478  -24.606  65.372 0.0000000000
60845  -34.101  -20.962  60.853 0.0000000000
63201  -38.417  -19.665  54.759 0.0000000000
63269  -40.952  -19.074  51.605 0.0000000000
58358  -18.635  -24.178  62.285 0.0000000000
59552  -22.510  -22.491  66.357 0.0000000000
58363  -22.563  -23.111  61.004 0.0000000000
57239  -30.993  -24.850  57.331 0.0000000000
60906  -34.355  -21.258  56.221 0.0000000000
66884  -46.289  -15.793  46.553 0.0000000000
70371  -48.283  -13.224  44.538 0.0000000000
78856  -55.810  -5.378  35.477 0.0000000000
70476  -49.377  -13.474  39.393 0.0000000000
78912  -53.652  -5.672  28.812 0.0000000000
54757  -8.723  -26.921  73.072 0.0000000000
63311  -44.816  -19.507  49.316 0.0000000000
65719  -41.824  -16.977  43.024 0.0000000000
56068  -26.630  -25.100  58.634 0.0000000000
57139  -31.712  -24.665  63.689 0.0000000000
71613  -53.845  -12.385  42.459 0.0000000000
83275  -56.614  -1.769  22.834 0.0000000000
63244  -36.000  -19.770  52.454 0.0000000000
63265  -36.659  -19.360  51.112 0.0000000000
58361  -20.831  -22.947  61.403 0.0000000000
59703  -32.112  -22.019  53.182 0.0000000000
60953  -33.857  -20.975  53.082 0.0000000000
62080  -36.172  -20.329  54.986 0.0000000000
68057  -45.637  -15.110  43.803 0.0000000000
69154  -46.971  -14.402  46.000 0.0000000000
69204  -46.887  -13.717  43.041 0.0000000000
82121  -56.247  -2.230  33.920 0.0000000000
82073  -55.808  -2.898  38.431 0.0000000000
85285  -57.745  -0.469  31.420 0.0000000000
54809  -9.879  -26.649  68.452 0.0000000000
53610  -10.503  -27.441  72.179 0.0000000000
63320  -40.375  -18.998  48.426 0.0000000000
63290  -42.732  -19.344  50.717 0.0000000000
63337  -42.199  -19.274  47.458 0.0000000000
64519  -43.743  -18.427  46.099 0.0000000000
63394  -40.994  -18.569  44.415 0.0000000000
58278  -24.617  -23.170  65.889 0.0000000000
59514  -24.560  -22.754  68.269 0.0000000000
58263  -26.689  -24.157  67.390 0.0000000000
57082  -28.369  -24.882  66.711 0.0000000000
57250  -23.949  -24.259  56.298 0.0000000000
56113  -26.351  -25.198  55.527 0.0000000000
58411  -32.757  -23.026  59.383 0.0000000000
57208  -31.556  -24.871  59.699 0.0000000000
59602  -32.836  -22.640  62.923 0.0000000000
58300  -32.668  -22.692  65.152 0.0000000000
54839  -15.427  -25.770  66.189 0.0000000000
57045  -16.842  -23.960  68.893 0.0000000000
57013  -16.636  -24.041  71.347 0.0000000000
71657  -52.049  -12.512  38.027 0.0000000000
70456  -51.768  -12.990  40.557 0.0000000000
71649  -54.494  -11.844  40.018 0.0000000000
83315  -56.930  -1.968  20.858 0.0000000000
53584  -13.063  -27.538  74.621 0.0000000000
63158  -39.413  -19.787  56.337 0.0000000000
62063  -41.835  -20.160  54.987 0.0000000000
63226  -39.659  -19.348  53.407 0.0000000000
63286  -38.683  -18.993  50.343 0.0000000000
58308  -18.623  -23.413  64.826 0.0000000000
59549  -20.154  -21.984  67.385 0.0000000000
58324  -20.385  -22.801  63.956 0.0000000000
58311  -22.674  -22.903  64.080 0.0000000000
57136  -24.512  -23.875  63.054 0.0000000000
56129  -27.757  -25.291  54.391 0.0000000000
57274  -30.599  -24.608  54.080 0.0000000000
58463  -32.007  -22.999  55.895 0.0000000000
60861  -34.439  -20.958  58.795 0.0000000000
62022  -35.756  -20.158  58.170 0.0000000000
63157  -38.155  -19.448  57.185 0.0000000000
57147  -17.311  -24.899  62.644 0.0000000000
65645  -47.354  -17.035  49.675 0.0000000000
66844  -48.390  -15.907  50.820 0.0000000000
67983  -47.796  -14.832  48.063 0.0000000000
70345  -48.879  -12.856  46.760 0.0000000000
76466  -55.006  -7.700  36.706 0.0000000000
74007  -55.981  -9.734  39.367 0.0000000000
78834  -55.727  -6.052  38.515 0.0000000000
53554  -6.112  -27.902  75.843 0.0000000000
70451  -46.648  -13.535  40.137 0.0000000000
70535  -49.210  -12.720  36.539 0.0000000000
75293  -53.686  -9.012  35.012 0.0000000000
77683  -55.233  -6.645  33.855 0.0000000000
79953  -55.709  -4.217  32.930 0.0000000000
84218  -53.745  -1.385  30.884 0.0000000000
84252  -54.638  -1.516  29.572 0.0000000000
81127  -51.836  -4.396  29.271 0.0000000000
53572  -11.448  -27.067  75.678 0.0000000000
53559  -9.632  -27.495  76.053 0.0000000000
53557  -8.024  -27.396  76.061 0.0000000000
63211  -48.165  -19.245  53.628 0.0000000000
64416  -43.594  -19.324  54.377 0.0000000000
62099  -45.424  -19.731  52.672 0.0000000000
62134  -46.519  -19.405  51.199 0.0000000000
64507  -45.541  -18.284  47.505 0.0000000000
66910  -44.410  -16.546  44.761 0.0000000000
68089  -42.697  -15.639  41.996 0.0000000000
60780  -22.651  -21.747  69.280 0.0000000000
57188  -25.041  -24.495  60.262 0.0000000000
56006  -26.671  -24.919  62.417 0.0000000000
56084  -29.229  -25.345  57.471 0.0000000000
56025  -29.282  -25.741  61.899 0.0000000000
55979  -28.934  -25.538  64.295 0.0000000000
57098  -30.761  -24.475  65.942 0.0000000000
53665  -11.455  -26.831  66.882 0.0000000000
53667  -13.813  -26.918  67.272 0.0000000000
53626  -14.353  -27.168  70.569 0.0000000000
70429  -48.819  -13.395  41.379 0.0000000000
70390  -51.038  -12.128  43.496 0.0000000000
72724  -53.075  -10.985  44.941 0.0000000000
73951  -56.502  -10.292  41.697 0.0000000000
81110  -56.556  -3.571  29.661 0.0000000000
82185  -58.517  -2.881  27.830 0.0000000000
84274  -59.107  -1.820  25.483 0.0000000000
81166  -55.998  -3.428  23.977 0.0000000000
86395  -59.319  -1.450  23.181 0.0000000000
62130  -34.541  -20.169  51.363 0.0000000000
63263  -34.971  -19.692  50.889 0.0000000000
63282  -34.084  -19.631  50.030 0.0000000000
60966  -33.079  -21.350  51.754 0.0000000000
62113  -33.654  -20.814  51.543 0.0000000000
62096  -34.443  -20.520  52.938 0.0000000000
68091  -44.715  -14.782  42.103 0.0000000000
68077  -45.647  -14.663  43.063 0.0000000000
69219  -45.822  -14.068  41.871 0.0000000000
84206  -55.187  -0.587  33.028 0.0000000000
84188  -55.833  -0.382  34.887 0.0000000000
85251  -55.796  0.518  34.520 0.0000000000
86324  -56.353  0.610  33.197 0.0000000000
86351  -56.299  0.042  32.063 0.0000000000
53634  -10.707  -27.255  69.357 0.0000000000
54781  -9.902  -27.070  70.289 0.0000000000
53611  -11.167  -27.620  72.060 0.0000000000
63335  -40.176  -18.925  47.415 0.0000000000
63321  -41.379  -19.150  48.467 0.0000000000
63354  -40.976  -18.889  46.427 0.0000000000
63376  -41.638  -18.829  45.597 0.0000000000
63393  -40.161  -18.744  44.526 0.0000000000
58223  -18.472  -22.818  70.336 0.0000000000
58298  -25.807  -23.988  65.597 0.0000000000
58261  -25.380  -23.234  66.908 0.0000000000
57080  -26.817  -24.286  66.695 0.0000000000
57068  -27.334  -24.542  67.398 0.0000000000
57095  -27.622  -24.719  66.147 0.0000000000
59626  -33.950  -21.753  60.049 0.0000000000
58389  -32.788  -23.356  60.631 0.0000000000
59614  -33.806  -21.800  61.252 0.0000000000
59592  -33.292  -21.795  63.608 0.0000000000
57079  -17.898  -23.678  67.168 0.0000000000
57046  -17.893  -23.716  69.005 0.0000000000
58207  -17.549  -23.534  70.294 0.0000000000
64421  -49.665  -18.336  53.459 0.0000000000
72829  -53.071  -11.627  37.570 0.0000000000
71647  -53.316  -12.384  39.015 0.0000000000
72818  -53.895  -11.489  38.334 0.0000000000
63179  -38.833  -19.857  55.671 0.0000000000
63202  -39.188  -19.697  54.500 0.0000000000
63225  -38.771  -19.543  53.541 0.0000000000
63285  -37.492  -19.080  50.115 0.0000000000
64488  -36.846  -19.067  49.367 0.0000000000
63318  -38.383  -18.999  48.315 0.0000000000
58322  -18.656  -23.617  63.811 0.0000000000
58309  -19.642  -23.088  64.981 0.0000000000
58339  -19.747  -23.186  62.812 0.0000000000
58362  -21.727  -22.931  61.206 0.0000000000
58341  -21.498  -22.834  62.325 0.0000000000
58342  -22.403  -22.934  62.128 0.0000000000
58328  -23.848  -23.254  63.033 0.0000000000
57149  -24.305  -23.519  62.074 0.0000000000
57282  -29.436  -24.749  52.520 0.0000000000
59694  -32.749  -21.903  54.611 0.0000000000
59679  -32.297  -22.399  54.978 0.0000000000
59680  -32.806  -22.116  55.643 0.0000000000
59646  -33.367  -21.982  57.847 0.0000000000
59664  -33.926  -21.688  56.970 0.0000000000
60870  -35.018  -20.530  58.556 0.0000000000
60907  -35.036  -20.833  56.528 0.0000000000
63223  -36.854  -19.957  53.978 0.0000000000
63199  -36.956  -20.081  55.550 0.0000000000
63178  -38.340  -19.813  56.142 0.0000000000
64400  -38.805  -19.639  56.609 0.0000000000
57148  -18.123  -24.589  62.943 0.0000000000
66875  -46.629  -16.390  47.404 0.0000000000
67974  -47.837  -15.792  48.272 0.0000000000
67982  -46.976  -15.332  48.009 0.0000000000
69173  -47.653  -13.747  45.334 0.0000000000
69155  -47.808  -13.868  46.426 0.0000000000
70358  -48.398  -13.066  45.825 0.0000000000
70346  -49.651  -12.483  46.617 0.0000000000
70373  -50.036  -12.358  45.097 0.0000000000
77669  -55.367  -6.642  36.149 0.0000000000
77651  -55.593  -6.959  38.158 0.0000000000
78841  -55.601  -5.581  37.542 0.0000000000
83090  -56.886  -2.106  39.087 0.0000000000
75294  -54.301  -8.440  35.306 0.0000000000
76498  -54.433  -7.330  33.259 0.0000000000
79970  -54.598  -4.386  31.902 0.0000000000
81095  -53.989  -3.515  31.387 0.0000000000
82145  -54.623  -2.457  32.084 0.0000000000
83182  -53.026  -2.514  30.290 0.0000000000
83204  -52.842  -2.826  29.680 0.0000000000
54770  -8.183  -26.278  71.233 0.0000000000
54756  -7.910  -26.456  73.003 0.0000000000
54718  -13.135  -27.271  76.406 0.0000000000
53573  -12.110  -26.965  75.404 0.0000000000
53562  -12.732  -27.271  76.698 0.0000000000
53549  -10.575  -27.781  76.357 0.0000000000
52437  -9.476  -28.073  76.525 0.0000000000
53558  -8.725  -27.360  75.930 0.0000000000
52436  -8.675  -28.051  76.621 0.0000000000
52435  -8.064  -28.001  76.687 0.0000000000
63228  -41.116  -19.324  53.487 0.0000000000
63206  -42.964  -19.464  54.426 0.0000000000
64444  -42.318  -19.355  53.001 0.0000000000
63310  -43.703  -19.600  49.729 0.0000000000
63273  -44.243  -19.680  51.849 0.0000000000
62144  -44.707  -19.691  50.668 0.0000000000
62118  -46.026  -19.690  51.976 0.0000000000
62145  -45.529  -19.588  50.460 0.0000000000
63313  -46.346  -18.682  49.689 0.0000000000
63325  -45.320  -18.915  48.456 0.0000000000
64560  -43.035  -17.759  44.658 0.0000000000
65691  -43.941  -17.309  45.033 0.0000000000
65721  -43.154  -16.973  43.921 0.0000000000
66909  -44.019  -16.300  43.919 0.0000000000
66929  -42.774  -16.346  42.796 0.0000000000
59551  -21.680  -22.052  66.687 0.0000000000
59522  -21.482  -21.712  68.612 0.0000000000
59535  -22.465  -21.988  67.345 0.0000000000
56080  -25.248  -24.704  57.839 0.0000000000
57223  -24.751  -24.498  58.355 0.0000000000
56052  -25.578  -24.791  59.649 0.0000000000
56022  -26.338  -24.833  61.449 0.0000000000
56038  -26.814  -25.086  60.553 0.0000000000
56116  -29.610  -25.201  55.224 0.0000000000
56099  -28.301  -25.430  56.431 0.0000000000
57238  -30.084  -25.272  56.991 0.0000000000
57171  -31.620  -24.955  61.930 0.0000000000
57189  -30.718  -25.727  60.640 0.0000000000
56010  -30.615  -25.664  62.543 0.0000000000
56009  -29.207  -25.756  62.785 0.0000000000
55981  -30.849  -25.270  64.417 0.0000000000
55965  -30.047  -25.205  65.174 0.0000000000
57126  -31.523  -24.667  64.577 0.0000000000
63114  -37.232  -18.996  59.931 0.0000000000
54838  -14.566  -26.464  66.153 0.0000000000
53652  -14.387  -26.875  68.234 0.0000000000
53637  -14.217  -27.356  69.456 0.0000000000
57000  -17.104  -24.627  72.519 0.0000000000
70474  -47.291  -13.462  39.252 0.0000000000
70428  -47.838  -13.425  41.210 0.0000000000
70453  -48.601  -13.522  40.339 0.0000000000
70433  -52.941  -12.825  41.407 0.0000000000
70431  -50.954  -12.939  41.587 0.0000000000
71611  -52.121  -11.989  43.016 0.0000000000
71580  -52.386  -11.864  44.225 0.0000000000
72760  -53.642  -11.751  43.793 0.0000000000
75239  -56.494  -8.706  40.229 0.0000000000
73990  -56.234  -9.772  39.933 0.0000000000
75231  -56.856  -8.960  41.195 0.0000000000
81117  -53.638  -3.946  29.295 0.0000000000
82183  -55.431  -2.738  29.761 0.0000000000
80013  -54.560  -4.760  28.925 0.0000000000
80016  -57.232  -4.877  28.046 0.0000000000
81130  -58.020  -4.230  27.227 0.0000000000
83216  -58.783  -2.080  27.087 0.0000000000
81141  -58.458  -3.217  25.988 0.0000000000
81180  -54.707  -2.936  23.462 0.0000000000
80080  -54.275  -3.525  23.641 0.0000000000
82238  -55.850  -2.657  23.565 0.0000000000
84287  -58.474  -2.126  23.658 0.0000000000
85366  -58.059  -1.536  22.794 0.0000000000
85378  -58.175  -1.411  22.130 0.0000000000
84365  -58.427  -1.830  20.174 0.0000000000
63245  -37.230  -19.458  52.525 0.0000000000
63264  -35.741  -19.567  51.236 0.0000000000
64456  -35.546  -19.467  50.491 0.0000000000
58360  -19.961  -23.199  61.631 0.0000000000
59714  -32.168  -22.007  52.410 0.0000000000
59704  -32.794  -21.746  53.609 0.0000000000
60940  -33.865  -21.263  54.171 0.0000000000
60926  -34.844  -20.915  55.478 0.0000000000
60954  -34.426  -20.946  53.600 0.0000000000
62098  -35.881  -20.340  53.723 0.0000000000
68032  -45.593  -15.469  45.141 0.0000000000
68012  -46.250  -15.154  46.034 0.0000000000
69171  -46.336  -14.717  44.418 0.0000000000
69189  -46.861  -14.061  43.970 0.0000000000
70387  -47.918  -13.351  43.312 0.0000000000
81063  -56.336  -3.355  34.463 0.0000000000
81039  -55.861  -3.547  36.733 0.0000000000
82101  -55.971  -2.439  36.279 0.0000000000
83111  -55.856  -1.552  36.961 0.0000000000
85286  -58.769  -0.257  30.660 0.0000000000
54771  -8.960  -26.818  71.210 0.0000000000
53600  -9.592  -27.250  73.102 0.0000000000
63288  -40.765  -18.915  50.529 0.0000000000
63270  -41.965  -19.364  51.879 0.0000000000
63308  -41.590  -19.030  49.525 0.0000000000
63322  -42.374  -19.409  48.516 0.0000000000
63323  -43.426  -19.481  48.537 0.0000000000
63339  -44.231  -18.992  47.503 0.0000000000
63356  -43.019  -18.868  46.689 0.0000000000
64535  -42.552  -18.443  45.221 0.0000000000
64558  -41.572  -17.924  43.910 0.0000000000
59553  -23.477  -22.761  65.869 0.0000000000
59525  -23.984  -22.492  67.758 0.0000000000
59526  -24.748  -22.875  67.420 0.0000000000
58247  -25.431  -23.028  67.739 0.0000000000
57069  -28.055  -24.937  67.213 0.0000000000
57251  -24.603  -24.660  56.167 0.0000000000
56082  -26.940  -25.228  57.609 0.0000000000
58432  -32.319  -23.614  58.353 0.0000000000
57226  -31.666  -24.430  58.477 0.0000000000
58410  -32.264  -23.971  59.578 0.0000000000
58388  -32.088  -24.335  60.987 0.0000000000
58345  -32.405  -23.651  63.009 0.0000000000
58315  -32.127  -23.739  64.628 0.0000000000
59591  -32.796  -22.358  64.063 0.0000000000
55976  -16.157  -24.999  64.357 0.0000000000
55943  -16.019  -25.055  66.273 0.0000000000
55902  -16.193  -24.692  69.207 0.0000000000
57018  -16.160  -24.216  70.827 0.0000000000
57019  -16.943  -24.036  70.552 0.0000000000
70498  -50.089  -13.124  38.458 0.0000000000
70477  -50.419  -13.147  39.475 0.0000000000
70478  -51.490  -12.933  39.552 0.0000000000
70457  -52.695  -12.859  40.601 0.0000000000
71627  -54.389  -12.298  41.518 0.0000000000
76531  -52.176  -7.207  28.457 0.0000000000
77735  -53.789  -6.643  28.135 0.0000000000
76544  -53.172  -7.183  27.579 0.0000000000
82250  -55.039  -2.181  22.680 0.0000000000
83292  -56.283  -1.823  22.288 0.0000000000
82266  -55.421  -2.184  22.063 0.0000000000
82276  -55.704  -2.456  20.926 0.0000000000
52471  -13.375  -27.829  72.171 0.0000000000
52459  -12.624  -27.771  73.339 0.0000000000
60908  -42.273  -20.807  56.222 0.0000000000
62042  -40.921  -20.237  55.632 0.0000000000
63203  -40.184  -19.623  54.202 0.0000000000
63248  -40.214  -19.122  52.473 0.0000000000
63246  -38.314  -19.391  52.491 0.0000000000
63267  -38.962  -18.997  51.449 0.0000000000
63268  -39.977  -19.011  51.496 0.0000000000
63306  -39.542  -18.972  49.392 0.0000000000
63319  -39.366  -18.984  48.375 0.0000000000
58274  -18.535  -23.406  66.692 0.0000000000
58258  -19.191  -22.582  67.849 0.0000000000
58291  -19.020  -23.130  65.888 0.0000000000
58293  -20.632  -22.836  65.792 0.0000000000
59568  -21.704  -22.581  65.840 0.0000000000
58340  -20.614  -22.921  62.578 0.0000000000
59590  -21.665  -22.624  63.759 0.0000000000
59569  -22.525  -22.772  65.162 0.0000000000
58295  -23.739  -22.968  64.879 0.0000000000
58314  -24.733  -23.922  64.519 0.0000000000
57122  -25.477  -24.254  64.206 0.0000000000
56131  -29.917  -25.173  54.231 0.0000000000
57264  -30.533  -24.761  55.119 0.0000000000
58481  -31.417  -23.315  53.815 0.0000000000
58473  -31.555  -23.506  54.755 0.0000000000
57254  -31.809  -23.563  56.665 0.0000000000
58433  -32.806  -22.788  58.165 0.0000000000
59634  -33.303  -22.211  59.138 0.0000000000
60854  -34.298  -21.009  59.780 0.0000000000
61978  -35.041  -19.924  61.158 0.0000000000
60862  -34.829  -20.479  59.527 0.0000000000
62005  -36.084  -19.630  59.153 0.0000000000
63138  -36.959  -19.203  58.464 0.0000000000
62061  -36.209  -20.062  56.212 0.0000000000
63155  -36.930  -19.457  57.721 0.0000000000
64369  -37.999  -18.738  58.314 0.0000000000
64371  -38.939  -18.791  58.125 0.0000000000
57118  -16.877  -24.380  64.508 0.0000000000
65632  -47.604  -17.079  50.618 0.0000000000
66851  -47.735  -16.250  50.187 0.0000000000
67966  -48.630  -15.896  49.194 0.0000000000
69102  -48.015  -14.174  49.191 0.0000000000
69134  -47.298  -14.345  46.911 0.0000000000
69135  -47.906  -13.976  47.523 0.0000000000
74043  -54.355  -9.436  37.216 0.0000000000
72819  -54.764  -10.498  38.331 0.0000000000
75256  -55.271  -8.681  38.126 0.0000000000
76443  -55.631  -7.883  38.950 0.0000000000
77634  -56.386  -6.967  40.068 0.0000000000
79908  -55.642  -4.785  38.181 0.0000000000
79888  -56.494  -4.914  39.906 0.0000000000
69256  -44.036  -13.795  40.444 0.0000000000
70425  -45.280  -13.750  40.660 0.0000000000
70472  -45.332  -13.332  39.159 0.0000000000
70473  -46.304  -13.350  39.205 0.0000000000
70496  -47.956  -13.359  38.321 0.0000000000
70519  -48.614  -13.028  37.394 0.0000000000
70520  -49.762  -12.913  37.399 0.0000000000
71685  -51.859  -11.895  36.837 0.0000000000
72841  -52.218  -11.150  36.417 0.0000000000
74042  -53.767  -9.753  36.688 0.0000000000
75277  -53.850  -8.935  36.015 0.0000000000
76478  -54.935  -7.727  35.601 0.0000000000
77678  -55.669  -6.182  35.209 0.0000000000
77691  -54.564  -6.569  32.894 0.0000000000
78867  -55.674  -5.024  33.347 0.0000000000
79938  -56.001  -4.339  33.869 0.0000000000
81075  -55.978  -3.272  33.347 0.0000000000
83169  -54.571  -1.583  32.360 0.0000000000
85272  -54.060  0.008  31.734 0.0000000000
85297  -55.024  -0.492  30.537 0.0000000000
84237  -54.049  -1.206  30.222 0.0000000000
82193  -53.205  -3.339  29.441 0.0000000000
78921  -51.882  -5.150  29.100 0.0000000000
77733  -51.840  -6.396  28.826 0.0000000000
53602  -11.443  -27.651  72.975 0.0000000000
53591  -10.448  -27.446  74.013 0.0000000000
53590  -9.529  -27.324  74.010 0.0000000000
53550  -11.548  -27.600  76.626 0.0000000000
53571  -10.551  -27.353  75.621 0.0000000000
54750  -8.670  -26.958  73.945 0.0000000000
54727  -8.561  -27.095  75.198 0.0000000000
54726  -8.046  -26.977  75.270 0.0000000000
54714  -7.304  -27.126  75.622 0.0000000000
52445  -7.089  -27.731  76.312 0.0000000000
64419  -48.639  -18.640  53.206 0.0000000000
64405  -44.882  -19.344  55.172 0.0000000000
63251  -43.178  -19.319  52.405 0.0000000000
64435  -44.460  -19.261  53.734 0.0000000000
63233  -46.460  -19.687  53.564 0.0000000000
62102  -47.560  -19.190  52.784 0.0000000000
63275  -47.523  -18.606  51.627 0.0000000000
64472  -47.259  -17.840  50.424 0.0000000000
64497  -46.443  -17.847  48.941 0.0000000000
65670  -46.206  -17.329  47.366 0.0000000000
64520  -44.677  -18.230  46.401 0.0000000000
65679  -45.220  -17.188  46.054 0.0000000000
66893  -45.115  -16.435  45.625 0.0000000000
68056  -44.734  -15.855  43.994 0.0000000000
68075  -43.834  -15.982  42.981 0.0000000000
69216  -43.302  -14.697  41.447 0.0000000000
63392  -39.150  -18.825  44.575 0.0000000000
64556  -39.717  -18.350  43.792 0.0000000000
64581  -40.263  -17.666  43.280 0.0000000000
65718  -40.843  -17.048  42.929 0.0000000000
66951  -41.606  -16.161  42.078 0.0000000000
68088  -41.933  -15.742  41.689 0.0000000000
68106  -42.453  -14.829  41.233 0.0000000000
69233  -42.852  -14.262  40.824 0.0000000000
59513  -23.855  -21.975  68.848 0.0000000000
58408  -22.455  -23.718  59.105 0.0000000000
58409  -22.961  -24.101  58.973 0.0000000000
57186  -23.505  -23.889  60.433 0.0000000000
57169  -24.715  -23.948  61.218 0.0000000000
57151  -25.899  -24.407  62.314 0.0000000000
55977  -27.276  -25.004  64.028 0.0000000000
56128  -26.677  -25.200  54.476 0.0000000000
56098  -27.189  -25.382  56.534 0.0000000000
56069  -27.642  -25.391  58.604 0.0000000000
56071  -29.856  -25.407  58.661 0.0000000000
56056  -29.385  -25.595  59.700 0.0000000000
56039  -27.781  -25.341  60.615 0.0000000000
56024  -28.175  -25.522  61.648 0.0000000000
55993  -27.798  -25.313  63.400 0.0000000000
55963  -28.390  -25.259  64.939 0.0000000000
55950  -29.238  -25.003  65.611 0.0000000000
57097  -29.570  -24.843  65.968 0.0000000000
53649  -10.984  -26.893  68.055 0.0000000000
53635  -11.901  -27.556  69.328 0.0000000000
54851  -13.513  -26.619  65.065 0.0000000000
53679  -12.247  -26.836  66.000 0.0000000000
53666  -12.781  -26.938  67.111 0.0000000000
53636  -13.026  -27.582  69.154 0.0000000000
52482  -13.154  -27.725  70.668 0.0000000000
53613  -14.746  -26.923  72.076 0.0000000000
57005  -15.909  -24.546  72.469 0.0000000000
70403  -46.492  -13.834  41.666 0.0000000000
70386  -47.466  -13.436  42.656 0.0000000000
70388  -49.133  -12.938  43.607 0.0000000000
70430  -49.863  -13.186  41.517 0.0000000000
70407  -50.080  -12.814  42.615 0.0000000000
70389  -50.373  -12.534  43.901 0.0000000000
71592  -50.683  -12.162  44.696 0.0000000000
72805  -54.882  -11.172  39.457 0.0000000000
71641  -55.438  -11.451  40.988 0.0000000000
71615  -55.413  -11.668  42.307 0.0000000000
85298  -55.838  -1.082  30.946 0.0000000000
84228  -56.991  -1.277  31.082 0.0000000000
84241  -58.271  -1.499  30.238 0.0000000000
80014  -55.731  -4.925  28.791 0.0000000000
82173  -58.337  -3.159  29.114 0.0000000000
84253  -58.994  -1.141  28.482 0.0000000000
84261  -59.644  -1.200  27.757 0.0000000000
85329  -60.053  -1.019  26.158 0.0000000000
80065  -56.715  -4.196  24.615 0.0000000000
82226  -58.162  -2.905  24.429 0.0000000000
85340  -59.342  -1.754  24.116 0.0000000000
84340  -58.479  -1.499  21.125 0.0000000000
63262  -34.353  -19.931  50.656 0.0000000000
62129  -34.054  -20.444  51.057 0.0000000000
69202  -45.360  -14.515  42.407 0.0000000000
69218  -45.031  -14.388  41.659 0.0000000000
85257  -55.356  -0.052  33.012 0.0000000000
84187  -55.648  -0.138  34.256 0.0000000000
86315  -55.773  0.512  33.427 0.0000000000
86316  -56.124  0.721  33.792 0.0000000000
86323  -55.597  0.304  32.813 0.0000000000
86336  -55.973  0.305  32.506 0.0000000000
86350  -55.538  -0.243  31.996 0.0000000000
53625  -11.407  -27.653  70.354 0.0000000000
53618  -11.214  -27.607  71.258 0.0000000000
63353  -39.928  -18.972  46.409 0.0000000000
63375  -40.733  -18.889  45.346 0.0000000000
59507  -19.033  -22.578  69.851 0.0000000000
58246  -18.771  -22.674  68.720 0.0000000000
58280  -26.122  -23.945  66.295 0.0000000000
57094  -26.927  -24.476  65.992 0.0000000000
57107  -27.523  -25.015  65.349 0.0000000000
60834  -34.077  -20.906  62.110 0.0000000000
58235  -17.799  -23.353  69.220 0.0000000000
72817  -53.333  -11.798  38.072 0.0000000000
63224  -37.855  -19.659  53.716 0.0000000000
64487  -35.924  -19.288  49.188 0.0000000000
58323  -19.284  -23.121  63.872 0.0000000000
58338  -19.041  -23.611  62.976 0.0000000000
58343  -23.419  -23.010  61.846 0.0000000000
59695  -33.335  -21.539  54.992 0.0000000000
59681  -33.655  -21.716  55.933 0.0000000000
60887  -34.575  -21.183  57.215 0.0000000000
63200  -37.662  -19.701  55.070 0.0000000000
58337  -18.623  -24.089  63.193 0.0000000000
70372  -49.276  -12.829  44.814 0.0000000000
70359  -49.364  -12.603  45.846 0.0000000000
78851  -55.681  -5.554  36.482 0.0000000000
78850  -55.451  -6.194  37.061 0.0000000000
83076  -57.370  -2.700  39.396 0.0000000000
76487  -53.955  -8.207  33.800 0.0000000000
82152  -53.555  -2.662  31.117 0.0000000000
82162  -52.307  -3.004  30.292 0.0000000000
82170  -51.728  -3.406  29.807 0.0000000000
54763  -8.032  -26.376  72.132 0.0000000000
53552  -13.209  -27.482  76.948 0.0000000000
51254  -8.570  -28.471  76.542 0.0000000000
63249  -41.068  -19.164  52.600 0.0000000000
63229  -42.074  -19.441  53.644 0.0000000000
63250  -41.772  -19.335  52.866 0.0000000000
62157  -44.374  -19.687  50.126 0.0000000000
63312  -45.727  -19.018  49.421 0.0000000000
63324  -44.449  -19.372  48.501 0.0000000000
65702  -42.297  -17.450  43.761 0.0000000000
65703  -42.894  -17.373  44.088 0.0000000000
65720  -42.730  -16.947  43.521 0.0000000000
66928  -42.147  -16.431  42.525 0.0000000000
56067  -25.559  -24.785  58.670 0.0000000000
56053  -26.303  -24.994  59.603 0.0000000000
57252  -30.403  -25.067  56.133 0.0000000000
57152  -31.741  -24.823  62.894 0.0000000000
56027  -30.977  -25.479  61.848 0.0000000000
56011  -31.174  -25.326  62.694 0.0000000000
55996  -30.544  -25.667  63.388 0.0000000000
55997  -31.285  -25.164  63.539 0.0000000000
64343  -37.717  -18.486  59.717 0.0000000000
55876  -15.609  -25.450  70.718 0.0000000000
70475  -48.315  -13.584  39.308 0.0000000000
70410  -53.288  -12.666  42.054 0.0000000000
70409  -52.418  -12.560  42.273 0.0000000000
71612  -52.945  -12.353  42.821 0.0000000000
71595  -52.674  -12.010  43.642 0.0000000000
71596  -53.385  -11.997  43.246 0.0000000000
76439  -56.780  -7.885  40.587 0.0000000000
75240  -56.707  -8.600  40.737 0.0000000000
80012  -53.360  -4.590  29.046 0.0000000000
81118  -54.256  -3.851  29.275 0.0000000000
80037  -57.554  -4.766  26.438 0.0000000000
81140  -58.160  -3.992  26.155 0.0000000000
80051  -57.529  -4.330  25.352 0.0000000000
82237  -55.292  -2.347  23.291 0.0000000000
83260  -56.160  -2.142  23.268 0.0000000000
83261  -57.112  -1.968  23.212 0.0000000000
84310  -57.444  -1.638  22.930 0.0000000000
85365  -57.581  -1.554  22.587 0.0000000000
85377  -57.716  -1.500  22.346 0.0000000000
64455  -35.101  -19.405  50.242 0.0000000000
64469  -35.373  -19.329  49.790 0.0000000000
60965  -32.552  -21.676  51.388 0.0000000000
60967  -33.571  -20.976  52.265 0.0000000000
60952  -33.196  -21.322  52.837 0.0000000000
60939  -33.392  -21.387  53.592 0.0000000000
60941  -34.654  -21.014  54.439 0.0000000000
62115  -34.976  -20.076  52.256 0.0000000000
62116  -35.478  -20.182  52.976 0.0000000000
69203  -46.064  -14.171  42.710 0.0000000000
69188  -46.245  -14.398  43.498 0.0000000000
69205  -47.278  -13.682  43.660 0.0000000000
81051  -56.151  -3.432  35.631 0.0000000000
82113  -56.306  -2.303  35.126 0.0000000000
84161  -56.033  -0.532  36.528 0.0000000000
84146  -56.222  -0.839  37.583 0.0000000000
85218  -56.554  -0.117  36.870 0.0000000000
86353  -58.278  0.354  31.573 0.0000000000
53616  -9.803  -27.198  71.336 0.0000000000
54780  -9.354  -26.800  70.328 0.0000000000
53609  -9.677  -27.198  72.188 0.0000000000
63307  -40.563  -18.979  49.462 0.0000000000
63289  -41.780  -19.060  50.647 0.0000000000
63336  -41.215  -18.965  47.435 0.0000000000
63338  -43.191  -19.268  47.539 0.0000000000
63355  -42.105  -18.908  46.367 0.0000000000
64534  -41.696  -18.569  44.737 0.0000000000
64557  -40.638  -18.154  43.877 0.0000000000
59554  -24.139  -22.831  66.006 0.0000000000
59537  -24.253  -22.809  66.696 0.0000000000
58260  -24.911  -23.064  66.508 0.0000000000
58262  -26.028  -23.700  67.154 0.0000000000
58248  -25.968  -23.592  67.888 0.0000000000
56112  -25.078  -24.948  55.565 0.0000000000
56096  -25.284  -24.828  56.845 0.0000000000
56097  -26.130  -25.144  56.634 0.0000000000
59613  -33.166  -22.586  61.590 0.0000000000
58366  -32.648  -23.498  61.917 0.0000000000
60816  -33.604  -21.306  64.426 0.0000000000
55958  -16.480  -24.783  65.381 0.0000000000
55944  -16.823  -24.694  66.321 0.0000000000
57061  -16.982  -24.191  68.382 0.0000000000
57029  -16.550  -24.236  69.932 0.0000000000
58208  -17.856  -22.852  70.863 0.0000000000
58197  -17.302  -24.055  70.855 0.0000000000
70499  -51.198  -12.836  38.464 0.0000000000
71648  -53.836  -12.153  39.518 0.0000000000
70479  -52.706  -12.703  39.526 0.0000000000
70480  -53.207  -12.677  40.032 0.0000000000
70458  -53.470  -12.676  40.563 0.0000000000
71639  -54.163  -12.242  40.580 0.0000000000
76532  -52.950  -7.141  28.247 0.0000000000
81192  -53.349  -2.900  22.613 0.0000000000
82249  -53.999  -2.478  22.457 0.0000000000
53604  -13.947  -27.711  72.981 0.0000000000
53564  -14.468  -26.970  76.773 0.0000000000
62024  -40.731  -20.253  56.695 0.0000000000
63159  -39.959  -19.886  56.357 0.0000000000
63227  -40.430  -19.192  53.253 0.0000000000
63266  -37.867  -19.102  51.354 0.0000000000
63287  -39.741  -18.943  50.445 0.0000000000
63305  -38.533  -18.972  49.279 0.0000000000
58275  -19.178  -22.940  66.875 0.0000000000
58310  -20.456  -22.871  65.188 0.0000000000
59578  -21.040  -22.700  65.472 0.0000000000
59588  -20.942  -22.649  64.752 0.0000000000
58326  -22.087  -22.733  63.280 0.0000000000
59580  -21.984  -22.652  64.240 0.0000000000
59570  -23.215  -22.860  65.159 0.0000000000
58312  -23.372  -23.204  63.988 0.0000000000
58313  -24.102  -23.658  64.083 0.0000000000
57121  -24.794  -24.057  63.822 0.0000000000
57283  -30.420  -24.461  52.737 0.0000000000
56145  -29.318  -25.154  53.097 0.0000000000
56146  -30.158  -24.975  53.505 0.0000000000
58491  -31.800  -22.486  52.608 0.0000000000
58490  -31.298  -23.289  52.686 0.0000000000
58482  -31.774  -22.704  53.514 0.0000000000
58474  -31.856  -22.858  54.533 0.0000000000
58462  -31.590  -23.725  55.409 0.0000000000
58449  -32.173  -23.199  57.266 0.0000000000
58450  -32.664  -22.545  57.035 0.0000000000
59647  -34.154  -21.407  57.970 0.0000000000
59635  -33.893  -21.530  58.934 0.0000000000
63126  -36.764  -19.289  59.146 0.0000000000
62023  -36.469  -19.619  58.325 0.0000000000
62079  -35.404  -20.675  54.650 0.0000000000
62060  -35.558  -20.517  55.796 0.0000000000
63177  -37.627  -19.793  56.342 0.0000000000
63176  -36.917  -19.779  56.748 0.0000000000
63156  -37.533  -19.447  57.342 0.0000000000
63139  -37.503  -19.021  58.212 0.0000000000
63140  -37.950  -19.133  57.868 0.0000000000
64370  -38.512  -18.966  58.103 0.0000000000
64401  -38.991  -19.645  56.498 0.0000000000
64385  -39.032  -19.344  57.315 0.0000000000
64387  -39.776  -19.465  57.087 0.0000000000
57133  -16.716  -24.867  63.490 0.0000000000
58307  -18.118  -23.651  65.281 0.0000000000
65631  -47.431  -17.317  50.238 0.0000000000
65646  -47.771  -16.607  49.901 0.0000000000
66859  -48.228  -16.363  49.119 0.0000000000
67975  -48.180  -15.012  48.824 0.0000000000
69118  -47.874  -14.175  48.485 0.0000000000
67994  -46.797  -15.129  46.935 0.0000000000
70344  -48.194  -13.319  46.989 0.0000000000
70329  -48.230  -13.536  47.431 0.0000000000
70330  -48.530  -13.381  47.739 0.0000000000
70331  -49.356  -12.786  47.367 0.0000000000
71553  -50.255  -12.056  46.560 0.0000000000
75264  -54.795  -8.668  37.220 0.0000000000
74028  -54.878  -9.571  37.829 0.0000000000
78833  -55.668  -6.452  38.159 0.0000000000
76451  -55.425  -7.850  38.475 0.0000000000
77652  -55.843  -6.798  38.644 0.0000000000
77643  -55.997  -6.816  39.183 0.0000000000
81024  -55.672  -3.715  37.794 0.0000000000
80999  -56.064  -4.073  39.548 0.0000000000
53568  -6.122  -27.344  75.523 0.0000000000
54723  -6.027  -26.899  75.173 0.0000000000
53567  -5.708  -27.470  75.496 0.0000000000
70494  -45.903  -13.314  38.266 0.0000000000
70495  -46.910  -13.371  38.285 0.0000000000
71670  -50.623  -12.464  36.897 0.0000000000
71684  -51.302  -11.853  36.332 0.0000000000
72842  -53.111  -10.320  36.305 0.0000000000
74058  -53.375  -9.654  35.759 0.0000000000
76488  -54.504  -7.910  34.259 0.0000000000
77677  -55.277  -6.940  34.945 0.0000000000
77684  -55.557  -6.374  34.561 0.0000000000
79971  -55.325  -4.243  32.369 0.0000000000
79952  -55.260  -4.971  32.586 0.0000000000
81087  -55.323  -3.335  32.368 0.0000000000
83175  -53.730  -1.727  31.305 0.0000000000
82132  -54.949  -1.828  32.478 0.0000000000
83168  -53.993  -1.467  32.024 0.0000000000
83157  -54.377  -1.068  32.427 0.0000000000
84219  -53.909  -0.812  31.357 0.0000000000
85295  -53.965  -0.411  30.411 0.0000000000
84227  -53.956  -0.849  30.675 0.0000000000
82191  -52.230  -4.229  29.170 0.0000000000
83215  -53.187  -2.905  29.540 0.0000000000
81128  -52.374  -4.231  29.254 0.0000000000
80024  -52.675  -4.466  29.148 0.0000000000
54755  -7.027  -26.014  72.875 0.0000000000
53603  -12.039  -27.743  73.251 0.0000000000
53593  -12.289  -27.671  73.774 0.0000000000
53582  -11.334  -27.274  74.815 0.0000000000
53581  -10.474  -27.342  74.885 0.0000000000
52440  -12.289  -27.795  76.930 0.0000000000
53560  -10.599  -27.478  76.136 0.0000000000
53570  -9.471  -27.332  75.502 0.0000000000
53580  -9.534  -27.277  74.829 0.0000000000
54741  -8.642  -27.018  74.700 0.0000000000
54715  -7.849  -27.170  75.656 0.0000000000
54725  -7.211  -26.786  75.114 0.0000000000
53556  -7.470  -27.342  75.899 0.0000000000
51253  -8.160  -28.253  76.692 0.0000000000
63189  -48.278  -19.894  54.680 0.0000000000
63212  -49.093  -19.271  53.990 0.0000000000
62044  -42.634  -20.592  55.882 0.0000000000
62064  -42.553  -20.315  55.340 0.0000000000
64415  -43.175  -19.272  54.182 0.0000000000
64403  -43.672  -19.537  54.780 0.0000000000
64404  -44.158  -19.499  55.014 0.0000000000
64389  -44.613  -19.636  55.381 0.0000000000
64417  -44.590  -19.208  54.444 0.0000000000
63271  -42.923  -19.308  51.645 0.0000000000
64459  -42.547  -19.336  52.436 0.0000000000
63253  -44.636  -19.723  52.431 0.0000000000
63252  -43.833  -19.531  52.462 0.0000000000
63231  -44.842  -19.565  53.283 0.0000000000
63208  -45.041  -19.255  53.875 0.0000000000
63232  -45.591  -19.611  53.477 0.0000000000
63210  -46.912  -19.746  54.270 0.0000000000
62119  -46.870  -19.448  51.983 0.0000000000
62120  -47.344  -19.235  52.301 0.0000000000
63255  -47.676  -18.665  52.138 0.0000000000
63274  -47.230  -18.696  51.187 0.0000000000
64460  -47.444  -18.082  50.949 0.0000000000
63293  -46.678  -18.785  50.361 0.0000000000
64496  -46.088  -18.030  48.431 0.0000000000
64489  -46.284  -18.320  49.190 0.0000000000
65658  -46.397  -17.388  48.046 0.0000000000
65680  -45.554  -17.702  46.694 0.0000000000
63357  -43.791  -18.784  46.819 0.0000000000
65692  -44.462  -17.361  45.415 0.0000000000
68031  -44.860  -15.967  44.955 0.0000000000
68074  -43.115  -15.977  42.574 0.0000000000
68090  -43.975  -15.164  42.095 0.0000000000
64555  -38.696  -18.509  43.755 0.0000000000
64579  -38.131  -17.985  43.130 0.0000000000
65717  -40.035  -17.105  42.643 0.0000000000
65747  -39.832  -16.524  41.841 0.0000000000
66950  -40.629  -16.064  41.867 0.0000000000
66975  -41.026  -15.733  41.705 0.0000000000
68105  -41.425  -15.295  41.227 0.0000000000
58259  -19.738  -22.245  67.614 0.0000000000
59532  -19.858  -21.938  68.106 0.0000000000
59533  -20.744  -21.765  67.916 0.0000000000
60786  -22.155  -21.674  68.935 0.0000000000
59500  -24.306  -22.610  69.044 0.0000000000
57205  -24.358  -24.436  59.419 0.0000000000
57222  -23.632  -24.319  58.553 0.0000000000
57204  -23.545  -24.225  59.656 0.0000000000
57187  -24.139  -24.194  60.417 0.0000000000
57138  -26.133  -24.582  63.300 0.0000000000
55992  -26.983  -24.966  63.335 0.0000000000
56083  -28.010  -25.391  57.542 0.0000000000
56070  -28.740  -25.482  58.599 0.0000000000
57225  -30.902  -25.189  58.598 0.0000000000
56041  -29.981  -25.799  60.819 0.0000000000
56055  -28.274  -25.500  59.638 0.0000000000
56040  -28.812  -25.670  60.713 0.0000000000
55995  -29.590  -25.759  63.459 0.0000000000
55994  -28.643  -25.605  63.499 0.0000000000
55978  -27.941  -25.290  64.335 0.0000000000
57108  -28.408  -25.012  65.567 0.0000000000
55964  -29.158  -25.284  65.013 0.0000000000
57110  -30.682  -24.852  65.367 0.0000000000
57109  -30.002  -24.919  65.537 0.0000000000
58316  -32.546  -22.898  64.678 0.0000000000
61979  -35.539  -19.480  60.964 0.0000000000
54853  -14.969  -25.898  65.250 0.0000000000
53681  -14.137  -26.771  66.697 0.0000000000
54837  -13.975  -26.597  65.611 0.0000000000
53680  -13.474  -26.791  66.130 0.0000000000
53693  -12.645  -26.705  65.194 0.0000000000
53651  -13.436  -27.256  68.202 0.0000000000
52489  -13.516  -27.635  70.025 0.0000000000
52488  -12.780  -27.696  69.936 0.0000000000
52483  -13.830  -27.518  70.722 0.0000000000
52477  -13.633  -27.680  71.422 0.0000000000
53619  -14.277  -27.272  71.387 0.0000000000
57012  -15.904  -24.273  71.686 0.0000000000
57006  -16.404  -24.053  72.078 0.0000000000
66845  -48.936  -16.260  50.897 0.0000000000
70450  -45.717  -13.444  40.060 0.0000000000
70426  -46.041  -13.873  40.940 0.0000000000
70405  -48.003  -13.323  42.182 0.0000000000
70406  -48.945  -13.075  42.430 0.0000000000
70455  -50.694  -13.126  40.529 0.0000000000
70408  -51.270  -12.342  42.668 0.0000000000
71593  -51.256  -12.113  44.122 0.0000000000
72723  -52.441  -11.430  44.886 0.0000000000
72711  -52.473  -11.161  45.533 0.0000000000
74006  -55.571  -9.744  38.746 0.0000000000
72806  -55.777  -10.317  39.541 0.0000000000
73972  -56.496  -9.747  40.888 0.0000000000
72797  -55.733  -10.863  40.454 0.0000000000
71629  -55.681  -11.262  41.458 0.0000000000
71628  -55.137  -11.795  41.529 0.0000000000
72774  -55.937  -10.952  42.125 0.0000000000
84238  -54.535  -0.879  29.892 0.0000000000
84239  -55.320  -1.218  30.016 0.0000000000
82171  -56.218  -2.993  29.980 0.0000000000
83193  -55.816  -2.085  30.064 0.0000000000
83194  -56.880  -2.176  30.518 0.0000000000
83183  -57.671  -1.682  30.643 0.0000000000
82172  -57.310  -3.040  29.937 0.0000000000
78914  -55.976  -5.654  28.155 0.0000000000
82184  -58.236  -3.513  28.315 0.0000000000
81121  -57.722  -4.274  28.415 0.0000000000
82174  -58.615  -2.513  28.545 0.0000000000
83196  -58.675  -2.029  29.051 0.0000000000
83208  -58.785  -1.990  28.079 0.0000000000
83221  -58.749  -2.106  26.090 0.0000000000
84267  -59.038  -1.563  26.435 0.0000000000
84275  -59.507  -1.434  25.784 0.0000000000
85330  -60.327  -0.530  25.605 0.0000000000
84289  -59.419  -1.706  25.082 0.0000000000
81165  -55.031  -3.640  23.855 0.0000000000
80064  -55.559  -4.679  24.675 0.0000000000
81167  -56.977  -3.362  24.131 0.0000000000
80066  -57.458  -3.775  24.635 0.0000000000
85353  -58.927  -1.706  23.463 0.0000000000
84301  -58.650  -1.973  23.601 0.0000000000
85354  -59.751  -1.262  23.782 0.0000000000
85342  -60.290  -0.700  24.497 0.0000000000
85355  -60.174  -0.835  23.531 0.0000000000
83306  -56.620  -1.876  21.483 0.0000000000
84338  -57.307  -1.631  21.645 0.0000000000
83307  -57.244  -1.741  21.179 0.0000000000
63243  -35.394  -19.729  51.717 0.0000000000
63283  -34.514  -19.620  50.341 0.0000000000
62114  -34.161  -20.556  52.073 0.0000000000
68076  -44.840  -15.116  42.936 0.0000000000
83145  -55.755  -1.270  33.613 0.0000000000
84199  -55.770  -0.670  34.191 0.0000000000
85242  -55.698  0.210  34.559 0.0000000000
87425  -56.850  0.967  34.069 0.0000000000
87438  -57.630  1.438  33.455 0.0000000000
87450  -57.684  1.316  32.816 0.0000000000
86337  -57.037  0.555  32.664 0.0000000000
85284  -56.591  -0.484  31.589 0.0000000000
54794  -9.838  -26.915  69.640 0.0000000000
53624  -10.488  -27.330  70.431 0.0000000000
53617  -10.523  -27.387  71.347 0.0000000000
58209  -18.413  -22.766  70.945 0.0000000000
58279  -25.285  -23.593  66.131 0.0000000000
57081  -27.566  -24.576  66.816 0.0000000000
57096  -28.474  -24.876  66.192 0.0000000000
59625  -33.465  -22.568  60.336 0.0000000000
59603  -33.552  -21.805  62.483 0.0000000000
60823  -33.896  -21.029  63.361 0.0000000000
57062  -17.485  -24.110  68.154 0.0000000000
57030  -17.221  -23.782  69.727 0.0000000000
58221  -17.698  -23.369  69.559 0.0000000000
58222  -17.970  -22.993  69.960 0.0000000000
70500  -52.111  -12.704  38.764 0.0000000000
71658  -52.987  -12.247  38.336 0.0000000000
71659  -53.535  -12.096  38.787 0.0000000000
72804  -54.239  -11.639  39.084 0.0000000000
64402  -39.180  -19.740  56.372 0.0000000000
63180  -39.440  -19.971  55.606 0.0000000000
63284  -36.806  -19.243  50.331 0.0000000000
64471  -36.848  -19.190  49.983 0.0000000000
63304  -37.720  -18.960  49.090 0.0000000000
58327  -23.005  -22.916  63.068 0.0000000000
59693  -32.251  -22.269  54.092 0.0000000000
58464  -32.704  -22.473  56.305 0.0000000000
59663  -33.103  -21.985  56.646 0.0000000000
60869  -34.644  -20.940  58.019 0.0000000000
60888  -35.110  -20.663  57.567 0.0000000000
62040  -35.604  -20.267  56.924 0.0000000000
64384  -38.685  -19.400  57.305 0.0000000000
57134  -17.490  -24.418  63.686 0.0000000000
57135  -18.238  -24.157  63.819 0.0000000000
65659  -46.717  -17.126  48.578 0.0000000000
66858  -47.463  -16.458  48.822 0.0000000000
66866  -46.985  -16.119  48.394 0.0000000000
70360  -50.007  -12.099  45.924 0.0000000000
71577  -50.601  -11.988  45.402 0.0000000000
76456  -55.138  -7.781  37.696 0.0000000000
77658  -55.229  -6.905  37.287 0.0000000000
78840  -55.551  -6.353  37.794 0.0000000000
83089  -56.038  -2.203  39.008 0.0000000000
82063  -56.493  -2.694  39.426 0.0000000000
85317  -60.101  -0.331  27.849 0.0000000000
70536  -49.974  -12.515  36.569 0.0000000000
75302  -54.044  -8.469  34.672 0.0000000000
81086  -54.694  -3.407  31.876 0.0000000000
82153  -54.060  -2.655  31.504 0.0000000000
83174  -53.429  -2.135  30.743 0.0000000000
84236  -53.458  -2.118  30.141 0.0000000000
83192  -52.842  -2.590  29.970 0.0000000000
83202  -51.856  -3.709  29.463 0.0000000000
54749  -7.882  -26.527  73.854 0.0000000000
54730  -13.451  -27.307  75.863 0.0000000000
54729  -12.658  -27.106  75.923 0.0000000000
54728  -12.104  -26.837  75.965 0.0000000000
54716  -11.887  -26.863  76.192 0.0000000000
52439  -11.412  -27.962  76.628 0.0000000000
52438  -10.422  -28.054  76.496 0.0000000000
53548  -9.583  -27.765  76.326 0.0000000000
53569  -8.870  -27.285  75.631 0.0000000000
53547  -8.734  -27.717  76.383 0.0000000000
53546  -8.065  -27.695  76.456 0.0000000000
63205  -42.063  -19.807  54.382 0.0000000000
63183  -42.520  -19.935  54.791 0.0000000000
63230  -42.513  -19.387  54.065 0.0000000000
64433  -42.975  -19.211  53.790 0.0000000000
63291  -43.471  -19.572  50.812 0.0000000000
63272  -43.683  -19.556  51.614 0.0000000000
62143  -44.058  -19.679  50.806 0.0000000000
62131  -44.305  -19.684  51.271 0.0000000000
62117  -45.339  -19.762  51.961 0.0000000000
62133  -45.757  -19.655  51.268 0.0000000000
62146  -46.172  -19.419  50.635 0.0000000000
64536  -43.591  -17.869  45.295 0.0000000000
65704  -43.647  -17.099  44.433 0.0000000000
66930  -43.350  -16.570  43.612 0.0000000000
59550  -20.873  -21.918  67.057 0.0000000000
59534  -21.599  -21.850  67.676 0.0000000000
59523  -22.372  -21.824  68.415 0.0000000000
59511  -22.651  -21.783  68.868 0.0000000000
58238  -25.183  -22.785  68.400 0.0000000000
57237  -24.620  -24.462  57.139 0.0000000000
57236  -23.664  -24.211  57.321 0.0000000000
57206  -25.074  -24.638  59.187 0.0000000000
56037  -25.920  -24.829  60.490 0.0000000000
56023  -27.225  -25.179  61.534 0.0000000000
56115  -28.549  -25.283  55.342 0.0000000000
56100  -29.370  -25.345  56.258 0.0000000000
57190  -31.299  -25.338  60.857 0.0000000000
56042  -30.718  -25.747  61.207 0.0000000000
56026  -30.246  -25.756  61.880 0.0000000000
54906  -29.522  -25.783  62.438 0.0000000000
54897  -30.171  -25.789  62.563 0.0000000000
54886  -30.107  -25.796  63.018 0.0000000000
55980  -29.885  -25.632  64.357 0.0000000000
55966  -30.658  -25.096  64.988 0.0000000000
57125  -30.959  -24.987  64.870 0.0000000000
57111  -31.633  -24.294  65.343 0.0000000000
54824  -15.252  -26.161  67.099 0.0000000000
53668  -14.588  -26.659  67.254 0.0000000000
53620  -14.819  -26.698  71.278 0.0000000000
58183  -17.380  -23.818  72.096 0.0000000000
58182  -16.825  -24.065  72.124 0.0000000000
70427  -46.972  -13.727  41.053 0.0000000000
70452  -47.606  -13.533  40.226 0.0000000000
70432  -52.008  -12.828  41.537 0.0000000000
71594  -51.964  -11.961  43.823 0.0000000000
72741  -52.920  -11.634  44.338 0.0000000000
72742  -53.798  -11.445  44.463 0.0000000000
75247  -56.120  -9.047  39.362 0.0000000000
73973  -56.694  -9.696  41.458 0.0000000000
82181  -53.797  -3.264  29.469 0.0000000000
83207  -55.056  -2.051  29.555 0.0000000000
82182  -54.703  -2.943  29.514 0.0000000000
81119  -55.573  -3.713  29.427 0.0000000000
81109  -56.115  -3.422  29.707 0.0000000000
80026  -57.455  -4.847  27.489 0.0000000000
81122  -58.223  -3.688  27.773 0.0000000000
81131  -58.379  -3.459  26.946 0.0000000000
82199  -58.625  -2.636  25.730 0.0000000000
81179  -53.853  -2.961  23.227 0.0000000000
81181  -55.357  -2.958  23.615 0.0000000000
82224  -56.594  -2.680  23.651 0.0000000000
82225  -57.450  -2.834  23.903 0.0000000000
83245  -57.227  -2.358  23.500 0.0000000000
84300  -57.961  -1.884  23.307 0.0000000000
86394  -58.958  -1.474  23.020 0.0000000000
85367  -58.648  -1.476  22.707 0.0000000000
82277  -56.511  -2.142  20.867 0.0000000000
83316  -57.487  -1.912  20.607 0.0000000000
83324  -57.890  -2.049  20.076 0.0000000000
64457  -36.028  -19.476  50.732 0.0000000000
64470  -36.244  -19.366  50.113 0.0000000000
58359  -19.211  -23.649  61.893 0.0000000000
58384  -21.038  -23.083  60.271 0.0000000000
58385  -21.873  -23.130  60.132 0.0000000000
58498  -31.277  -22.958  51.375 0.0000000000
59724  -32.496  -21.805  51.959 0.0000000000
59715  -32.636  -21.705  52.636 0.0000000000
59705  -33.222  -21.566  54.210 0.0000000000
60925  -33.993  -21.050  55.242 0.0000000000
62097  -35.054  -20.550  53.499 0.0000000000
68011  -45.844  -15.751  46.045 0.0000000000
68033  -46.437  -14.800  45.298 0.0000000000
69172  -46.908  -14.172  44.905 0.0000000000
69190  -47.486  -13.704  44.290 0.0000000000
79924  -55.846  -4.486  36.077 0.0000000000
82087  -55.821  -2.653  37.396 0.0000000000
83123  -55.958  -1.228  35.741 0.0000000000
83101  -55.955  -1.879  38.028 0.0000000000
84134  -56.511  -1.439  38.449 0.0000000000
84135  -57.275  -1.138  38.549 0.0000000000
87451  -58.381  1.323  32.462 0.0000000000
85287  -59.209  0.074  30.533 0.0000000000
84230  -58.681  -0.758  30.185 0.0000000000
54779  -8.321  -25.992  70.097 0.0000000000
54764  -8.832  -26.845  72.161 0.0000000000
63309  -42.599  -19.299  49.606 0.0000000000
64518  -43.023  -18.521  45.914 0.0000000000
64559  -42.389  -17.984  44.337 0.0000000000
59536  -23.307  -22.433  67.034 0.0000000000
56081  -25.969  -24.997  57.709 0.0000000000
57240  -31.728  -23.965  57.365 0.0000000000
58365  -32.154  -24.280  62.318 0.0000000000
58344  -32.014  -24.271  63.147 0.0000000000
58329  -31.982  -23.976  63.818 0.0000000000
58330  -32.463  -23.191  63.866 0.0000000000
59581  -32.837  -22.158  64.898 0.0000000000
59582  -33.102  -21.785  64.383 0.0000000000
60807  -33.154  -21.867  65.255 0.0000000000
55957  -15.727  -25.339  65.280 0.0000000000
55929  -16.564  -25.178  67.179 0.0000000000
54825  -15.812  -25.519  67.091 0.0000000000
55901  -15.813  -25.161  69.765 0.0000000000
55886  -15.729  -25.196  70.404 0.0000000000
55887  -15.953  -24.680  70.223 0.0000000000
58189  -17.143  -23.834  71.691 0.0000000000
70497  -49.041  -13.380  38.350 0.0000000000
70434  -53.706  -12.629  41.329 0.0000000000
70411  -53.832  -12.576  41.853 0.0000000000
77734  -52.830  -6.452  28.684 0.0000000000
77736  -54.464  -6.418  27.934 0.0000000000
82236  -54.525  -2.448  23.108 0.0000000000
83273  -55.376  -2.020  23.058 0.0000000000
82251  -55.468  -2.041  22.528 0.0000000000
83305  -55.926  -1.999  21.835 0.0000000000
82265  -54.699  -2.467  21.788 0.0000000000
52470  -12.519  -27.866  72.107 0.0000000000
52465  -13.005  -27.829  72.887 0.0000000000
53594  -13.375  -27.684  73.750 0.0000000000
54719  -14.021  -27.109  76.304 0.0000000000
62043  -41.735  -20.632  56.023 0.0000000000
62062  -41.239  -19.957  54.850 0.0000000000
63181  -40.431  -20.025  55.099 0.0000000000
62081  -41.505  -19.801  54.501 0.0000000000
63204  -41.219  -19.684  54.297 0.0000000000
63247  -39.301  -19.230  52.472 0.0000000000
63334  -39.157  -18.999  47.392 0.0000000000
63352  -38.878  -18.977  46.433 0.0000000000
58276  -19.774  -22.504  67.118 0.0000000000
58292  -20.022  -22.888  66.149 0.0000000000
59566  -20.325  -22.318  66.777 0.0000000000
59567  -20.903  -22.510  66.275 0.0000000000
58325  -21.260  -22.702  63.342 0.0000000000
59589  -21.301  -22.582  64.167 0.0000000000
59579  -21.583  -22.652  64.945 0.0000000000
58277  -24.105  -22.939  65.526 0.0000000000
58296  -24.365  -23.450  65.063 0.0000000000
58297  -25.114  -23.885  65.249 0.0000000000
57105  -25.858  -24.295  64.964 0.0000000000
56162  -29.002  -24.803  52.461 0.0000000000
56130  -28.860  -25.249  54.277 0.0000000000
57253  -31.359  -24.184  56.095 0.0000000000
57284  -31.176  -23.809  53.290 0.0000000000
57275  -31.155  -24.015  53.923 0.0000000000
57265  -31.279  -24.243  54.886 0.0000000000
60846  -34.644  -20.423  61.502 0.0000000000
60855  -34.720  -20.469  60.520 0.0000000000
61990  -35.091  -19.864  60.230 0.0000000000
61991  -35.777  -19.555  60.076 0.0000000000
62004  -35.384  -19.993  59.269 0.0000000000
63113  -36.480  -19.250  60.000 0.0000000000
63127  -37.314  -18.887  59.041 0.0000000000
62041  -36.267  -19.809  57.332 0.0000000000
65570  -38.764  -18.337  58.875 0.0000000000
64372  -39.236  -18.902  58.102 0.0000000000
55991  -15.864  -25.271  63.289 0.0000000000
57103  -17.009  -24.061  65.531 0.0000000000
66834  -48.105  -16.567  51.710 0.0000000000
66852  -48.467  -16.116  49.837 0.0000000000
67976  -48.345  -15.183  49.005 0.0000000000
67995  -47.333  -14.698  47.512 0.0000000000
69119  -48.238  -13.857  48.587 0.0000000000
71539  -49.929  -12.401  47.158 0.0000000000
74027  -54.265  -10.305  37.512 0.0000000000
75246  -55.658  -8.497  38.857 0.0000000000
76444  -56.047  -7.877  39.456 0.0000000000
76438  -56.404  -7.840  40.124 0.0000000000
77635  -56.802  -7.091  40.463 0.0000000000
79916  -55.723  -4.606  37.146 0.0000000000
81010  -55.717  -3.906  38.797 0.0000000000
79900  -55.869  -4.924  39.156 0.0000000000
78827  -56.118  -5.918  39.570 0.0000000000
54724  -6.592  -26.730  75.052 0.0000000000
69235  -44.601  -13.988  40.957 0.0000000000
70449  -44.732  -13.511  40.054 0.0000000000
70518  -47.522  -13.054  37.373 0.0000000000
70521  -50.645  -12.781  37.702 0.0000000000
71671  -51.462  -12.404  37.344 0.0000000000
71672  -52.322  -12.034  37.375 0.0000000000
75263  -54.144  -8.950  36.763 0.0000000000
75278  -54.584  -8.460  36.255 0.0000000000
77670  -55.680  -5.951  35.839 0.0000000000
78866  -55.301  -5.869  33.212 0.0000000000
78860  -55.490  -6.064  33.758 0.0000000000
78861  -55.756  -5.622  34.239 0.0000000000
79929  -56.000  -4.436  34.967 0.0000000000
82146  -55.188  -2.636  32.398 0.0000000000
82133  -55.509  -2.146  32.811 0.0000000000
83159  -55.445  -1.372  33.083 0.0000000000
83158  -55.012  -1.226  32.737 0.0000000000
84205  -54.643  -0.680  32.729 0.0000000000
85273  -54.797  -0.333  32.026 0.0000000000
86349  -54.999  -0.177  31.788 0.0000000000
85296  -54.252  -0.060  30.195 0.0000000000
84251  -54.064  -1.689  29.658 0.0000000000
84250  -53.576  -2.159  29.875 0.0000000000
83205  -53.537  -2.651  29.637 0.0000000000
81129  -53.102  -3.964  29.314 0.0000000000
80011  -52.647  -4.838  29.002 0.0000000000
78911  -52.456  -5.395  28.918 0.0000000000
76530  -51.226  -7.328  28.600 0.0000000000
52464  -12.159  -27.801  72.822 0.0000000000
53583  -12.169  -27.322  74.673 0.0000000000
53592  -11.354  -27.510  73.933 0.0000000000
53601  -10.494  -27.431  73.085 0.0000000000
53551  -12.433  -27.510  76.886 0.0000000000
53561  -11.653  -27.105  76.452 0.0000000000
54713  -6.721  -27.154  75.577 0.0000000000
53555  -6.511  -27.574  75.876 0.0000000000
53545  -7.584  -27.772  76.461 0.0000000000
63213  -49.655  -19.112  54.293 0.0000000000
64420  -49.016  -18.609  53.255 0.0000000000
60891  -43.759  -21.077  56.542 0.0000000000
63184  -43.475  -19.876  55.172 0.0000000000
64458  -42.146  -19.391  52.558 0.0000000000
64445  -42.812  -19.284  53.043 0.0000000000
64446  -43.417  -19.335  53.142 0.0000000000
64447  -44.122  -19.474  53.188 0.0000000000
64434  -43.833  -19.196  53.794 0.0000000000
64418  -45.177  -19.164  54.890 0.0000000000
62100  -46.223  -19.691  52.763 0.0000000000
62083  -47.349  -19.522  53.395 0.0000000000
62084  -47.768  -19.173  53.189 0.0000000000
63234  -47.887  -18.602  52.877 0.0000000000
64461  -47.671  -17.987  51.382 0.0000000000
64473  -47.500  -17.744  50.846 0.0000000000
64490  -46.717  -17.942  49.554 0.0000000000
65671  -46.509  -17.059  47.838 0.0000000000
66874  -46.307  -16.798  47.008 0.0000000000
63340  -44.938  -18.869  47.795 0.0000000000
64506  -44.935  -18.510  47.212 0.0000000000
64521  -45.197  -18.182  46.936 0.0000000000
64537  -44.159  -18.005  45.751 0.0000000000
66882  -45.386  -16.722  46.042 0.0000000000
66894  -45.532  -16.005  45.863 0.0000000000
68055  -44.226  -16.050  43.628 0.0000000000
63373  -38.526  -18.950  45.504 0.0000000000
64580  -39.243  -17.733  43.059 0.0000000000
64582  -41.035  -17.550  43.409 0.0000000000
65749  -41.246  -16.668  42.608 0.0000000000
65748  -40.698  -16.574  42.344 0.0000000000
66952  -42.332  -16.177  42.297 0.0000000000
69234  -43.689  -14.082  40.995 0.0000000000
59531  -19.352  -22.315  68.522 0.0000000000
59520  -19.802  -21.925  68.879 0.0000000000
59524  -23.193  -22.014  68.041 0.0000000000
58407  -21.918  -23.425  59.154 0.0000000000
58386  -22.538  -23.383  59.999 0.0000000000
58364  -23.194  -23.412  60.714 0.0000000000
57168  -23.958  -23.517  61.078 0.0000000000
57150  -25.095  -23.972  62.198 0.0000000000
57170  -25.545  -24.354  61.319 0.0000000000
57137  -25.318  -24.200  63.160 0.0000000000
57123  -26.449  -24.721  64.292 0.0000000000
57124  -27.088  -25.040  64.703 0.0000000000
56114  -27.462  -25.330  55.450 0.0000000000
56085  -30.231  -25.237  57.806 0.0000000000
57207  -30.580  -25.524  59.820 0.0000000000
56054  -27.245  -25.284  59.609 0.0000000000
56007  -27.539  -25.288  62.501 0.0000000000
56008  -28.433  -25.599  62.628 0.0000000000
55951  -29.702  -24.971  65.598 0.0000000000
57083  -29.161  -25.026  66.252 0.0000000000
57099  -31.731  -24.119  65.703 0.0000000000
52481  -12.334  -27.767  70.491 0.0000000000
53650  -12.261  -27.153  68.132 0.0000000000
52476  -12.833  -27.833  71.365 0.0000000000
53612  -14.207  -27.514  72.173 0.0000000000
56999  -16.462  -24.600  72.592 0.0000000000
69236  -45.360  -14.084  41.203 0.0000000000
69220  -46.476  -13.852  42.283 0.0000000000
70404  -47.132  -13.531  42.033 0.0000000000
70454  -49.633  -13.335  40.446 0.0000000000
71579  -51.973  -11.850  44.583 0.0000000000
71578  -51.256  -11.916  44.977 0.0000000000
72796  -55.228  -11.260  40.147 0.0000000000
71640  -54.959  -11.646  40.577 0.0000000000
71614  -54.710  -12.136  42.339 0.0000000000
71598  -54.970  -11.980  43.019 0.0000000000
71597  -54.173  -11.943  43.085 0.0000000000
72761  -54.519  -11.749  43.748 0.0000000000
85283  -55.612  -0.467  31.448 0.0000000000
84240  -56.105  -1.557  30.592 0.0000000000
84229  -58.199  -1.138  30.656 0.0000000000
84242  -58.656  -1.232  29.712 0.0000000000
80015  -56.707  -5.003  28.378 0.0000000000
81111  -57.393  -3.751  29.368 0.0000000000
83195  -58.108  -2.116  30.099 0.0000000000
85308  -59.019  -0.802  29.141 0.0000000000
85309  -59.652  -0.668  28.824 0.0000000000
85316  -59.995  -0.858  28.061 0.0000000000
85322  -60.223  -0.980  27.280 0.0000000000
84260  -59.099  -1.481  27.433 0.0000000000
84268  -59.661  -1.357  26.809 0.0000000000
85323  -60.484  -0.515  26.810 0.0000000000
85324  -60.725  -0.124  26.320 0.0000000000
80049  -55.915  -5.151  25.214 0.0000000000
82211  -58.441  -2.982  24.913 0.0000000000
83230  -58.891  -2.323  25.206 0.0000000000
83246  -58.098  -2.403  23.778 0.0000000000
84288  -59.073  -2.101  24.305 0.0000000000
85341  -59.733  -1.390  24.744 0.0000000000
84322  -57.643  -1.505  21.945 0.0000000000
85391  -58.474  -1.426  21.629 0.0000000000
84354  -58.176  -1.695  20.642 0.0000000000
52441  -12.960  -27.682  77.055 0.0000000000
52458  -12.280  -27.757  73.323 0.0000000000
52463  -11.628  -27.725  72.489 0.0000000000
52469  -11.769  -27.777  72.018 0.0000000000
52490  -14.004  -27.480  70.202 0.0000000000
53563  -13.600  -27.206  76.783 0.0000000000
53623  -9.987  -27.200  70.745 0.0000000000
54712  -6.358  -27.264  75.560 0.0000000000
54717  -12.378  -26.967  76.351 0.0000000000
54869  -14.648  -26.108  64.494 0.0000000000
54887  -30.384  -25.758  62.882 0.0000000000
54896  -29.746  -25.802  62.762 0.0000000000
54907  -29.807  -25.796  62.305 0.0000000000
55914  -16.884  -24.787  68.252 0.0000000000
55982  -31.364  -24.948  64.068 0.0000000000
56066  -25.205  -24.660  58.290 0.0000000000
57120  -18.351  -23.772  64.298 0.0000000000
57224  -25.141  -24.645  58.743 0.0000000000
58236  -17.951  -22.787  68.994 0.0000000000
58237  -18.564  -22.759  69.494 0.0000000000
58290  -18.302  -23.488  65.834 0.0000000000
58294  -23.111  -22.928  64.665 0.0000000000
59512  -23.017  -21.883  68.819 0.0000000000
59538  -24.849  -22.927  66.904 0.0000000000
60787  -22.410  -21.736  68.900 0.0000000000
60815  -33.257  -21.662  64.903 0.0000000000
60909  -42.727  -20.923  56.324 0.0000000000
60910  -43.183  -21.029  56.397 0.0000000000
62065  -43.051  -20.309  55.563 0.0000000000
62082  -41.648  -19.914  54.664 0.0000000000
62101  -46.995  -19.557  52.804 0.0000000000
62132  -44.919  -19.740  51.415 0.0000000000
62156  -43.891  -19.669  50.361 0.0000000000
62158  -45.070  -19.638  49.959 0.0000000000
63182  -42.149  -19.987  54.677 0.0000000000
63186  -45.580  -19.239  55.301 0.0000000000
63207  -43.431  -19.522  54.660 0.0000000000
63254  -47.374  -18.979  51.833 0.0000000000
63292  -46.117  -19.141  50.086 0.0000000000
64356  -38.375  -18.378  58.742 0.0000000000
64357  -38.749  -18.466  58.455 0.0000000000
64386  -39.361  -19.454  56.967 0.0000000000
64432  -42.549  -19.325  53.378 0.0000000000
65583  -39.049  -18.342  58.230 0.0000000000
65705  -44.117  -17.060  44.911 0.0000000000
66883  -45.848  -16.612  46.428 0.0000000000
69136  -48.064  -13.863  47.974 0.0000000000
71610  -51.496  -12.004  43.399 0.0000000000
72740  -52.432  -11.685  44.558 0.0000000000
72759  -53.148  -11.901  43.803 0.0000000000
72785  -56.102  -10.623  41.333 0.0000000000
75230  -56.660  -8.978  40.788 0.0000000000
76543  -52.436  -7.458  27.661 0.0000000000
77642  -55.771  -7.373  38.803 0.0000000000
81120  -56.656  -4.311  29.149 0.0000000000
81154  -58.153  -3.495  25.096 0.0000000000
81155  -58.511  -3.005  25.361 0.0000000000
81168  -57.667  -3.285  24.376 0.0000000000
82144  -53.917  -2.176  31.662 0.0000000000
82180  -51.907  -3.883  29.305 0.0000000000
82190  -51.853  -4.149  29.246 0.0000000000
82192  -52.881  -4.071  29.231 0.0000000000
82194  -58.602  -2.706  26.622 0.0000000000
82212  -58.658  -2.711  25.070 0.0000000000
82227  -58.495  -2.771  24.718 0.0000000000
82289  -57.439  -2.211  20.038 0.0000000000
83144  -55.368  -0.945  33.224 0.0000000000
83181  -52.406  -2.825  30.086 0.0000000000
83184  -58.076  -1.600  30.436 0.0000000000
83190  -51.904  -3.478  29.602 0.0000000000
83191  -52.134  -2.790  30.037 0.0000000000
83203  -52.173  -3.548  29.496 0.0000000000
83206  -54.280  -2.287  29.485 0.0000000000
83213  -52.227  -3.812  29.389 0.0000000000
83214  -52.507  -3.563  29.461 0.0000000000
83244  -56.732  -2.252  23.386 0.0000000000
83247  -58.622  -2.549  24.540 0.0000000000
83259  -55.627  -2.069  23.139 0.0000000000
83262  -57.569  -2.124  23.410 0.0000000000
83274  -55.752  -1.907  22.817 0.0000000000
83291  -55.747  -1.962  22.346 0.0000000000
84147  -56.781  -0.717  38.090 0.0000000000
84198  -55.509  -0.418  33.615 0.0000000000
84212  -53.814  -0.674  32.156 0.0000000000
84226  -53.603  -1.648  30.467 0.0000000000
84249  -53.210  -2.441  29.909 0.0000000000
84254  -59.629  -1.037  28.331 0.0000000000
84299  -57.472  -1.796  23.155 0.0000000000
84311  -57.883  -1.615  23.060 0.0000000000
84321  -57.143  -1.633  22.264 0.0000000000
84339  -57.877  -1.555  21.352 0.0000000000
85202  -56.733  -0.256  37.569 0.0000000000
85250  -55.736  0.319  33.956 0.0000000000
85256  -55.002  -0.435  32.758 0.0000000000
85264  -54.593  -0.358  32.162 0.0000000000
85265  -55.202  -0.246  32.474 0.0000000000
85281  -53.854  -0.103  30.885 0.0000000000
85282  -54.694  -0.446  31.345 0.0000000000
85352  -58.186  -1.658  23.147 0.0000000000
86307  -55.952  0.585  33.892 0.0000000000
86325  -57.036  0.607  33.172 0.0000000000
86396  -59.730  -1.245  23.269 0.0000000000
86405  -58.998  -1.428  22.732 0.0000000000
87416  -56.499  1.008  34.262 0.0000000000
87424  -56.379  0.844  34.087 0.0000000000
87436  -56.568  0.715  33.755 0.0000000000
87437  -57.186  0.831  33.672 0.0000000000
87449  -57.570  0.814  33.253 0.0000000000
