#!ascii label  , from subject 3018 vox2ras=TkReg
928
63819  17.744  -16.278  57.458 0.0000000000
66171  27.785  -13.518  62.131 0.0000000000
81810  38.220  -1.693  37.603 0.0000000000
70089  27.581  -11.974  43.905 0.0000000000
65046  29.957  -13.199  53.583 0.0000000000
87131  50.582  3.330  28.866 0.0000000000
80682  36.161  -2.403  42.568 0.0000000000
76031  32.002  -6.797  40.397 0.0000000000
67538  13.598  -14.550  58.024 0.0000000000
61442  21.652  -16.295  61.280 0.0000000000
64965  22.487  -14.366  58.363 0.0000000000
60294  18.560  -18.491  55.134 0.0000000000
87088  43.797  2.683  33.083 0.0000000000
60166  20.523  -17.465  63.659 0.0000000000
64918  17.473  -15.357  62.585 0.0000000000
84824  42.304  0.999  37.782 0.0000000000
69922  14.504  -11.404  63.114 0.0000000000
71127  10.585  -11.791  64.576 0.0000000000
71341  32.435  -9.620  43.311 0.0000000000
67624  29.244  -12.488  48.811 0.0000000000
66350  25.769  -14.133  50.398 0.0000000000
66286  24.892  -13.628  54.605 0.0000000000
79523  35.586  -4.140  44.299 0.0000000000
79554  33.059  -4.334  41.124 0.0000000000
75991  33.625  -6.721  43.027 0.0000000000
81724  37.281  -1.213  44.778 0.0000000000
62693  15.727  -17.810  55.682 0.0000000000
62681  13.882  -18.434  57.124 0.0000000000
66241  15.846  -14.852  56.799 0.0000000000
60232  19.579  -17.451  58.969 0.0000000000
60244  20.395  -17.750  58.195 0.0000000000
61513  17.826  -17.759  56.417 0.0000000000
61541  16.323  -19.294  54.833 0.0000000000
81853  38.697  -1.680  35.282 0.0000000000
81782  39.390  -0.376  40.458 0.0000000000
81822  39.851  -0.179  38.293 0.0000000000
83846  40.868  0.125  35.532 0.0000000000
66150  17.326  -14.059  65.608 0.0000000000
67490  16.353  -13.459  63.198 0.0000000000
68700  15.729  -12.567  65.660 0.0000000000
73364  12.716  -8.635  67.648 0.0000000000
72284  12.044  -9.540  65.835 0.0000000000
72274  10.536  -9.787  66.899 0.0000000000
72264  9.456  -10.709  68.988 0.0000000000
73332  9.416  -8.942  70.634 0.0000000000
68826  31.185  -12.004  50.621 0.0000000000
66360  30.094  -13.037  51.132 0.0000000000
66363  27.662  -13.895  49.709 0.0000000000
65062  28.069  -13.717  52.059 0.0000000000
63842  21.107  -15.326  56.429 0.0000000000
66257  24.221  -13.538  56.636 0.0000000000
65021  21.011  -14.600  54.381 0.0000000000
66306  22.674  -14.276  52.514 0.0000000000
70086  30.718  -10.281  43.939 0.0000000000
71359  30.609  -10.372  41.710 0.0000000000
70119  27.951  -12.524  41.136 0.0000000000
90561  51.234  4.793  26.950 0.0000000000
87145  51.138  2.878  27.092 0.0000000000
80723  36.860  -2.103  40.410 0.0000000000
79571  34.207  -3.717  39.628 0.0000000000
82775  38.308  -0.519  42.524 0.0000000000
64925  24.549  -14.654  61.959 0.0000000000
66194  25.746  -13.657  60.291 0.0000000000
62647  22.251  -15.384  60.114 0.0000000000
61501  20.824  -17.109  57.349 0.0000000000
60292  19.241  -18.178  54.340 0.0000000000
87050  45.086  3.406  36.104 0.0000000000
87085  46.220  4.223  33.518 0.0000000000
87123  47.838  3.094  30.469 0.0000000000
86005  49.953  2.509  28.897 0.0000000000
61458  18.860  -17.129  60.398 0.0000000000
63799  18.106  -15.838  60.145 0.0000000000
61426  18.333  -16.954  62.833 0.0000000000
61432  21.370  -17.119  62.373 0.0000000000
85959  42.788  2.097  34.860 0.0000000000
67517  16.684  -14.040  59.756 0.0000000000
68744  13.934  -12.645  59.402 0.0000000000
69941  12.257  -12.874  61.653 0.0000000000
71109  14.572  -10.987  65.805 0.0000000000
71137  12.367  -11.214  63.446 0.0000000000
74419  8.292  -8.575  73.657 0.0000000000
73615  35.004  -8.418  44.184 0.0000000000
70058  30.291  -10.950  45.970 0.0000000000
70035  31.121  -10.952  47.994 0.0000000000
68860  28.677  -11.875  46.786 0.0000000000
66406  26.974  -13.584  46.962 0.0000000000
66394  25.785  -15.204  47.603 0.0000000000
66367  24.207  -15.833  48.488 0.0000000000
66222  26.074  -13.761  58.754 0.0000000000
66269  26.948  -13.412  56.131 0.0000000000
65019  27.631  -13.432  54.603 0.0000000000
66318  25.834  -13.891  52.798 0.0000000000
66336  23.679  -14.481  50.379 0.0000000000
73629  32.380  -8.757  41.944 0.0000000000
72542  30.263  -10.298  39.007 0.0000000000
78360  35.697  -5.396  44.744 0.0000000000
78372  34.385  -5.216  43.448 0.0000000000
77212  34.819  -6.395  43.845 0.0000000000
79513  36.231  -4.145  45.056 0.0000000000
63831  17.241  -16.452  56.404 0.0000000000
64987  16.484  -15.999  56.165 0.0000000000
64967  17.394  -15.889  56.994 0.0000000000
61488  18.404  -17.102  58.117 0.0000000000
60245  18.747  -17.578  58.012 0.0000000000
61502  18.017  -17.533  57.439 0.0000000000
62692  16.868  -17.531  55.770 0.0000000000
81825  38.198  -1.909  36.890 0.0000000000
80752  38.571  -1.392  39.001 0.0000000000
81807  40.093  -0.563  39.039 0.0000000000
81824  38.760  -1.399  37.212 0.0000000000
82846  39.256  -1.159  36.391 0.0000000000
74485  11.706  -8.440  68.041 0.0000000000
73377  12.098  -8.869  67.236 0.0000000000
73365  10.512  -9.091  68.015 0.0000000000
73379  10.100  -9.870  67.637 0.0000000000
74475  10.082  -8.680  68.746 0.0000000000
73354  9.164  -10.146  69.720 0.0000000000
67593  30.634  -12.467  52.102 0.0000000000
66332  29.930  -13.011  52.244 0.0000000000
65079  28.734  -13.445  51.552 0.0000000000
65061  28.796  -13.262  52.390 0.0000000000
66180  27.778  -13.703  61.119 0.0000000000
62715  19.737  -17.207  53.710 0.0000000000
65007  21.387  -14.723  55.543 0.0000000000
63851  19.910  -15.939  54.377 0.0000000000
65022  20.351  -15.132  53.507 0.0000000000
70088  28.552  -11.229  43.858 0.0000000000
71345  29.214  -11.185  42.012 0.0000000000
87120  50.355  3.623  29.553 0.0000000000
89400  51.142  4.662  29.567 0.0000000000
88249  51.207  4.304  28.967 0.0000000000
88265  51.160  3.771  27.657 0.0000000000
87141  50.862  3.095  27.945 0.0000000000
80703  35.932  -2.421  41.436 0.0000000000
80739  35.641  -3.005  39.349 0.0000000000
80704  34.823  -2.868  41.286 0.0000000000
78404  32.265  -5.372  40.836 0.0000000000
79573  32.693  -4.731  40.357 0.0000000000
77261  31.864  -6.361  38.877 0.0000000000
81726  36.416  -2.212  43.808 0.0000000000
81749  37.343  -1.816  42.298 0.0000000000
80701  37.894  -1.349  41.155 0.0000000000
64956  13.619  -16.729  57.446 0.0000000000
66210  13.007  -15.623  59.114 0.0000000000
62625  22.651  -15.601  61.848 0.0000000000
63789  23.431  -14.836  61.431 0.0000000000
62635  21.720  -15.847  60.675 0.0000000000
58997  19.551  -18.323  57.118 0.0000000000
60243  20.670  -17.638  57.848 0.0000000000
60255  20.222  -17.974  56.772 0.0000000000
60269  19.263  -17.826  55.591 0.0000000000
60293  18.878  -18.349  54.788 0.0000000000
60318  17.743  -19.006  54.271 0.0000000000
67650  26.260  -14.532  45.274 0.0000000000
87077  44.638  3.374  34.248 0.0000000000
87076  45.454  3.931  34.462 0.0000000000
87087  44.518  3.210  33.198 0.0000000000
87124  46.777  2.986  30.446 0.0000000000
87134  47.473  2.538  29.724 0.0000000000
87122  48.925  3.303  30.072 0.0000000000
60186  19.454  -17.473  61.845 0.0000000000
61433  18.738  -17.194  62.063 0.0000000000
61424  19.262  -17.523  63.255 0.0000000000
60173  20.397  -17.505  62.781 0.0000000000
60185  19.943  -17.490  61.836 0.0000000000
85933  43.477  1.991  36.799 0.0000000000
85934  42.626  1.490  37.228 0.0000000000
84864  40.620  0.156  34.299 0.0000000000
64927  17.529  -15.433  61.579 0.0000000000
66195  17.199  -14.704  60.085 0.0000000000
66182  17.169  -14.622  61.033 0.0000000000
68715  15.500  -12.372  62.660 0.0000000000
68724  15.432  -12.643  61.287 0.0000000000
68725  14.576  -12.022  61.736 0.0000000000
68735  12.552  -12.866  60.745 0.0000000000
69931  13.919  -11.603  62.177 0.0000000000
71096  14.523  -10.788  66.524 0.0000000000
72299  11.296  -10.094  65.335 0.0000000000
72312  12.789  -9.972  64.577 0.0000000000
71126  11.328  -11.391  64.083 0.0000000000
69925  11.191  -12.523  63.389 0.0000000000
70057  31.379  -10.164  45.824 0.0000000000
68827  30.658  -12.246  50.271 0.0000000000
68834  31.091  -11.797  50.003 0.0000000000
68842  29.829  -11.770  48.881 0.0000000000
68849  29.713  -11.714  48.078 0.0000000000
67634  29.084  -12.710  48.002 0.0000000000
67647  27.767  -12.529  46.830 0.0000000000
67625  28.548  -13.113  48.314 0.0000000000
65097  27.401  -13.953  50.168 0.0000000000
66377  27.153  -14.116  48.736 0.0000000000
66378  26.265  -14.704  48.587 0.0000000000
66379  25.332  -15.061  48.288 0.0000000000
66365  25.583  -14.484  49.247 0.0000000000
64952  23.977  -14.573  59.051 0.0000000000
66207  25.501  -13.718  59.682 0.0000000000
66223  24.762  -14.033  58.873 0.0000000000
66272  23.969  -13.598  55.472 0.0000000000
66256  25.331  -13.433  56.792 0.0000000000
66270  26.152  -13.373  55.731 0.0000000000
65005  27.026  -13.432  55.314 0.0000000000
65020  26.618  -13.517  54.435 0.0000000000
65036  26.610  -13.679  53.232 0.0000000000
66304  24.865  -13.783  53.471 0.0000000000
66322  21.489  -15.181  50.606 0.0000000000
66321  22.622  -14.609  51.132 0.0000000000
71339  33.756  -9.089  43.871 0.0000000000
73627  33.499  -8.355  43.129 0.0000000000
71357  32.449  -9.347  42.698 0.0000000000
70131  29.427  -11.750  40.030 0.0000000000
71388  30.281  -10.203  39.635 0.0000000000
90572  50.876  3.975  26.066 0.0000000000
80669  35.403  -3.215  43.413 0.0000000000
80684  34.129  -3.393  42.067 0.0000000000
79537  34.194  -4.156  42.807 0.0000000000
78387  33.126  -5.197  42.082 0.0000000000
76004  32.679  -6.698  41.776 0.0000000000
81715  37.332  -1.812  46.047 0.0000000000
80660  36.145  -2.872  44.523 0.0000000000
62694  14.832  -18.349  56.033 0.0000000000
64970  14.499  -16.339  56.621 0.0000000000
66226  15.156  -14.370  57.042 0.0000000000
60199  20.750  -17.208  60.667 0.0000000000
60215  20.691  -17.258  59.677 0.0000000000
58968  19.760  -17.793  58.448 0.0000000000
58998  19.104  -18.247  57.366 0.0000000000
60295  18.195  -18.411  55.455 0.0000000000
61539  17.280  -19.044  54.417 0.0000000000
61524  17.003  -18.365  55.241 0.0000000000
61525  16.190  -18.834  55.169 0.0000000000
85982  43.166  1.913  31.600 0.0000000000
61407  19.978  -16.895  65.083 0.0000000000
82805  40.656  0.101  40.202 0.0000000000
82825  41.070  0.114  38.831 0.0000000000
83825  41.443  0.574  37.884 0.0000000000
84833  41.360  0.569  36.631 0.0000000000
83836  40.298  -0.280  36.477 0.0000000000
82858  39.831  -0.789  35.461 0.0000000000
64911  17.434  -14.817  64.054 0.0000000000
66173  17.000  -14.317  62.630 0.0000000000
66156  17.194  -14.050  64.601 0.0000000000
68708  15.895  -12.723  63.895 0.0000000000
69913  15.477  -12.269  64.534 0.0000000000
72271  14.094  -9.818  67.104 0.0000000000
73376  13.299  -9.158  67.275 0.0000000000
72273  11.592  -9.402  66.710 0.0000000000
72286  10.192  -10.368  66.213 0.0000000000
71098  9.732  -11.388  66.548 0.0000000000
67600  30.634  -12.643  51.378 0.0000000000
67608  29.679  -12.902  50.040 0.0000000000
66375  29.024  -13.153  49.712 0.0000000000
66348  28.967  -13.430  50.913 0.0000000000
65095  28.421  -13.612  50.858 0.0000000000
65063  27.169  -13.944  51.633 0.0000000000
64966  21.635  -14.639  57.696 0.0000000000
66240  23.347  -13.774  57.573 0.0000000000
64985  21.588  -14.743  56.774 0.0000000000
66273  22.686  -13.961  55.204 0.0000000000
66305  23.852  -14.231  53.079 0.0000000000
66289  21.487  -14.371  53.323 0.0000000000
66290  20.798  -14.868  52.467 0.0000000000
70101  31.323  -10.216  43.414 0.0000000000
71358  31.522  -9.719  42.052 0.0000000000
71343  30.501  -10.504  42.492 0.0000000000
71375  29.399  -11.262  40.901 0.0000000000
90549  51.574  5.298  27.859 0.0000000000
89435  51.424  4.060  27.019 0.0000000000
80753  37.783  -1.843  38.404 0.0000000000
80765  37.060  -2.700  37.054 0.0000000000
79582  36.147  -2.901  38.435 0.0000000000
80726  33.802  -3.688  40.415 0.0000000000
79601  33.329  -4.599  38.357 0.0000000000
83723  38.357  -0.171  45.387 0.0000000000
83753  38.769  0.260  43.799 0.0000000000
82773  39.395  0.050  42.460 0.0000000000
81764  38.693  -0.472  41.342 0.0000000000
80736  38.479  -1.218  39.821 0.0000000000
64915  26.304  -14.054  62.112 0.0000000000
64923  26.670  -13.861  61.139 0.0000000000
64924  25.663  -14.088  61.544 0.0000000000
64942  23.969  -14.450  59.853 0.0000000000
63804  22.659  -15.140  59.438 0.0000000000
61471  21.317  -16.445  59.106 0.0000000000
62661  21.562  -15.994  58.704 0.0000000000
63818  21.622  -15.246  58.363 0.0000000000
62691  20.565  -16.408  56.717 0.0000000000
61522  19.335  -17.403  54.815 0.0000000000
61538  19.525  -18.069  53.722 0.0000000000
88210  47.400  4.974  32.942 0.0000000000
87109  45.955  3.417  31.216 0.0000000000
87108  47.016  3.653  31.293 0.0000000000
87094  48.414  4.515  31.610 0.0000000000
87106  49.212  4.214  30.870 0.0000000000
87121  49.816  3.513  29.960 0.0000000000
86004  50.412  2.863  28.775 0.0000000000
86016  50.725  2.522  28.128 0.0000000000
62649  18.560  -16.489  59.113 0.0000000000
63807  18.040  -15.875  58.879 0.0000000000
61459  18.622  -16.843  60.600 0.0000000000
62627  18.219  -16.506  61.731 0.0000000000
63777  17.854  -16.107  63.002 0.0000000000
61417  18.874  -17.175  64.292 0.0000000000
63763  18.139  -15.926  64.656 0.0000000000
64892  17.767  -15.420  65.253 0.0000000000
66163  27.677  -13.527  63.033 0.0000000000
64907  26.101  -14.184  63.103 0.0000000000
63781  24.187  -15.218  62.765 0.0000000000
62618  22.618  -15.893  62.884 0.0000000000
61420  22.212  -16.426  62.961 0.0000000000
61443  21.286  -16.946  61.449 0.0000000000
60200  20.364  -17.428  60.810 0.0000000000
60233  19.280  -17.260  59.433 0.0000000000
85919  45.172  2.898  37.556 0.0000000000
85943  43.627  2.431  35.447 0.0000000000
85967  43.206  2.374  33.940 0.0000000000
85945  41.974  1.211  35.815 0.0000000000
85969  41.597  1.198  33.878 0.0000000000
85975  42.106  1.555  32.703 0.0000000000
64955  17.339  -15.137  58.330 0.0000000000
66225  16.420  -14.442  57.768 0.0000000000
67527  15.207  -13.349  58.318 0.0000000000
67509  16.371  -13.638  60.748 0.0000000000
68733  15.215  -12.696  60.061 0.0000000000
68753  13.895  -13.211  58.710 0.0000000000
68745  12.771  -13.381  59.797 0.0000000000
67520  12.102  -14.376  60.586 0.0000000000
69904  15.233  -12.009  65.341 0.0000000000
69914  14.906  -11.617  64.250 0.0000000000
71124  13.643  -10.296  64.354 0.0000000000
69923  13.166  -11.304  62.740 0.0000000000
69924  12.179  -11.922  62.918 0.0000000000
73312  9.053  -8.711  72.326 0.0000000000
74769  35.573  -7.691  44.360 0.0000000000
71331  32.560  -9.800  44.170 0.0000000000
70070  31.532  -10.077  44.684 0.0000000000
70071  30.495  -10.434  44.895 0.0000000000
70072  29.312  -10.942  44.996 0.0000000000
70044  31.004  -10.451  46.954 0.0000000000
70059  28.947  -11.493  46.137 0.0000000000
70060  28.158  -11.751  45.774 0.0000000000
68862  27.437  -12.285  45.775 0.0000000000
67637  26.892  -13.501  46.463 0.0000000000
66407  26.565  -14.231  46.548 0.0000000000
66376  28.091  -13.438  48.971 0.0000000000
66393  26.541  -14.528  47.636 0.0000000000
66408  25.950  -15.190  46.682 0.0000000000
65127  25.434  -16.014  46.919 0.0000000000
65113  24.694  -16.383  47.837 0.0000000000
65032  30.128  -13.480  54.513 0.0000000000
66192  27.122  -13.706  60.380 0.0000000000
66205  27.580  -13.576  59.395 0.0000000000
66220  27.978  -13.485  58.525 0.0000000000
66239  24.518  -13.779  57.737 0.0000000000
66237  26.697  -13.549  57.867 0.0000000000
66253  28.121  -13.367  57.180 0.0000000000
64983  28.228  -13.468  56.490 0.0000000000
65018  28.570  -13.463  54.855 0.0000000000
65033  29.265  -13.338  54.174 0.0000000000
65048  28.149  -13.354  52.912 0.0000000000
65050  26.630  -13.960  52.284 0.0000000000
66334  26.022  -14.078  51.631 0.0000000000
66335  24.823  -14.091  51.024 0.0000000000
66351  24.690  -14.391  49.770 0.0000000000
66352  23.815  -15.418  49.283 0.0000000000
74793  33.924  -7.813  43.346 0.0000000000
74805  32.668  -7.724  42.197 0.0000000000
74806  32.246  -7.692  41.578 0.0000000000
71372  30.994  -9.596  41.332 0.0000000000
72540  30.903  -9.097  40.779 0.0000000000
74821  31.045  -8.533  39.596 0.0000000000
86024  51.115  1.938  27.226 0.0000000000
78359  36.160  -5.337  45.268 0.0000000000
77211  35.255  -6.306  44.593 0.0000000000
62680  17.791  -17.025  57.133 0.0000000000
81839  37.969  -2.030  36.171 0.0000000000
80764  37.655  -2.172  37.422 0.0000000000
81809  38.683  -1.293  38.081 0.0000000000
74474  10.822  -8.156  68.861 0.0000000000
74486  10.675  -8.775  68.195 0.0000000000
74487  10.231  -8.887  68.372 0.0000000000
73353  9.467  -9.304  69.389 0.0000000000
66316  30.812  -13.053  53.527 0.0000000000
66331  30.540  -12.639  52.683 0.0000000000
66317  30.146  -12.875  52.948 0.0000000000
65060  29.525  -13.012  52.713 0.0000000000
66170  28.793  -13.389  61.769 0.0000000000
63859  19.739  -16.319  52.868 0.0000000000
87119  50.533  3.666  29.339 0.0000000000
88237  50.703  4.117  29.587 0.0000000000
88250  50.904  3.889  28.907 0.0000000000
88259  50.938  3.799  28.525 0.0000000000
77248  32.043  -6.116  40.630 0.0000000000
77260  31.947  -6.223  39.766 0.0000000000
76032  31.697  -6.999  39.673 0.0000000000
76043  31.526  -7.117  38.562 0.0000000000
81736  36.607  -2.161  43.033 0.0000000000
81735  37.071  -1.630  43.260 0.0000000000
81750  36.785  -2.188  42.531 0.0000000000
80702  37.076  -1.934  41.522 0.0000000000
66227  13.831  -15.285  57.111 0.0000000000
64957  13.384  -16.259  58.032 0.0000000000
66228  13.315  -15.340  58.346 0.0000000000
67539  13.341  -14.769  58.418 0.0000000000
61441  22.137  -15.996  61.644 0.0000000000
62626  22.031  -15.807  61.265 0.0000000000
60271  18.812  -18.512  56.179 0.0000000000
60256  19.856  -18.285  56.822 0.0000000000
60270  19.364  -18.380  56.120 0.0000000000
60317  18.361  -18.912  53.983 0.0000000000
66420  26.051  -15.240  45.551 0.0000000000
86007  48.151  1.925  29.089 0.0000000000
60174  19.803  -17.534  62.634 0.0000000000
60175  19.256  -17.503  62.627 0.0000000000
60168  19.590  -17.550  63.205 0.0000000000
84816  42.074  0.678  38.206 0.0000000000
85922  42.654  1.402  37.773 0.0000000000
66172  17.212  -14.826  61.923 0.0000000000
68716  14.676  -11.795  62.399 0.0000000000
69939  13.648  -12.059  61.573 0.0000000000
71084  14.657  -10.809  67.233 0.0000000000
71113  10.464  -11.115  65.247 0.0000000000
71112  11.680  -10.532  64.729 0.0000000000
69915  10.654  -12.293  64.215 0.0000000000
67623  29.731  -12.167  49.428 0.0000000000
68835  30.433  -11.810  49.626 0.0000000000
68843  29.433  -12.190  48.250 0.0000000000
66364  26.735  -14.137  49.817 0.0000000000
66224  23.724  -14.253  58.487 0.0000000000
66271  25.061  -13.501  55.683 0.0000000000
66285  25.708  -13.529  54.859 0.0000000000
66303  25.768  -13.643  53.882 0.0000000000
71340  33.181  -9.212  43.513 0.0000000000
79524  34.808  -4.113  43.552 0.0000000000
77222  34.007  -6.127  43.245 0.0000000000
78373  33.752  -5.171  42.750 0.0000000000
77223  33.457  -6.082  42.568 0.0000000000
77234  33.019  -6.120  41.889 0.0000000000
76003  33.088  -6.981  42.427 0.0000000000
80659  36.449  -3.000  45.327 0.0000000000
79514  35.946  -3.489  44.426 0.0000000000
80668  35.944  -2.852  43.755 0.0000000000
64969  15.666  -15.621  56.363 0.0000000000
64988  15.482  -16.506  56.156 0.0000000000
66242  14.845  -15.285  56.628 0.0000000000
60217  19.991  -17.889  59.968 0.0000000000
60216  20.377  -17.587  59.856 0.0000000000
60273  18.153  -17.941  57.298 0.0000000000
60257  18.602  -17.992  57.575 0.0000000000
58999  18.773  -18.227  57.355 0.0000000000
59016  18.808  -18.347  57.127 0.0000000000
60272  18.402  -18.317  56.728 0.0000000000
61512  17.834  -18.188  55.701 0.0000000000
62705  16.535  -18.260  55.361 0.0000000000
62706  16.013  -18.347  55.400 0.0000000000
82807  39.719  -0.047  40.683 0.0000000000
81781  39.980  -0.290  40.232 0.0000000000
81806  40.556  -0.275  39.292 0.0000000000
81821  40.431  -0.140  38.710 0.0000000000
82833  40.502  0.306  38.130 0.0000000000
83826  40.754  0.379  37.412 0.0000000000
82834  40.035  -0.052  37.300 0.0000000000
82859  39.272  -1.213  35.834 0.0000000000
64902  17.486  -14.800  64.950 0.0000000000
66164  17.053  -14.118  63.644 0.0000000000
67477  16.720  -13.388  65.276 0.0000000000
68699  15.971  -12.685  64.986 0.0000000000
69903  15.557  -12.352  64.956 0.0000000000
73363  13.578  -8.741  67.725 0.0000000000
73378  10.917  -9.199  67.621 0.0000000000
72285  10.955  -9.731  66.065 0.0000000000
72275  9.833  -10.564  67.205 0.0000000000
72263  9.651  -10.655  68.337 0.0000000000
71086  9.512  -11.584  67.714 0.0000000000
73343  9.476  -9.096  70.061 0.0000000000
73344  9.097  -9.750  70.385 0.0000000000
73333  8.948  -9.658  71.337 0.0000000000
66346  30.254  -12.857  51.803 0.0000000000
67607  30.244  -12.771  50.570 0.0000000000
66361  29.473  -13.197  50.559 0.0000000000
65080  27.929  -13.732  51.206 0.0000000000
63829  21.213  -15.428  57.284 0.0000000000
65008  20.576  -15.195  54.755 0.0000000000
66274  21.779  -14.150  54.504 0.0000000000
66288  22.721  -14.053  53.833 0.0000000000
65037  20.292  -15.659  52.097 0.0000000000
70102  30.959  -10.276  43.307 0.0000000000
70103  30.147  -10.571  43.098 0.0000000000
70118  28.672  -11.591  41.667 0.0000000000
71361  29.270  -11.237  41.415 0.0000000000
89426  51.402  4.416  27.710 0.0000000000
88271  51.308  3.277  27.036 0.0000000000
80737  37.715  -1.729  39.548 0.0000000000
80738  36.729  -2.407  39.211 0.0000000000
80740  34.957  -3.483  39.334 0.0000000000
79583  35.403  -3.442  38.603 0.0000000000
79584  34.620  -3.847  38.822 0.0000000000
79600  34.168  -4.214  38.224 0.0000000000
80705  33.916  -3.502  41.205 0.0000000000
78416  32.152  -5.758  39.074 0.0000000000
79586  32.932  -4.596  39.362 0.0000000000
78426  32.587  -5.167  38.671 0.0000000000
82742  37.797  -0.647  45.163 0.0000000000
82763  38.205  -0.428  42.948 0.0000000000
82753  38.082  -0.226  43.911 0.0000000000
82762  38.863  -0.017  43.133 0.0000000000
83764  39.071  0.178  43.333 0.0000000000
82774  38.736  -0.324  42.195 0.0000000000
82790  38.973  -0.182  41.597 0.0000000000
81747  38.497  -0.556  41.992 0.0000000000
80722  37.773  -1.513  40.487 0.0000000000
64916  25.414  -14.475  62.597 0.0000000000
63797  22.836  -15.063  60.171 0.0000000000
63796  23.336  -14.627  60.738 0.0000000000
64943  23.173  -14.907  59.626 0.0000000000
63798  22.292  -15.359  59.735 0.0000000000
60230  20.244  -17.545  58.858 0.0000000000
61472  21.034  -16.895  59.432 0.0000000000
60229  20.673  -17.353  58.724 0.0000000000
61487  21.089  -17.114  58.432 0.0000000000
61486  21.307  -16.667  58.123 0.0000000000
62678  21.206  -16.189  57.650 0.0000000000
62679  20.956  -16.657  57.345 0.0000000000
61511  19.874  -17.171  56.180 0.0000000000
61540  16.886  -19.089  54.582 0.0000000000
60319  16.959  -19.518  54.039 0.0000000000
60320  16.320  -19.861  54.288 0.0000000000
85930  45.776  3.693  36.919 0.0000000000
87075  45.848  4.171  34.137 0.0000000000
88177  45.969  4.286  34.476 0.0000000000
88194  46.427  4.440  34.052 0.0000000000
88193  46.944  4.689  33.602 0.0000000000
87084  46.740  4.519  33.115 0.0000000000
87126  44.710  2.504  30.591 0.0000000000
87110  44.985  3.063  31.214 0.0000000000
87095  47.145  4.527  32.323 0.0000000000
87107  48.144  3.845  31.130 0.0000000000
87093  48.890  4.546  31.365 0.0000000000
86006  49.099  2.448  29.082 0.0000000000
85992  49.678  3.004  29.472 0.0000000000
85991  50.140  3.126  29.312 0.0000000000
61474  18.717  -16.834  60.010 0.0000000000
62650  18.501  -16.427  59.741 0.0000000000
61434  18.443  -16.932  62.290 0.0000000000
61445  18.526  -16.873  61.450 0.0000000000
62619  18.153  -16.580  62.555 0.0000000000
62591  18.777  -16.670  65.185 0.0000000000
63771  17.945  -16.092  63.861 0.0000000000
62624  23.086  -15.493  62.783 0.0000000000
61422  21.404  -17.232  63.237 0.0000000000
61421  21.804  -16.871  63.050 0.0000000000
61431  21.798  -16.702  62.217 0.0000000000
60183  20.861  -17.271  61.628 0.0000000000
60202  19.526  -17.552  60.994 0.0000000000
60219  19.165  -17.378  60.205 0.0000000000
61473  18.859  -16.844  59.323 0.0000000000
80755  36.526  -2.903  37.433 0.0000000000
85958  43.365  2.449  34.631 0.0000000000
84842  41.514  0.722  35.935 0.0000000000
83858  40.771  0.165  35.007 0.0000000000
84863  40.978  0.564  33.730 0.0000000000
85976  41.314  0.977  33.051 0.0000000000
85968  42.415  1.849  33.898 0.0000000000
64944  17.548  -15.288  59.536 0.0000000000
66209  16.938  -14.610  59.051 0.0000000000
67526  16.307  -13.818  58.659 0.0000000000
67518  15.995  -13.185  59.402 0.0000000000
67499  16.325  -13.422  62.055 0.0000000000
68743  14.891  -12.740  58.947 0.0000000000
68754  13.311  -13.312  59.055 0.0000000000
68746  12.277  -13.542  60.533 0.0000000000
68736  12.034  -13.674  61.212 0.0000000000
69895  14.965  -11.689  66.628 0.0000000000
71123  14.531  -10.952  64.822 0.0000000000
72272  13.072  -9.582  66.579 0.0000000000
72283  13.141  -9.728  65.594 0.0000000000
71125  12.520  -10.428  64.251 0.0000000000
72311  13.054  -9.984  64.403 0.0000000000
71136  13.435  -10.781  63.539 0.0000000000
74424  8.835  -8.454  73.336 0.0000000000
74431  8.836  -8.833  72.859 0.0000000000
71329  33.954  -9.198  44.244 0.0000000000
71319  32.521  -9.812  45.053 0.0000000000
71332  31.984  -10.092  44.243 0.0000000000
70069  32.050  -9.899  44.913 0.0000000000
70026  31.340  -11.237  49.222 0.0000000000
70046  29.151  -11.661  46.930 0.0000000000
70045  29.953  -11.297  47.257 0.0000000000
68871  27.712  -11.981  45.603 0.0000000000
68861  27.982  -12.069  46.278 0.0000000000
67636  27.403  -13.096  47.072 0.0000000000
66362  28.527  -13.552  50.158 0.0000000000
66380  24.657  -15.608  48.115 0.0000000000
66395  25.073  -15.747  47.587 0.0000000000
66381  24.409  -16.122  48.140 0.0000000000
65114  24.440  -16.776  48.316 0.0000000000
64931  26.043  -13.730  60.742 0.0000000000
64930  26.599  -13.731  60.605 0.0000000000
66193  26.329  -13.626  60.187 0.0000000000
66206  26.628  -13.632  59.517 0.0000000000
66221  27.077  -13.596  58.679 0.0000000000
66255  26.360  -13.303  56.930 0.0000000000
66236  27.590  -13.406  57.862 0.0000000000
66254  27.394  -13.317  56.917 0.0000000000
65004  27.803  -13.485  55.726 0.0000000000
65034  28.341  -13.306  53.865 0.0000000000
65035  27.446  -13.490  53.573 0.0000000000
65064  26.644  -14.063  51.770 0.0000000000
66320  23.786  -14.311  51.750 0.0000000000
74782  34.786  -7.820  43.872 0.0000000000
73616  34.203  -8.364  43.692 0.0000000000
73628  32.709  -8.409  42.368 0.0000000000
73640  32.364  -8.097  41.912 0.0000000000
73641  31.851  -8.445  41.425 0.0000000000
71373  30.483  -10.074  40.641 0.0000000000
72530  30.768  -9.471  40.869 0.0000000000
72541  30.603  -9.581  39.725 0.0000000000
73655  31.094  -8.667  40.328 0.0000000000
73656  30.849  -8.924  39.449 0.0000000000
90573  50.499  4.029  26.090 0.0000000000
89446  50.397  3.410  25.498 0.0000000000
88282  49.892  3.329  25.556 0.0000000000
84906  50.960  1.488  27.476 0.0000000000
79522  36.061  -4.803  44.749 0.0000000000
78361  35.003  -5.265  44.180 0.0000000000
63832  16.186  -16.895  55.879 0.0000000000
64968  16.910  -15.233  56.931 0.0000000000
60246  19.002  -17.200  58.583 0.0000000000
81838  38.666  -1.540  36.263 0.0000000000
80751  39.061  -1.065  39.422 0.0000000000
81797  39.594  -0.771  39.585 0.0000000000
81808  39.368  -0.891  38.703 0.0000000000
81823  39.375  -0.690  37.524 0.0000000000
82835  39.698  -0.424  37.145 0.0000000000
81837  39.206  -1.124  36.818 0.0000000000
66142  17.341  -14.310  66.690 0.0000000000
67470  16.714  -13.530  66.320 0.0000000000
74497  11.476  -8.803  67.694 0.0000000000
73366  10.006  -9.344  68.289 0.0000000000
72254  9.431  -10.159  69.015 0.0000000000
66347  29.568  -13.203  51.451 0.0000000000
65078  29.315  -13.137  52.039 0.0000000000
63843  20.515  -15.686  55.742 0.0000000000
70087  29.713  -10.644  43.921 0.0000000000
70104  29.157  -11.136  42.766 0.0000000000
87104  50.306  3.953  30.065 0.0000000000
88222  50.356  4.347  30.346 0.0000000000
88238  50.521  4.170  29.942 0.0000000000
89420  51.463  4.605  28.354 0.0000000000
88258  51.069  3.956  28.274 0.0000000000
87140  50.991  3.403  27.718 0.0000000000
80724  35.726  -2.506  40.277 0.0000000000
80725  34.720  -3.220  40.200 0.0000000000
78388  32.674  -5.336  41.462 0.0000000000
79555  32.515  -4.853  41.014 0.0000000000
78415  32.319  -5.388  39.818 0.0000000000
81725  36.672  -1.896  44.419 0.0000000000
81748  37.999  -0.843  42.414 0.0000000000
81765  37.971  -1.183  41.656 0.0000000000
81766  37.601  -1.613  41.646 0.0000000000
63820  13.870  -17.490  57.184 0.0000000000
66196  12.454  -15.403  59.508 0.0000000000
63782  23.586  -15.225  62.171 0.0000000000
64926  23.889  -14.813  61.664 0.0000000000
63783  23.115  -15.164  61.666 0.0000000000
62634  22.236  -15.434  60.737 0.0000000000
58979  20.359  -18.053  57.629 0.0000000000
58996  20.093  -18.298  57.271 0.0000000000
60316  18.853  -18.837  53.571 0.0000000000
67664  26.327  -14.130  44.577 0.0000000000
87061  44.732  3.331  35.337 0.0000000000
87060  45.351  3.788  35.503 0.0000000000
87086  45.366  3.657  33.316 0.0000000000
87125  45.733  2.633  30.219 0.0000000000
87135  46.511  2.426  29.747 0.0000000000
87133  48.342  2.672  29.700 0.0000000000
60203  19.097  -17.445  61.082 0.0000000000
61444  18.786  -17.190  61.234 0.0000000000
60187  19.039  -17.381  61.876 0.0000000000
60176  18.926  -17.381  62.421 0.0000000000
61425  18.733  -17.308  63.122 0.0000000000
60172  20.921  -17.382  62.558 0.0000000000
60184  20.417  -17.413  61.776 0.0000000000
85944  42.539  1.570  36.039 0.0000000000
84855  40.722  0.169  34.761 0.0000000000
63791  17.916  -16.005  61.165 0.0000000000
64934  17.590  -15.360  60.607 0.0000000000
67508  16.879  -14.276  60.430 0.0000000000
68734  13.886  -12.289  60.603 0.0000000000
69940  12.985  -12.322  61.279 0.0000000000
72298  12.355  -10.010  64.960 0.0000000000
71111  12.198  -10.331  64.653 0.0000000000
71138  11.732  -11.738  63.420 0.0000000000
70056  32.012  -9.917  45.318 0.0000000000
71308  32.489  -9.898  46.168 0.0000000000
70027  30.489  -11.485  49.086 0.0000000000
70036  30.396  -11.360  48.441 0.0000000000
68850  29.109  -12.095  47.456 0.0000000000
68851  28.363  -12.269  46.976 0.0000000000
67635  28.315  -12.746  47.477 0.0000000000
67626  27.873  -13.184  47.770 0.0000000000
66366  24.650  -14.973  48.768 0.0000000000
64941  24.738  -13.906  59.889 0.0000000000
66208  24.711  -13.985  59.535 0.0000000000
66307  21.582  -14.606  51.898 0.0000000000
66337  22.708  -15.418  49.900 0.0000000000
66353  23.254  -15.864  49.383 0.0000000000
72503  34.277  -8.868  44.059 0.0000000000
72516  33.742  -8.710  43.527 0.0000000000
72504  33.617  -8.971  43.622 0.0000000000
71356  32.816  -9.097  42.930 0.0000000000
72518  32.602  -9.025  42.358 0.0000000000
71374  29.595  -11.018  40.416 0.0000000000
71389  29.893  -10.889  39.152 0.0000000000
90570  51.333  4.105  26.605 0.0000000000
90571  51.196  4.215  26.424 0.0000000000
80683  34.930  -3.026  42.541 0.0000000000
79538  33.517  -4.187  42.119 0.0000000000
77235  32.500  -6.120  41.329 0.0000000000
76017  32.293  -6.923  41.193 0.0000000000
81716  36.789  -2.115  45.422 0.0000000000
63834  14.432  -17.638  56.496 0.0000000000
63833  15.246  -17.351  56.055 0.0000000000
64989  14.917  -16.959  56.329 0.0000000000
66243  14.363  -15.625  56.727 0.0000000000
61457  21.073  -16.796  60.466 0.0000000000
58967  20.253  -17.810  58.719 0.0000000000
58969  19.384  -17.754  58.208 0.0000000000
58981  19.476  -18.090  57.848 0.0000000000
59015  18.990  -18.411  56.880 0.0000000000
61523  17.504  -18.649  54.908 0.0000000000
87099  43.709  2.471  32.071 0.0000000000
87112  43.714  2.306  31.512 0.0000000000
61415  20.278  -17.331  64.285 0.0000000000
61406  20.807  -16.951  64.776 0.0000000000
83785  40.938  0.662  40.913 0.0000000000
83799  40.941  0.431  40.429 0.0000000000
81796  40.216  -0.380  39.829 0.0000000000
82818  40.741  -0.050  39.791 0.0000000000
83813  41.645  0.535  39.511 0.0000000000
83819  41.827  0.548  38.676 0.0000000000
84832  41.868  0.956  36.860 0.0000000000
83834  41.229  0.539  37.091 0.0000000000
83835  40.764  0.133  36.584 0.0000000000
83847  40.390  -0.353  35.942 0.0000000000
82845  39.777  -0.646  36.583 0.0000000000
82870  39.750  -0.849  34.477 0.0000000000
64919  17.327  -14.859  63.284 0.0000000000
67484  16.551  -13.412  64.252 0.0000000000
69921  15.282  -12.081  63.703 0.0000000000
72300  10.626  -10.234  65.640 0.0000000000
68817  31.130  -12.085  51.400 0.0000000000
68818  30.818  -12.443  50.821 0.0000000000
67614  30.027  -12.426  49.943 0.0000000000
67615  29.415  -12.670  49.523 0.0000000000
67616  28.817  -12.918  49.098 0.0000000000
65096  27.883  -13.813  50.462 0.0000000000
65081  27.287  -13.880  50.699 0.0000000000
66349  26.619  -13.973  50.948 0.0000000000
64984  22.267  -14.086  57.231 0.0000000000
66258  23.071  -13.729  56.416 0.0000000000
65006  22.187  -14.259  56.257 0.0000000000
66287  23.844  -13.796  54.276 0.0000000000
66308  20.774  -15.107  51.420 0.0000000000
71342  31.515  -10.118  43.158 0.0000000000
71344  29.689  -10.840  42.209 0.0000000000
71360  29.822  -10.776  41.511 0.0000000000
90560  51.357  4.759  27.184 0.0000000000
88281  51.616  2.944  26.010 0.0000000000
80754  36.891  -2.494  37.970 0.0000000000
79572  33.327  -4.075  39.975 0.0000000000
79585  33.757  -4.124  39.054 0.0000000000
83738  38.330  0.045  44.508 0.0000000000
83774  40.197  0.385  42.048 0.0000000000
82789  39.570  0.075  41.292 0.0000000000
81763  39.144  -0.120  40.961 0.0000000000
80700  38.282  -0.953  41.158 0.0000000000
80721  38.597  -0.846  40.571 0.0000000000
80735  39.061  -0.849  40.015 0.0000000000
64914  27.079  -13.774  61.688 0.0000000000
64932  24.977  -13.886  60.649 0.0000000000
64933  23.952  -14.371  61.093 0.0000000000
64953  23.223  -14.793  59.084 0.0000000000
63817  22.404  -15.045  58.892 0.0000000000
61456  21.307  -16.264  60.146 0.0000000000
62648  21.798  -15.753  59.804 0.0000000000
63805  22.091  -15.501  59.143 0.0000000000
63830  20.819  -15.791  56.694 0.0000000000
62704  19.832  -16.576  55.312 0.0000000000
60338  19.277  -18.466  53.134 0.0000000000
59045  17.226  -20.032  53.523 0.0000000000
70074  27.445  -12.159  44.594 0.0000000000
88209  48.023  5.041  32.486 0.0000000000
87098  44.350  3.014  32.144 0.0000000000
87097  45.177  3.494  32.201 0.0000000000
87096  46.128  3.887  32.283 0.0000000000
88223  49.897  4.493  30.876 0.0000000000
87105  50.074  3.963  30.312 0.0000000000
85990  50.316  3.209  29.193 0.0000000000
86003  50.572  2.941  28.546 0.0000000000
62662  18.261  -16.486  58.384 0.0000000000
63806  17.972  -16.075  58.110 0.0000000000
62663  18.392  -16.299  59.025 0.0000000000
62636  18.339  -16.434  60.808 0.0000000000
63784  17.841  -16.059  62.105 0.0000000000
61416  19.496  -17.421  64.016 0.0000000000
61409  18.884  -16.933  64.799 0.0000000000
62600  18.655  -16.784  64.557 0.0000000000
62610  18.469  -17.010  63.946 0.0000000000
62611  18.209  -16.717  63.368 0.0000000000
64910  17.604  -15.503  63.528 0.0000000000
64901  17.709  -15.469  64.379 0.0000000000
64893  17.536  -14.808  65.849 0.0000000000
64884  17.563  -14.825  66.361 0.0000000000
66162  28.647  -13.404  62.647 0.0000000000
64906  26.927  -13.769  62.596 0.0000000000
64917  24.717  -14.951  63.043 0.0000000000
61430  22.232  -16.218  62.142 0.0000000000
60201  19.972  -17.557  60.915 0.0000000000
60218  19.540  -17.634  60.077 0.0000000000
85931  45.347  3.342  36.837 0.0000000000
85932  44.519  2.763  36.414 0.0000000000
85942  44.291  2.819  35.540 0.0000000000
87062  44.214  2.954  34.967 0.0000000000
87078  43.892  2.804  34.223 0.0000000000
85960  41.903  1.414  35.058 0.0000000000
84854  41.135  0.548  34.779 0.0000000000
85974  43.120  2.083  32.901 0.0000000000
64954  17.643  -15.711  57.764 0.0000000000
67536  15.579  -13.923  57.836 0.0000000000
67537  14.493  -14.044  57.597 0.0000000000
66183  16.818  -14.199  61.703 0.0000000000
68752  14.515  -13.156  58.464 0.0000000000
67528  14.015  -13.627  58.152 0.0000000000
67529  13.153  -14.379  58.855 0.0000000000
67519  12.455  -14.573  59.762 0.0000000000
66197  12.027  -15.342  60.225 0.0000000000
71085  14.172  -10.197  66.702 0.0000000000
71097  13.956  -10.229  66.108 0.0000000000
71110  13.944  -10.230  65.254 0.0000000000
72297  13.211  -9.804  64.817 0.0000000000
71135  14.311  -10.886  63.952 0.0000000000
69932  12.833  -12.072  62.091 0.0000000000
69933  11.835  -12.721  62.492 0.0000000000
68726  11.410  -13.726  62.182 0.0000000000
73322  9.249  -8.736  71.462 0.0000000000
73323  8.785  -9.591  72.144 0.0000000000
75977  35.497  -7.309  44.541 0.0000000000
71330  33.335  -9.460  44.234 0.0000000000
70085  31.378  -10.193  43.782 0.0000000000
70073  28.036  -11.618  45.023 0.0000000000
68872  27.292  -12.511  45.130 0.0000000000
67648  27.106  -12.803  46.077 0.0000000000
67663  26.811  -13.298  45.219 0.0000000000
67649  26.617  -13.858  45.697 0.0000000000
66419  26.352  -14.452  45.756 0.0000000000
66391  27.909  -13.313  48.217 0.0000000000
66392  27.264  -13.638  47.750 0.0000000000
65141  25.742  -16.241  46.056 0.0000000000
65128  25.111  -16.680  47.328 0.0000000000
66181  27.187  -13.861  60.940 0.0000000000
66191  28.215  -13.544  60.117 0.0000000000
66219  28.765  -13.497  58.283 0.0000000000
66238  25.650  -13.736  57.836 0.0000000000
66235  28.455  -13.448  57.723 0.0000000000
64982  28.997  -13.483  56.774 0.0000000000
65003  28.820  -13.551  55.803 0.0000000000
65002  29.756  -13.679  55.948 0.0000000000
65017  29.502  -13.578  55.086 0.0000000000
65047  29.004  -13.147  53.248 0.0000000000
65049  27.354  -13.722  52.602 0.0000000000
66333  26.637  -14.019  51.498 0.0000000000
66319  24.918  -14.157  52.311 0.0000000000
75967  35.210  -7.109  44.157 0.0000000000
75990  34.263  -7.082  43.470 0.0000000000
76002  33.586  -7.299  43.065 0.0000000000
74794  33.256  -7.796  42.751 0.0000000000
76016  32.549  -7.221  41.888 0.0000000000
74819  31.793  -7.568  40.678 0.0000000000
72519  32.102  -9.335  42.017 0.0000000000
72529  31.435  -9.191  41.459 0.0000000000
73642  31.257  -8.825  41.079 0.0000000000
73654  31.473  -8.156  40.555 0.0000000000
74820  31.300  -7.936  39.600 0.0000000000
87146  51.173  2.268  27.010 0.0000000000
58980  20.031  -18.118  58.046 0.0000000000
58982  19.042  -17.996  57.762 0.0000000000
59014  19.208  -18.440  56.585 0.0000000000
60167  20.042  -17.517  63.443 0.0000000000
60231  19.984  -17.648  59.118 0.0000000000
60258  18.493  -17.578  57.872 0.0000000000
61408  19.243  -16.936  65.098 0.0000000000
61500  21.158  -16.720  57.591 0.0000000000
62690  20.897  -15.982  57.129 0.0000000000
63776  23.698  -15.468  63.119 0.0000000000
63790  22.851  -15.013  61.134 0.0000000000
64922  27.175  -13.858  61.191 0.0000000000
64986  17.085  -15.853  56.550 0.0000000000
66141  17.573  -14.860  66.644 0.0000000000
71320  32.049  -9.952  44.672 0.0000000000
72517  33.152  -8.842  43.077 0.0000000000
72528  32.151  -9.009  41.771 0.0000000000
74498  11.214  -8.807  67.906 0.0000000000
74770  35.328  -7.638  44.209 0.0000000000
75966  35.316  -7.123  44.373 0.0000000000
75978  35.041  -7.203  43.937 0.0000000000
75989  35.764  -7.714  44.486 0.0000000000
77202  35.176  -6.885  44.249 0.0000000000
77203  35.083  -6.881  43.991 0.0000000000
80681  36.895  -2.164  42.224 0.0000000000
80720  39.015  -0.659  40.299 0.0000000000
81783  38.858  -0.492  40.737 0.0000000000
81795  40.523  -0.265  39.622 0.0000000000
82752  38.540  0.049  43.566 0.0000000000
82761  39.299  0.074  42.919 0.0000000000
82819  40.436  -0.193  40.015 0.0000000000
82844  40.218  -0.209  36.752 0.0000000000
83754  38.347  0.076  44.033 0.0000000000
83763  39.558  0.301  43.131 0.0000000000
84815  42.449  1.071  38.555 0.0000000000
84823  42.629  1.305  38.031 0.0000000000
84841  41.968  1.119  36.175 0.0000000000
85981  43.735  2.233  31.156 0.0000000000
87049  45.636  3.777  36.306 0.0000000000
87132  50.440  3.269  29.069 0.0000000000
88178  45.675  4.126  34.652 0.0000000000
88208  48.949  4.954  31.730 0.0000000000
89384  50.683  4.722  30.255 0.0000000000
90581  50.680  3.491  25.533 0.0000000000
