#!ascii label  , from subject 3018 vox2ras=TkReg
954
63910  25.114  -18.571  48.476 0.0000000000
81928  43.346  -2.375  29.572 0.0000000000
71414  34.358  -11.359  36.829 0.0000000000
66174  11.083  -15.725  61.924 0.0000000000
61558  19.288  -18.298  52.632 0.0000000000
78451  33.993  -5.302  36.557 0.0000000000
60274  14.842  -20.109  55.891 0.0000000000
58958  13.017  -21.396  60.065 0.0000000000
56692  17.391  -23.591  52.932 0.0000000000
81905  48.551  -3.096  30.542 0.0000000000
66420  26.051  -15.240  45.551 0.0000000000
66453  30.000  -16.858  42.769 0.0000000000
63933  30.065  -18.961  46.992 0.0000000000
86019  47.329  0.919  28.613 0.0000000000
83913  51.285  -0.892  26.760 0.0000000000
82892  39.374  -1.721  33.209 0.0000000000
78501  42.511  -5.809  33.142 0.0000000000
78488  37.687  -5.686  33.866 0.0000000000
74831  38.065  -9.288  37.404 0.0000000000
61557  25.433  -21.197  51.701 0.0000000000
63749  11.229  -17.017  66.091 0.0000000000
68682  9.256  -13.585  68.883 0.0000000000
72228  8.655  -10.515  72.005 0.0000000000
65066  21.355  -16.239  50.118 0.0000000000
56716  21.968  -23.143  51.063 0.0000000000
68943  30.330  -13.492  38.902 0.0000000000
66467  35.703  -15.908  41.924 0.0000000000
88281  51.616  2.944  26.010 0.0000000000
81925  45.930  -2.963  29.312 0.0000000000
80843  45.764  -3.820  31.629 0.0000000000
63935  25.259  -17.269  47.294 0.0000000000
63945  27.498  -18.280  45.680 0.0000000000
62792  27.318  -18.960  48.038 0.0000000000
84885  42.548  0.234  30.187 0.0000000000
85994  45.078  2.213  29.887 0.0000000000
84913  45.394  -0.295  28.695 0.0000000000
82926  47.307  -2.090  28.166 0.0000000000
67403  9.444  -14.414  74.469 0.0000000000
80826  38.137  -3.371  33.370 0.0000000000
80801  36.994  -3.486  35.238 0.0000000000
74841  34.044  -8.641  36.586 0.0000000000
76051  35.918  -8.186  36.542 0.0000000000
72560  36.991  -10.753  37.031 0.0000000000
70144  37.252  -12.948  38.794 0.0000000000
62628  11.666  -18.275  60.422 0.0000000000
58940  12.592  -21.516  62.113 0.0000000000
61427  11.963  -19.459  63.223 0.0000000000
61410  11.423  -19.661  64.779 0.0000000000
64894  11.196  -16.997  64.448 0.0000000000
69896  9.457  -12.495  67.159 0.0000000000
69854  8.700  -12.588  70.739 0.0000000000
63867  20.003  -16.825  51.355 0.0000000000
61596  21.211  -19.491  49.910 0.0000000000
60365  19.605  -20.341  50.902 0.0000000000
55511  17.093  -24.304  55.650 0.0000000000
54309  18.990  -26.175  54.324 0.0000000000
65151  33.588  -17.338  45.409 0.0000000000
66470  32.480  -16.569  42.077 0.0000000000
79598  35.839  -3.311  37.596 0.0000000000
78427  32.272  -5.786  38.235 0.0000000000
73678  32.276  -9.480  36.962 0.0000000000
56654  15.677  -23.257  56.857 0.0000000000
56634  14.990  -23.555  59.017 0.0000000000
58984  13.960  -20.987  57.579 0.0000000000
62651  12.766  -18.446  59.083 0.0000000000
66196  12.454  -15.403  59.508 0.0000000000
59057  18.644  -20.339  52.460 0.0000000000
59059  17.490  -20.805  53.138 0.0000000000
57858  16.125  -22.174  54.472 0.0000000000
67663  26.811  -13.298  45.219 0.0000000000
67711  27.165  -15.021  41.953 0.0000000000
65193  27.745  -16.706  43.360 0.0000000000
63970  30.424  -17.788  44.930 0.0000000000
84906  50.960  1.488  27.476 0.0000000000
83904  49.348  -0.525  27.604 0.0000000000
81936  49.973  -2.983  28.603 0.0000000000
82900  40.819  -1.529  31.026 0.0000000000
80846  42.487  -3.916  31.036 0.0000000000
80834  40.281  -3.871  31.610 0.0000000000
78503  40.194  -6.168  33.412 0.0000000000
77305  40.420  -7.240  35.836 0.0000000000
77310  35.639  -5.605  35.271 0.0000000000
77291  37.509  -7.578  35.800 0.0000000000
62746  24.726  -19.142  49.837 0.0000000000
62743  27.730  -20.257  50.014 0.0000000000
85976  41.314  0.977  33.051 0.0000000000
68717  10.857  -13.784  63.366 0.0000000000
67478  10.490  -14.535  65.217 0.0000000000
66136  10.275  -15.149  67.300 0.0000000000
66101  10.200  -16.127  69.930 0.0000000000
66090  9.878  -15.154  71.187 0.0000000000
68633  8.670  -13.360  72.513 0.0000000000
69808  8.421  -12.594  73.720 0.0000000000
72206  7.435  -10.349  74.242 0.0000000000
63898  23.348  -17.336  49.606 0.0000000000
62733  23.679  -19.705  50.389 0.0000000000
59077  23.368  -22.080  51.052 0.0000000000
56719  19.297  -23.253  51.139 0.0000000000
70168  32.008  -12.468  37.639 0.0000000000
66508  29.897  -15.918  40.348 0.0000000000
67725  32.173  -15.254  39.820 0.0000000000
68925  35.494  -14.272  39.438 0.0000000000
61618  30.251  -19.980  49.862 0.0000000000
88302  52.956  2.087  23.564 0.0000000000
84928  52.153  0.160  25.989 0.0000000000
86043  53.703  0.840  24.249 0.0000000000
81927  43.988  -2.600  29.421 0.0000000000
80857  45.011  -3.644  30.489 0.0000000000
80858  44.033  -3.726  30.578 0.0000000000
63923  24.944  -17.451  47.806 0.0000000000
62806  26.015  -18.285  46.975 0.0000000000
62780  25.782  -18.837  48.184 0.0000000000
83889  42.700  -0.482  29.790 0.0000000000
84900  43.709  0.035  29.359 0.0000000000
83898  44.068  -0.880  29.079 0.0000000000
82915  45.322  -2.095  28.770 0.0000000000
68605  9.150  -14.004  74.761 0.0000000000
80800  37.546  -2.598  35.690 0.0000000000
80779  37.591  -2.378  36.569 0.0000000000
72563  33.881  -10.469  36.612 0.0000000000
73675  35.618  -9.770  36.525 0.0000000000
71413  35.397  -11.460  36.926 0.0000000000
71402  37.033  -11.946  37.638 0.0000000000
70164  36.074  -12.911  37.930 0.0000000000
63786  11.529  -17.424  60.758 0.0000000000
62629  11.642  -18.685  61.437 0.0000000000
63778  11.280  -17.656  61.958 0.0000000000
63764  11.202  -17.765  63.967 0.0000000000
64903  11.198  -16.768  63.537 0.0000000000
62722  19.455  -17.548  52.076 0.0000000000
61578  19.174  -18.845  51.182 0.0000000000
61559  19.135  -18.975  51.855 0.0000000000
55494  17.077  -24.959  57.365 0.0000000000
70105  27.927  -11.987  42.591 0.0000000000
65150  34.524  -17.126  45.279 0.0000000000
76054  32.094  -7.311  37.213 0.0000000000
74832  31.381  -8.033  38.249 0.0000000000
57839  15.023  -21.957  56.625 0.0000000000
57825  14.441  -22.077  57.788 0.0000000000
59001  14.285  -20.869  57.005 0.0000000000
62664  13.388  -18.253  57.777 0.0000000000
64957  13.384  -16.259  58.032 0.0000000000
63800  12.561  -17.464  59.212 0.0000000000
60317  18.361  -18.912  53.983 0.0000000000
60296  15.351  -20.180  55.296 0.0000000000
59047  15.931  -20.948  54.294 0.0000000000
57850  15.379  -21.815  55.536 0.0000000000
57838  15.540  -22.587  55.942 0.0000000000
66435  26.208  -15.465  43.944 0.0000000000
66436  26.183  -15.964  44.602 0.0000000000
62816  28.822  -18.919  46.754 0.0000000000
63958  29.282  -18.234  45.307 0.0000000000
63943  29.848  -18.763  46.299 0.0000000000
63941  32.248  -17.950  46.335 0.0000000000
63931  32.049  -18.731  47.372 0.0000000000
86009  45.879  1.905  29.451 0.0000000000
84909  49.260  0.424  28.032 0.0000000000
84910  48.117  0.526  28.238 0.0000000000
81938  48.014  -2.859  28.621 0.0000000000
82925  48.284  -2.135  27.901 0.0000000000
81922  48.753  -3.136  29.483 0.0000000000
82901  40.275  -1.455  31.732 0.0000000000
80848  40.675  -3.208  31.164 0.0000000000
81895  39.761  -2.676  31.882 0.0000000000
78505  38.157  -5.138  33.243 0.0000000000
78521  38.832  -5.208  32.870 0.0000000000
77340  39.120  -6.450  33.790 0.0000000000
77326  40.265  -6.972  34.837 0.0000000000
77327  39.200  -6.957  34.592 0.0000000000
79627  34.695  -4.628  36.667 0.0000000000
79626  35.535  -4.259  36.141 0.0000000000
78450  34.996  -5.197  35.733 0.0000000000
76050  36.979  -8.474  36.589 0.0000000000
76064  36.677  -7.806  36.225 0.0000000000
76049  37.973  -8.580  37.101 0.0000000000
77277  38.836  -7.961  37.164 0.0000000000
61575  25.514  -20.638  51.269 0.0000000000
61574  26.451  -20.701  51.457 0.0000000000
82870  39.750  -0.849  34.477 0.0000000000
83875  40.229  -0.462  32.966 0.0000000000
83882  40.778  -0.667  31.543 0.0000000000
57803  13.806  -22.521  59.984 0.0000000000
57793  13.659  -22.989  60.765 0.0000000000
62593  11.063  -18.841  65.384 0.0000000000
61401  11.212  -19.892  65.794 0.0000000000
63738  11.152  -18.299  66.827 0.0000000000
62571  11.068  -18.176  67.401 0.0000000000
69915  10.654  -12.293  64.215 0.0000000000
67485  10.844  -14.585  64.248 0.0000000000
68710  10.323  -13.265  65.119 0.0000000000
68689  9.371  -13.532  67.819 0.0000000000
67465  9.909  -14.344  67.555 0.0000000000
67459  9.534  -14.455  68.534 0.0000000000
66114  10.300  -16.135  68.902 0.0000000000
66115  9.764  -15.331  69.244 0.0000000000
66102  9.820  -15.255  70.254 0.0000000000
67444  9.536  -14.367  70.508 0.0000000000
71046  8.360  -11.520  70.955 0.0000000000
68648  8.510  -13.020  71.618 0.0000000000
69829  8.422  -12.309  72.434 0.0000000000
69828  8.521  -12.854  72.967 0.0000000000
71024  8.185  -11.470  73.160 0.0000000000
66337  22.708  -15.418  49.900 0.0000000000
66353  23.254  -15.864  49.383 0.0000000000
65065  22.299  -16.231  49.835 0.0000000000
62747  23.642  -18.863  49.979 0.0000000000
62748  22.363  -18.912  49.902 0.0000000000
59079  21.016  -21.469  50.189 0.0000000000
60362  23.052  -21.077  50.410 0.0000000000
57893  22.681  -22.873  51.218 0.0000000000
57887  17.982  -22.142  52.300 0.0000000000
57897  18.800  -22.586  51.388 0.0000000000
56704  18.057  -23.094  52.074 0.0000000000
54308  20.012  -26.306  54.124 0.0000000000
79698  42.893  -5.167  32.332 0.0000000000
80833  43.851  -4.746  32.131 0.0000000000
79682  43.888  -5.314  33.489 0.0000000000
71389  29.893  -10.889  39.152 0.0000000000
71403  31.114  -11.500  37.693 0.0000000000
68966  31.027  -13.331  38.433 0.0000000000
66474  27.983  -16.159  42.030 0.0000000000
67709  28.279  -15.573  40.697 0.0000000000
66472  30.198  -16.834  41.921 0.0000000000
66468  34.712  -16.348  42.100 0.0000000000
66486  32.772  -16.336  41.192 0.0000000000
66504  34.083  -15.680  40.429 0.0000000000
67743  33.421  -14.494  39.280 0.0000000000
67707  35.706  -15.393  41.045 0.0000000000
67722  36.045  -14.771  40.093 0.0000000000
61610  28.672  -20.190  49.911 0.0000000000
88292  51.977  2.621  24.964 0.0000000000
84920  51.175  0.387  27.093 0.0000000000
84919  51.479  0.854  26.717 0.0000000000
84929  51.814  -0.301  26.417 0.0000000000
83927  53.738  -0.533  25.651 0.0000000000
84939  54.734  0.523  24.703 0.0000000000
61514  14.872  -19.246  55.911 0.0000000000
61515  14.401  -19.263  56.414 0.0000000000
81924  46.856  -3.207  29.838 0.0000000000
81889  48.355  -2.977  31.496 0.0000000000
80855  46.488  -3.442  30.873 0.0000000000
65141  25.742  -16.241  46.056 0.0000000000
63961  26.431  -17.287  45.186 0.0000000000
62819  26.142  -17.844  46.237 0.0000000000
62817  27.793  -18.725  46.508 0.0000000000
62803  29.047  -19.083  47.530 0.0000000000
87111  44.173  2.546  31.209 0.0000000000
85995  43.988  1.883  30.408 0.0000000000
86010  44.823  1.371  29.412 0.0000000000
84912  46.170  -0.149  28.545 0.0000000000
84911  47.103  0.028  28.361 0.0000000000
83908  45.775  -1.154  28.506 0.0000000000
82927  46.319  -2.231  28.545 0.0000000000
66058  9.835  -15.028  73.904 0.0000000000
81862  38.723  -1.885  34.422 0.0000000000
80825  38.793  -2.991  32.766 0.0000000000
81871  38.293  -2.499  34.114 0.0000000000
80827  37.587  -3.501  33.988 0.0000000000
78489  36.935  -5.076  34.189 0.0000000000
76067  33.776  -6.564  36.329 0.0000000000
76066  34.566  -6.980  36.125 0.0000000000
76052  34.819  -7.896  36.470 0.0000000000
74839  36.281  -9.015  36.601 0.0000000000
73673  37.573  -9.989  37.105 0.0000000000
72553  37.763  -10.826  37.551 0.0000000000
71387  38.061  -12.224  38.631 0.0000000000
59055  25.081  -22.699  52.533 0.0000000000
60204  12.739  -20.373  60.436 0.0000000000
58950  12.912  -21.335  60.995 0.0000000000
60188  12.528  -20.333  61.485 0.0000000000
60189  12.404  -20.567  62.276 0.0000000000
60169  11.992  -20.354  63.999 0.0000000000
63756  11.153  -17.869  64.929 0.0000000000
64885  11.194  -17.058  65.320 0.0000000000
69905  9.804  -12.392  66.025 0.0000000000
71086  9.512  -11.584  67.714 0.0000000000
69878  9.198  -12.778  69.241 0.0000000000
69867  9.100  -12.824  70.097 0.0000000000
71067  9.191  -11.643  69.520 0.0000000000
72246  8.794  -10.721  70.298 0.0000000000
73333  8.948  -9.658  71.337 0.0000000000
65067  20.584  -16.796  50.479 0.0000000000
63880  21.292  -17.571  50.074 0.0000000000
62750  20.060  -18.206  50.219 0.0000000000
60364  19.994  -20.027  50.367 0.0000000000
57895  20.582  -22.368  50.519 0.0000000000
56672  17.442  -24.375  54.526 0.0000000000
55531  17.773  -24.419  53.079 0.0000000000
55510  17.706  -24.788  55.236 0.0000000000
78464  42.664  -6.388  35.209 0.0000000000
70132  28.974  -12.176  40.321 0.0000000000
65189  31.921  -16.873  43.747 0.0000000000
66452  31.097  -16.807  42.858 0.0000000000
65188  32.951  -16.792  43.792 0.0000000000
65186  34.328  -16.789  43.802 0.0000000000
87151  51.590  2.140  26.051 0.0000000000
69801  7.936  -12.706  74.490 0.0000000000
79583  35.403  -3.442  38.603 0.0000000000
79614  33.776  -4.616  37.666 0.0000000000
78438  33.053  -5.367  37.325 0.0000000000
77278  32.981  -6.437  36.722 0.0000000000
74842  32.800  -8.508  36.768 0.0000000000
72564  32.842  -10.357  36.846 0.0000000000
56643  16.447  -24.705  57.770 0.0000000000
55484  15.947  -24.734  58.859 0.0000000000
56645  15.063  -23.084  58.009 0.0000000000
57815  13.938  -21.938  58.746 0.0000000000
60220  13.199  -20.740  58.732 0.0000000000
61489  13.429  -19.296  57.625 0.0000000000
61475  13.078  -19.636  58.223 0.0000000000
61476  12.926  -19.365  58.834 0.0000000000
62637  12.170  -18.480  59.746 0.0000000000
63793  11.793  -16.723  60.061 0.0000000000
66184  11.767  -15.491  61.119 0.0000000000
60339  19.068  -19.017  52.615 0.0000000000
59042  18.836  -19.578  52.777 0.0000000000
59058  18.136  -20.734  52.812 0.0000000000
57878  17.089  -21.492  53.218 0.0000000000
60319  16.959  -19.518  54.039 0.0000000000
57868  16.477  -21.730  53.783 0.0000000000
56684  16.766  -22.997  53.725 0.0000000000
56674  16.349  -22.876  54.673 0.0000000000
56663  16.596  -23.908  56.094 0.0000000000
68885  27.103  -12.689  44.215 0.0000000000
68899  27.049  -12.839  43.158 0.0000000000
68886  26.650  -13.539  43.768 0.0000000000
66475  27.380  -15.871  42.418 0.0000000000
65192  28.671  -16.942  43.315 0.0000000000
63973  27.848  -17.523  44.469 0.0000000000
65173  29.321  -17.375  44.050 0.0000000000
65172  30.551  -17.454  44.432 0.0000000000
65153  31.516  -17.621  45.126 0.0000000000
65139  33.513  -17.770  46.364 0.0000000000
84893  50.321  1.812  28.338 0.0000000000
84908  50.104  0.810  27.882 0.0000000000
83914  50.484  -1.027  27.176 0.0000000000
83917  48.636  -1.484  27.655 0.0000000000
82937  49.311  -2.113  27.575 0.0000000000
82907  42.303  -1.718  30.024 0.0000000000
80859  43.091  -3.598  30.449 0.0000000000
80847  41.565  -3.403  30.832 0.0000000000
79711  41.752  -4.293  31.431 0.0000000000
78518  41.263  -5.266  32.331 0.0000000000
80835  39.396  -3.465  32.154 0.0000000000
78519  40.558  -5.363  32.502 0.0000000000
78502  41.640  -5.818  33.006 0.0000000000
78486  41.392  -6.642  34.379 0.0000000000
77304  41.163  -7.237  36.130 0.0000000000
80781  36.554  -3.453  35.788 0.0000000000
79647  36.323  -4.064  35.297 0.0000000000
77330  36.595  -5.491  34.645 0.0000000000
77293  35.382  -6.382  35.603 0.0000000000
77292  36.449  -7.051  35.608 0.0000000000
77308  37.294  -6.823  35.029 0.0000000000
77290  38.719  -7.776  36.426 0.0000000000
62765  25.322  -19.266  49.469 0.0000000000
62764  26.060  -19.513  49.354 0.0000000000
62745  25.845  -19.878  49.919 0.0000000000
61573  27.578  -20.638  51.461 0.0000000000
84878  41.636  0.485  31.367 0.0000000000
84886  41.788  0.007  30.693 0.0000000000
67510  11.475  -14.639  61.535 0.0000000000
68726  11.410  -13.726  62.182 0.0000000000
67500  10.917  -14.900  62.502 0.0000000000
66158  11.163  -15.543  64.094 0.0000000000
66151  10.909  -15.455  64.994 0.0000000000
64886  11.022  -16.300  65.618 0.0000000000
68702  10.129  -13.406  65.785 0.0000000000
66144  10.381  -15.127  66.558 0.0000000000
64866  10.843  -16.726  67.442 0.0000000000
64852  10.792  -17.021  68.493 0.0000000000
63706  11.029  -17.832  69.224 0.0000000000
66079  9.585  -15.195  72.091 0.0000000000
68660  9.100  -13.453  70.738 0.0000000000
68647  8.923  -13.644  71.626 0.0000000000
66067  9.537  -15.089  73.006 0.0000000000
67414  9.199  -14.244  73.234 0.0000000000
69807  8.793  -13.051  73.763 0.0000000000
69804  8.416  -12.747  74.084 0.0000000000
72210  7.746  -10.228  73.535 0.0000000000
72211  7.584  -10.599  73.920 0.0000000000
71016  7.629  -11.603  74.342 0.0000000000
65114  24.440  -16.776  48.316 0.0000000000
65098  23.989  -16.526  48.827 0.0000000000
63897  23.944  -17.340  49.352 0.0000000000
63877  24.260  -18.287  49.494 0.0000000000
62732  24.660  -19.859  50.526 0.0000000000
61576  24.598  -20.649  51.059 0.0000000000
61595  22.539  -20.021  50.124 0.0000000000
61577  23.565  -20.404  50.551 0.0000000000
60352  24.097  -21.396  51.281 0.0000000000
59068  19.329  -20.567  51.299 0.0000000000
57896  19.564  -22.257  50.930 0.0000000000
56718  20.242  -23.240  50.935 0.0000000000
55530  18.647  -25.218  53.145 0.0000000000
55543  20.389  -24.735  51.918 0.0000000000
55542  21.320  -24.596  51.917 0.0000000000
80845  43.602  -4.314  31.460 0.0000000000
73679  31.289  -9.574  37.560 0.0000000000
71416  32.403  -11.045  37.186 0.0000000000
70184  33.801  -12.055  37.186 0.0000000000
68912  27.143  -13.435  41.828 0.0000000000
68926  28.544  -13.523  40.025 0.0000000000
67746  30.268  -14.580  39.380 0.0000000000
66487  31.669  -16.448  41.138 0.0000000000
67726  31.107  -15.260  39.865 0.0000000000
67745  31.291  -14.586  39.238 0.0000000000
68941  32.583  -13.925  38.742 0.0000000000
68963  33.909  -13.407  38.144 0.0000000000
68962  34.884  -13.301  38.200 0.0000000000
68938  35.801  -13.610  38.667 0.0000000000
62778  27.629  -19.524  48.645 0.0000000000
62777  28.607  -19.701  48.702 0.0000000000
62789  30.377  -19.514  48.545 0.0000000000
62774  30.925  -19.717  49.323 0.0000000000
62788  31.511  -19.329  48.713 0.0000000000
88315  52.084  2.452  23.435 0.0000000000
87152  51.352  2.173  26.554 0.0000000000
86029  51.795  1.536  25.769 0.0000000000
83922  52.841  -0.937  26.029 0.0000000000
86035  52.453  0.433  25.514 0.0000000000
87158  52.227  1.822  24.972 0.0000000000
87167  53.025  1.670  23.888 0.0000000000
87177  54.036  1.920  23.166 0.0000000000
81908  44.268  -3.295  29.876 0.0000000000
81909  43.541  -3.113  29.876 0.0000000000
82918  42.954  -1.733  29.609 0.0000000000
83899  43.215  -0.832  29.407 0.0000000000
82917  43.635  -1.728  29.276 0.0000000000
69799  8.648  -13.105  74.513 0.0000000000
72562  34.968  -10.587  36.592 0.0000000000
70182  35.737  -12.212  37.407 0.0000000000
64920  11.411  -16.547  61.473 0.0000000000
64912  11.072  -16.754  62.478 0.0000000000
55493  17.875  -25.270  57.931 0.0000000000
59000  14.531  -20.868  56.474 0.0000000000
59032  15.450  -20.983  55.028 0.0000000000
59017  15.045  -21.008  55.796 0.0000000000
67665  26.089  -15.047  44.766 0.0000000000
62815  29.578  -18.992  47.028 0.0000000000
63932  30.732  -18.901  47.065 0.0000000000
63942  31.123  -18.412  46.358 0.0000000000
86008  47.103  1.734  29.129 0.0000000000
86018  47.792  1.321  28.697 0.0000000000
84896  48.229  1.323  28.617 0.0000000000
81923  47.816  -3.185  29.632 0.0000000000
81904  49.453  -3.049  30.454 0.0000000000
66066  10.090  -15.743  72.826 0.0000000000
82891  39.841  -1.404  32.567 0.0000000000
81880  39.860  -2.041  31.972 0.0000000000
81881  39.344  -2.360  32.529 0.0000000000
77341  38.396  -5.988  33.604 0.0000000000
77328  38.123  -6.583  34.263 0.0000000000
77294  34.316  -6.042  36.013 0.0000000000
82881  39.759  -1.048  33.532 0.0000000000
83868  40.168  -0.360  33.969 0.0000000000
83883  40.340  -0.846  32.200 0.0000000000
58957  13.388  -21.401  59.221 0.0000000000
63748  11.245  -17.923  65.992 0.0000000000
62581  11.046  -18.977  66.400 0.0000000000
63739  11.085  -17.459  66.882 0.0000000000
68709  10.514  -13.408  64.432 0.0000000000
67453  9.491  -14.437  69.569 0.0000000000
71036  8.488  -11.407  71.857 0.0000000000
71029  8.445  -11.401  72.561 0.0000000000
72219  8.367  -10.487  72.645 0.0000000000
65051  20.977  -15.609  50.550 0.0000000000
66322  21.489  -15.181  50.606 0.0000000000
66338  21.907  -15.712  50.032 0.0000000000
63879  22.617  -17.457  49.780 0.0000000000
57894  21.677  -22.523  50.618 0.0000000000
59078  22.329  -21.826  50.414 0.0000000000
57884  22.769  -23.418  51.779 0.0000000000
56700  22.105  -23.852  51.624 0.0000000000
56705  17.722  -22.434  52.451 0.0000000000
55546  17.831  -23.901  52.543 0.0000000000
79684  42.433  -5.539  32.695 0.0000000000
79697  43.753  -5.071  32.665 0.0000000000
79683  43.130  -5.562  33.117 0.0000000000
70146  29.670  -12.067  39.409 0.0000000000
70169  30.624  -12.349  38.258 0.0000000000
66473  29.068  -16.627  41.970 0.0000000000
66485  33.857  -16.141  41.215 0.0000000000
66484  34.902  -15.811  41.137 0.0000000000
66503  34.673  -15.546  40.481 0.0000000000
66483  35.455  -15.757  41.348 0.0000000000
88293  51.837  2.987  25.096 0.0000000000
62707  15.360  -18.601  55.644 0.0000000000
62694  14.832  -18.349  56.033 0.0000000000
62693  15.727  -17.810  55.682 0.0000000000
61526  15.454  -19.263  55.423 0.0000000000
80865  46.635  -3.318  30.418 0.0000000000
80866  46.220  -3.397  30.154 0.0000000000
80842  46.286  -3.565  31.404 0.0000000000
63934  25.525  -17.205  46.673 0.0000000000
62793  26.304  -18.854  47.788 0.0000000000
62805  27.036  -18.785  47.156 0.0000000000
62804  28.057  -19.005  47.351 0.0000000000
62791  28.356  -19.179  48.136 0.0000000000
85996  42.823  1.238  30.636 0.0000000000
85981  43.735  2.233  31.156 0.0000000000
84884  43.356  0.745  29.918 0.0000000000
84899  44.623  0.135  29.024 0.0000000000
86011  44.060  0.897  29.531 0.0000000000
84898  45.543  0.695  28.860 0.0000000000
81940  46.524  -2.873  29.079 0.0000000000
81853  38.697  -1.680  35.282 0.0000000000
81863  38.299  -2.200  34.780 0.0000000000
80816  37.760  -2.903  34.624 0.0000000000
80817  37.273  -3.626  34.411 0.0000000000
79686  37.452  -4.262  33.718 0.0000000000
79669  36.835  -4.126  34.613 0.0000000000
76053  33.551  -7.489  36.493 0.0000000000
73674  36.661  -9.889  36.705 0.0000000000
70163  37.005  -12.520  38.134 0.0000000000
70162  37.674  -12.490  38.510 0.0000000000
70143  38.080  -12.799  39.074 0.0000000000
82871  39.247  -1.311  34.922 0.0000000000
61446  12.076  -19.416  60.748 0.0000000000
62620  11.684  -18.615  62.567 0.0000000000
61436  12.217  -19.597  62.139 0.0000000000
60177  12.202  -20.416  62.936 0.0000000000
62612  11.503  -18.597  63.526 0.0000000000
72263  9.651  -10.655  68.337 0.0000000000
69887  9.212  -12.626  68.252 0.0000000000
71076  9.378  -11.814  68.809 0.0000000000
71066  9.168  -12.251  69.533 0.0000000000
71077  9.409  -11.142  69.041 0.0000000000
72237  8.579  -10.547  71.169 0.0000000000
65037  20.292  -15.659  52.097 0.0000000000
65052  20.552  -15.876  50.902 0.0000000000
63881  20.283  -17.624  50.385 0.0000000000
62735  19.637  -17.949  50.792 0.0000000000
60353  19.370  -19.499  50.913 0.0000000000
59080  19.884  -21.195  50.674 0.0000000000
56673  16.921  -23.827  54.928 0.0000000000
65170  32.726  -17.027  44.626 0.0000000000
65169  33.714  -16.994  44.534 0.0000000000
65149  35.388  -16.927  45.128 0.0000000000
65168  34.594  -16.894  44.273 0.0000000000
65167  35.401  -16.789  44.391 0.0000000000
71017  7.382  -11.536  74.679 0.0000000000
79599  34.973  -3.861  37.976 0.0000000000
78439  32.420  -5.941  37.680 0.0000000000
77279  32.475  -6.278  37.335 0.0000000000
74843  31.695  -8.592  37.314 0.0000000000
73677  33.380  -9.519  36.669 0.0000000000
56644  15.728  -24.237  58.128 0.0000000000
56655  15.065  -22.598  57.339 0.0000000000
57826  13.961  -21.575  58.138 0.0000000000
58970  13.607  -21.193  58.415 0.0000000000
62695  14.259  -18.601  56.596 0.0000000000
61503  14.037  -19.305  57.056 0.0000000000
62681  13.882  -18.434  57.124 0.0000000000
62665  13.041  -18.510  58.446 0.0000000000
61490  13.160  -19.015  58.180 0.0000000000
61460  12.634  -19.417  59.733 0.0000000000
64935  12.363  -16.460  59.437 0.0000000000
64936  11.919  -16.013  59.868 0.0000000000
64928  11.766  -16.251  60.611 0.0000000000
66197  12.027  -15.342  60.225 0.0000000000
60315  19.210  -18.496  53.484 0.0000000000
60316  18.853  -18.837  53.571 0.0000000000
59044  17.935  -19.860  53.456 0.0000000000
59043  18.498  -19.708  53.174 0.0000000000
57877  17.607  -21.760  52.769 0.0000000000
57869  16.072  -21.659  54.335 0.0000000000
56685  16.403  -22.475  54.152 0.0000000000
56664  16.141  -23.175  55.613 0.0000000000
56653  16.454  -24.281  57.095 0.0000000000
68873  26.826  -13.221  44.604 0.0000000000
66456  26.902  -16.002  43.018 0.0000000000
66455  27.946  -16.407  42.776 0.0000000000
63946  26.623  -17.835  45.636 0.0000000000
63960  27.140  -17.570  44.944 0.0000000000
63972  28.788  -17.727  44.573 0.0000000000
63971  29.805  -17.747  44.804 0.0000000000
65154  30.896  -17.887  45.040 0.0000000000
65140  32.821  -17.771  46.180 0.0000000000
87110  44.985  3.063  31.214 0.0000000000
84922  49.927  -0.225  27.511 0.0000000000
83907  46.704  -1.090  28.221 0.0000000000
83906  47.773  -0.947  27.834 0.0000000000
81937  49.029  -2.797  28.366 0.0000000000
82938  48.748  -2.015  27.709 0.0000000000
81947  50.154  -2.678  27.899 0.0000000000
82936  50.285  -1.973  27.376 0.0000000000
82908  41.554  -1.611  30.464 0.0000000000
81911  41.920  -2.506  30.397 0.0000000000
81893  41.085  -2.443  30.779 0.0000000000
79712  41.012  -3.926  31.301 0.0000000000
79700  40.929  -4.692  31.825 0.0000000000
80836  38.733  -3.568  32.695 0.0000000000
78520  39.511  -5.327  32.688 0.0000000000
78487  40.440  -6.701  34.135 0.0000000000
77325  41.032  -7.062  35.350 0.0000000000
80766  36.434  -3.224  36.700 0.0000000000
79648  35.643  -4.695  35.425 0.0000000000
78466  36.053  -5.095  34.918 0.0000000000
78490  36.509  -5.089  34.600 0.0000000000
77309  36.335  -6.107  35.029 0.0000000000
76065  35.621  -7.397  36.088 0.0000000000
77307  38.373  -7.296  35.219 0.0000000000
62730  26.645  -20.323  50.692 0.0000000000
85983  42.188  1.181  31.528 0.0000000000
84870  41.486  0.817  32.202 0.0000000000
84887  41.272  -0.119  31.205 0.0000000000
83891  41.319  -0.748  30.771 0.0000000000
83890  42.076  -0.753  30.156 0.0000000000
56633  15.432  -24.358  59.291 0.0000000000
60164  11.903  -20.626  65.185 0.0000000000
69934  11.243  -13.285  62.816 0.0000000000
68727  11.093  -13.740  62.777 0.0000000000
67501  10.943  -14.188  62.806 0.0000000000
67491  10.839  -15.304  63.079 0.0000000000
67492  10.924  -14.836  63.365 0.0000000000
66143  10.605  -15.525  65.970 0.0000000000
68695  9.843  -13.410  66.824 0.0000000000
67472  10.170  -14.335  66.545 0.0000000000
66135  10.675  -15.803  66.968 0.0000000000
66126  10.538  -15.995  67.912 0.0000000000
64840  10.718  -16.940  69.556 0.0000000000
66089  10.405  -15.947  70.904 0.0000000000
66078  10.257  -15.883  71.881 0.0000000000
69853  8.971  -12.965  70.527 0.0000000000
67424  9.129  -14.362  72.321 0.0000000000
69817  8.389  -12.246  73.094 0.0000000000
69816  8.562  -12.862  73.479 0.0000000000
68609  8.816  -12.961  74.029 0.0000000000
72214  7.961  -10.430  73.144 0.0000000000
73307  8.160  -9.354  73.197 0.0000000000
71021  7.709  -11.552  74.034 0.0000000000
72207  7.230  -10.484  74.535 0.0000000000
65083  23.103  -16.528  49.553 0.0000000000
65082  23.555  -16.303  49.177 0.0000000000
63878  23.741  -18.088  49.631 0.0000000000
62749  20.798  -18.437  49.993 0.0000000000
59067  24.197  -22.576  51.805 0.0000000000
59056  19.004  -20.006  52.041 0.0000000000
59069  18.805  -20.954  51.694 0.0000000000
57885  18.990  -21.793  51.377 0.0000000000
56702  19.810  -24.110  51.300 0.0000000000
55518  18.359  -25.477  54.317 0.0000000000
54324  18.815  -25.772  53.781 0.0000000000
54322  20.528  -25.830  53.290 0.0000000000
55529  19.890  -25.369  52.668 0.0000000000
55528  20.991  -25.244  52.510 0.0000000000
73668  30.802  -9.285  38.599 0.0000000000
72554  30.635  -10.330  38.103 0.0000000000
71417  31.533  -10.862  37.456 0.0000000000
70186  31.966  -11.575  37.423 0.0000000000
70185  32.785  -11.884  37.260 0.0000000000
70167  33.264  -12.730  37.568 0.0000000000
68913  27.066  -14.507  42.057 0.0000000000
67729  28.040  -14.880  40.567 0.0000000000
67728  28.874  -14.960  40.045 0.0000000000
67747  29.605  -14.695  39.608 0.0000000000
66451  32.183  -16.695  42.934 0.0000000000
66471  31.368  -16.702  42.000 0.0000000000
66505  33.028  -15.852  40.411 0.0000000000
66506  31.940  -15.955  40.389 0.0000000000
68942  31.552  -13.913  38.753 0.0000000000
67744  32.384  -14.590  39.247 0.0000000000
67742  34.055  -14.315  39.244 0.0000000000
68940  33.563  -13.897  38.765 0.0000000000
68939  34.609  -13.910  38.972 0.0000000000
68961  35.491  -13.187  38.108 0.0000000000
67721  36.994  -14.344  40.170 0.0000000000
62744  26.773  -20.182  49.960 0.0000000000
62763  27.063  -19.899  49.257 0.0000000000
61619  29.469  -19.984  49.610 0.0000000000
61620  28.856  -19.999  49.267 0.0000000000
62776  29.465  -19.748  48.932 0.0000000000
62775  30.106  -19.780  49.258 0.0000000000
62787  32.558  -19.135  48.718 0.0000000000
88303  52.032  2.689  24.347 0.0000000000
88304  51.460  2.747  24.254 0.0000000000
88314  52.957  2.300  23.146 0.0000000000
86017  50.695  1.966  28.123 0.0000000000
86030  51.650  1.389  26.179 0.0000000000
84934  53.503  0.073  25.100 0.0000000000
86034  52.273  1.086  25.249 0.0000000000
81926  44.891  -2.962  29.411 0.0000000000
80867  45.566  -3.407  29.966 0.0000000000
62807  25.406  -17.742  47.291 0.0000000000
62794  25.475  -18.416  47.713 0.0000000000
84901  43.066  -0.024  29.640 0.0000000000
83897  44.903  -1.032  28.755 0.0000000000
82916  44.430  -1.904  29.016 0.0000000000
81854  38.109  -2.103  35.453 0.0000000000
81839  37.969  -2.030  36.171 0.0000000000
80780  36.991  -2.896  36.149 0.0000000000
73676  34.510  -9.634  36.524 0.0000000000
72561  36.047  -10.713  36.649 0.0000000000
71411  37.247  -11.401  37.445 0.0000000000
71412  36.441  -11.576  37.172 0.0000000000
70181  36.471  -12.262  37.621 0.0000000000
63772  11.464  -17.664  63.030 0.0000000000
72254  9.431  -10.159  69.015 0.0000000000
60354  19.223  -19.606  51.372 0.0000000000
55503  17.116  -24.660  56.317 0.0000000000
55502  18.087  -25.276  56.573 0.0000000000
70119  27.951  -12.524  41.136 0.0000000000
77269  32.061  -6.451  37.961 0.0000000000
76043  31.526  -7.117  38.562 0.0000000000
58983  14.453  -21.362  57.110 0.0000000000
63820  13.870  -17.490  57.184 0.0000000000
63808  13.478  -17.499  57.677 0.0000000000
63809  13.129  -17.456  58.322 0.0000000000
59045  17.226  -20.032  53.523 0.0000000000
60321  15.812  -20.132  54.766 0.0000000000
60320  16.320  -19.861  54.288 0.0000000000
57859  15.763  -21.698  54.786 0.0000000000
57849  15.872  -22.413  55.173 0.0000000000
67664  26.327  -14.130  44.577 0.0000000000
65175  26.973  -16.751  44.083 0.0000000000
63944  28.570  -18.606  45.885 0.0000000000
63959  28.196  -17.964  45.158 0.0000000000
63957  30.412  -18.152  45.454 0.0000000000
63956  31.370  -17.954  45.656 0.0000000000
85993  45.573  2.303  29.824 0.0000000000
87134  47.473  2.538  29.724 0.0000000000
84894  49.645  1.578  28.473 0.0000000000
84895  48.784  1.394  28.570 0.0000000000
83905  48.697  -0.511  27.742 0.0000000000
81920  50.596  -3.035  29.474 0.0000000000
81921  49.688  -3.106  29.446 0.0000000000
81894  40.325  -2.356  31.394 0.0000000000
80849  40.063  -3.130  31.593 0.0000000000
79685  38.093  -4.306  33.192 0.0000000000
79702  38.761  -4.406  32.660 0.0000000000
78504  39.023  -5.764  33.212 0.0000000000
77339  39.849  -6.718  34.109 0.0000000000
77306  39.480  -7.317  35.567 0.0000000000
79612  35.189  -3.953  37.075 0.0000000000
79611  35.799  -3.641  36.710 0.0000000000
76063  37.702  -8.114  36.535 0.0000000000
76062  38.391  -8.138  37.006 0.0000000000
62731  25.645  -20.200  50.554 0.0000000000
83859  40.385  -0.209  34.938 0.0000000000
84872  40.488  0.101  33.553 0.0000000000
84871  40.788  0.344  32.782 0.0000000000
84879  41.074  0.124  31.875 0.0000000000
83874  40.618  -0.278  32.257 0.0000000000
57802  14.439  -23.197  59.504 0.0000000000
56622  13.950  -23.254  60.569 0.0000000000
62570  11.245  -18.984  67.405 0.0000000000
63729  10.906  -17.644  67.801 0.0000000000
69925  11.191  -12.523  63.389 0.0000000000
68701  10.356  -13.751  65.260 0.0000000000
66127  10.041  -15.245  68.242 0.0000000000
69840  8.372  -12.261  71.643 0.0000000000
68634  8.379  -12.750  72.098 0.0000000000
73299  7.382  -9.452  74.437 0.0000000000
60363  21.728  -20.660  50.024 0.0000000000
57892  23.440  -22.685  51.534 0.0000000000
57883  23.390  -23.242  52.067 0.0000000000
59070  18.390  -21.054  52.209 0.0000000000
57886  18.410  -21.866  51.866 0.0000000000
56720  18.696  -23.235  51.447 0.0000000000
56703  18.826  -23.887  51.560 0.0000000000
54323  19.466  -25.895  53.488 0.0000000000
79710  42.664  -4.598  31.721 0.0000000000
79709  43.353  -4.792  32.039 0.0000000000
72555  30.283  -10.678  38.600 0.0000000000
71404  30.428  -11.168  38.275 0.0000000000
68965  31.746  -13.312  38.209 0.0000000000
67694  27.325  -15.473  42.008 0.0000000000
67710  27.436  -15.084  41.293 0.0000000000
66490  28.269  -16.157  41.303 0.0000000000
66489  29.198  -16.404  40.859 0.0000000000
66469  33.602  -16.491  42.152 0.0000000000
67724  33.290  -15.167  39.830 0.0000000000
67723  34.656  -14.988  39.870 0.0000000000
61594  27.441  -20.314  50.648 0.0000000000
61593  28.455  -20.309  50.806 0.0000000000
61609  29.463  -20.211  50.333 0.0000000000
83926  54.143  -0.347  25.447 0.0000000000
84940  54.179  0.285  24.788 0.0000000000
60275  14.518  -19.831  56.247 0.0000000000
61541  16.323  -19.294  54.833 0.0000000000
61542  15.828  -19.551  55.092 0.0000000000
81906  47.692  -3.167  30.662 0.0000000000
81907  47.012  -3.226  30.854 0.0000000000
80856  45.884  -3.639  30.728 0.0000000000
65156  26.091  -16.540  45.131 0.0000000000
63947  26.005  -17.215  45.760 0.0000000000
62818  26.799  -18.421  46.307 0.0000000000
62802  30.053  -19.195  47.592 0.0000000000
87127  44.291  2.357  30.721 0.0000000000
87126  44.710  2.504  30.591 0.0000000000
84897  46.512  0.898  28.744 0.0000000000
81939  47.100  -2.859  28.873 0.0000000000
66057  10.031  -15.492  73.409 0.0000000000
82882  39.234  -1.492  33.998 0.0000000000
81870  38.801  -2.312  33.468 0.0000000000
78506  37.500  -5.072  33.671 0.0000000000
74840  35.198  -8.837  36.525 0.0000000000
74838  37.298  -9.161  36.841 0.0000000000
72552  38.394  -10.855  38.267 0.0000000000
71400  38.272  -11.465  38.426 0.0000000000
71386  38.571  -11.756  38.915 0.0000000000
60336  25.679  -21.969  52.391 0.0000000000
61447  12.024  -19.382  61.471 0.0000000000
62602  11.205  -18.698  64.404 0.0000000000
68673  9.316  -13.570  69.849 0.0000000000
69868  9.026  -12.179  70.020 0.0000000000
72255  9.185  -10.871  69.532 0.0000000000
71057  8.839  -11.592  70.159 0.0000000000
66323  20.872  -15.388  50.833 0.0000000000
61597  19.930  -18.835  50.122 0.0000000000
56683  17.312  -24.039  53.863 0.0000000000
55519  17.830  -24.772  54.030 0.0000000000
55509  18.521  -25.807  55.417 0.0000000000
78485  42.795  -6.128  33.890 0.0000000000
78484  43.472  -5.822  34.179 0.0000000000
70131  29.427  -11.750  40.030 0.0000000000
70147  29.468  -12.866  39.402 0.0000000000
65190  30.849  -16.983  43.646 0.0000000000
66450  33.266  -16.628  43.028 0.0000000000
65187  33.893  -16.787  43.798 0.0000000000
66449  34.492  -16.647  43.335 0.0000000000
66448  35.558  -16.345  43.037 0.0000000000
82934  52.123  -1.916  27.017 0.0000000000
69800  8.458  -13.231  74.639 0.0000000000
79597  36.334  -2.848  37.848 0.0000000000
79613  34.474  -4.335  37.450 0.0000000000
78437  33.964  -4.794  37.087 0.0000000000
78452  33.526  -5.492  36.801 0.0000000000
57814  14.437  -22.752  58.847 0.0000000000
60260  14.219  -20.192  56.818 0.0000000000
60247  13.755  -20.033  57.411 0.0000000000
60234  13.344  -20.330  58.040 0.0000000000
60235  12.999  -20.127  58.630 0.0000000000
60221  12.931  -20.420  59.388 0.0000000000
63792  11.862  -17.521  59.890 0.0000000000
63785  11.628  -17.749  60.327 0.0000000000
60338  19.277  -18.466  53.134 0.0000000000
57876  18.115  -21.517  52.389 0.0000000000
56693  17.347  -22.698  52.795 0.0000000000
59046  16.548  -20.481  53.768 0.0000000000
59060  16.900  -20.907  53.358 0.0000000000
57867  17.033  -22.160  53.232 0.0000000000
70089  27.581  -11.974  43.905 0.0000000000
68900  26.873  -14.003  42.775 0.0000000000
67678  26.467  -14.672  43.342 0.0000000000
67695  26.956  -15.079  42.481 0.0000000000
66454  28.929  -16.652  42.720 0.0000000000
65155  26.559  -16.997  44.718 0.0000000000
65174  28.225  -17.221  43.915 0.0000000000
65191  29.753  -17.079  43.445 0.0000000000
65171  31.680  -17.168  44.548 0.0000000000
65152  32.511  -17.514  45.534 0.0000000000
63955  31.909  -17.691  45.687 0.0000000000
84907  50.653  1.114  27.682 0.0000000000
84921  50.640  0.025  27.377 0.0000000000
83916  49.129  -1.161  27.523 0.0000000000
83915  49.732  -1.174  27.385 0.0000000000
82935  51.163  -1.886  27.201 0.0000000000
81910  42.760  -2.624  30.002 0.0000000000
80860  42.328  -3.249  30.456 0.0000000000
79699  41.933  -5.032  32.196 0.0000000000
79701  39.859  -4.586  32.118 0.0000000000
78465  41.823  -6.940  35.670 0.0000000000
80802  36.616  -3.647  35.410 0.0000000000
79625  36.095  -3.674  36.099 0.0000000000
79646  36.717  -3.870  35.035 0.0000000000
79670  36.504  -4.673  34.692 0.0000000000
77329  37.138  -6.005  34.467 0.0000000000
77289  39.881  -7.462  36.554 0.0000000000
63896  24.701  -18.493  49.208 0.0000000000
63909  25.730  -19.081  48.952 0.0000000000
85997  42.168  0.674  30.847 0.0000000000
83900  42.630  -1.096  29.743 0.0000000000
56620  15.555  -24.502  60.094 0.0000000000
57804  13.166  -21.967  60.546 0.0000000000
66165  10.860  -15.899  62.959 0.0000000000
66157  11.144  -16.006  63.641 0.0000000000
64904  11.260  -16.306  64.111 0.0000000000
64895  11.149  -16.275  64.772 0.0000000000
67479  10.278  -14.160  65.758 0.0000000000
67471  10.309  -14.759  65.997 0.0000000000
64875  10.956  -16.461  66.512 0.0000000000
63716  10.971  -17.951  68.505 0.0000000000
68661  8.775  -13.206  71.165 0.0000000000
67434  9.343  -14.386  71.399 0.0000000000
67406  9.359  -14.078  73.877 0.0000000000
68619  8.920  -13.402  73.475 0.0000000000
68608  9.055  -13.427  74.107 0.0000000000
68606  8.968  -13.250  74.350 0.0000000000
73303  7.880  -9.289  73.613 0.0000000000
71020  7.865  -11.547  73.700 0.0000000000
71015  8.012  -12.369  74.228 0.0000000000
63924  24.643  -17.629  48.319 0.0000000000
63911  24.390  -17.588  48.720 0.0000000000
62734  23.070  -19.722  50.245 0.0000000000
60351  24.997  -21.438  51.639 0.0000000000
60337  24.894  -22.020  51.878 0.0000000000
59081  19.338  -21.343  51.180 0.0000000000
56717  21.266  -23.203  50.995 0.0000000000
55545  18.286  -24.338  52.275 0.0000000000
55544  19.288  -24.724  52.052 0.0000000000
56701  20.898  -24.048  51.317 0.0000000000
80844  44.771  -4.130  31.510 0.0000000000
79667  43.992  -5.474  34.283 0.0000000000
74833  30.985  -8.558  38.917 0.0000000000
74844  31.112  -8.785  38.056 0.0000000000
72566  31.306  -10.283  37.515 0.0000000000
72565  31.924  -10.284  37.208 0.0000000000
71415  33.333  -11.223  36.927 0.0000000000
68927  27.819  -13.878  40.576 0.0000000000
70133  28.257  -12.973  40.450 0.0000000000
68944  29.335  -13.769  39.513 0.0000000000
66488  30.537  -16.568  41.017 0.0000000000
66507  30.873  -15.929  40.417 0.0000000000
67727  30.086  -15.319  39.827 0.0000000000
68964  32.836  -13.390  38.079 0.0000000000
70166  34.309  -12.776  37.635 0.0000000000
70183  34.800  -12.128  37.260 0.0000000000
70165  35.212  -12.772  37.743 0.0000000000
68937  36.793  -13.527  39.054 0.0000000000
68924  36.389  -14.079  39.513 0.0000000000
68923  37.229  -13.898  39.619 0.0000000000
68936  37.496  -13.402  39.246 0.0000000000
62779  26.373  -19.179  48.636 0.0000000000
62762  28.067  -20.038  49.256 0.0000000000
62790  29.323  -19.441  48.223 0.0000000000
61608  30.384  -20.212  50.573 0.0000000000
61617  31.137  -19.942  50.052 0.0000000000
62801  31.116  -19.062  47.924 0.0000000000
62800  31.944  -18.980  48.183 0.0000000000
63922  32.461  -18.910  48.118 0.0000000000
86024  51.115  1.938  27.226 0.0000000000
87146  51.173  2.268  27.010 0.0000000000
83923  52.258  -1.297  26.509 0.0000000000
84935  52.990  -0.307  25.600 0.0000000000
60259  14.478  -20.273  56.334 0.0000000000
61435  12.255  -19.678  61.485 0.0000000000
61579  19.056  -19.140  51.455 0.0000000000
63895  25.382  -19.007  49.134 0.0000000000
65176  26.462  -16.567  44.611 0.0000000000
66166  11.002  -15.524  63.437 0.0000000000
66434  34.997  -16.778  43.956 0.0000000000
67708  35.003  -15.485  40.606 0.0000000000
70145  36.585  -13.117  38.514 0.0000000000
71401  37.837  -11.763  38.104 0.0000000000
72264  9.456  -10.709  68.988 0.0000000000
77295  33.561  -5.841  36.555 0.0000000000
78467  35.544  -5.134  35.286 0.0000000000
79668  43.481  -5.681  33.781 0.0000000000
81948  49.596  -2.719  28.052 0.0000000000
82924  48.828  -2.291  27.856 0.0000000000
83928  53.363  -0.724  25.837 0.0000000000
87136  46.046  2.367  29.779 0.0000000000
