#!ascii label  , from subject 3018 vox2ras=TkReg
207
78047  24.739  -6.281  -20.544 0.0000000000
68499  23.979  -14.220  -14.499 0.0000000000
84484  22.613  -0.549  -22.185 0.0000000000
94024  19.798  9.262  -23.385 0.0000000000
67292  22.825  -15.172  -14.210 0.0000000000
87689  23.471  2.672  -21.570 0.0000000000
91071  22.180  5.442  -22.501 0.0000000000
75581  23.142  -8.449  -19.723 0.0000000000
73254  24.346  -10.298  -18.546 0.0000000000
76789  25.617  -8.221  -19.144 0.0000000000
81477  25.659  -3.260  -21.582 0.0000000000
78044  27.552  -6.030  -20.336 0.0000000000
81479  23.691  -3.153  -21.690 0.0000000000
84471  24.545  -0.507  -22.040 0.0000000000
92076  19.807  6.691  -23.360 0.0000000000
94001  22.011  8.390  -22.937 0.0000000000
72109  25.414  -11.352  -15.825 0.0000000000
88842  22.310  3.573  -22.388 0.0000000000
91072  21.537  5.533  -22.938 0.0000000000
76815  23.748  -7.206  -20.312 0.0000000000
75579  24.773  -8.209  -19.715 0.0000000000
76813  25.131  -6.845  -20.334 0.0000000000
68477  23.436  -14.816  -14.173 0.0000000000
82534  22.994  -2.220  -21.798 0.0000000000
82522  24.247  -2.420  -21.892 0.0000000000
84483  23.596  -0.633  -22.328 0.0000000000
88832  23.497  3.608  -21.209 0.0000000000
87688  24.033  2.782  -21.031 0.0000000000
94016  18.901  8.788  -22.527 0.0000000000
92063  19.097  6.657  -22.811 0.0000000000
93042  19.811  7.758  -23.240 0.0000000000
99129  22.247  13.119  -24.951 0.0000000000
98092  22.135  11.571  -23.919 0.0000000000
95020  21.718  9.284  -23.237 0.0000000000
97044  22.538  10.810  -22.793 0.0000000000
94991  22.927  9.258  -21.909 0.0000000000
73238  25.776  -10.217  -17.717 0.0000000000
72137  25.114  -11.454  -17.228 0.0000000000
65944  22.416  -16.329  -13.443 0.0000000000
85489  22.932  0.541  -22.253 0.0000000000
86565  22.733  1.690  -22.213 0.0000000000
88833  22.993  3.591  -21.874 0.0000000000
91063  23.263  5.479  -21.131 0.0000000000
73255  23.360  -10.568  -18.525 0.0000000000
74379  24.080  -9.164  -19.219 0.0000000000
74366  25.280  -9.638  -18.543 0.0000000000
75553  26.467  -8.808  -17.863 0.0000000000
79239  25.628  -4.522  -21.333 0.0000000000
78046  25.636  -6.331  -20.446 0.0000000000
80346  26.808  -4.609  -21.191 0.0000000000
78048  23.908  -6.365  -20.570 0.0000000000
80348  22.828  -4.667  -20.754 0.0000000000
79241  24.320  -4.895  -21.163 0.0000000000
81478  24.724  -3.220  -21.599 0.0000000000
82521  25.129  -2.402  -21.671 0.0000000000
83484  25.738  -0.868  -21.162 0.0000000000
85478  23.955  0.724  -22.210 0.0000000000
85467  25.057  1.075  -20.807 0.0000000000
91080  20.256  5.856  -23.352 0.0000000000
95022  20.536  9.467  -23.815 0.0000000000
94013  20.781  8.507  -23.664 0.0000000000
93040  21.122  7.523  -23.682 0.0000000000
92074  21.479  6.539  -23.349 0.0000000000
92073  22.034  6.823  -22.973 0.0000000000
93014  22.542  7.438  -21.756 0.0000000000
69714  23.463  -12.953  -16.225 0.0000000000
72138  24.436  -11.768  -17.662 0.0000000000
76802  26.719  -7.142  -19.603 0.0000000000
76788  26.384  -7.808  -18.688 0.0000000000
88843  21.441  3.581  -22.696 0.0000000000
89982  20.851  4.740  -22.923 0.0000000000
76814  24.584  -7.052  -20.331 0.0000000000
64685  21.952  -17.591  -12.655 0.0000000000
65923  22.625  -16.929  -12.969 0.0000000000
83512  23.172  -1.498  -22.058 0.0000000000
89964  23.622  4.536  -20.829 0.0000000000
88824  24.047  3.634  -20.602 0.0000000000
94002  19.099  8.208  -22.417 0.0000000000
93025  19.389  7.643  -22.737 0.0000000000
94014  20.186  8.804  -23.456 0.0000000000
97058  22.714  11.301  -23.009 0.0000000000
97043  23.253  11.156  -22.417 0.0000000000
74353  26.125  -9.690  -17.577 0.0000000000
73222  25.961  -10.361  -17.176 0.0000000000
68520  22.483  -14.218  -15.327 0.0000000000
86566  21.933  1.513  -22.320 0.0000000000
89973  22.542  4.527  -22.166 0.0000000000
89972  23.127  4.534  -21.539 0.0000000000
91064  22.712  5.476  -21.853 0.0000000000
96053  19.011  9.823  -22.993 0.0000000000
74380  23.442  -9.115  -19.405 0.0000000000
75566  25.033  -8.768  -19.331 0.0000000000
75565  25.748  -8.779  -18.628 0.0000000000
67274  22.244  -15.713  -13.901 0.0000000000
65943  23.172  -16.328  -13.258 0.0000000000
80363  26.135  -4.159  -21.489 0.0000000000
79224  26.016  -5.138  -20.948 0.0000000000
78049  22.851  -6.573  -20.256 0.0000000000
81480  22.781  -3.250  -21.577 0.0000000000
80366  23.450  -4.327  -21.125 0.0000000000
80347  23.241  -4.746  -20.829 0.0000000000
80365  24.419  -4.053  -21.390 0.0000000000
83498  24.592  -1.628  -22.048 0.0000000000
83497  25.486  -1.416  -21.520 0.0000000000
84470  25.333  -0.409  -21.323 0.0000000000
85479  23.256  1.173  -22.197 0.0000000000
86557  23.441  1.783  -22.006 0.0000000000
86555  24.777  1.289  -21.016 0.0000000000
91073  18.554  5.791  -22.498 0.0000000000
92077  19.390  6.190  -23.142 0.0000000000
91081  19.642  5.740  -23.227 0.0000000000
98107  21.851  12.105  -24.366 0.0000000000
99130  21.219  12.733  -25.254 0.0000000000
96060  21.095  10.488  -24.550 0.0000000000
95021  21.090  9.307  -23.661 0.0000000000
94012  21.409  8.411  -23.437 0.0000000000
93039  21.751  7.522  -23.238 0.0000000000
93024  22.162  7.497  -22.578 0.0000000000
93987  22.977  8.389  -21.407 0.0000000000
93013  23.142  7.425  -20.948 0.0000000000
73241  23.586  -11.147  -18.239 0.0000000000
73240  24.134  -11.092  -18.243 0.0000000000
72122  25.212  -11.437  -16.542 0.0000000000
72123  24.675  -11.941  -16.787 0.0000000000
72110  24.859  -11.800  -16.117 0.0000000000
70907  24.372  -12.558  -16.061 0.0000000000
78045  26.643  -6.043  -20.422 0.0000000000
78028  26.361  -6.829  -20.185 0.0000000000
78027  27.107  -6.652  -20.074 0.0000000000
87699  21.154  2.502  -22.582 0.0000000000
89981  21.805  4.563  -22.607 0.0000000000
76805  23.554  -7.867  -20.021 0.0000000000
75580  24.131  -8.594  -19.635 0.0000000000
76804  24.402  -7.813  -20.043 0.0000000000
76803  25.516  -7.591  -19.905 0.0000000000
67273  23.313  -15.572  -13.693 0.0000000000
68476  24.143  -14.699  -13.792 0.0000000000
82520  26.161  -2.375  -21.413 0.0000000000
81476  26.524  -3.307  -21.465 0.0000000000
81490  23.327  -2.643  -21.817 0.0000000000
82533  23.541  -2.295  -21.927 0.0000000000
83511  23.871  -1.654  -22.193 0.0000000000
84482  24.165  -1.140  -22.299 0.0000000000
92062  19.537  7.172  -23.060 0.0000000000
97073  21.804  11.341  -24.179 0.0000000000
96050  21.440  10.176  -23.749 0.0000000000
96049  22.130  10.141  -23.019 0.0000000000
95009  22.380  9.273  -22.635 0.0000000000
96034  22.798  10.195  -22.272 0.0000000000
96033  23.418  10.555  -21.836 0.0000000000
73239  25.274  -10.742  -18.023 0.0000000000
73223  25.625  -11.012  -16.904 0.0000000000
65945  21.443  -16.227  -13.456 0.0000000000
68500  22.969  -14.526  -14.824 0.0000000000
69695  23.792  -13.610  -15.416 0.0000000000
87697  22.856  2.644  -22.134 0.0000000000
87698  22.063  2.573  -22.408 0.0000000000
95010  18.555  9.367  -22.192 0.0000000000
95024  19.021  9.365  -22.767 0.0000000000
95033  19.617  9.693  -23.719 0.0000000000
74368  23.772  -9.732  -18.982 0.0000000000
75567  24.457  -9.004  -19.271 0.0000000000
74367  24.546  -9.520  -18.914 0.0000000000
73253  24.875  -10.079  -18.532 0.0000000000
74354  25.664  -9.957  -18.007 0.0000000000
75539  26.498  -9.270  -17.282 0.0000000000
79225  24.993  -5.464  -20.797 0.0000000000
79223  27.178  -5.282  -20.775 0.0000000000
80362  26.947  -3.964  -21.423 0.0000000000
80345  27.700  -4.356  -21.017 0.0000000000
76816  23.199  -7.324  -20.160 0.0000000000
79227  23.360  -5.323  -20.701 0.0000000000
79242  23.818  -5.055  -21.035 0.0000000000
79226  24.187  -5.584  -20.850 0.0000000000
79240  25.102  -4.700  -21.228 0.0000000000
80364  25.270  -4.003  -21.485 0.0000000000
83496  26.079  -1.751  -21.267 0.0000000000
83483  26.238  -1.279  -20.881 0.0000000000
85488  23.603  0.125  -22.386 0.0000000000
84472  23.954  -0.092  -22.386 0.0000000000
86556  24.264  1.745  -21.365 0.0000000000
85477  24.859  0.572  -21.246 0.0000000000
85476  25.444  0.126  -20.957 0.0000000000
89991  20.077  5.041  -23.167 0.0000000000
95032  20.041  9.625  -23.954 0.0000000000
96061  20.367  10.224  -24.473 0.0000000000
93041  20.373  7.635  -23.613 0.0000000000
92075  20.654  6.636  -23.594 0.0000000000
91079  20.887  5.767  -23.264 0.0000000000
89990  20.508  5.356  -23.162 0.0000000000
92061  22.014  6.132  -22.928 0.0000000000
92060  22.340  6.459  -22.302 0.0000000000
93988  22.460  8.384  -22.192 0.0000000000
92055  22.837  6.442  -21.405 0.0000000000
70946  23.799  -12.092  -17.606 0.0000000000
70926  23.802  -12.374  -16.957 0.0000000000
70894  24.667  -12.821  -15.238 0.0000000000
76801  27.302  -6.826  -19.609 0.0000000000
76773  26.855  -8.125  -17.980 0.0000000000
74365  25.889  -9.411  -18.165 0.0000000000
81491  23.101  -2.804  -21.787 0.0000000000
84461  25.859  -0.338  -20.846 0.0000000000
86546  24.416  2.262  -20.871 0.0000000000
94023  19.985  9.356  -23.675 0.0000000000
95023  19.356  9.531  -23.211 0.0000000000
96051  20.884  9.964  -24.091 0.0000000000
96052  19.192  10.349  -23.279 0.0000000000
