#!ascii label  , from subject 3067 vox2ras=TkReg
1094
47922  -14.832  -48.437  65.517 0.0000000000
63870  -45.071  -35.607  61.259 0.0000000000
75331  -49.962  -27.820  55.440 0.0000000000
75472  -53.829  -26.478  46.471 0.0000000000
61340  -40.747  -37.907  61.946 0.0000000000
77836  -51.546  -25.144  50.853 0.0000000000
85184  -53.755  -18.783  42.232 0.0000000000
83941  -58.804  -19.552  40.693 0.0000000000
58937  -47.347  -38.435  58.174 0.0000000000
65211  -50.050  -34.430  56.513 0.0000000000
69049  -47.667  -31.802  59.007 0.0000000000
50044  -18.941  -46.601  70.109 0.0000000000
51225  -22.542  -46.290  67.449 0.0000000000
53682  -26.074  -43.330  67.513 0.0000000000
58820  -30.099  -39.494  67.992 0.0000000000
60067  -32.395  -38.574  61.395 0.0000000000
57639  -37.774  -40.005  60.007 0.0000000000
57665  -43.168  -39.630  59.782 0.0000000000
71525  -52.067  -29.930  53.742 0.0000000000
87536  -59.295  -17.212  39.930 0.0000000000
61346  -46.221  -36.770  60.601 0.0000000000
65163  -48.189  -34.564  59.748 0.0000000000
67794  -46.625  -34.092  60.144 0.0000000000
51207  -19.064  -45.799  68.745 0.0000000000
50053  -20.781  -46.638  69.226 0.0000000000
61298  -34.585  -37.586  62.467 0.0000000000
58911  -34.330  -39.141  60.307 0.0000000000
60058  -37.321  -38.360  62.545 0.0000000000
62626  -42.592  -37.037  61.698 0.0000000000
57610  -42.263  -39.529  61.814 0.0000000000
60086  -44.594  -38.109  60.593 0.0000000000
57667  -45.375  -39.184  58.938 0.0000000000
70305  -50.475  -30.698  56.490 0.0000000000
67864  -51.722  -32.151  55.225 0.0000000000
72744  -52.130  -28.675  56.019 0.0000000000
77862  -53.469  -25.805  48.965 0.0000000000
76602  -54.578  -26.365  51.025 0.0000000000
72865  -55.122  -27.522  48.378 0.0000000000
72946  -54.949  -27.923  45.689 0.0000000000
83883  -56.556  -19.888  44.532 0.0000000000
83872  -53.985  -20.343  45.260 0.0000000000
62643  -38.103  -37.368  62.049 0.0000000000
75532  -50.904  -26.373  45.110 0.0000000000
83939  -56.404  -19.960  41.488 0.0000000000
81594  -58.526  -21.592  43.012 0.0000000000
83974  -59.593  -19.722  39.182 0.0000000000
58995  -47.598  -39.480  55.606 0.0000000000
62732  -48.047  -36.557  57.163 0.0000000000
66514  -48.921  -33.014  58.416 0.0000000000
48960  -17.614  -47.675  68.996 0.0000000000
47897  -24.029  -48.239  65.722 0.0000000000
52450  -24.014  -44.571  66.611 0.0000000000
50082  -26.446  -46.671  66.174 0.0000000000
52440  -28.033  -44.019  67.727 0.0000000000
54940  -30.480  -42.153  67.441 0.0000000000
57561  -32.510  -41.298  66.887 0.0000000000
58850  -30.595  -39.702  64.868 0.0000000000
57637  -33.000  -41.187  60.438 0.0000000000
57607  -39.698  -39.487  62.201 0.0000000000
56389  -40.595  -39.918  59.802 0.0000000000
57721  -41.293  -40.280  56.437 0.0000000000
57723  -43.613  -39.851  56.183 0.0000000000
56441  -46.074  -40.474  56.036 0.0000000000
75361  -52.858  -26.856  53.346 0.0000000000
81556  -51.665  -21.898  45.274 0.0000000000
76696  -53.680  -25.499  45.014 0.0000000000
47889  -15.624  -48.257  67.185 0.0000000000
62629  -45.791  -36.308  61.399 0.0000000000
65138  -46.918  -35.067  61.312 0.0000000000
65150  -45.828  -34.825  60.734 0.0000000000
63867  -34.911  -36.246  62.259 0.0000000000
60040  -35.708  -37.831  62.214 0.0000000000
62594  -36.694  -37.252  62.673 0.0000000000
62648  -44.140  -36.059  60.990 0.0000000000
61343  -44.020  -37.390  61.489 0.0000000000
61325  -44.782  -37.007  61.387 0.0000000000
60087  -45.250  -37.725  60.270 0.0000000000
72742  -51.381  -29.051  56.383 0.0000000000
75322  -50.860  -27.803  55.904 0.0000000000
76654  -53.307  -26.253  47.808 0.0000000000
76622  -54.799  -25.841  48.912 0.0000000000
75450  -54.944  -26.434  47.611 0.0000000000
72899  -55.136  -27.498  47.039 0.0000000000
75474  -55.016  -26.781  46.680 0.0000000000
81573  -57.270  -21.409  44.217 0.0000000000
81559  -55.687  -20.696  44.391 0.0000000000
81593  -55.109  -21.611  42.863 0.0000000000
82781  -56.830  -20.292  39.616 0.0000000000
82755  -57.799  -20.403  40.977 0.0000000000
83927  -57.997  -20.420  42.478 0.0000000000
82744  -59.040  -20.618  42.085 0.0000000000
81613  -59.666  -21.534  41.906 0.0000000000
83943  -59.443  -20.238  40.934 0.0000000000
85210  -60.125  -18.618  40.166 0.0000000000
58964  -47.359  -39.123  57.144 0.0000000000
58951  -47.936  -38.122  56.923 0.0000000000
61423  -47.700  -37.422  57.586 0.0000000000
66511  -47.958  -33.484  59.667 0.0000000000
65164  -48.580  -33.843  59.206 0.0000000000
69038  -48.496  -32.015  59.010 0.0000000000
70283  -49.148  -31.102  57.963 0.0000000000
71468  -47.983  -30.496  58.478 0.0000000000
47866  -18.457  -47.728  68.236 0.0000000000
48949  -19.454  -47.483  69.578 0.0000000000
50060  -21.342  -46.627  68.654 0.0000000000
54935  -24.837  -42.403  67.368 0.0000000000
52436  -24.530  -43.989  67.118 0.0000000000
51243  -25.111  -45.967  66.576 0.0000000000
51228  -26.512  -44.952  67.286 0.0000000000
51245  -27.104  -45.200  66.745 0.0000000000
52424  -27.347  -43.600  67.781 0.0000000000
57536  -30.565  -40.460  67.998 0.0000000000
56277  -31.472  -41.249  67.535 0.0000000000
58827  -31.336  -40.223  67.344 0.0000000000
61314  -31.614  -37.549  62.619 0.0000000000
61295  -31.011  -37.770  63.728 0.0000000000
58877  -31.128  -39.056  62.753 0.0000000000
57591  -31.886  -40.608  64.213 0.0000000000
57603  -32.064  -40.646  62.996 0.0000000000
56346  -32.698  -41.447  61.619 0.0000000000
58891  -32.305  -39.652  61.137 0.0000000000
58913  -36.736  -39.709  60.189 0.0000000000
58929  -35.029  -39.710  59.513 0.0000000000
57659  -36.714  -40.135  59.070 0.0000000000
57660  -37.692  -40.230  59.190 0.0000000000
60044  -39.637  -38.464  63.044 0.0000000000
58855  -40.932  -39.026  64.079 0.0000000000
56392  -42.667  -39.952  60.837 0.0000000000
56351  -41.557  -39.753  60.964 0.0000000000
56390  -41.580  -40.016  59.889 0.0000000000
57684  -40.266  -40.337  58.444 0.0000000000
57686  -42.163  -39.781  58.483 0.0000000000
57708  -42.920  -39.722  57.389 0.0000000000
58935  -46.155  -38.990  58.836 0.0000000000
57711  -46.051  -39.692  57.578 0.0000000000
58963  -46.816  -39.466  57.374 0.0000000000
57726  -46.645  -40.150  56.449 0.0000000000
51185  -17.986  -45.783  70.784 0.0000000000
50043  -18.249  -46.387  70.904 0.0000000000
48947  -17.528  -47.492  70.163 0.0000000000
61452  -49.062  -36.043  56.194 0.0000000000
63957  -50.438  -34.879  55.392 0.0000000000
69116  -51.884  -31.699  54.536 0.0000000000
77803  -51.546  -25.645  52.469 0.0000000000
77762  -52.078  -25.717  53.418 0.0000000000
77785  -53.182  -25.147  52.789 0.0000000000
72833  -54.003  -27.842  50.747 0.0000000000
74165  -53.662  -27.283  52.152 0.0000000000
81549  -53.815  -21.311  45.428 0.0000000000
82696  -52.549  -20.666  45.304 0.0000000000
80358  -53.014  -22.146  45.835 0.0000000000
79112  -52.942  -23.315  45.350 0.0000000000
77892  -53.332  -24.104  44.976 0.0000000000
77910  -53.862  -25.629  44.435 0.0000000000
85207  -58.123  -18.197  39.773 0.0000000000
86425  -58.845  -17.994  40.660 0.0000000000
87544  -57.912  -16.815  38.665 0.0000000000
88691  -58.385  -15.536  38.575 0.0000000000
60100  -46.929  -38.116  59.368 0.0000000000
62696  -47.349  -36.966  59.345 0.0000000000
62651  -47.173  -36.288  60.515 0.0000000000
66474  -47.512  -34.555  60.500 0.0000000000
67810  -47.311  -32.945  59.335 0.0000000000
51196  -19.294  -46.033  69.604 0.0000000000
48938  -19.895  -47.307  70.026 0.0000000000
52433  -21.526  -45.120  68.028 0.0000000000
61336  -33.026  -37.895  61.814 0.0000000000
60082  -33.347  -38.646  60.844 0.0000000000
60069  -34.468  -38.336  61.497 0.0000000000
58879  -35.721  -38.984  61.319 0.0000000000
58881  -37.583  -39.125  61.727 0.0000000000
61341  -41.827  -37.642  62.258 0.0000000000
60060  -41.449  -38.646  63.306 0.0000000000
61342  -42.841  -37.584  62.200 0.0000000000
58898  -43.262  -39.092  61.063 0.0000000000
58915  -43.592  -39.386  60.254 0.0000000000
58946  -44.232  -39.386  59.007 0.0000000000
58900  -44.859  -38.555  60.008 0.0000000000
58918  -45.865  -38.571  59.278 0.0000000000
51206  -18.178  -45.762  68.707 0.0000000000
67849  -49.877  -32.560  56.818 0.0000000000
66583  -51.020  -33.291  56.015 0.0000000000
69084  -51.061  -31.725  56.241 0.0000000000
70316  -51.645  -30.028  55.584 0.0000000000
71527  -52.265  -29.350  54.795 0.0000000000
77849  -52.638  -25.507  49.886 0.0000000000
77825  -53.866  -25.397  51.162 0.0000000000
77839  -54.062  -25.489  50.193 0.0000000000
74193  -54.622  -27.190  49.852 0.0000000000
85166  -55.501  -19.040  43.441 0.0000000000
85153  -54.267  -19.101  43.714 0.0000000000
83881  -55.204  -19.775  44.623 0.0000000000
81550  -54.416  -20.713  44.878 0.0000000000
63904  -44.196  -36.027  60.054 0.0000000000
62670  -43.663  -36.267  59.987 0.0000000000
75359  -50.258  -27.280  54.247 0.0000000000
77859  -50.971  -25.376  49.184 0.0000000000
76632  -51.408  -25.604  48.447 0.0000000000
76675  -51.916  -26.215  47.331 0.0000000000
75470  -52.147  -26.444  46.738 0.0000000000
83938  -55.264  -19.183  41.687 0.0000000000
83907  -56.898  -19.524  43.513 0.0000000000
82701  -57.955  -20.861  44.603 0.0000000000
79185  -57.427  -22.762  42.553 0.0000000000
85199  -59.860  -19.363  40.612 0.0000000000
82784  -59.686  -20.482  39.634 0.0000000000
60164  -48.561  -38.265  55.898 0.0000000000
60142  -48.556  -37.325  56.540 0.0000000000
63944  -49.232  -35.275  56.579 0.0000000000
63930  -47.981  -35.814  58.210 0.0000000000
65192  -48.833  -34.164  57.896 0.0000000000
66550  -49.342  -33.387  57.634 0.0000000000
69061  -49.660  -31.684  57.316 0.0000000000
71471  -49.602  -30.337  57.400 0.0000000000
66548  -46.400  -34.238  58.741 0.0000000000
67836  -46.758  -33.448  58.036 0.0000000000
70314  -48.192  -30.845  56.828 0.0000000000
47890  -16.708  -48.106  66.911 0.0000000000
47891  -17.851  -48.064  66.739 0.0000000000
47930  -23.565  -48.063  64.326 0.0000000000
52447  -21.723  -44.653  67.092 0.0000000000
52448  -22.303  -45.015  67.237 0.0000000000
51241  -22.838  -45.786  66.942 0.0000000000
48990  -24.824  -47.584  65.910 0.0000000000
53695  -28.103  -43.633  66.627 0.0000000000
54956  -29.290  -42.821  66.898 0.0000000000
62539  -29.780  -38.117  66.551 0.0000000000
61280  -30.402  -38.087  65.709 0.0000000000
60024  -30.598  -38.936  66.363 0.0000000000
57570  -31.841  -40.475  66.177 0.0000000000
56307  -32.980  -41.384  64.900 0.0000000000
58927  -33.103  -39.918  59.743 0.0000000000
61318  -37.807  -37.414  62.882 0.0000000000
58867  -38.542  -39.049  62.543 0.0000000000
57621  -38.706  -39.612  60.928 0.0000000000
56332  -41.185  -39.311  61.788 0.0000000000
56368  -40.011  -40.089  60.552 0.0000000000
56367  -39.495  -39.890  59.922 0.0000000000
57683  -39.418  -40.414  58.715 0.0000000000
57705  -39.814  -40.480  57.613 0.0000000000
57740  -44.147  -40.639  55.482 0.0000000000
57688  -44.622  -39.526  58.443 0.0000000000
58979  -45.103  -40.011  56.601 0.0000000000
56462  -45.296  -41.197  55.234 0.0000000000
56477  -45.802  -41.184  54.841 0.0000000000
48973  -16.514  -47.627  68.680 0.0000000000
76556  -51.593  -26.800  54.628 0.0000000000
75336  -52.482  -27.753  55.038 0.0000000000
74129  -52.356  -27.891  53.874 0.0000000000
76581  -54.120  -26.202  52.149 0.0000000000
74147  -52.564  -27.505  53.112 0.0000000000
72793  -51.800  -28.822  53.548 0.0000000000
76714  -51.116  -25.993  44.242 0.0000000000
76716  -52.307  -25.723  44.725 0.0000000000
83904  -52.692  -19.613  43.363 0.0000000000
82724  -51.421  -20.859  43.765 0.0000000000
79130  -51.450  -23.204  44.470 0.0000000000
77890  -52.390  -24.435  44.837 0.0000000000
75503  -53.854  -26.391  45.564 0.0000000000
75534  -54.092  -26.286  45.291 0.0000000000
63871  -45.664  -35.713  61.466 0.0000000000
65136  -45.846  -35.067  61.206 0.0000000000
65149  -45.376  -35.251  60.794 0.0000000000
63885  -34.658  -35.964  61.956 0.0000000000
63853  -35.960  -36.828  62.494 0.0000000000
63887  -35.973  -36.593  62.088 0.0000000000
62649  -44.571  -35.813  61.132 0.0000000000
62612  -44.562  -36.530  61.391 0.0000000000
63854  -44.781  -36.053  61.381 0.0000000000
61326  -45.245  -36.790  61.259 0.0000000000
74068  -49.759  -28.391  56.125 0.0000000000
74069  -50.380  -28.185  56.241 0.0000000000
75320  -50.202  -27.807  55.957 0.0000000000
75448  -53.625  -26.377  47.185 0.0000000000
76656  -54.667  -26.070  47.962 0.0000000000
75449  -54.336  -26.290  47.309 0.0000000000
75473  -54.454  -26.547  46.647 0.0000000000
80415  -56.816  -22.026  43.751 0.0000000000
80414  -55.923  -21.811  43.457 0.0000000000
83956  -58.298  -19.616  40.251 0.0000000000
82756  -58.601  -20.277  41.009 0.0000000000
82743  -58.552  -20.491  41.975 0.0000000000
82757  -59.030  -20.255  41.504 0.0000000000
82758  -59.300  -20.523  41.572 0.0000000000
83942  -59.070  -19.623  40.902 0.0000000000
58950  -47.555  -38.447  57.427 0.0000000000
60113  -47.629  -37.991  57.958 0.0000000000
69036  -47.673  -32.150  59.154 0.0000000000
67812  -48.247  -32.787  59.308 0.0000000000
69037  -48.059  -32.117  59.215 0.0000000000
70271  -48.281  -31.524  58.817 0.0000000000
70280  -47.833  -31.315  58.784 0.0000000000
48948  -18.495  -47.391  69.744 0.0000000000
48937  -19.153  -47.091  69.934 0.0000000000
50061  -21.809  -46.406  68.167 0.0000000000
50069  -21.577  -46.950  68.100 0.0000000000
54936  -25.591  -42.625  67.530 0.0000000000
53681  -25.140  -43.264  67.292 0.0000000000
52437  -25.658  -44.267  67.280 0.0000000000
52438  -26.832  -44.028  67.650 0.0000000000
53683  -26.817  -43.182  67.729 0.0000000000
58819  -29.345  -39.451  68.027 0.0000000000
57535  -29.574  -40.412  68.279 0.0000000000
57548  -31.169  -40.379  67.587 0.0000000000
58826  -30.808  -39.643  67.427 0.0000000000
60066  -31.534  -38.493  62.279 0.0000000000
58878  -31.655  -39.601  62.331 0.0000000000
58864  -31.483  -40.236  63.228 0.0000000000
57619  -32.227  -40.574  61.858 0.0000000000
58914  -37.401  -39.721  60.466 0.0000000000
58931  -36.640  -39.975  59.641 0.0000000000
57638  -37.095  -40.094  59.655 0.0000000000
61304  -40.329  -38.356  63.359 0.0000000000
61305  -41.043  -37.940  63.456 0.0000000000
56391  -42.359  -39.971  60.341 0.0000000000
57664  -42.336  -39.825  59.495 0.0000000000
57663  -41.631  -39.899  59.174 0.0000000000
57687  -43.400  -39.566  58.739 0.0000000000
58936  -46.891  -38.662  58.677 0.0000000000
58948  -46.498  -39.216  58.190 0.0000000000
58949  -47.106  -38.925  57.866 0.0000000000
51186  -18.666  -46.006  70.365 0.0000000000
48936  -18.264  -47.054  70.596 0.0000000000
63945  -49.892  -35.249  56.056 0.0000000000
62748  -49.570  -35.852  55.693 0.0000000000
65212  -50.424  -34.549  55.918 0.0000000000
70365  -51.791  -31.116  54.337 0.0000000000
69131  -51.616  -31.711  53.978 0.0000000000
70364  -51.645  -30.617  54.009 0.0000000000
77822  -51.533  -25.363  51.649 0.0000000000
77804  -52.072  -25.035  52.447 0.0000000000
77823  -52.266  -25.043  51.584 0.0000000000
85183  -53.011  -19.076  42.023 0.0000000000
80378  -53.566  -22.190  45.330 0.0000000000
81540  -53.430  -21.665  45.695 0.0000000000
79113  -53.229  -23.091  45.245 0.0000000000
61364  -46.513  -37.146  60.087 0.0000000000
61382  -47.011  -37.082  59.913 0.0000000000
62650  -46.745  -36.520  60.615 0.0000000000
66472  -46.686  -34.728  61.045 0.0000000000
65139  -47.371  -34.950  60.970 0.0000000000
66490  -46.953  -34.200  60.449 0.0000000000
67796  -47.200  -33.537  59.929 0.0000000000
67809  -46.800  -33.649  59.647 0.0000000000
52432  -21.076  -44.853  67.755 0.0000000000
63838  -34.089  -36.563  62.833 0.0000000000
61297  -33.448  -37.301  62.556 0.0000000000
61315  -32.735  -37.349  62.324 0.0000000000
61337  -33.605  -37.991  61.856 0.0000000000
60068  -33.577  -38.203  61.398 0.0000000000
60054  -34.034  -38.058  61.821 0.0000000000
60057  -36.581  -38.334  62.242 0.0000000000
60071  -36.175  -38.554  61.893 0.0000000000
58865  -36.891  -38.727  61.974 0.0000000000
58880  -36.438  -38.915  61.513 0.0000000000
60085  -43.900  -38.256  61.048 0.0000000000
60073  -43.221  -38.353  61.847 0.0000000000
58899  -44.127  -38.815  60.448 0.0000000000
58916  -44.539  -39.114  59.674 0.0000000000
61363  -45.865  -37.227  60.288 0.0000000000
58901  -45.390  -38.324  59.682 0.0000000000
60088  -45.883  -37.746  59.656 0.0000000000
60099  -46.324  -38.158  59.378 0.0000000000
51195  -18.515  -45.783  69.744 0.0000000000
69073  -50.433  -31.525  56.590 0.0000000000
69083  -50.781  -32.047  56.500 0.0000000000
72743  -51.931  -28.941  56.147 0.0000000000
70307  -51.349  -30.032  55.795 0.0000000000
71506  -52.089  -29.250  55.840 0.0000000000
71516  -52.192  -29.377  55.417 0.0000000000
72756  -52.230  -28.852  55.788 0.0000000000
77861  -52.779  -25.750  49.118 0.0000000000
77838  -53.347  -25.302  50.523 0.0000000000
77850  -53.585  -25.554  49.616 0.0000000000
75422  -54.888  -26.952  48.911 0.0000000000
76612  -54.718  -26.607  49.257 0.0000000000
74203  -54.842  -27.164  48.937 0.0000000000
72851  -54.437  -27.706  49.688 0.0000000000
72881  -55.123  -27.913  48.183 0.0000000000
85156  -56.384  -19.133  44.288 0.0000000000
83892  -55.358  -19.316  44.281 0.0000000000
83882  -55.988  -19.635  44.644 0.0000000000
63903  -43.872  -36.135  60.168 0.0000000000
77869  -50.690  -25.528  48.438 0.0000000000
75499  -50.637  -26.129  45.996 0.0000000000
75469  -51.174  -26.265  46.480 0.0000000000
75500  -51.593  -26.394  45.654 0.0000000000
83954  -56.429  -20.303  40.618 0.0000000000
83953  -55.466  -20.129  40.528 0.0000000000
83925  -56.153  -19.336  42.677 0.0000000000
83926  -57.187  -20.115  42.430 0.0000000000
82725  -58.404  -20.640  42.751 0.0000000000
82710  -58.226  -20.725  43.900 0.0000000000
81575  -58.477  -21.449  43.705 0.0000000000
81574  -58.081  -21.368  44.245 0.0000000000
80417  -58.297  -21.769  43.488 0.0000000000
80443  -58.082  -22.314  42.704 0.0000000000
80444  -58.819  -21.956  42.715 0.0000000000
81626  -59.840  -21.389  41.162 0.0000000000
87528  -59.027  -17.586  40.521 0.0000000000
85198  -59.453  -18.773  40.705 0.0000000000
85209  -59.738  -18.181  40.452 0.0000000000
83975  -59.889  -19.537  39.492 0.0000000000
59006  -47.282  -39.428  54.775 0.0000000000
58983  -48.251  -38.719  56.041 0.0000000000
61424  -47.980  -37.286  57.117 0.0000000000
61450  -48.391  -36.935  56.787 0.0000000000
62733  -48.576  -36.133  56.555 0.0000000000
62674  -47.520  -35.938  59.542 0.0000000000
62697  -47.480  -36.477  58.904 0.0000000000
63918  -48.036  -35.297  59.194 0.0000000000
66533  -48.806  -33.322  58.521 0.0000000000
65177  -48.688  -34.022  58.831 0.0000000000
65193  -48.907  -33.574  58.304 0.0000000000
66549  -49.242  -33.928  57.536 0.0000000000
66534  -49.075  -33.092  58.234 0.0000000000
67838  -49.486  -32.507  57.575 0.0000000000
67826  -49.225  -32.434  58.087 0.0000000000
71470  -49.028  -30.390  57.757 0.0000000000
48974  -17.052  -47.483  68.315 0.0000000000
47877  -17.633  -47.630  67.857 0.0000000000
48975  -18.998  -47.713  68.274 0.0000000000
50052  -20.249  -46.774  69.781 0.0000000000
48951  -20.779  -47.155  68.917 0.0000000000
47911  -22.116  -48.217  65.334 0.0000000000
47912  -23.283  -48.392  65.136 0.0000000000
53704  -22.239  -44.284  66.381 0.0000000000
51242  -23.953  -45.627  66.345 0.0000000000
50079  -23.512  -46.749  66.629 0.0000000000
50081  -25.546  -46.883  66.346 0.0000000000
48991  -25.773  -47.386  65.821 0.0000000000
49002  -25.256  -47.662  65.427 0.0000000000
49003  -25.682  -47.513  65.249 0.0000000000
49004  -26.143  -47.140  65.226 0.0000000000
51246  -27.835  -44.614  67.567 0.0000000000
52452  -27.988  -44.380  67.167 0.0000000000
52451  -27.623  -44.624  66.531 0.0000000000
54923  -29.524  -41.985  67.828 0.0000000000
54922  -28.539  -42.514  67.766 0.0000000000
54939  -29.124  -42.623  67.212 0.0000000000
53685  -28.773  -43.024  66.868 0.0000000000
54957  -29.983  -42.705  66.967 0.0000000000
57550  -32.349  -41.388  67.103 0.0000000000
54942  -32.664  -42.139  67.105 0.0000000000
56285  -32.894  -41.728  67.048 0.0000000000
54960  -33.250  -42.380  66.557 0.0000000000
56294  -33.754  -41.950  66.306 0.0000000000
60038  -30.619  -38.708  64.269 0.0000000000
61287  -30.550  -37.976  64.802 0.0000000000
60031  -30.539  -38.810  65.594 0.0000000000
60025  -30.427  -38.426  66.299 0.0000000000
60030  -30.679  -39.192  66.107 0.0000000000
58843  -30.887  -39.739  66.041 0.0000000000
57580  -31.302  -40.411  65.235 0.0000000000
56365  -32.902  -41.456  60.924 0.0000000000
56347  -33.390  -41.982  61.447 0.0000000000
56366  -33.289  -41.797  60.552 0.0000000000
60098  -33.844  -38.821  60.613 0.0000000000
58910  -33.410  -39.435  60.071 0.0000000000
62622  -37.229  -36.928  62.409 0.0000000000
62623  -38.167  -37.079  62.323 0.0000000000
58869  -40.239  -39.047  63.123 0.0000000000
58868  -39.395  -39.001  62.708 0.0000000000
57593  -39.274  -39.346  62.409 0.0000000000
57605  -38.581  -39.479  61.689 0.0000000000
57606  -39.328  -39.575  61.904 0.0000000000
58897  -41.788  -39.359  62.621 0.0000000000
56333  -41.963  -39.684  61.453 0.0000000000
56369  -41.039  -39.739  60.387 0.0000000000
56388  -39.841  -40.200  59.547 0.0000000000
57662  -39.402  -40.203  59.329 0.0000000000
57706  -40.748  -40.214  57.516 0.0000000000
57720  -40.284  -40.470  56.593 0.0000000000
57722  -42.386  -39.990  56.244 0.0000000000
57643  -44.896  -39.149  59.188 0.0000000000
57666  -44.954  -39.307  58.891 0.0000000000
58962  -45.290  -39.959  56.747 0.0000000000
57725  -45.622  -40.208  56.377 0.0000000000
57741  -45.036  -40.706  55.648 0.0000000000
57742  -45.497  -40.705  55.696 0.0000000000
56476  -45.232  -41.432  54.997 0.0000000000
56463  -46.058  -40.723  55.616 0.0000000000
57727  -47.232  -40.118  55.866 0.0000000000
57743  -46.580  -40.491  55.437 0.0000000000
57744  -47.064  -40.047  55.184 0.0000000000
48959  -16.655  -47.640  69.584 0.0000000000
47876  -16.460  -47.622  67.808 0.0000000000
66584  -51.268  -33.049  55.336 0.0000000000
65236  -51.243  -33.755  55.089 0.0000000000
65237  -51.339  -33.349  54.821 0.0000000000
76576  -50.492  -26.713  53.557 0.0000000000
76565  -50.751  -26.992  54.436 0.0000000000
76569  -52.592  -26.392  53.479 0.0000000000
76558  -52.281  -26.623  54.158 0.0000000000
75348  -52.466  -27.223  54.402 0.0000000000
72780  -52.413  -28.363  54.532 0.0000000000
74130  -52.492  -27.565  54.059 0.0000000000
76590  -54.254  -25.751  51.740 0.0000000000
77806  -53.735  -25.021  52.181 0.0000000000
76591  -54.442  -26.278  51.800 0.0000000000
74164  -52.911  -27.458  52.447 0.0000000000
74163  -52.361  -27.802  52.726 0.0000000000
74146  -52.056  -28.055  53.198 0.0000000000
72814  -51.739  -28.385  52.663 0.0000000000
76693  -52.169  -26.183  44.951 0.0000000000
77908  -52.288  -25.263  44.620 0.0000000000
83890  -53.597  -19.646  44.230 0.0000000000
82684  -52.012  -21.200  46.039 0.0000000000
82708  -52.023  -20.534  44.955 0.0000000000
82694  -51.223  -21.449  44.707 0.0000000000
82706  -51.105  -21.281  43.958 0.0000000000
81555  -51.202  -22.009  44.694 0.0000000000
80392  -51.344  -22.682  44.558 0.0000000000
80393  -51.959  -22.556  44.941 0.0000000000
77877  -53.041  -23.673  45.289 0.0000000000
79132  -52.631  -23.664  45.175 0.0000000000
76695  -53.337  -25.373  45.001 0.0000000000
62630  -46.463  -36.260  61.107 0.0000000000
63872  -46.409  -35.643  61.416 0.0000000000
65137  -46.310  -35.124  61.417 0.0000000000
66510  -46.289  -34.360  60.171 0.0000000000
62592  -34.782  -37.102  62.516 0.0000000000
60039  -34.978  -37.909  62.241 0.0000000000
61299  -35.717  -37.507  62.397 0.0000000000
60041  -36.657  -38.007  62.511 0.0000000000
61300  -36.712  -37.593  62.624 0.0000000000
62627  -43.774  -36.698  61.558 0.0000000000
61361  -44.421  -37.787  61.006 0.0000000000
60074  -44.898  -37.654  60.654 0.0000000000
60075  -45.148  -37.398  60.705 0.0000000000
61345  -45.580  -36.923  60.840 0.0000000000
71483  -50.619  -29.679  56.464 0.0000000000
71494  -50.978  -29.809  56.118 0.0000000000
72727  -50.954  -29.173  56.501 0.0000000000
74052  -51.309  -28.833  56.409 0.0000000000
74091  -51.426  -27.822  55.855 0.0000000000
76634  -52.970  -26.105  48.463 0.0000000000
76620  -54.016  -25.608  48.988 0.0000000000
76636  -54.324  -25.936  48.481 0.0000000000
76638  -54.871  -26.295  48.372 0.0000000000
75431  -55.084  -26.746  48.236 0.0000000000
72882  -55.297  -27.516  47.814 0.0000000000
74228  -55.376  -27.011  47.443 0.0000000000
74244  -55.148  -27.301  46.497 0.0000000000
74260  -55.005  -27.316  45.994 0.0000000000
81560  -56.783  -20.819  44.470 0.0000000000
82699  -56.094  -20.216  44.611 0.0000000000
81572  -56.311  -21.303  44.039 0.0000000000
82754  -57.089  -20.302  40.851 0.0000000000
83940  -57.267  -20.308  41.507 0.0000000000
82742  -57.908  -20.517  41.753 0.0000000000
82726  -58.791  -21.199  42.667 0.0000000000
81595  -59.142  -21.635  42.493 0.0000000000
82727  -59.402  -21.339  42.222 0.0000000000
82745  -59.618  -20.878  41.669 0.0000000000
83944  -59.902  -20.644  40.806 0.0000000000
86434  -59.851  -17.686  40.127 0.0000000000
87537  -59.813  -17.057  39.574 0.0000000000
86440  -60.143  -17.523  39.449 0.0000000000
83992  -59.769  -18.532  38.577 0.0000000000
58982  -47.481  -39.457  56.411 0.0000000000
58965  -47.807  -38.636  56.711 0.0000000000
60125  -47.830  -37.852  57.287 0.0000000000
62717  -47.836  -37.043  57.350 0.0000000000
66492  -47.874  -34.181  59.990 0.0000000000
66512  -48.404  -33.544  59.400 0.0000000000
66513  -48.688  -33.294  58.778 0.0000000000
67814  -48.962  -32.546  58.471 0.0000000000
70272  -48.672  -31.577  58.506 0.0000000000
70282  -48.560  -30.976  58.301 0.0000000000
71469  -48.388  -30.277  58.075 0.0000000000
47865  -18.124  -47.695  68.510 0.0000000000
48961  -18.719  -47.625  68.884 0.0000000000
48962  -19.653  -47.709  68.625 0.0000000000
48989  -23.804  -47.831  66.530 0.0000000000
51226  -24.809  -44.943  66.735 0.0000000000
51227  -25.656  -45.282  67.042 0.0000000000
51244  -26.136  -45.952  66.802 0.0000000000
51229  -27.438  -44.579  67.594 0.0000000000
52439  -27.646  -44.105  67.919 0.0000000000
54924  -30.179  -41.708  67.830 0.0000000000
56283  -31.316  -41.711  67.437 0.0000000000
56276  -30.751  -41.347  67.758 0.0000000000
57549  -31.800  -40.837  67.286 0.0000000000
57560  -32.057  -40.784  66.753 0.0000000000
62589  -31.509  -37.043  63.112 0.0000000000
60053  -31.047  -38.499  63.175 0.0000000000
58863  -31.032  -39.617  63.612 0.0000000000
57590  -31.073  -40.179  64.461 0.0000000000
57636  -32.662  -40.621  60.707 0.0000000000
58912  -35.552  -39.379  60.229 0.0000000000
58930  -36.069  -39.763  59.551 0.0000000000
57681  -37.386  -40.445  58.395 0.0000000000
57682  -38.355  -40.495  58.541 0.0000000000
61338  -38.695  -37.532  62.379 0.0000000000
61319  -38.503  -37.691  62.830 0.0000000000
61320  -39.496  -37.993  62.826 0.0000000000
58854  -40.156  -39.213  63.730 0.0000000000
57595  -40.651  -39.369  62.925 0.0000000000
56353  -42.710  -40.081  60.821 0.0000000000
56352  -42.105  -40.045  61.099 0.0000000000
56370  -41.877  -40.071  60.508 0.0000000000
56407  -41.047  -39.948  59.322 0.0000000000
56406  -40.460  -40.198  59.134 0.0000000000
57685  -41.152  -40.123  58.526 0.0000000000
57707  -41.752  -39.951  57.433 0.0000000000
57668  -45.774  -39.164  58.832 0.0000000000
57689  -45.399  -39.489  58.373 0.0000000000
57690  -45.894  -39.342  58.532 0.0000000000
58981  -47.121  -39.595  56.879 0.0000000000
51184  -17.134  -45.862  70.571 0.0000000000
51176  -17.302  -45.943  71.286 0.0000000000
50035  -17.590  -46.323  71.418 0.0000000000
67880  -51.898  -32.149  54.826 0.0000000000
66624  -51.650  -32.800  54.107 0.0000000000
67914  -51.772  -32.464  54.146 0.0000000000
77802  -51.261  -26.016  52.199 0.0000000000
76577  -51.495  -26.067  53.295 0.0000000000
77783  -51.930  -25.384  53.121 0.0000000000
77763  -52.308  -25.467  53.281 0.0000000000
76579  -52.740  -25.564  53.180 0.0000000000
74182  -54.484  -27.357  51.123 0.0000000000
74166  -54.187  -27.214  51.755 0.0000000000
82686  -53.575  -20.754  45.488 0.0000000000
83879  -53.345  -20.278  45.169 0.0000000000
82685  -52.865  -21.010  45.910 0.0000000000
81547  -52.654  -21.848  45.995 0.0000000000
80375  -52.125  -22.504  45.553 0.0000000000
80376  -52.710  -22.558  45.678 0.0000000000
77878  -53.218  -23.576  45.173 0.0000000000
85208  -58.460  -18.682  39.997 0.0000000000
85197  -58.877  -18.697  40.590 0.0000000000
86432  -58.548  -17.943  40.244 0.0000000000
87527  -58.897  -17.758  40.564 0.0000000000
87535  -58.776  -17.354  39.919 0.0000000000
87545  -58.867  -16.334  39.401 0.0000000000
60112  -47.497  -38.031  58.833 0.0000000000
61383  -47.224  -37.397  59.464 0.0000000000
62673  -47.315  -36.525  59.873 0.0000000000
63907  -47.649  -35.620  60.079 0.0000000000
63873  -47.158  -35.515  61.126 0.0000000000
63874  -47.506  -35.155  60.884 0.0000000000
65151  -47.678  -34.803  60.511 0.0000000000
67811  -47.676  -32.992  59.476 0.0000000000
69035  -47.487  -32.354  59.144 0.0000000000
50045  -19.691  -46.941  70.095 0.0000000000
50051  -19.714  -46.499  69.880 0.0000000000
51198  -20.669  -46.121  69.259 0.0000000000
51210  -21.269  -45.777  68.767 0.0000000000
51211  -21.695  -46.095  68.331 0.0000000000
51224  -22.228  -45.810  67.788 0.0000000000
60010  -29.281  -38.810  67.620 0.0000000000
62606  -32.234  -37.161  62.582 0.0000000000
61335  -32.175  -37.873  61.973 0.0000000000
60083  -34.254  -38.673  60.943 0.0000000000
58892  -34.522  -39.016  60.801 0.0000000000
60055  -34.704  -38.031  61.957 0.0000000000
60070  -35.343  -38.673  61.634 0.0000000000
58893  -35.034  -39.099  61.029 0.0000000000
58894  -36.132  -39.120  60.849 0.0000000000
58895  -37.185  -39.412  60.974 0.0000000000
57620  -37.982  -39.587  60.611 0.0000000000
62624  -40.947  -37.642  61.408 0.0000000000
61322  -41.218  -38.072  62.976 0.0000000000
61323  -41.889  -38.124  62.630 0.0000000000
60072  -42.305  -38.526  62.495 0.0000000000
58885  -42.707  -39.169  61.998 0.0000000000
57625  -42.703  -39.669  61.223 0.0000000000
57642  -42.885  -39.750  60.705 0.0000000000
58932  -43.868  -39.402  59.513 0.0000000000
57644  -45.056  -39.017  59.268 0.0000000000
58934  -45.672  -39.010  59.028 0.0000000000
58919  -46.454  -38.557  59.131 0.0000000000
51194  -17.665  -45.785  69.712 0.0000000000
67861  -50.113  -33.041  56.579 0.0000000000
65234  -50.680  -34.018  56.136 0.0000000000
67862  -50.662  -32.558  56.401 0.0000000000
67863  -51.302  -32.321  55.828 0.0000000000
70306  -50.946  -30.505  56.006 0.0000000000
69075  -51.417  -30.444  55.685 0.0000000000
69098  -52.034  -31.306  55.008 0.0000000000
70342  -52.052  -30.361  54.681 0.0000000000
71526  -52.072  -29.623  54.269 0.0000000000
77837  -52.450  -25.135  50.732 0.0000000000
77824  -53.159  -25.056  51.442 0.0000000000
76601  -54.380  -25.842  50.630 0.0000000000
76610  -54.517  -25.805  49.732 0.0000000000
76611  -54.825  -26.244  49.831 0.0000000000
75400  -54.816  -26.910  50.963 0.0000000000
72834  -54.367  -27.653  50.407 0.0000000000
85185  -54.538  -18.781  42.456 0.0000000000
85164  -54.018  -18.910  42.986 0.0000000000
85154  -55.078  -19.163  43.829 0.0000000000
83891  -54.654  -19.538  44.232 0.0000000000
83873  -54.543  -20.179  44.947 0.0000000000
82698  -55.613  -19.942  44.705 0.0000000000
82688  -55.070  -20.198  44.744 0.0000000000
82687  -54.191  -20.492  45.141 0.0000000000
81557  -54.050  -21.474  44.932 0.0000000000
63890  -44.706  -35.629  60.839 0.0000000000
65161  -45.268  -35.353  60.313 0.0000000000
63916  -45.081  -35.882  59.432 0.0000000000
61360  -40.560  -37.594  61.329 0.0000000000
62646  -42.135  -37.038  60.837 0.0000000000
62647  -43.343  -36.392  60.865 0.0000000000
63889  -44.163  -36.028  60.613 0.0000000000
75342  -49.194  -27.590  54.399 0.0000000000
75343  -49.853  -27.638  54.669 0.0000000000
75371  -49.658  -27.082  53.361 0.0000000000
76587  -49.828  -26.669  52.572 0.0000000000
77835  -50.745  -25.257  50.950 0.0000000000
77847  -50.836  -25.162  50.109 0.0000000000
77848  -51.706  -25.283  49.996 0.0000000000
77860  -51.963  -25.340  49.107 0.0000000000
76633  -52.202  -25.755  48.406 0.0000000000
76652  -51.714  -25.929  47.776 0.0000000000
76653  -52.428  -26.221  47.624 0.0000000000
75447  -52.846  -26.501  47.191 0.0000000000
75471  -53.069  -26.562  46.447 0.0000000000
83937  -54.641  -19.023  41.316 0.0000000000
85196  -54.910  -18.802  42.076 0.0000000000
85186  -55.334  -18.979  42.622 0.0000000000
85167  -56.239  -19.088  43.581 0.0000000000
83894  -56.941  -19.742  44.240 0.0000000000
83908  -57.818  -20.165  43.235 0.0000000000
83895  -57.550  -20.059  43.893 0.0000000000
82700  -57.283  -20.472  44.455 0.0000000000
81561  -57.588  -20.975  44.618 0.0000000000
80416  -57.705  -21.964  43.717 0.0000000000
79184  -56.881  -22.634  42.599 0.0000000000
80469  -59.389  -22.113  42.076 0.0000000000
83958  -59.983  -20.695  40.566 0.0000000000
83957  -59.869  -19.979  40.388 0.0000000000
58966  -48.434  -38.030  56.445 0.0000000000
58984  -48.634  -38.107  56.064 0.0000000000
60143  -48.796  -37.399  56.140 0.0000000000
61451  -48.845  -36.695  56.177 0.0000000000
62734  -49.155  -35.935  56.078 0.0000000000
61403  -47.528  -37.369  58.342 0.0000000000
62716  -47.698  -36.691  57.764 0.0000000000
63942  -47.957  -36.203  57.548 0.0000000000
63919  -48.453  -34.671  58.993 0.0000000000
63931  -48.430  -34.870  58.456 0.0000000000
63943  -48.487  -35.408  57.402 0.0000000000
65210  -49.302  -34.376  57.181 0.0000000000
66565  -49.857  -33.612  56.992 0.0000000000
69072  -49.827  -32.062  57.013 0.0000000000
69062  -50.064  -31.204  56.774 0.0000000000
69050  -49.257  -31.833  58.027 0.0000000000
70294  -49.537  -31.222  57.519 0.0000000000
70295  -49.914  -30.862  56.943 0.0000000000
74089  -49.489  -28.290  55.506 0.0000000000
65162  -45.764  -34.800  60.222 0.0000000000
66532  -46.337  -34.261  59.561 0.0000000000
67824  -46.828  -33.487  58.903 0.0000000000
67825  -47.170  -32.720  59.004 0.0000000000
69060  -47.584  -31.876  58.533 0.0000000000
70292  -47.778  -31.282  58.532 0.0000000000
70293  -47.883  -30.677  58.279 0.0000000000
75330  -49.401  -28.024  54.941 0.0000000000
47905  -15.699  -48.249  66.118 0.0000000000
47906  -16.902  -48.322  65.835 0.0000000000
52434  -21.922  -45.344  67.850 0.0000000000
51240  -22.437  -45.500  67.331 0.0000000000
50080  -24.466  -46.837  66.372 0.0000000000
47898  -24.716  -47.950  65.374 0.0000000000
50083  -26.888  -46.136  66.025 0.0000000000
53670  -27.449  -43.028  67.762 0.0000000000
52426  -28.017  -43.577  67.803 0.0000000000
53672  -28.116  -43.250  67.533 0.0000000000
53684  -28.274  -43.392  67.197 0.0000000000
54941  -31.698  -42.167  67.199 0.0000000000
54959  -32.224  -42.528  66.769 0.0000000000
61269  -29.445  -38.182  66.870 0.0000000000
61260  -30.023  -38.423  67.271 0.0000000000
62574  -30.373  -37.219  64.740 0.0000000000
62540  -30.045  -37.954  66.215 0.0000000000
60018  -30.268  -38.343  66.597 0.0000000000
60017  -30.435  -38.704  66.907 0.0000000000
58835  -30.856  -39.365  66.705 0.0000000000
58836  -31.467  -40.082  66.896 0.0000000000
57571  -32.561  -41.163  66.337 0.0000000000
57581  -32.349  -40.947  65.489 0.0000000000
56301  -33.260  -41.491  65.910 0.0000000000
60081  -32.789  -39.099  60.668 0.0000000000
58909  -32.767  -39.715  60.303 0.0000000000
57655  -32.778  -40.255  59.986 0.0000000000
58928  -33.920  -39.778  59.522 0.0000000000
57656  -33.368  -40.854  59.757 0.0000000000
62621  -36.570  -36.777  62.389 0.0000000000
62595  -36.913  -37.256  62.980 0.0000000000
60042  -37.650  -38.168  62.776 0.0000000000
61302  -38.607  -38.010  62.992 0.0000000000
58852  -38.624  -38.617  62.785 0.0000000000
58866  -37.609  -38.781  62.334 0.0000000000
58882  -38.233  -39.210  62.175 0.0000000000
57604  -38.020  -39.420  61.217 0.0000000000
58871  -41.408  -39.050  63.780 0.0000000000
57608  -41.269  -39.398  62.734 0.0000000000
56319  -40.755  -39.330  62.442 0.0000000000
56350  -40.629  -39.633  61.117 0.0000000000
56349  -39.865  -39.749  61.425 0.0000000000
57622  -39.357  -39.750  61.184 0.0000000000
57641  -39.375  -39.760  60.541 0.0000000000
57640  -38.753  -39.675  60.170 0.0000000000
57661  -38.811  -40.094  59.408 0.0000000000
57704  -38.834  -40.745  57.670 0.0000000000
56405  -39.989  -40.343  58.997 0.0000000000
57709  -44.242  -39.662  57.331 0.0000000000
57710  -45.221  -39.710  57.409 0.0000000000
58961  -44.972  -39.790  56.847 0.0000000000
57724  -44.793  -40.070  56.316 0.0000000000
55178  -45.507  -41.661  54.304 0.0000000000
65235  -50.989  -34.030  55.585 0.0000000000
75345  -50.811  -27.463  55.161 0.0000000000
76548  -51.140  -27.287  54.994 0.0000000000
75334  -51.734  -27.368  55.217 0.0000000000
76567  -51.765  -26.199  53.850 0.0000000000
75347  -52.135  -27.007  54.770 0.0000000000
74093  -52.380  -28.228  55.412 0.0000000000
72766  -52.459  -28.724  55.099 0.0000000000
71546  -51.948  -29.010  54.029 0.0000000000
76580  -53.387  -25.910  52.606 0.0000000000
75374  -53.633  -26.793  52.465 0.0000000000
75360  -52.787  -27.226  53.275 0.0000000000
72794  -52.134  -28.284  53.730 0.0000000000
71545  -51.913  -29.725  53.919 0.0000000000
75533  -51.558  -26.268  44.864 0.0000000000
75501  -52.524  -26.462  45.614 0.0000000000
85163  -53.247  -19.074  42.771 0.0000000000
83922  -51.883  -19.909  42.382 0.0000000000
83889  -52.397  -20.123  44.568 0.0000000000
83888  -51.894  -20.344  44.205 0.0000000000
83902  -51.373  -20.625  43.111 0.0000000000
79155  -51.104  -23.569  43.930 0.0000000000
79156  -51.438  -24.168  44.341 0.0000000000
79110  -52.224  -22.793  45.090 0.0000000000
79131  -51.934  -23.461  44.789 0.0000000000
77889  -52.010  -24.248  44.814 0.0000000000
76694  -52.748  -25.552  44.879 0.0000000000
75502  -53.280  -26.339  45.483 0.0000000000
75504  -54.439  -26.722  45.926 0.0000000000
75536  -54.818  -27.236  45.631 0.0000000000
76717  -54.012  -25.852  44.873 0.0000000000
75535  -54.468  -26.734  45.212 0.0000000000
74275  -54.676  -27.545  45.202 0.0000000000
47878  -18.722  -47.926  67.628 0.0000000000
47913  -24.235  -48.171  64.964 0.0000000000
47914  -25.060  -47.846  64.975 0.0000000000
48924  -17.739  -46.839  71.281 0.0000000000
51223  -21.737  -45.579  68.221 0.0000000000
51230  -27.888  -44.447  67.899 0.0000000000
52425  -27.782  -43.615  67.871 0.0000000000
53671  -27.873  -43.234  67.723 0.0000000000
53696  -29.281  -42.968  66.483 0.0000000000
54943  -33.216  -42.072  67.031 0.0000000000
56284  -32.084  -41.606  67.290 0.0000000000
56286  -33.461  -41.934  66.849 0.0000000000
56293  -33.222  -41.611  66.638 0.0000000000
56318  -40.417  -39.349  62.551 0.0000000000
56330  -39.760  -39.586  61.888 0.0000000000
56331  -40.266  -39.460  62.003 0.0000000000
56334  -42.432  -39.854  61.170 0.0000000000
56371  -42.482  -40.053  60.707 0.0000000000
56372  -42.782  -40.304  60.788 0.0000000000
56387  -39.422  -40.079  59.549 0.0000000000
56440  -45.762  -40.671  55.750 0.0000000000
57537  -31.180  -40.833  67.666 0.0000000000
57592  -38.788  -39.389  62.218 0.0000000000
57594  -39.998  -39.272  62.595 0.0000000000
57609  -41.729  -39.416  62.275 0.0000000000
57623  -41.496  -39.450  62.825 0.0000000000
57624  -41.580  -39.401  62.652 0.0000000000
58842  -30.750  -39.294  66.334 0.0000000000
58851  -37.942  -38.640  62.706 0.0000000000
58853  -39.619  -38.602  62.910 0.0000000000
58856  -41.228  -38.898  64.091 0.0000000000
58870  -41.050  -39.355  63.455 0.0000000000
58883  -41.438  -39.353  63.019 0.0000000000
58884  -41.784  -39.183  62.792 0.0000000000
58896  -41.617  -39.348  62.855 0.0000000000
58917  -45.228  -38.868  59.363 0.0000000000
58933  -44.551  -39.262  59.237 0.0000000000
58947  -44.632  -39.352  58.944 0.0000000000
58967  -48.709  -37.873  56.122 0.0000000000
58980  -45.269  -40.132  56.499 0.0000000000
60011  -29.774  -38.688  67.654 0.0000000000
60012  -30.233  -38.818  67.467 0.0000000000
60016  -29.455  -38.420  67.291 0.0000000000
60043  -38.615  -38.264  62.927 0.0000000000
60045  -40.363  -38.697  63.594 0.0000000000
60046  -41.029  -38.560  63.896 0.0000000000
60047  -41.408  -38.799  63.944 0.0000000000
60056  -35.606  -38.145  61.972 0.0000000000
60059  -41.162  -38.323  63.541 0.0000000000
60084  -34.763  -38.755  61.337 0.0000000000
60089  -46.497  -37.716  59.597 0.0000000000
60096  -33.088  -39.314  60.370 0.0000000000
60097  -33.464  -39.059  60.477 0.0000000000
60126  -48.158  -37.611  56.880 0.0000000000
61261  -30.192  -38.497  67.143 0.0000000000
61270  -29.742  -38.286  67.016 0.0000000000
61271  -30.071  -38.290  66.773 0.0000000000
61272  -30.215  -38.139  66.282 0.0000000000
61279  -29.211  -38.130  66.482 0.0000000000
61301  -37.460  -37.859  63.144 0.0000000000
61303  -39.538  -38.286  63.008 0.0000000000
61316  -33.829  -37.784  62.216 0.0000000000
61317  -34.529  -37.833  62.299 0.0000000000
61324  -44.411  -37.019  61.546 0.0000000000
61344  -44.867  -37.347  61.059 0.0000000000
61362  -44.682  -37.731  60.792 0.0000000000
61365  -46.856  -37.500  59.690 0.0000000000
61402  -47.459  -37.313  59.023 0.0000000000
61478  -49.151  -36.457  55.791 0.0000000000
62538  -29.651  -38.166  66.702 0.0000000000
62541  -30.212  -37.885  65.819 0.0000000000
62555  -29.574  -38.045  66.455 0.0000000000
62558  -30.377  -37.648  65.161 0.0000000000
62591  -33.788  -37.048  62.792 0.0000000000
62593  -35.799  -37.102  62.531 0.0000000000
62607  -36.139  -37.014  62.621 0.0000000000
62608  -36.557  -36.977  62.626 0.0000000000
62609  -37.196  -37.046  62.728 0.0000000000
62610  -37.755  -37.165  62.792 0.0000000000
62611  -44.189  -36.892  61.546 0.0000000000
62613  -45.183  -36.385  61.407 0.0000000000
62628  -44.495  -36.133  61.264 0.0000000000
62631  -47.051  -36.099  60.926 0.0000000000
62672  -46.986  -36.729  60.254 0.0000000000
62731  -47.885  -36.523  57.450 0.0000000000
63839  -34.870  -36.744  62.463 0.0000000000
63852  -35.395  -36.705  62.372 0.0000000000
63855  -45.034  -36.030  61.464 0.0000000000
63868  -35.624  -36.585  62.241 0.0000000000
63869  -36.155  -36.718  62.378 0.0000000000
63888  -43.821  -36.149  60.390 0.0000000000
63891  -47.367  -35.802  60.688 0.0000000000
63892  -47.621  -35.227  60.613 0.0000000000
63901  -34.487  -36.270  61.437 0.0000000000
63905  -44.748  -35.727  60.242 0.0000000000
63906  -47.371  -36.052  60.350 0.0000000000
63915  -44.404  -36.129  59.647 0.0000000000
63958  -50.969  -34.258  55.180 0.0000000000
65135  -45.532  -35.185  61.058 0.0000000000
65174  -45.206  -35.509  59.924 0.0000000000
65176  -48.400  -34.602  59.243 0.0000000000
65178  -48.781  -33.577  58.560 0.0000000000
65260  -51.404  -33.669  54.432 0.0000000000
65261  -51.396  -33.353  54.572 0.0000000000
66471  -46.310  -34.844  61.174 0.0000000000
66473  -47.167  -34.622  60.776 0.0000000000
66489  -46.438  -34.548  60.622 0.0000000000
66491  -47.469  -33.944  60.130 0.0000000000
66564  -49.472  -33.833  57.365 0.0000000000
66582  -50.419  -33.511  56.436 0.0000000000
66585  -51.387  -32.913  55.031 0.0000000000
66603  -51.518  -33.141  54.228 0.0000000000
66604  -51.534  -32.818  54.544 0.0000000000
66644  -51.796  -32.946  54.012 0.0000000000
67795  -46.856  -33.764  60.094 0.0000000000
67813  -48.639  -32.706  58.887 0.0000000000
67850  -50.479  -32.141  56.600 0.0000000000
67896  -51.748  -32.376  54.378 0.0000000000
69039  -48.960  -31.977  58.557 0.0000000000
69048  -47.530  -32.042  58.998 0.0000000000
69074  -51.093  -30.842  55.943 0.0000000000
69085  -51.544  -31.106  55.561 0.0000000000
69132  -51.792  -31.891  54.249 0.0000000000
70269  -47.813  -31.622  59.000 0.0000000000
70270  -47.949  -31.541  59.019 0.0000000000
70279  -47.685  -31.592  58.789 0.0000000000
70281  -48.100  -30.946  58.662 0.0000000000
70284  -49.696  -30.640  57.306 0.0000000000
70303  -47.793  -31.085  57.965 0.0000000000
70304  -48.002  -30.377  57.557 0.0000000000
70323  -51.952  -30.122  55.124 0.0000000000
70324  -52.114  -29.958  55.189 0.0000000000
70341  -51.973  -30.232  54.187 0.0000000000
70343  -52.227  -29.693  54.943 0.0000000000
71472  -49.824  -30.306  57.162 0.0000000000
71481  -49.896  -30.070  57.101 0.0000000000
71482  -50.072  -30.048  56.867 0.0000000000
71493  -50.422  -30.215  56.556 0.0000000000
71495  -51.451  -29.569  56.046 0.0000000000
71505  -51.836  -29.428  55.891 0.0000000000
71515  -51.952  -29.560  55.652 0.0000000000
72711  -49.542  -29.872  57.297 0.0000000000
72712  -49.746  -29.940  57.216 0.0000000000
72726  -50.583  -29.315  56.528 0.0000000000
72755  -52.107  -29.014  56.020 0.0000000000
72779  -52.203  -28.736  54.260 0.0000000000
72880  -54.657  -28.114  48.559 0.0000000000
72897  -54.640  -28.126  47.865 0.0000000000
72965  -54.735  -27.974  45.380 0.0000000000
74051  -51.064  -28.740  56.461 0.0000000000
74070  -50.982  -28.096  56.208 0.0000000000
74071  -51.555  -28.460  56.216 0.0000000000
74072  -51.989  -28.347  56.060 0.0000000000
74073  -52.210  -28.469  55.836 0.0000000000
74090  -51.103  -27.796  55.870 0.0000000000
74092  -52.234  -28.158  55.703 0.0000000000
74110  -52.535  -27.971  54.802 0.0000000000
74148  -53.227  -27.194  52.643 0.0000000000
74192  -54.573  -27.191  50.285 0.0000000000
74202  -54.600  -27.336  49.478 0.0000000000
74214  -55.230  -27.162  48.274 0.0000000000
74259  -55.016  -27.606  45.971 0.0000000000
74276  -54.894  -27.459  45.714 0.0000000000
75321  -50.617  -27.794  55.913 0.0000000000
75323  -51.893  -27.936  55.877 0.0000000000
75324  -52.103  -27.970  55.789 0.0000000000
75332  -50.529  -27.642  55.501 0.0000000000
75333  -51.076  -27.534  55.426 0.0000000000
75335  -52.220  -27.683  55.321 0.0000000000
75344  -50.533  -27.445  54.869 0.0000000000
75346  -51.887  -26.914  54.772 0.0000000000
75372  -50.058  -27.243  53.755 0.0000000000
75373  -53.108  -27.146  52.895 0.0000000000
75375  -54.244  -26.462  52.036 0.0000000000
75389  -54.414  -26.786  51.697 0.0000000000
75410  -54.699  -26.686  50.255 0.0000000000
75411  -54.688  -26.727  49.470 0.0000000000
75446  -52.454  -26.434  47.195 0.0000000000
75468  -50.792  -26.123  46.450 0.0000000000
75498  -50.278  -26.133  45.779 0.0000000000
75505  -54.870  -26.998  46.011 0.0000000000
76549  -51.384  -27.236  54.976 0.0000000000
76554  -50.802  -27.185  54.704 0.0000000000
76555  -51.052  -27.122  54.793 0.0000000000
76557  -52.004  -26.538  54.369 0.0000000000
76568  -52.186  -26.100  53.579 0.0000000000
76575  -50.036  -26.871  53.152 0.0000000000
76578  -51.844  -25.821  53.402 0.0000000000
76588  -51.015  -26.252  52.568 0.0000000000
76589  -51.507  -25.841  52.834 0.0000000000
76621  -54.420  -25.897  49.092 0.0000000000
76623  -54.767  -26.478  48.898 0.0000000000
76635  -53.735  -25.963  48.437 0.0000000000
76637  -54.730  -26.053  48.486 0.0000000000
76655  -54.051  -26.049  47.836 0.0000000000
76657  -54.917  -26.119  48.017 0.0000000000
76674  -51.388  -26.209  47.187 0.0000000000
76715  -51.906  -25.771  44.576 0.0000000000
77782  -51.651  -25.648  52.969 0.0000000000
77784  -52.561  -24.988  53.046 0.0000000000
77805  -52.858  -25.138  52.263 0.0000000000
77851  -54.174  -25.599  49.530 0.0000000000
77891  -52.982  -24.141  45.153 0.0000000000
79111  -52.467  -22.980  45.255 0.0000000000
79133  -52.898  -23.689  45.278 0.0000000000
80359  -53.343  -22.031  45.673 0.0000000000
80360  -53.569  -21.808  45.541 0.0000000000
80377  -53.156  -22.544  45.568 0.0000000000
80418  -58.388  -21.701  43.268 0.0000000000
80442  -57.253  -22.326  43.069 0.0000000000
80445  -59.331  -21.832  42.342 0.0000000000
80487  -59.237  -22.451  41.513 0.0000000000
81538  -52.947  -21.935  45.950 0.0000000000
81539  -53.148  -21.847  45.852 0.0000000000
81546  -51.956  -21.890  45.996 0.0000000000
81548  -53.272  -21.408  45.773 0.0000000000
81614  -59.910  -21.141  41.361 0.0000000000
81627  -60.088  -21.124  41.006 0.0000000000
82695  -51.716  -20.972  45.249 0.0000000000
82697  -53.118  -20.723  45.477 0.0000000000
82707  -51.680  -20.734  44.391 0.0000000000
82709  -57.542  -20.248  44.193 0.0000000000
82711  -58.530  -21.325  43.437 0.0000000000
82746  -60.010  -20.931  41.128 0.0000000000
82759  -60.130  -20.897  40.906 0.0000000000
82768  -56.945  -20.410  40.197 0.0000000000
82772  -60.089  -20.910  40.645 0.0000000000
83871  -53.704  -20.471  45.344 0.0000000000
83878  -52.763  -20.321  45.065 0.0000000000
83880  -54.261  -19.989  44.807 0.0000000000
83893  -56.368  -19.490  44.475 0.0000000000
83903  -51.723  -20.375  43.529 0.0000000000
83905  -53.556  -19.202  43.439 0.0000000000
83906  -56.444  -19.287  43.286 0.0000000000
83921  -51.301  -20.551  42.625 0.0000000000
83924  -55.614  -19.095  42.317 0.0000000000
83928  -59.661  -20.658  41.216 0.0000000000
83929  -59.836  -20.764  41.070 0.0000000000
85147  -55.842  -19.240  44.534 0.0000000000
85148  -56.158  -19.292  44.575 0.0000000000
85155  -55.747  -18.933  44.106 0.0000000000
85157  -56.764  -19.332  44.030 0.0000000000
85165  -54.792  -18.925  43.196 0.0000000000
85168  -56.607  -19.181  43.885 0.0000000000
85187  -55.793  -19.174  43.111 0.0000000000
86426  -59.052  -17.992  40.841 0.0000000000
86433  -59.349  -17.869  40.490 0.0000000000
86439  -58.031  -17.806  39.242 0.0000000000
