#!ascii label  , from subject 3067 vox2ras=TkReg
507
11480  -40.436  -80.557  1.627 0.0000000000
20956  -46.227  -72.044  -4.367 0.0000000000
14927  -40.856  -77.437  2.369 0.0000000000
16097  -43.331  -76.460  -2.178 0.0000000000
22071  -42.082  -72.003  0.945 0.0000000000
12512  -44.680  -79.518  8.351 0.0000000000
14830  -41.688  -77.056  7.095 0.0000000000
20679  -41.630  -72.935  10.817 0.0000000000
18322  -38.805  -74.424  3.247 0.0000000000
18382  -40.449  -74.614  0.648 0.0000000000
20827  -38.042  -72.297  1.744 0.0000000000
14833  -44.823  -78.069  7.430 0.0000000000
14777  -43.688  -77.882  10.938 0.0000000000
20716  -43.197  -72.293  9.899 0.0000000000
18252  -41.855  -74.267  8.899 0.0000000000
16069  -38.451  -76.926  -0.570 0.0000000000
18462  -44.982  -73.957  -3.079 0.0000000000
19661  -40.986  -73.444  -4.073 0.0000000000
22182  -41.916  -71.843  -5.440 0.0000000000
12639  -42.424  -79.538  2.040 0.0000000000
13860  -41.349  -78.650  -1.299 0.0000000000
17171  -45.073  -74.779  0.464 0.0000000000
20868  -44.705  -72.877  -0.426 0.0000000000
13759  -44.452  -78.435  4.625 0.0000000000
17083  -42.273  -76.295  4.909 0.0000000000
18295  -40.348  -74.166  5.521 0.0000000000
19374  -41.818  -74.815  12.583 0.0000000000
17004  -41.111  -75.782  10.592 0.0000000000
18275  -40.230  -74.288  7.386 0.0000000000
20757  -39.873  -71.717  6.097 0.0000000000
18426  -40.819  -74.800  -1.978 0.0000000000
26745  -41.157  -67.828  -2.583 0.0000000000
25591  -45.044  -69.150  -4.406 0.0000000000
25640  -43.432  -68.448  -7.661 0.0000000000
19542  -38.291  -73.155  3.482 0.0000000000
19556  -38.325  -73.578  2.491 0.0000000000
13839  -39.396  -78.717  -0.036 0.0000000000
19688  -45.549  -73.146  -4.128 0.0000000000
19702  -43.888  -73.060  -5.002 0.0000000000
20954  -44.643  -72.390  -5.158 0.0000000000
23325  -42.504  -70.889  -5.575 0.0000000000
23327  -44.943  -70.434  -5.436 0.0000000000
13788  -42.052  -78.564  2.433 0.0000000000
14949  -41.648  -77.789  1.313 0.0000000000
19598  -40.816  -73.504  0.540 0.0000000000
18384  -42.613  -74.418  0.427 0.0000000000
19600  -43.097  -73.198  0.739 0.0000000000
19603  -45.167  -73.512  0.205 0.0000000000
20833  -43.689  -72.446  1.004 0.0000000000
11428  -43.801  -79.814  4.384 0.0000000000
12561  -45.151  -79.167  6.146 0.0000000000
14831  -42.552  -77.540  7.270 0.0000000000
15954  -43.037  -76.961  5.636 0.0000000000
15973  -41.821  -76.232  5.683 0.0000000000
17082  -41.721  -75.850  5.177 0.0000000000
17071  -41.138  -75.778  5.855 0.0000000000
19425  -41.983  -74.786  11.841 0.0000000000
16988  -42.023  -75.713  11.693 0.0000000000
18191  -41.479  -75.038  11.100 0.0000000000
19476  -41.524  -73.835  8.255 0.0000000000
18251  -40.890  -74.542  8.480 0.0000000000
19498  -40.827  -73.200  7.570 0.0000000000
19511  -40.093  -73.276  6.785 0.0000000000
15011  -42.304  -77.326  -1.985 0.0000000000
16086  -41.056  -76.971  -1.753 0.0000000000
17227  -41.911  -75.827  -2.724 0.0000000000
20910  -39.907  -72.649  -3.855 0.0000000000
26753  -41.349  -67.360  -3.375 0.0000000000
26747  -43.144  -68.329  -3.308 0.0000000000
25628  -44.517  -68.189  -6.121 0.0000000000
15998  -40.041  -76.269  2.907 0.0000000000
16038  -40.344  -76.557  1.505 0.0000000000
17149  -39.452  -75.286  1.556 0.0000000000
19573  -39.320  -73.576  1.092 0.0000000000
20829  -39.612  -72.526  1.114 0.0000000000
13707  -45.241  -78.469  7.787 0.0000000000
13684  -43.368  -78.158  9.213 0.0000000000
14793  -41.818  -77.601  9.105 0.0000000000
19442  -42.027  -73.254  10.331 0.0000000000
18214  -41.599  -74.255  10.507 0.0000000000
18231  -42.210  -73.979  9.615 0.0000000000
18253  -42.862  -74.180  8.873 0.0000000000
19500  -43.002  -73.380  7.825 0.0000000000
17249  -43.755  -75.051  -3.084 0.0000000000
17247  -42.427  -75.406  -3.259 0.0000000000
18460  -43.296  -74.297  -3.750 0.0000000000
20933  -41.933  -72.750  -4.815 0.0000000000
22202  -39.831  -71.401  -5.789 0.0000000000
23346  -39.769  -70.533  -6.474 0.0000000000
24526  -40.239  -69.793  -7.133 0.0000000000
24527  -41.330  -69.299  -7.399 0.0000000000
11482  -42.072  -80.127  1.554 0.0000000000
12653  -41.092  -79.841  0.169 0.0000000000
13842  -42.892  -78.382  -0.518 0.0000000000
14989  -43.800  -77.103  -0.844 0.0000000000
16056  -42.558  -76.597  0.407 0.0000000000
16057  -43.651  -76.650  0.061 0.0000000000
17211  -44.536  -75.813  -1.103 0.0000000000
18427  -44.787  -74.812  -1.406 0.0000000000
19642  -45.139  -73.258  -1.407 0.0000000000
20903  -45.156  -72.793  -2.047 0.0000000000
11466  -42.621  -80.225  2.864 0.0000000000
13777  -43.434  -78.949  3.493 0.0000000000
14918  -42.822  -77.758  4.028 0.0000000000
13725  -44.841  -78.127  5.982 0.0000000000
15988  -43.183  -77.192  4.848 0.0000000000
16000  -42.028  -77.080  4.006 0.0000000000
17110  -40.278  -75.482  3.897 0.0000000000
18306  -39.799  -74.197  4.515 0.0000000000
19531  -39.385  -73.342  4.656 0.0000000000
16990  -43.185  -76.452  12.350 0.0000000000
14754  -41.714  -76.907  10.799 0.0000000000
15905  -41.135  -76.862  8.667 0.0000000000
18230  -41.387  -74.778  9.646 0.0000000000
17037  -40.771  -75.457  8.778 0.0000000000
15951  -40.569  -76.007  7.317 0.0000000000
18290  -40.308  -74.228  6.286 0.0000000000
19520  -40.118  -73.429  5.863 0.0000000000
14987  -40.363  -78.368  -0.823 0.0000000000
17208  -39.510  -75.999  -1.130 0.0000000000
19650  -41.009  -73.760  -3.018 0.0000000000
20898  -39.427  -72.331  -2.428 0.0000000000
23260  -43.068  -70.793  0.801 0.0000000000
20887  -42.879  -72.065  -1.286 0.0000000000
22150  -44.298  -71.337  -3.073 0.0000000000
24479  -44.136  -69.521  -3.628 0.0000000000
23312  -45.663  -70.638  -4.394 0.0000000000
24493  -44.912  -69.443  -5.552 0.0000000000
24511  -43.709  -69.156  -6.362 0.0000000000
20787  -38.103  -72.371  4.000 0.0000000000
19541  -37.921  -72.901  3.310 0.0000000000
12651  -39.285  -79.285  0.672 0.0000000000
12652  -39.921  -79.668  0.464 0.0000000000
20935  -45.945  -72.572  -3.962 0.0000000000
20955  -45.611  -72.467  -4.710 0.0000000000
22184  -44.267  -71.524  -5.297 0.0000000000
22185  -45.347  -71.510  -5.180 0.0000000000
14928  -41.522  -78.114  2.222 0.0000000000
13801  -41.839  -78.413  1.839 0.0000000000
14948  -40.911  -77.303  1.587 0.0000000000
20844  -41.545  -72.536  0.762 0.0000000000
19599  -42.008  -73.413  0.575 0.0000000000
20845  -42.513  -72.433  0.910 0.0000000000
19576  -43.444  -73.108  1.061 0.0000000000
20831  -42.748  -72.180  1.141 0.0000000000
11347  -43.667  -80.182  8.435 0.0000000000
11363  -43.947  -79.941  7.413 0.0000000000
12560  -44.546  -79.430  6.070 0.0000000000
12534  -44.677  -79.456  7.003 0.0000000000
14856  -42.097  -77.057  6.587 0.0000000000
14855  -41.691  -76.850  6.723 0.0000000000
15952  -41.325  -76.465  6.538 0.0000000000
21908  -41.171  -72.354  10.790 0.0000000000
20678  -41.120  -72.947  11.198 0.0000000000
20654  -41.377  -73.547  11.445 0.0000000000
19424  -41.590  -74.184  11.402 0.0000000000
19499  -41.956  -73.149  7.848 0.0000000000
20744  -40.899  -72.369  7.230 0.0000000000
15012  -42.951  -77.207  -1.849 0.0000000000
16095  -41.841  -76.943  -2.216 0.0000000000
16096  -42.578  -76.604  -2.483 0.0000000000
26762  -43.167  -67.445  -4.374 0.0000000000
26782  -44.613  -67.972  -5.589 0.0000000000
26781  -43.745  -67.364  -5.558 0.0000000000
17109  -39.600  -75.577  3.170 0.0000000000
17131  -39.303  -75.393  2.352 0.0000000000
17108  -38.951  -75.035  2.695 0.0000000000
20813  -38.246  -72.935  1.879 0.0000000000
19572  -38.655  -73.583  1.629 0.0000000000
20828  -38.696  -72.614  1.408 0.0000000000
14794  -42.746  -77.959  9.640 0.0000000000
20700  -42.460  -72.255  10.415 0.0000000000
20715  -42.578  -72.635  10.087 0.0000000000
19456  -42.795  -73.144  9.706 0.0000000000
19477  -42.417  -73.866  8.346 0.0000000000
17207  -38.550  -75.933  -0.849 0.0000000000
17250  -44.418  -74.489  -2.823 0.0000000000
18461  -44.244  -74.027  -3.577 0.0000000000
20952  -42.529  -72.574  -5.037 0.0000000000
20934  -42.238  -72.934  -4.724 0.0000000000
22181  -40.675  -71.857  -5.444 0.0000000000
23323  -40.458  -71.016  -5.799 0.0000000000
23348  -41.900  -70.205  -6.080 0.0000000000
24509  -41.195  -69.809  -6.654 0.0000000000
24544  -40.386  -69.576  -8.134 0.0000000000
11500  -42.020  -79.799  0.791 0.0000000000
14988  -43.592  -77.462  -0.663 0.0000000000
16071  -43.675  -77.129  -0.359 0.0000000000
16054  -40.604  -76.120  0.866 0.0000000000
16055  -41.363  -76.623  0.781 0.0000000000
17167  -40.969  -75.508  0.643 0.0000000000
17169  -43.241  -75.515  0.270 0.0000000000
17170  -44.518  -75.369  0.288 0.0000000000
16058  -44.324  -76.086  -0.090 0.0000000000
17191  -44.805  -75.704  -0.224 0.0000000000
17212  -45.172  -74.969  -0.569 0.0000000000
20849  -45.089  -73.171  0.074 0.0000000000
19625  -45.201  -73.381  -0.454 0.0000000000
19624  -44.946  -73.140  -0.979 0.0000000000
20889  -44.646  -72.813  -1.381 0.0000000000
12619  -44.672  -79.036  4.347 0.0000000000
12618  -44.139  -79.469  3.927 0.0000000000
13776  -42.532  -78.498  3.157 0.0000000000
14919  -43.553  -78.327  4.159 0.0000000000
14834  -45.184  -78.189  7.586 0.0000000000
13726  -45.173  -78.503  6.502 0.0000000000
14858  -44.505  -77.828  6.479 0.0000000000
15974  -42.486  -76.494  5.276 0.0000000000
15975  -43.173  -77.057  5.123 0.0000000000
15987  -42.638  -76.880  4.639 0.0000000000
16001  -42.516  -77.218  4.254 0.0000000000
15986  -41.663  -76.368  4.267 0.0000000000
15985  -41.171  -76.200  4.141 0.0000000000
17091  -41.031  -75.642  4.498 0.0000000000
18307  -40.453  -74.537  4.879 0.0000000000
18324  -40.260  -74.907  4.354 0.0000000000
19532  -39.973  -73.752  5.131 0.0000000000
19401  -42.383  -75.582  12.513 0.0000000000
15864  -41.645  -76.357  11.216 0.0000000000
15882  -41.350  -76.601  10.434 0.0000000000
15893  -41.220  -76.868  9.612 0.0000000000
17056  -40.328  -75.393  7.905 0.0000000000
15904  -40.654  -76.107  8.368 0.0000000000
17070  -40.398  -75.350  6.678 0.0000000000
20775  -39.864  -72.573  6.119 0.0000000000
20774  -39.467  -72.021  5.503 0.0000000000
12688  -41.546  -79.184  -0.988 0.0000000000
13859  -40.692  -78.789  -1.058 0.0000000000
17209  -40.664  -75.865  -1.586 0.0000000000
16085  -40.227  -76.860  -1.218 0.0000000000
18425  -40.020  -74.814  -1.368 0.0000000000
18424  -38.942  -74.939  -1.035 0.0000000000
19638  -39.333  -73.758  -1.397 0.0000000000
19662  -41.882  -73.996  -3.785 0.0000000000
19651  -41.524  -74.369  -3.216 0.0000000000
22147  -38.673  -71.679  -3.543 0.0000000000
22148  -39.466  -72.136  -3.298 0.0000000000
23246  -42.901  -70.892  1.398 0.0000000000
22114  -42.993  -71.912  -1.749 0.0000000000
20901  -43.846  -71.994  -2.316 0.0000000000
22149  -43.545  -71.060  -2.892 0.0000000000
25590  -44.471  -68.754  -4.108 0.0000000000
24480  -44.909  -69.553  -4.109 0.0000000000
23306  -44.920  -70.433  -3.761 0.0000000000
24486  -45.349  -69.625  -4.527 0.0000000000
24487  -45.632  -69.694  -4.894 0.0000000000
25600  -45.585  -69.219  -5.060 0.0000000000
25627  -44.204  -68.442  -6.609 0.0000000000
24512  -44.507  -68.921  -5.976 0.0000000000
25626  -43.414  -68.643  -7.003 0.0000000000
18341  -38.673  -74.487  2.491 0.0000000000
19555  -37.838  -73.019  3.031 0.0000000000
20812  -37.782  -72.532  2.411 0.0000000000
19457  -43.800  -73.214  9.499 0.0000000000
14985  -38.843  -77.807  -0.287 0.0000000000
19665  -45.061  -73.615  -3.749 0.0000000000
19664  -44.606  -73.646  -4.014 0.0000000000
19687  -44.951  -73.414  -4.335 0.0000000000
20953  -43.615  -72.368  -5.147 0.0000000000
22183  -43.091  -71.666  -5.318 0.0000000000
23324  -41.365  -71.034  -5.671 0.0000000000
23326  -43.717  -70.698  -5.533 0.0000000000
13802  -42.318  -78.736  1.530 0.0000000000
14950  -42.223  -78.261  0.990 0.0000000000
14969  -42.049  -77.250  0.645 0.0000000000
18383  -41.472  -74.498  0.470 0.0000000000
18385  -43.738  -74.392  0.488 0.0000000000
18387  -45.185  -74.240  0.381 0.0000000000
19601  -43.980  -73.539  0.674 0.0000000000
20834  -44.052  -72.691  0.722 0.0000000000
22062  -43.967  -72.413  0.627 0.0000000000
12584  -44.865  -79.352  5.328 0.0000000000
12601  -45.211  -79.003  4.876 0.0000000000
14832  -43.789  -77.929  7.410 0.0000000000
14857  -43.213  -77.286  6.399 0.0000000000
15953  -42.372  -76.703  5.964 0.0000000000
17081  -40.721  -75.060  5.537 0.0000000000
19399  -41.671  -74.125  12.161 0.0000000000
19400  -42.082  -74.943  12.192 0.0000000000
18174  -42.403  -75.595  12.175 0.0000000000
18192  -41.654  -74.886  11.271 0.0000000000
16987  -41.484  -75.425  11.181 0.0000000000
20758  -40.419  -72.182  6.804 0.0000000000
15000  -42.637  -77.867  -1.514 0.0000000000
14999  -41.782  -77.763  -1.675 0.0000000000
15010  -41.979  -77.388  -2.011 0.0000000000
17210  -41.370  -76.240  -2.103 0.0000000000
17226  -41.256  -75.493  -2.188 0.0000000000
20932  -40.370  -73.002  -4.378 0.0000000000
26754  -42.349  -67.611  -3.474 0.0000000000
26746  -42.568  -68.087  -3.022 0.0000000000
26755  -43.563  -68.025  -3.770 0.0000000000
26756  -44.286  -68.239  -4.271 0.0000000000
25598  -44.609  -68.419  -4.505 0.0000000000
25609  -45.026  -68.753  -5.437 0.0000000000
25641  -44.131  -68.270  -7.375 0.0000000000
16017  -40.248  -76.675  2.535 0.0000000000
16016  -39.761  -76.007  2.238 0.0000000000
17150  -39.906  -75.832  1.425 0.0000000000
17165  -39.660  -75.172  1.121 0.0000000000
18359  -38.667  -74.322  1.924 0.0000000000
18360  -39.059  -74.377  1.418 0.0000000000
19597  -39.970  -73.922  0.698 0.0000000000
19574  -40.029  -73.208  0.874 0.0000000000
20830  -40.566  -72.481  0.924 0.0000000000
12535  -45.219  -79.017  7.429 0.0000000000
13686  -44.947  -78.322  8.791 0.0000000000
13668  -44.607  -78.269  9.520 0.0000000000
14814  -43.846  -78.117  8.150 0.0000000000
14813  -42.969  -77.925  8.432 0.0000000000
14812  -41.733  -77.464  8.004 0.0000000000
21909  -41.828  -72.096  10.645 0.0000000000
17229  -43.725  -75.748  -2.461 0.0000000000
16102  -43.021  -76.165  -2.946 0.0000000000
17248  -43.038  -75.463  -3.408 0.0000000000
18459  -42.534  -74.735  -3.628 0.0000000000
19663  -42.646  -74.098  -3.883 0.0000000000
19684  -41.640  -73.153  -4.586 0.0000000000
22180  -39.457  -72.063  -5.245 0.0000000000
23347  -40.857  -70.442  -6.203 0.0000000000
24508  -40.509  -70.133  -6.614 0.0000000000
24543  -39.716  -69.859  -7.693 0.0000000000
23388  -39.427  -70.286  -8.342 0.0000000000
23389  -40.286  -70.249  -8.866 0.0000000000
11481  -41.197  -80.544  1.616 0.0000000000
11498  -40.716  -80.334  0.898 0.0000000000
11499  -41.561  -80.153  0.817 0.0000000000
12654  -41.876  -79.585  0.253 0.0000000000
12689  -41.973  -79.120  -0.749 0.0000000000
12673  -42.585  -78.866  -0.075 0.0000000000
13861  -42.297  -78.680  -1.088 0.0000000000
13862  -42.875  -78.237  -1.124 0.0000000000
15001  -43.331  -77.653  -1.233 0.0000000000
16087  -43.335  -77.053  -1.604 0.0000000000
16039  -41.054  -77.102  1.290 0.0000000000
17168  -42.031  -75.546  0.387 0.0000000000
16072  -44.003  -76.585  -0.547 0.0000000000
16098  -43.931  -76.027  -1.815 0.0000000000
17230  -44.218  -75.137  -2.090 0.0000000000
18440  -44.888  -74.255  -2.247 0.0000000000
18410  -45.452  -74.208  -0.163 0.0000000000
18428  -45.173  -73.974  -1.309 0.0000000000
18441  -45.275  -73.718  -2.370 0.0000000000
19666  -45.542  -73.352  -3.218 0.0000000000
20913  -45.557  -72.299  -3.305 0.0000000000
11465  -41.517  -80.672  2.633 0.0000000000
11448  -43.504  -80.025  3.791 0.0000000000
12630  -43.047  -79.610  3.022 0.0000000000
13789  -42.620  -79.091  2.621 0.0000000000
14917  -41.638  -77.771  3.159 0.0000000000
13744  -45.264  -78.845  5.677 0.0000000000
14902  -44.586  -78.186  4.978 0.0000000000
14880  -43.832  -77.275  5.597 0.0000000000
14881  -44.513  -77.827  5.495 0.0000000000
14901  -43.756  -77.620  4.684 0.0000000000
14916  -41.077  -77.295  3.024 0.0000000000
15999  -40.820  -76.580  3.508 0.0000000000
18323  -39.611  -74.767  3.914 0.0000000000
19543  -39.136  -73.810  3.994 0.0000000000
19530  -38.780  -73.017  4.187 0.0000000000
16989  -42.705  -76.147  12.041 0.0000000000
15865  -42.472  -76.611  11.703 0.0000000000
14776  -42.825  -77.656  10.620 0.0000000000
14775  -41.896  -77.362  10.231 0.0000000000
18213  -41.332  -74.991  10.670 0.0000000000
17003  -40.888  -75.672  10.064 0.0000000000
18229  -41.022  -75.082  9.120 0.0000000000
17017  -40.909  -75.487  9.564 0.0000000000
15892  -40.879  -76.155  9.169 0.0000000000
15927  -40.987  -76.641  7.672 0.0000000000
19519  -39.574  -72.924  5.373 0.0000000000
20788  -38.925  -72.370  4.782 0.0000000000
12669  -40.047  -79.190  -0.248 0.0000000000
13840  -40.169  -78.775  -0.598 0.0000000000
16084  -39.422  -77.008  -0.821 0.0000000000
14998  -40.658  -77.872  -1.183 0.0000000000
16083  -38.954  -76.476  -0.843 0.0000000000
18438  -41.371  -74.755  -2.662 0.0000000000
19640  -40.909  -74.259  -2.422 0.0000000000
20911  -40.463  -73.150  -3.538 0.0000000000
19649  -40.488  -73.363  -2.683 0.0000000000
19639  -40.394  -73.758  -2.069 0.0000000000
22030  -37.419  -71.511  2.765 0.0000000000
22056  -39.098  -71.636  1.227 0.0000000000
22057  -40.145  -71.570  1.216 0.0000000000
22058  -41.378  -71.583  1.239 0.0000000000
22059  -42.531  -71.705  1.235 0.0000000000
22060  -43.309  -71.790  1.213 0.0000000000
22061  -43.814  -71.960  1.045 0.0000000000
22074  -43.600  -71.803  0.120 0.0000000000
23273  -42.719  -70.962  0.257 0.0000000000
22091  -43.326  -72.134  -0.409 0.0000000000
20867  -43.869  -72.542  -0.613 0.0000000000
20888  -43.599  -72.295  -1.668 0.0000000000
20902  -44.587  -72.154  -2.461 0.0000000000
22151  -45.486  -71.338  -3.639 0.0000000000
25585  -42.833  -68.744  -3.032 0.0000000000
23304  -42.837  -69.983  -3.000 0.0000000000
23305  -43.541  -70.411  -3.167 0.0000000000
23307  -45.579  -70.834  -3.935 0.0000000000
23313  -46.078  -71.168  -4.348 0.0000000000
23328  -45.719  -70.619  -4.948 0.0000000000
23350  -44.218  -69.751  -5.820 0.0000000000
24510  -42.430  -69.313  -6.674 0.0000000000
24545  -41.510  -69.264  -8.292 0.0000000000
11380  -44.105  -79.714  6.596 0.0000000000
11467  -43.162  -80.126  3.359 0.0000000000
11497  -40.109  -80.346  1.187 0.0000000000
12559  -43.946  -79.655  5.978 0.0000000000
12585  -45.209  -79.106  5.247 0.0000000000
12599  -44.337  -79.484  4.755 0.0000000000
12600  -44.912  -79.214  4.657 0.0000000000
12617  -43.640  -79.581  3.406 0.0000000000
12631  -43.499  -79.895  3.291 0.0000000000
12656  -42.743  -78.684  -0.038 0.0000000000
12670  -40.745  -79.378  -0.601 0.0000000000
12671  -41.623  -79.403  -0.423 0.0000000000
12672  -42.304  -79.009  -0.340 0.0000000000
12687  -41.068  -79.122  -1.127 0.0000000000
13667  -43.846  -78.206  9.590 0.0000000000
13685  -44.030  -78.326  8.805 0.0000000000
13705  -44.513  -78.185  8.069 0.0000000000
13706  -45.119  -78.292  8.056 0.0000000000
13743  -44.959  -78.446  5.491 0.0000000000
13760  -44.948  -78.747  4.748 0.0000000000
13761  -45.210  -78.838  5.156 0.0000000000
13778  -44.152  -78.730  4.258 0.0000000000
13779  -44.628  -78.769  4.465 0.0000000000
13819  -39.340  -79.128  0.430 0.0000000000
13841  -42.507  -78.700  -0.639 0.0000000000
14755  -42.194  -77.133  11.120 0.0000000000
14859  -45.105  -78.160  7.146 0.0000000000
14900  -43.081  -77.419  4.515 0.0000000000
14986  -39.770  -77.921  -0.599 0.0000000000
14997  -40.045  -77.407  -0.890 0.0000000000
15002  -43.703  -77.338  -0.996 0.0000000000
15881  -40.885  -76.137  9.943 0.0000000000
15926  -40.537  -76.040  7.838 0.0000000000
16037  -39.844  -75.934  1.671 0.0000000000
16070  -39.105  -77.417  -0.544 0.0000000000
16088  -43.767  -76.799  -1.265 0.0000000000
16103  -43.362  -75.838  -2.907 0.0000000000
17018  -41.026  -75.275  10.133 0.0000000000
17092  -41.999  -76.188  4.720 0.0000000000
17093  -42.312  -76.458  4.749 0.0000000000
17130  -38.916  -74.931  2.101 0.0000000000
17148  -38.987  -74.742  1.725 0.0000000000
17166  -40.034  -75.526  0.977 0.0000000000
17228  -42.620  -75.934  -3.016 0.0000000000
18175  -42.956  -76.165  12.582 0.0000000000
18193  -42.250  -75.191  11.915 0.0000000000
18194  -42.727  -76.103  12.285 0.0000000000
18381  -39.620  -74.664  0.957 0.0000000000
18386  -44.618  -74.313  0.534 0.0000000000
18439  -41.923  -74.884  -3.267 0.0000000000
18463  -45.237  -73.809  -2.732 0.0000000000
18485  -43.777  -73.877  -3.915 0.0000000000
19375  -42.067  -75.324  12.742 0.0000000000
19575  -43.002  -73.003  1.076 0.0000000000
19577  -44.009  -73.047  0.816 0.0000000000
19602  -44.552  -73.454  0.517 0.0000000000
19641  -45.029  -73.038  -1.295 0.0000000000
19652  -45.370  -73.255  -2.287 0.0000000000
19686  -44.091  -73.562  -4.326 0.0000000000
19701  -43.227  -72.897  -5.001 0.0000000000
19703  -44.794  -73.082  -4.825 0.0000000000
19704  -45.278  -73.058  -4.557 0.0000000000
20800  -38.018  -72.681  3.632 0.0000000000
20832  -43.100  -72.448  1.077 0.0000000000
20846  -42.936  -72.665  0.936 0.0000000000
20847  -44.209  -72.579  -0.074 0.0000000000
20848  -44.483  -72.820  0.259 0.0000000000
20866  -43.195  -72.269  -0.877 0.0000000000
20869  -45.003  -73.002  -0.066 0.0000000000
20886  -39.772  -73.141  -1.912 0.0000000000
20890  -45.075  -72.973  -1.532 0.0000000000
20899  -40.005  -72.754  -2.677 0.0000000000
20900  -40.530  -73.217  -2.978 0.0000000000
20912  -45.012  -71.793  -3.169 0.0000000000
20914  -46.104  -71.849  -3.785 0.0000000000
20936  -46.299  -71.968  -3.947 0.0000000000
20951  -41.372  -72.550  -4.983 0.0000000000
22072  -42.385  -72.038  1.055 0.0000000000
22073  -43.046  -71.329  0.272 0.0000000000
22075  -44.101  -72.273  0.093 0.0000000000
22113  -42.457  -71.503  -1.561 0.0000000000
22133  -39.500  -72.245  -2.749 0.0000000000
22135  -43.225  -71.531  -2.395 0.0000000000
22136  -44.006  -71.773  -2.588 0.0000000000
22152  -45.929  -71.710  -3.720 0.0000000000
22167  -45.840  -71.023  -3.983 0.0000000000
22168  -46.138  -71.368  -3.983 0.0000000000
22186  -46.020  -71.529  -4.759 0.0000000000
22187  -46.240  -71.511  -4.339 0.0000000000
23247  -43.361  -71.513  1.167 0.0000000000
23261  -43.420  -71.387  0.979 0.0000000000
23298  -43.143  -70.915  -2.783 0.0000000000
23311  -45.247  -70.047  -4.230 0.0000000000
23329  -46.051  -71.086  -4.592 0.0000000000
23368  -39.685  -70.088  -7.041 0.0000000000
24478  -43.205  -69.456  -3.227 0.0000000000
24494  -45.477  -69.534  -5.204 0.0000000000
24525  -39.687  -69.968  -7.315 0.0000000000
25589  -43.555  -68.761  -3.527 0.0000000000
25599  -45.192  -68.839  -4.825 0.0000000000
25610  -45.442  -69.061  -5.151 0.0000000000
27999  -40.634  -66.988  -3.329 0.0000000000
