#!ascii label  , from subject 3067 vox2ras=TkReg
983
77371  -24.848  -25.648  -9.850 0.4285714328
78659  -25.923  -24.320  -11.061 0.2857142985
78636  -25.443  -24.563  -10.810 0.4285714328
79914  -26.669  -24.096  -10.798 0.4285714328
79916  -27.708  -23.448  -10.337 0.4285714328
79958  -26.286  -23.461  -11.995 0.2857142985
79941  -27.062  -23.457  -11.419 0.4285714328
81162  -27.586  -23.115  -11.072 0.4285714328
81197  -26.532  -22.298  -13.310 0.4285714328
81179  -27.314  -22.869  -12.295 0.4285714328
82328  -27.003  -21.639  -13.852 0.4285714328
82329  -27.881  -21.445  -13.678 0.4285714328
83468  -26.565  -20.316  -14.518 0.5714285970
82349  -27.451  -21.171  -14.177 0.5714285970
83447  -28.666  -21.082  -14.013 0.4285714328
83471  -29.030  -20.648  -14.181 0.2857142985
83469  -27.544  -20.481  -14.476 0.7142857313
83470  -28.493  -20.498  -14.386 0.7142857313
84702  -29.491  -19.034  -15.297 0.7142857313
84685  -30.208  -19.106  -14.603 0.4285714328
84683  -28.263  -19.671  -14.779 0.7142857313
84684  -29.329  -19.986  -14.461 0.5714285970
85940  -30.657  -18.511  -15.230 0.5714285970
85959  -29.690  -18.450  -15.940 0.5714285970
85974  -30.084  -17.960  -16.311 0.5714285970
85961  -31.032  -18.019  -15.713 0.5714285970
85958  -28.700  -18.425  -15.697 0.5714285970
87134  -31.469  -17.522  -15.308 0.4285714328
87150  -30.600  -17.335  -16.390 0.5714285970
88274  -31.983  -16.386  -16.381 0.5714285970
87149  -29.752  -17.388  -16.294 0.7142857313
88273  -31.196  -16.496  -16.557 0.7142857313
89418  -32.380  -15.541  -16.651 0.5714285970
88253  -27.419  -16.700  -15.704 0.5714285970
88272  -30.314  -16.503  -16.427 0.8571428657
89417  -31.751  -15.649  -16.844 0.7142857313
88271  -29.298  -16.526  -16.174 0.7142857313
88270  -28.163  -16.425  -15.854 0.5714285970
89436  -31.663  -14.936  -17.290 0.7142857313
89438  -32.708  -15.057  -17.065 0.5714285970
89415  -29.884  -15.537  -16.443 0.7142857313
90636  -32.315  -14.198  -17.570 0.5714285970
89416  -30.918  -15.442  -16.972 0.7142857313
90649  -32.785  -13.932  -18.186 0.5714285970
90620  -30.438  -14.507  -16.768 0.7142857313
90635  -31.500  -14.266  -17.387 0.7142857313
91940  -32.497  -13.426  -18.192 0.7142857313
91922  -30.864  -13.565  -16.803 0.7142857313
91923  -31.473  -13.545  -17.215 0.7142857313
93157  -31.919  -12.876  -17.487 0.7142857313
94316  -32.398  -12.081  -18.480 0.7142857313
93169  -32.637  -12.563  -18.729 0.5714285970
93138  -31.441  -12.849  -16.915 0.7142857313
91920  -29.083  -13.502  -16.264 0.5714285970
94327  -32.506  -11.802  -19.195 0.5714285970
94339  -32.387  -11.376  -19.900 0.5714285970
93137  -30.690  -12.734  -16.588 0.8571428657
95449  -32.376  -11.413  -18.844 0.7142857313
95427  -32.357  -11.512  -17.906 0.7142857313
94279  -31.337  -12.030  -16.799 0.8571428657
95426  -32.045  -11.416  -16.925 0.7142857313
97683  -32.808  -9.762  -17.975 0.8571428657
96599  -32.478  -10.278  -19.860 0.5714285970
96566  -32.419  -10.405  -17.269 0.8571428657
96551  -31.572  -10.134  -16.500 0.8571428657
95405  -31.371  -11.177  -16.546 0.8571428657
96565  -31.974  -10.806  -16.667 0.8571428657
97669  -33.313  -8.357  -17.839 0.8571428657
98789  -33.710  -7.523  -18.306 0.8571428657
99853  -33.136  -6.382  -17.492 0.8571428657
96552  -32.213  -9.759  -16.794 0.8571428657
98774  -32.878  -7.694  -17.498 0.8571428657
99840  -31.572  -6.744  -16.999 1.0000000000
99841  -32.356  -6.975  -17.246 1.0000000000
97668  -32.627  -9.019  -17.368 0.8571428657
99852  -32.298  -6.180  -17.139 1.0000000000
100956  -31.321  -5.048  -17.266 1.0000000000
102017  -29.618  -3.867  -18.648 0.7142857313
100957  -32.392  -5.230  -17.403 1.0000000000
102009  -32.022  -4.151  -17.495 1.0000000000
105451  -29.966  -0.974  -18.895 1.0000000000
104266  -28.838  -2.109  -19.999 0.8571428657
106675  -28.914  0.124  -20.159 0.8571428657
105450  -29.275  -0.904  -19.926 1.0000000000
109153  -29.031  1.596  -21.847 0.8571428657
107893  -28.961  0.546  -21.230 0.8571428657
107894  -29.391  1.106  -20.607 1.0000000000
111411  -29.291  3.444  -22.061 0.8571428657
111410  -28.468  3.452  -22.436 0.7142857313
110356  -27.668  2.392  -22.799 0.5714285970
112378  -27.993  4.272  -23.003 0.7142857313
112389  -28.457  4.717  -23.866 0.5714285970
112376  -26.687  4.459  -22.557 0.5714285970
111398  -26.903  3.482  -22.223 0.5714285970
112369  -25.876  4.528  -21.742 0.4285714328
113416  -26.597  5.304  -22.960 0.4285714328
113433  -26.650  4.982  -24.828 0.4285714328
113407  -25.859  5.611  -20.723 0.2857142985
114492  -26.525  6.495  -21.219 0.2857142985
114487  -26.398  6.442  -20.150 0.2857142985
79939  -25.879  -23.882  -11.797 0.2857142985
85975  -30.698  -17.820  -16.171 0.5714285970
89437  -32.339  -15.018  -17.219 0.5714285970
95466  -32.186  -11.074  -19.583 0.5714285970
94304  -32.212  -12.309  -17.868 0.7142857313
96581  -32.638  -10.475  -18.697 0.8571428657
97684  -33.354  -9.101  -18.657 0.8571428657
102018  -30.284  -3.532  -18.501 0.8571428657
115509  -27.765  7.134  -19.151 0.1428571492
78667  -24.990  -24.100  -11.908 0.2857142985
82311  -28.770  -21.591  -12.553 0.4285714328
81196  -25.458  -22.242  -13.273 0.2857142985
81178  -25.958  -22.854  -12.570 0.4285714328
82327  -25.962  -21.433  -13.924 0.5714285970
84682  -27.221  -19.542  -14.711 0.2857142985
84701  -28.848  -19.309  -15.189 0.7142857313
88254  -31.869  -16.835  -15.595 0.4285714328
87133  -28.042  -17.715  -15.791 0.7142857313
87148  -28.754  -17.519  -16.133 0.7142857313
87151  -31.369  -17.335  -16.196 0.7142857313
91957  -33.192  -13.338  -18.566 0.5714285970
89414  -28.841  -15.498  -15.988 0.5714285970
90637  -33.059  -14.391  -17.520 0.5714285970
90621  -30.972  -14.109  -17.209 0.7142857313
90634  -30.958  -14.656  -17.249 0.7142857313
91956  -32.892  -13.360  -18.605 0.5714285970
90619  -29.457  -14.530  -16.284 0.8571428657
96582  -32.912  -9.896  -19.320 0.5714285970
99839  -30.667  -6.887  -17.149 1.0000000000
102008  -30.765  -4.263  -18.185 0.8571428657
103103  -28.837  -3.110  -19.446 0.7142857313
103104  -29.904  -2.952  -18.751 1.0000000000
103106  -31.621  -3.011  -18.166 1.0000000000
104249  -29.428  -2.050  -19.566 0.7142857313
104250  -30.476  -2.062  -18.665 1.0000000000
107905  -28.593  1.038  -22.253 0.8571428657
107882  -29.525  0.679  -20.145 1.0000000000
106676  -29.819  -0.145  -19.598 1.0000000000
110357  -28.219  2.496  -22.649 0.7142857313
111399  -27.541  2.962  -22.254 0.5714285970
111408  -27.294  3.909  -22.482 0.7142857313
112377  -27.419  4.204  -22.909 0.7142857313
112368  -25.338  4.271  -21.201 0.4285714328
114497  -26.326  6.256  -22.344 0.2857142985
112387  -27.334  4.270  -23.874 0.4285714328
113425  -26.373  5.070  -23.965 0.4285714328
85937  -26.849  -18.692  -15.099 0.4285714328
85957  -27.542  -18.155  -15.515 0.4285714328
113410  -26.102  5.474  -21.999 0.2857142985
77392  -25.458  -24.932  -10.148 0.4285714328
78637  -26.331  -24.401  -10.433 0.4285714328
78657  -24.403  -24.217  -11.564 0.2857142985
78635  -24.846  -24.570  -11.107 0.2857142985
79889  -27.362  -23.835  -10.031 0.4285714328
79940  -26.408  -23.933  -11.292 0.4285714328
79957  -25.321  -23.688  -12.162 0.2857142985
82310  -28.020  -21.858  -12.868 0.4285714328
82348  -26.775  -21.041  -14.318 0.4285714328
85938  -27.875  -18.826  -15.004 0.5714285970
85972  -28.880  -18.085  -16.280 0.5714285970
88275  -32.341  -15.946  -16.239 0.5714285970
87147  -27.938  -17.146  -15.796 0.7142857313
91939  -32.049  -13.508  -17.600 0.7142857313
91921  -30.079  -13.577  -16.427 0.8571428657
93158  -32.294  -12.797  -18.075 0.7142857313
98773  -31.971  -7.971  -16.687 1.0000000000
110358  -28.774  2.514  -22.128 0.8571428657
111409  -27.808  3.434  -22.448 0.5714285970
112386  -26.822  4.546  -23.489 0.4285714328
113401  -25.899  6.124  -19.889 0.2857142985
114488  -26.904  6.954  -20.428 0.2857142985
115521  -27.464  7.299  -20.008 0.1428571492
116511  -26.001  8.156  -25.097 0.2857142985
117463  -26.401  9.364  -24.413 0.1428571492
115557  -26.284  7.047  -24.693 0.2857142985
116518  -26.398  8.260  -26.114 0.2857142985
118447  -26.473  10.257  -23.801 0.1428571492
115546  -26.643  7.072  -22.496 0.1428571492
115550  -26.598  7.029  -23.595 0.2857142985
116500  -26.745  7.821  -22.816 0.1428571492
115567  -26.852  6.879  -26.302 0.2857142985
115566  -26.482  7.021  -25.669 0.2857142985
115553  -31.205  7.659  -23.519 0.2857142985
115559  -28.880  7.276  -24.687 0.2857142985
117464  -26.776  9.519  -23.447 0.1428571492
114514  -26.771  5.516  -25.309 0.2857142985
114498  -29.106  5.493  -23.362 0.2857142985
114524  -27.306  6.016  -25.976 0.2857142985
114522  -26.658  6.242  -25.265 0.2857142985
113412  -32.036  5.072  -21.888 0.1428571492
115551  -29.321  6.853  -23.840 0.2857142985
114515  -28.177  5.940  -25.381 0.2857142985
116505  -26.608  8.319  -23.694 0.1428571492
113442  -27.386  5.548  -25.566 0.2857142985
114523  -26.872  5.895  -25.871 0.2857142985
111414  -34.602  3.515  -22.829 0.1428571492
112382  -33.496  4.630  -22.380 0.1428571492
114500  -30.559  6.089  -22.625 0.4285714328
113426  -28.414  5.076  -24.350 0.2857142985
110326  -32.847  2.611  -20.369 0.2857142985
112370  -30.653  4.306  -21.444 0.4285714328
113417  -29.292  5.076  -22.839 0.2857142985
112397  -26.796  4.597  -24.256 0.2857142985
109136  -34.458  1.440  -20.629 0.1428571492
111389  -32.180  3.627  -20.828 0.2857142985
112380  -29.722  4.325  -22.262 0.4285714328
111388  -31.139  3.389  -20.744 0.5714285970
106705  -34.857  -0.468  -20.493 0.1428571492
109135  -33.424  1.520  -20.125 0.1428571492
111412  -30.028  3.708  -21.750 0.7142857313
112379  -28.716  4.385  -23.021 0.4285714328
110325  -31.693  2.694  -20.314 0.4285714328
105472  -34.685  -1.455  -20.036 0.2857142985
106691  -34.404  -0.563  -19.534 0.7142857313
110343  -30.179  2.877  -21.311 0.7142857313
106677  -30.695  -0.155  -18.825 0.8571428657
107885  -32.581  0.434  -19.190 0.8571428657
109133  -31.242  1.790  -20.106 0.5714285970
103118  -34.747  -3.468  -21.055 0.2857142985
104267  -34.654  -2.443  -20.592 0.2857142985
109116  -30.224  0.948  -19.877 0.8571428657
106680  -33.837  -0.728  -18.907 0.7142857313
102038  -34.659  -4.431  -21.557 0.1428571492
97682  -28.107  -8.057  -18.078 0.5714285970
100943  -30.245  -6.346  -17.354 0.8571428657
100955  -30.130  -5.459  -17.581 0.8571428657
99851  -29.549  -6.504  -17.771 0.4285714328
102006  -29.014  -5.297  -18.728 0.5714285970
103096  -33.168  -3.365  -18.057 0.8571428657
105452  -31.190  -1.133  -18.579 0.8571428657
100992  -34.393  -5.347  -20.841 0.2857142985
104252  -32.828  -2.051  -18.450 0.8571428657
105453  -32.378  -1.194  -18.375 0.8571428657
109117  -30.920  1.011  -19.833 0.8571428657
99891  -33.838  -6.298  -22.313 0.4285714328
103107  -34.378  -3.285  -18.972 0.7142857313
105454  -33.436  -1.353  -18.520 0.7142857313
97664  -27.935  -8.459  -18.012 0.2857142985
98788  -29.570  -7.253  -17.600 0.5714285970
98787  -29.010  -7.243  -17.985 0.5714285970
100944  -30.942  -5.997  -17.081 0.8571428657
103094  -31.488  -3.764  -17.998 0.8571428657
104236  -32.498  -2.506  -18.247 0.8571428657
104251  -31.787  -2.248  -18.384 0.8571428657
100985  -34.613  -5.211  -19.753 0.4285714328
102019  -34.240  -4.100  -18.640 0.8571428657
104238  -33.431  -2.968  -18.362 0.8571428657
99883  -34.062  -6.456  -21.346 0.4285714328
93134  -27.681  -12.294  -16.758 0.7142857313
94302  -27.172  -11.657  -17.212 0.4285714328
93135  -28.803  -12.446  -16.431 0.7142857313
94277  -29.628  -11.565  -16.399 0.8571428657
95402  -28.536  -10.197  -16.745 0.5714285970
96563  -28.416  -9.460  -17.244 0.5714285970
96580  -27.244  -9.396  -18.258 0.4285714328
96550  -30.455  -9.803  -16.481 0.8571428657
96564  -28.907  -9.203  -16.804 0.5714285970
97665  -28.471  -8.474  -17.694 0.5714285970
97649  -31.945  -9.094  -16.433 0.8571428657
98753  -30.497  -8.167  -16.679 0.7142857313
97666  -29.256  -8.643  -17.049 0.5714285970
98790  -33.986  -6.776  -18.809 0.7142857313
100958  -33.477  -5.133  -17.856 0.7142857313
100971  -33.957  -4.725  -18.412 0.8571428657
97716  -33.086  -8.602  -22.103 0.2857142985
98814  -33.909  -7.496  -20.732 0.4285714328
99876  -34.358  -6.344  -20.208 0.5714285970
90618  -28.394  -14.456  -16.061 0.4285714328
91919  -28.018  -13.420  -16.313 0.4285714328
93133  -26.938  -12.707  -16.960 0.4285714328
94278  -30.537  -11.801  -16.525 0.7142857313
95404  -30.523  -10.817  -16.362 0.7142857313
97648  -31.242  -9.138  -16.404 0.8571428657
97696  -33.722  -8.590  -19.962 0.7142857313
97704  -33.239  -8.485  -21.080 0.2857142985
98803  -33.844  -8.181  -19.077 0.5714285970
89413  -27.749  -15.341  -15.836 0.4285714328
89412  -26.801  -15.181  -15.953 0.5714285970
93136  -29.802  -12.594  -16.388 0.7142857313
95484  -32.387  -10.817  -20.398 0.4285714328
96614  -32.669  -9.690  -20.781 0.4285714328
97703  -32.821  -9.173  -21.564 0.4285714328
96615  -33.017  -9.054  -20.473 0.4285714328
87132  -27.219  -17.322  -15.629 0.5714285970
90622  -33.415  -14.359  -16.357 0.4285714328
91941  -33.560  -13.314  -18.127 0.4285714328
94329  -33.375  -11.456  -19.663 0.4285714328
93183  -32.544  -12.156  -18.984 0.4285714328
95468  -33.804  -10.830  -19.817 0.4285714328
83431  -29.818  -20.994  -12.807 0.1428571492
93159  -33.576  -12.715  -18.459 0.4285714328
94318  -33.662  -11.750  -18.988 0.4285714328
95450  -34.409  -10.917  -18.881 0.4285714328
84664  -29.661  -20.238  -13.857 0.1428571492
84665  -30.142  -19.919  -13.406 0.1428571492
87118  -31.599  -17.563  -14.282 0.2857142985
90601  -33.950  -13.673  -14.881 0.2857142985
93140  -35.414  -11.611  -15.972 0.2857142985
91925  -34.237  -12.807  -16.242 0.2857142985
89401  -32.635  -15.560  -16.048 0.4285714328
93139  -34.751  -11.954  -16.920 0.2857142985
94280  -35.044  -11.242  -17.205 0.2857142985
93160  -34.041  -12.376  -18.104 0.4285714328
83432  -30.139  -20.435  -12.518 0.1428571492
83448  -29.483  -20.782  -13.637 0.1428571492
84666  -30.919  -18.972  -13.693 0.2857142985
85926  -31.270  -18.230  -13.939 0.2857142985
88220  -33.321  -15.822  -12.992 0.2857142985
90560  -33.856  -14.342  -13.966 0.2857142985
89383  -33.343  -14.816  -14.586 0.2857142985
88241  -32.256  -16.390  -14.681 0.2857142985
90578  -33.835  -14.179  -14.574 0.2857142985
84654  -30.970  -19.184  -12.538 0.1428571492
87084  -32.987  -17.120  -12.071 0.2857142985
85884  -31.683  -18.682  -11.918 0.2857142985
87104  -32.097  -17.336  -13.510 0.2857142985
87103  -31.768  -17.814  -13.325 0.2857142985
88219  -32.618  -16.628  -13.265 0.2857142985
82296  -28.907  -21.670  -11.731 0.1428571492
81180  -28.249  -22.049  -12.143 0.2857142985
83415  -29.801  -20.771  -12.057 0.1428571492
77372  -25.643  -25.337  -9.528 0.2857142985
76230  -26.031  -25.771  -8.839 0.2857142985
81163  -28.290  -22.313  -11.231 0.2857142985
76231  -27.004  -25.556  -8.668 0.1428571492
76229  -25.200  -26.225  -9.269 0.2857142985
76211  -24.753  -26.903  -8.917 0.1428571492
85910  -32.070  -18.226  -12.242 0.2857142985
89361  -32.869  -15.627  -13.975 0.2857142985
91897  -34.494  -12.822  -14.803 0.2857142985
89419  -32.913  -15.042  -16.629 0.4285714328
91924  -33.681  -13.559  -16.908 0.4285714328
95429  -35.440  -10.246  -17.967 0.2857142985
94276  -28.654  -11.327  -16.564 0.7142857313
97646  -29.779  -8.840  -16.806 0.5714285970
94328  -32.933  -11.720  -19.641 0.4285714328
96632  -32.890  -9.746  -21.521 0.2857142985
97705  -33.774  -8.172  -20.530 0.5714285970
107881  -29.063  0.496  -20.524 0.7142857313
100959  -34.028  -5.384  -18.472 0.7142857313
109168  -28.104  1.743  -22.885 0.4285714328
109169  -28.502  1.761  -22.472 0.5714285970
109131  -29.411  1.563  -21.007 0.7142857313
98822  -33.756  -7.292  -21.459 0.2857142985
106678  -31.886  -0.236  -18.569 0.8571428657
109132  -30.101  1.484  -20.325 0.8571428657
104254  -34.455  -2.394  -19.477 0.5714285970
113435  -27.851  5.159  -25.024 0.2857142985
117459  -27.382  9.651  -22.805 0.1428571492
113419  -31.421  5.586  -22.208 0.2857142985
112372  -32.497  4.540  -21.724 0.1428571492
115568  -27.937  7.012  -26.049 0.2857142985
77373  -26.530  -24.860  -9.461 0.1428571492
77391  -24.674  -25.066  -10.560 0.2857142985
81125  -28.479  -23.389  -9.817 0.1428571492
81164  -29.128  -21.804  -11.007 0.1428571492
84635  -31.255  -19.613  -11.292 0.1428571492
84636  -32.168  -19.006  -11.253 0.1428571492
84686  -30.889  -18.638  -14.515 0.2857142985
90561  -34.351  -14.245  -13.338 0.2857142985
88240  -31.744  -17.014  -14.808 0.2857142985
88255  -32.342  -16.172  -15.750 0.2857142985
89382  -32.560  -15.475  -15.113 0.2857142985
91938  -26.485  -13.088  -17.059 0.2857142985
94306  -35.290  -10.745  -17.310 0.2857142985
95424  -27.406  -10.350  -17.580 0.4285714328
94275  -27.840  -11.015  -16.884 0.5714285970
95428  -34.879  -10.611  -18.477 0.4285714328
97681  -27.499  -8.325  -18.534 0.2857142985
96562  -27.816  -9.074  -17.890 0.5714285970
93170  -33.184  -12.601  -18.874 0.4285714328
96548  -28.787  -9.544  -16.790 0.7142857313
98786  -28.269  -7.445  -18.456 0.2857142985
95469  -34.620  -10.079  -20.342 0.1428571492
96616  -34.372  -9.825  -21.239 0.4285714328
95501  -32.782  -10.352  -20.953 0.4285714328
96635  -34.811  -9.213  -21.813 0.1428571492
102010  -32.847  -4.179  -17.570 0.8571428657
96652  -33.426  -9.470  -22.190 0.1428571492
97697  -34.133  -8.017  -20.245 0.5714285970
98821  -33.571  -7.793  -21.957 0.2857142985
102020  -34.622  -4.196  -19.362 0.7142857313
101005  -34.072  -5.565  -22.874 0.2857142985
102045  -34.411  -4.531  -22.466 0.1428571492
103108  -34.507  -3.352  -19.983 0.4285714328
100999  -34.076  -5.381  -21.867 0.4285714328
103128  -34.779  -3.655  -22.132 0.1428571492
107895  -33.349  0.744  -19.616 0.5714285970
104274  -34.796  -2.603  -21.687 0.1428571492
107906  -34.924  0.470  -20.935 0.1428571492
109134  -32.309  1.831  -19.994 0.5714285970
113418  -30.356  5.166  -22.291 0.2857142985
112371  -31.747  4.380  -21.410 0.2857142985
111390  -33.402  3.336  -20.896 0.2857142985
111391  -34.273  2.959  -21.216 0.1428571492
111405  -34.559  2.897  -21.959 0.1428571492
111404  -33.818  3.754  -21.838 0.1428571492
114508  -30.860  6.876  -23.038 0.2857142985
114509  -32.098  6.804  -23.221 0.2857142985
113420  -32.650  5.646  -22.549 0.1428571492
79891  -28.699  -23.742  -9.331 0.1428571492
83416  -30.453  -20.372  -11.461 0.1428571492
97728  -33.456  -8.872  -22.782 0.2857142985
113422  -34.243  4.845  -23.247 0.1428571492
115554  -31.994  7.498  -23.790 0.2857142985
77390  -23.830  -25.344  -10.821 0.2857142985
77393  -25.948  -24.797  -9.836 0.2857142985
78608  -26.737  -24.397  -9.960 0.1428571492
79890  -27.809  -23.623  -9.852 0.1428571492
81146  -28.247  -23.105  -10.389 0.1428571492
82331  -29.341  -21.353  -12.969 0.1428571492
83449  -29.993  -20.620  -13.134 0.1428571492
84703  -30.106  -18.727  -15.476 0.4285714328
85941  -31.240  -18.174  -14.901 0.2857142985
94340  -32.579  -11.289  -20.217 0.4285714328
99854  -33.777  -6.179  -18.322 0.7142857313
98754  -31.137  -8.374  -16.530 0.8571428657
98772  -30.979  -7.596  -16.725 0.8571428657
107912  -28.320  1.399  -22.581 0.5714285970
111400  -29.976  3.146  -21.638 0.7142857313
112388  -27.974  4.494  -24.225 0.2857142985
113427  -28.755  5.107  -23.602 0.2857142985
113434  -27.098  5.138  -25.427 0.2857142985
96600  -32.975  -9.472  -19.896 0.4285714328
82312  -29.410  -21.285  -12.254 0.1428571492
98771  -30.036  -7.715  -17.129 0.5714285970
107884  -31.427  0.446  -19.280 0.8571428657
114504  -26.645  6.100  -23.323 0.2857142985
112399  -27.474  4.880  -24.867 0.2857142985
114513  -26.618  5.949  -24.476 0.2857142985
117468  -26.006  9.484  -25.511 0.1428571492
115552  -29.949  7.475  -23.603 0.2857142985
115558  -28.344  6.637  -25.268 0.2857142985
114516  -28.544  6.448  -24.877 0.2857142985
116506  -27.100  9.026  -23.112 0.1428571492
114506  -28.761  6.044  -24.026 0.2857142985
114507  -29.788  6.550  -23.266 0.2857142985
114499  -29.577  5.787  -22.963 0.2857142985
113441  -27.082  5.431  -25.980 0.2857142985
113411  -31.249  4.956  -21.774 0.2857142985
114505  -28.378  5.477  -24.798 0.2857142985
112383  -34.206  4.501  -22.830 0.1428571492
111403  -32.900  3.973  -21.398 0.1428571492
113421  -33.820  5.242  -22.978 0.1428571492
114501  -31.557  6.289  -22.595 0.1428571492
110327  -33.925  2.411  -20.591 0.1428571492
111401  -30.465  3.409  -21.206 0.5714285970
112364  -31.288  3.979  -20.964 0.4285714328
109154  -35.049  1.324  -21.482 0.1428571492
107896  -34.258  0.497  -19.999 0.1428571492
111402  -32.326  4.119  -21.349 0.2857142985
110324  -30.520  2.544  -20.736 0.7142857313
107886  -33.596  -0.010  -19.316 0.4285714328
109119  -32.709  1.138  -19.702 0.5714285970
105455  -34.288  -1.460  -19.023 0.5714285970
106679  -33.024  -0.438  -18.621 0.7142857313
109118  -31.882  1.136  -19.627 0.7142857313
102031  -34.667  -4.337  -20.410 0.4285714328
98770  -29.166  -7.850  -17.584 0.5714285970
100954  -29.294  -5.790  -18.339 0.4285714328
99850  -28.895  -6.643  -18.468 0.4285714328
102011  -33.573  -4.126  -18.179 0.8571428657
103097  -33.767  -3.380  -18.489 0.8571428657
104253  -33.777  -2.434  -18.608 0.8571428657
100972  -34.479  -4.940  -18.836 0.7142857313
91918  -26.973  -13.446  -16.622 0.5714285970
95403  -29.527  -10.506  -16.455 0.7142857313
95401  -27.946  -10.416  -17.085 0.4285714328
95425  -28.063  -10.103  -17.163 0.5714285970
95448  -26.720  -9.943  -18.218 0.2857142985
96549  -29.441  -9.427  -16.658 0.7142857313
97647  -30.382  -8.878  -16.641 0.8571428657
98804  -34.190  -7.416  -19.523 0.5714285970
99867  -34.278  -6.035  -19.098 0.7142857313
90617  -27.349  -14.391  -16.152 0.5714285970
97727  -33.134  -9.312  -22.275 0.2857142985
91942  -34.087  -12.842  -17.295 0.4285714328
94317  -33.199  -12.073  -19.211 0.4285714328
95485  -33.016  -11.045  -20.608 0.4285714328
87119  -32.125  -17.042  -14.148 0.2857142985
91896  -33.926  -13.622  -15.771 0.2857142985
90600  -33.655  -14.312  -15.341 0.2857142985
89402  -33.015  -14.888  -15.692 0.2857142985
94305  -34.738  -11.258  -18.000 0.4285714328
84653  -30.577  -19.883  -12.127 0.1428571492
85909  -31.641  -18.354  -12.899 0.2857142985
89362  -33.687  -14.951  -13.370 0.2857142985
87083  -32.334  -17.571  -12.457 0.2857142985
88192  -32.835  -16.925  -12.439 0.2857142985
76232  -27.791  -25.412  -8.577 0.1428571492
95503  -33.601  -10.087  -21.521 0.2857142985
116501  -27.512  8.668  -22.428 0.1428571492
77374  -27.511  -24.887  -9.085 0.1428571492
81126  -29.109  -23.152  -9.708 0.1428571492
115547  -27.236  7.752  -22.216 0.1428571492
106704  -27.880  -0.250  -21.828 0.5714285970
105469  -27.630  -1.383  -21.432 0.4285714328
106688  -27.623  -0.959  -21.440 0.4285714328
106689  -27.936  -0.643  -21.452 0.5714285970
105470  -28.031  -1.445  -20.835 0.4285714328
106690  -28.469  -0.529  -20.702 0.5714285970
107892  -28.449  -0.129  -21.532 0.4285714328
103102  -28.077  -3.697  -19.728 0.4285714328
104248  -28.838  -2.395  -19.820 0.4285714328
104265  -28.257  -2.374  -20.205 0.4285714328
105471  -28.734  -1.586  -20.230 0.5714285970
102007  -29.618  -4.898  -18.509 0.5714285970
94282  -36.234  -11.119  -15.998 0.1428571492
94281  -35.414  -11.087  -16.671 0.1428571492
94307  -35.958  -10.317  -16.968 0.1428571492
83467  -25.562  -20.385  -14.208 0.2857142985
93111  -34.867  -12.242  -15.818 0.1428571492
93143  -38.459  -12.328  -16.026 0.1428571492
94257  -37.028  -11.480  -15.323 0.1428571492
93161  -38.768  -12.330  -17.497 0.1428571492
94283  -37.306  -11.490  -15.987 0.1428571492
91943  -39.375  -13.175  -18.178 0.1428571492
91875  -35.054  -13.268  -13.618 0.1428571492
91899  -36.231  -12.196  -14.419 0.1428571492
91874  -34.647  -13.269  -14.143 0.1428571492
93114  -37.552  -12.016  -15.194 0.1428571492
91926  -39.296  -13.558  -16.852 0.1428571492
90660  -41.367  -14.823  -19.364 0.1428571492
91960  -40.481  -14.324  -18.844 0.1428571492
90659  -40.855  -14.840  -19.328 0.1428571492
83445  -25.307  -21.013  -13.792 0.2857142985
83444  -24.668  -20.733  -13.723 0.2857142985
89340  -34.134  -15.516  -12.430 0.1428571492
89364  -35.203  -14.529  -12.108 0.1428571492
90580  -34.683  -13.776  -13.387 0.1428571492
91877  -37.561  -12.874  -14.104 0.1428571492
91860  -35.813  -13.636  -12.538 0.1428571492
91900  -38.785  -13.634  -15.446 0.1428571492
91876  -35.979  -12.565  -14.092 0.1428571492
90623  -39.158  -14.298  -16.099 0.1428571492
90639  -40.464  -14.863  -17.954 0.1428571492
90652  -41.594  -15.087  -18.949 0.1428571492
90651  -40.654  -15.033  -18.628 0.1428571492
82326  -24.961  -21.540  -13.577 0.2857142985
82325  -23.882  -21.429  -13.395 0.2857142985
81194  -23.812  -22.202  -13.124 0.2857142985
88193  -33.601  -16.560  -12.101 0.1428571492
88194  -34.641  -15.864  -11.568 0.1428571492
89341  -34.953  -15.091  -11.871 0.1428571492
90537  -35.652  -14.343  -12.170 0.1428571492
91862  -37.990  -13.708  -13.541 0.1428571492
90563  -35.720  -14.086  -12.389 0.1428571492
90602  -38.881  -14.766  -15.548 0.1428571492
90638  -40.158  -14.723  -17.340 0.1428571492
91947  -41.859  -14.455  -18.495 0.1428571492
90653  -41.765  -14.921  -18.703 0.1428571492
87057  -32.610  -17.674  -11.742 0.1428571492
88168  -34.431  -16.540  -11.193 0.1428571492
87059  -34.253  -17.058  -10.853 0.1428571492
89321  -36.086  -15.442  -11.069 0.1428571492
88169  -35.475  -16.173  -10.694 0.1428571492
90540  -38.146  -14.879  -12.783 0.1428571492
89342  -36.173  -15.057  -11.685 0.1428571492
90565  -38.289  -14.465  -13.433 0.1428571492
90539  -37.441  -14.454  -12.432 0.1428571492
90581  -38.570  -14.566  -14.672 0.1428571492
89440  -40.928  -15.695  -17.963 0.1428571492
90603  -39.324  -14.914  -16.031 0.1428571492
89453  -41.953  -15.538  -18.473 0.1428571492
89452  -41.588  -15.406  -18.603 0.1428571492
87039  -34.007  -17.585  -10.588 0.1428571492
85885  -32.452  -18.153  -11.581 0.1428571492
88153  -37.152  -16.341  -10.404 0.1428571492
88152  -36.388  -16.446  -10.201 0.1428571492
87060  -34.805  -16.714  -10.662 0.1428571492
89322  -36.773  -15.176  -11.358 0.1428571492
88170  -36.857  -15.742  -10.626 0.1428571492
89365  -38.548  -15.502  -14.103 0.1428571492
89345  -38.380  -15.460  -13.121 0.1428571492
89384  -38.696  -15.596  -15.124 0.1428571492
89403  -39.170  -15.567  -15.814 0.1428571492
89439  -40.419  -15.216  -17.560 0.1428571492
87042  -37.186  -16.820  -9.802 0.1428571492
87041  -36.075  -16.700  -9.464 0.1428571492
87040  -35.152  -17.186  -9.968 0.1428571492
88172  -38.272  -16.443  -11.668 0.1428571492
87062  -38.252  -17.076  -10.976 0.1428571492
88221  -38.525  -16.432  -13.612 0.1428571492
88197  -38.385  -16.282  -12.534 0.1428571492
89420  -40.178  -15.568  -17.011 0.1428571492
88171  -37.766  -15.953  -11.095 0.1428571492
88195  -35.434  -15.494  -11.383 0.1428571492
89323  -37.511  -15.086  -11.783 0.1428571492
90564  -37.818  -13.971  -12.974 0.1428571492
90641  -41.960  -14.811  -18.041 0.1428571492
90640  -41.703  -14.375  -17.511 0.1428571492
89451  -41.021  -15.357  -18.933 0.1428571492
93112  -35.427  -11.994  -15.198 0.1428571492
94308  -37.002  -10.734  -16.938 0.1428571492
81195  -24.476  -22.251  -13.265 0.2857142985
89421  -40.652  -16.151  -17.298 0.1428571492
89441  -41.575  -15.980  -18.219 0.1428571492
91929  -41.259  -13.500  -17.057 0.1428571492
91946  -41.777  -13.897  -18.293 0.1428571492
89458  -41.116  -15.118  -19.258 0.1428571492
91962  -41.802  -14.260  -18.892 0.1428571492
91972  -41.474  -14.089  -19.815 0.1428571492
94319  -37.768  -10.548  -17.537 0.1428571492
95430  -36.505  -10.084  -17.704 0.1428571492
107903  -27.579  0.368  -21.919 0.4285714328
107911  -28.126  1.103  -22.578 0.4285714328
115562  -32.370  7.822  -24.455 0.1428571492
107904  -28.328  0.186  -22.197 0.4285714328
116508  -31.138  8.319  -23.972 0.1428571492
87058  -33.285  -17.501  -11.375 0.1428571492
90579  -34.332  -13.678  -14.063 0.1428571492
95451  -35.006  -10.137  -19.164 0.1428571492
96583  -35.750  -9.696  -19.441 0.1428571492
91898  -35.597  -12.371  -14.458 0.1428571492
93141  -35.851  -11.473  -15.442 0.1428571492
93142  -37.824  -11.916  -15.847 0.1428571492
94284  -37.949  -11.757  -16.157 0.1428571492
93113  -36.322  -11.587  -14.943 0.1428571492
94309  -38.094  -11.346  -16.838 0.1428571492
93172  -39.125  -12.361  -18.867 0.1428571492
91859  -35.315  -13.647  -12.890 0.1428571492
93099  -36.941  -12.149  -14.348 0.1428571492
91944  -40.228  -13.970  -17.888 0.1428571492
91927  -39.825  -14.214  -17.179 0.1428571492
93101  -38.151  -12.988  -14.585 0.1428571492
89363  -34.541  -14.703  -12.603 0.1428571492
90562  -35.046  -14.039  -12.661 0.1428571492
91861  -37.105  -13.400  -12.904 0.1428571492
91878  -38.250  -13.454  -14.360 0.1428571492
91841  -36.611  -14.019  -12.465 0.1428571492
90624  -39.670  -14.643  -16.650 0.1428571492
90538  -36.334  -14.319  -12.164 0.1428571492
89343  -36.479  -14.674  -11.660 0.1428571492
87038  -33.573  -17.716  -10.814 0.1428571492
89344  -38.037  -15.300  -12.390 0.1428571492
90517  -37.014  -14.620  -11.787 0.1428571492
87061  -37.617  -16.693  -10.478 0.1428571492
88242  -38.595  -16.543  -14.666 0.1428571492
88257  -39.554  -16.136  -16.374 0.1428571492
88196  -38.034  -15.779  -11.867 0.1428571492
76227  -22.932  -26.768  -9.790 0.1428571492
76244  -23.389  -26.085  -10.403 0.1428571492
76242  -21.813  -26.203  -10.175 0.1428571492
76245  -24.154  -25.778  -10.245 0.1428571492
77408  -23.656  -24.833  -11.304 0.1428571492
78656  -23.519  -24.332  -11.602 0.1428571492
79955  -23.359  -23.166  -12.459 0.1428571492
78666  -24.755  -23.931  -11.992 0.1428571492
81177  -24.895  -22.892  -12.724 0.1428571492
78654  -22.093  -23.860  -11.603 0.1428571492
79936  -22.533  -23.295  -12.040 0.1428571492
81176  -23.980  -22.830  -12.890 0.1428571492
82307  -22.113  -21.378  -12.415 0.1428571492
82308  -22.938  -21.422  -12.826 0.1428571492
82324  -23.238  -20.878  -13.330 0.1428571492
83443  -23.631  -20.258  -13.840 0.2857142985
83466  -24.566  -19.879  -14.001 0.1428571492
83465  -23.999  -19.680  -14.168 0.2857142985
88251  -25.771  -16.338  -15.795 0.4285714328
88269  -27.150  -16.002  -15.680 0.4285714328
102015  -27.642  -4.504  -19.911 0.2857142985
102016  -28.694  -4.631  -19.255 0.2857142985
105484  -25.380  -1.804  -21.378 0.2857142985
106703  -27.256  -0.811  -21.601 0.2857142985
84663  -22.979  -19.354  -13.540 0.1428571492
84681  -26.176  -19.415  -14.669 0.1428571492
77407  -23.173  -24.818  -11.503 0.1428571492
81174  -22.471  -22.308  -12.449 0.1428571492
83442  -22.553  -20.324  -13.122 0.1428571492
85925  -23.243  -18.478  -13.892 0.2857142985
84680  -25.184  -19.227  -14.387 0.2857142985
84679  -24.325  -19.140  -14.246 0.2857142985
85935  -24.724  -18.364  -14.554 0.2857142985
85956  -26.599  -17.872  -15.401 0.4285714328
87131  -26.287  -17.147  -15.527 0.4285714328
89399  -25.170  -15.628  -15.850 0.2857142985
99849  -28.327  -6.764  -18.826 0.2857142985
100970  -27.825  -5.578  -19.549 0.2857142985
100984  -26.545  -5.347  -20.627 0.2857142985
103117  -28.117  -3.090  -19.935 0.2857142985
104271  -26.095  -2.586  -21.534 0.2857142985
105468  -25.039  -2.464  -21.055 0.2857142985
105485  -26.475  -1.802  -21.860 0.2857142985
85936  -25.761  -18.237  -14.907 0.2857142985
100953  -28.535  -5.896  -18.888 0.2857142985
100969  -27.126  -5.397  -20.144 0.2857142985
99865  -27.094  -6.422  -19.789 0.2857142985
102030  -27.014  -4.491  -20.588 0.2857142985
103114  -26.135  -3.500  -21.172 0.2857142985
103115  -26.799  -3.712  -20.978 0.2857142985
104263  -25.511  -2.846  -21.156 0.2857142985
104264  -27.688  -2.255  -21.180 0.2857142985
100983  -25.945  -5.402  -20.905 0.2857142985
102028  -25.747  -4.509  -20.843 0.2857142985
88252  -26.677  -16.548  -15.677 0.4285714328
79956  -24.235  -23.554  -12.193 0.1428571492
105486  -27.287  -2.025  -21.900 0.2857142985
103126  -26.719  -3.107  -21.277 0.2857142985
82309  -23.485  -21.876  -13.014 0.1428571492
77389  -22.914  -25.391  -11.143 0.1428571492
78655  -22.683  -24.404  -11.575 0.1428571492
79937  -23.356  -23.771  -11.930 0.1428571492
79954  -22.897  -22.818  -12.456 0.1428571492
81173  -21.907  -21.956  -12.103 0.1428571492
81175  -23.278  -22.399  -12.759 0.1428571492
84678  -23.679  -19.238  -14.025 0.2857142985
87130  -25.480  -17.235  -15.324 0.4285714328
103101  -24.823  -3.738  -20.347 0.2857142985
90615  -25.657  -14.611  -16.634 0.2857142985
89411  -26.171  -15.132  -16.297 0.2857142985
118476  -28.330  10.433  -28.380 0.1428571492
118467  -29.186  10.223  -27.375 0.1428571492
116521  -28.610  8.972  -26.155 0.1428571492
116512  -29.375  8.610  -25.055 0.1428571492
116513  -30.521  8.737  -24.423 0.1428571492
118485  -28.287  10.832  -28.626 0.1428571492
116519  -26.939  7.988  -26.477 0.1428571492
117475  -25.672  10.357  -26.024 0.1428571492
90616  -26.466  -14.431  -16.406 0.2857142985
91917  -26.107  -13.756  -16.962 0.2857142985
116514  -31.608  8.698  -24.578 0.1428571492
118461  -30.690  10.305  -26.302 0.1428571492
116507  -30.534  8.088  -23.897 0.1428571492
117477  -29.525  9.540  -25.707 0.1428571492
117469  -30.138  9.369  -25.020 0.1428571492
116520  -27.677  8.355  -26.306 0.1428571492
115560  -29.894  7.996  -24.373 0.1428571492
117484  -27.400  9.391  -27.767 0.1428571492
117476  -26.054  9.756  -26.481 0.1428571492
116526  -26.503  8.910  -26.802 0.1428571492
115569  -28.513  8.011  -25.707 0.1428571492
88268  -26.346  -15.797  -15.973 0.2857142985
117485  -28.215  9.617  -27.306 0.1428571492
117501  -27.535  10.483  -28.636 0.1428571492
117487  -29.867  9.908  -26.286 0.1428571492
116528  -27.807  9.120  -26.867 0.1428571492
119413  -27.492  11.242  -28.494 0.1428571492
116527  -26.959  8.948  -26.964 0.1428571492
117478  -30.458  9.870  -25.705 0.1428571492
99873  -25.608  -6.166  -20.532 0.1428571492
99875  -26.696  -5.995  -20.319 0.1428571492
103113  -25.444  -3.666  -20.743 0.1428571492
105433  -23.169  -2.374  -18.981 0.1428571492
105432  -22.654  -1.810  -18.666 0.1428571492
99866  -27.831  -6.560  -19.193 0.1428571492
104247  -24.427  -3.015  -20.225 0.1428571492
106673  -22.920  -0.653  -18.662 0.1428571492
106674  -23.391  -0.677  -19.338 0.1428571492
107878  -22.429  0.020  -18.450 0.2857142985
94301  -26.468  -11.507  -17.501 0.1428571492
97694  -26.629  -8.284  -19.279 0.1428571492
97695  -27.172  -8.201  -19.079 0.1428571492
98800  -26.412  -7.332  -19.878 0.1428571492
100968  -24.928  -5.488  -20.134 0.1428571492
105467  -24.520  -2.127  -20.551 0.1428571492
106701  -25.076  -0.553  -21.268 0.1428571492
106687  -23.934  -0.263  -20.278 0.1428571492
107890  -23.623  -0.005  -19.791 0.2857142985
107900  -24.750  0.435  -20.962 0.2857142985
111380  -24.752  3.181  -20.225 0.2857142985
111375  -24.446  3.657  -18.947 0.2857142985
115541  -26.578  6.840  -21.857 0.1428571492
115519  -25.234  7.309  -19.096 0.1428571492
107902  -26.609  0.239  -21.629 0.2857142985
107891  -24.030  0.501  -20.316 0.2857142985
109150  -26.000  1.222  -21.735 0.2857142985
110355  -27.004  2.141  -22.858 0.2857142985
110338  -25.529  2.053  -21.320 0.2857142985
110317  -24.261  2.404  -19.846 0.2857142985
110340  -26.592  2.640  -22.254 0.2857142985
111386  -25.339  2.846  -20.989 0.2857142985
111397  -25.697  3.294  -21.748 0.2857142985
113406  -25.441  5.242  -20.417 0.1428571492
111376  -24.940  4.300  -19.290 0.2857142985
114493  -27.029  6.976  -20.921 0.1428571492
111374  -23.743  3.132  -18.678 0.1428571492
110295  -22.887  2.768  -17.667 0.1428571492
107879  -22.980  0.403  -19.106 0.2857142985
112361  -25.168  4.728  -20.383 0.1428571492
112355  -25.084  4.828  -19.547 0.2857142985
113400  -25.169  5.830  -19.696 0.1428571492
113392  -24.953  5.292  -19.220 0.1428571492
106662  -21.775  -0.238  -17.553 0.2857142985
112341  -23.696  4.651  -17.581 0.1428571492
115507  -25.222  7.164  -18.681 0.1428571492
113391  -24.633  5.680  -18.681 0.1428571492
107826  -19.343  0.135  -14.575 0.1428571492
99899  -33.628  -6.342  -23.076 0.1428571492
96579  -26.636  -9.133  -18.768 0.1428571492
99890  -33.578  -7.081  -22.688 0.1428571492
98799  -25.456  -7.108  -20.083 0.1428571492
100967  -24.490  -5.359  -19.804 0.1428571492
102013  -24.050  -4.592  -19.575 0.1428571492
102014  -24.646  -4.498  -20.021 0.1428571492
104231  -22.895  -2.951  -18.577 0.1428571492
105449  -24.149  -2.483  -20.002 0.1428571492
106663  -22.218  -0.743  -17.856 0.1428571492
105466  -24.096  -1.243  -20.372 0.1428571492
109115  -23.888  1.440  -19.845 0.1428571492
109130  -24.432  1.404  -20.548 0.2857142985
110316  -23.755  2.084  -19.318 0.1428571492
110322  -24.910  2.206  -20.683 0.1428571492
113385  -23.984  5.545  -17.377 0.1428571492
112348  -24.365  4.743  -18.211 0.1428571492
113399  -24.808  6.274  -19.094 0.1428571492
114464  -25.058  6.715  -18.341 0.1428571492
114478  -24.895  6.858  -19.139 0.1428571492
98828  -33.424  -7.944  -22.926 0.1428571492
99882  -33.800  -6.999  -21.965 0.1428571492
98835  -33.098  -8.039  -23.955 0.1428571492
114479  -25.827  6.994  -19.433 0.1428571492
111387  -25.067  3.755  -20.806 0.2857142985
112362  -25.364  4.957  -20.988 0.2857142985
115534  -27.253  7.285  -20.650 0.1428571492
107910  -27.861  0.822  -22.489 0.2857142985
109167  -27.570  1.500  -22.864 0.2857142985
98802  -27.902  -7.175  -18.900 0.1428571492
97729  -34.199  -9.206  -22.739 0.1428571492
109151  -26.848  0.982  -22.097 0.2857142985
105483  -24.638  -1.151  -20.802 0.1428571492
106702  -26.049  -0.743  -21.641 0.1428571492
98812  -26.091  -6.794  -20.338 0.1428571492
100981  -24.935  -5.043  -20.178 0.1428571492
103100  -24.246  -3.773  -19.897 0.1428571492
99863  -24.898  -6.155  -20.018 0.1428571492
104246  -23.910  -2.979  -19.729 0.1428571492
105447  -23.192  -1.240  -19.034 0.1428571492
105448  -23.627  -1.856  -19.589 0.1428571492
98801  -27.325  -7.515  -19.236 0.1428571492
105482  -24.287  -0.856  -20.576 0.1428571492
106700  -24.385  -0.362  -20.680 0.2857142985
107880  -23.595  0.759  -19.654 0.2857142985
109149  -25.253  1.270  -21.064 0.2857142985
107901  -25.575  0.312  -21.501 0.2857142985
111381  -24.870  4.093  -19.885 0.2857142985
111366  -23.501  3.584  -17.897 0.1428571492
115520  -25.574  7.309  -18.796 0.1428571492
109165  -26.425  1.572  -22.265 0.2857142985
110354  -26.480  2.013  -22.590 0.2857142985
110339  -25.987  2.196  -21.995 0.2857142985
110311  -23.870  2.762  -19.112 0.1428571492
111396  -25.619  2.596  -21.533 0.2857142985
116494  -27.782  8.013  -21.751 0.1428571492
114477  -24.765  6.406  -18.697 0.1428571492
85924  -22.517  -18.484  -13.431 0.1428571492
85934  -23.901  -18.409  -14.350 0.1428571492
87115  -23.309  -17.576  -14.441 0.1428571492
87101  -22.153  -17.481  -13.566 0.1428571492
88214  -22.357  -16.719  -14.024 0.1428571492
88236  -22.192  -16.084  -14.263 0.1428571492
89380  -22.350  -15.431  -14.775 0.1428571492
88238  -23.717  -16.774  -14.852 0.1428571492
87117  -25.001  -17.671  -14.855 0.1428571492
89381  -23.069  -15.466  -15.209 0.1428571492
88249  -24.101  -16.214  -15.301 0.1428571492
89398  -24.493  -15.602  -15.693 0.1428571492
88250  -24.874  -16.426  -15.446 0.1428571492
89397  -23.774  -15.490  -15.544 0.1428571492
90614  -24.811  -14.472  -16.551 0.1428571492
91937  -25.932  -13.037  -17.289 0.1428571492
107867  -22.249  0.731  -18.545 0.1428571492
87116  -24.238  -17.539  -14.735 0.1428571492
85955  -26.022  -17.618  -15.320 0.1428571492
85923  -21.542  -18.422  -12.919 0.1428571492
87100  -21.207  -17.333  -13.243 0.1428571492
87114  -22.676  -17.248  -14.177 0.1428571492
111367  -24.154  4.101  -18.033 0.1428571492
93155  -26.544  -12.381  -17.228 0.1428571492
89400  -25.703  -15.444  -16.180 0.1428571492
87102  -22.796  -17.862  -13.902 0.1428571492
87129  -24.771  -17.143  -15.099 0.1428571492
90599  -25.239  -15.046  -16.227 0.1428571492
88213  -21.683  -16.383  -13.636 0.1428571492
88237  -22.822  -16.482  -14.725 0.1428571492
88248  -23.467  -16.112  -15.169 0.1428571492
88239  -24.346  -16.806  -15.040 0.1428571492
90577  -22.711  -14.507  -15.180 0.1428571492
90550  -21.199  -14.529  -14.065 0.1428571492
77409  -24.270  -24.800  -11.068 0.2857142985
78609  -27.249  -24.219  -9.784 0.1428571492
78638  -26.887  -24.220  -10.200 0.1428571492
78658  -25.427  -24.228  -11.538 0.2857142985
79915  -27.179  -23.825  -10.556 0.4285714328
79938  -23.876  -23.891  -11.716 0.1428571492
79959  -26.758  -23.409  -11.742 0.4285714328
81145  -27.666  -23.352  -10.589 0.2857142985
81198  -27.395  -22.126  -13.298 0.4285714328
82330  -28.730  -21.417  -13.328 0.1428571492
82347  -26.196  -20.848  -14.339 0.4285714328
83446  -28.031  -21.013  -14.239 0.4285714328
84634  -30.711  -19.914  -11.608 0.1428571492
85886  -32.969  -18.084  -11.040 0.1428571492
85939  -28.459  -19.016  -15.106 0.7142857313
85960  -30.376  -18.262  -15.871 0.5714285970
85973  -29.300  -18.077  -16.365 0.5714285970
87082  -31.926  -17.931  -12.901 0.2857142985
88151  -35.752  -16.583  -10.038 0.1428571492
88167  -33.901  -16.919  -11.382 0.1428571492
89404  -39.578  -15.360  -16.343 0.1428571492
89435  -31.232  -14.846  -17.298 0.7142857313
89459  -41.277  -15.192  -19.079 0.1428571492
90518  -37.319  -14.658  -11.990 0.1428571492
90650  -33.126  -13.795  -18.352 0.5714285970
90661  -41.638  -14.424  -19.232 0.1428571492
91840  -36.280  -14.061  -12.403 0.1428571492
91945  -40.490  -14.526  -18.322 0.1428571492
93100  -37.831  -12.718  -14.538 0.1428571492
93115  -38.310  -12.773  -14.925 0.1428571492
93156  -27.074  -12.270  -17.057 0.1428571492
93171  -33.578  -12.385  -18.610 0.4285714328
93184  -32.748  -12.179  -19.122 0.4285714328
94256  -36.738  -11.389  -15.529 0.1428571492
94303  -31.852  -12.172  -17.362 0.8571428657
95431  -37.183  -10.285  -17.612 0.1428571492
95467  -33.250  -11.379  -20.043 0.4285714328
95486  -33.856  -10.259  -21.000 0.4285714328
95502  -33.189  -10.268  -21.282 0.4285714328
96601  -35.332  -9.749  -20.007 0.1428571492
96633  -33.347  -9.833  -21.739 0.2857142985
96634  -34.117  -9.704  -21.884 0.1428571492
96651  -33.076  -9.541  -21.975 0.2857142985
96653  -33.757  -9.365  -22.433 0.2857142985
97667  -29.992  -8.438  -16.850 0.7142857313
97680  -27.054  -8.550  -19.019 0.1428571492
97715  -32.906  -9.249  -22.101 0.2857142985
97739  -33.951  -9.119  -23.434 0.1428571492
98755  -31.606  -8.630  -16.484 0.8571428657
98769  -28.590  -7.790  -17.942 0.5714285970
98785  -27.722  -7.591  -18.754 0.2857142985
98811  -25.843  -6.580  -20.435 0.1428571492
98813  -33.592  -7.768  -21.311 0.2857142985
99838  -30.037  -6.946  -17.438 0.5714285970
99864  -26.512  -6.570  -20.245 0.1428571492
99874  -26.186  -6.166  -20.622 0.1428571492
100945  -31.742  -5.774  -17.045 0.8571428657
100982  -25.325  -5.343  -20.494 0.1428571492
102027  -25.183  -4.473  -20.432 0.1428571492
102029  -26.349  -4.508  -20.880 0.2857142985
103095  -32.330  -3.118  -17.796 0.8571428657
103105  -30.909  -3.108  -18.455 1.0000000000
103116  -27.500  -3.332  -20.552 0.2857142985
103125  -26.398  -2.909  -21.389 0.2857142985
103127  -27.093  -3.269  -21.136 0.2857142985
104232  -23.426  -2.957  -19.158 0.1428571492
104237  -33.013  -2.716  -18.252 0.8571428657
104262  -24.940  -2.988  -20.729 0.1428571492
104272  -26.696  -2.535  -21.602 0.2857142985
104273  -27.188  -2.769  -21.339 0.2857142985
106686  -23.695  -0.789  -20.048 0.1428571492
106699  -24.052  -0.696  -20.419 0.1428571492
107817  -18.783  0.191  -14.082 0.1428571492
107827  -19.800  0.123  -15.139 0.1428571492
107865  -21.564  0.128  -17.351 0.2857142985
107866  -21.757  0.292  -18.018 0.2857142985
107883  -30.447  0.468  -19.583 0.8571428657
109152  -27.393  1.052  -22.453 0.2857142985
109166  -26.900  1.511  -22.684 0.2857142985
110323  -29.837  2.061  -20.801 0.7142857313
110341  -27.229  2.690  -22.382 0.5714285970
110342  -29.584  2.494  -21.424 0.7142857313
111413  -34.040  4.107  -22.446 0.1428571492
112349  -24.841  4.743  -18.941 0.2857142985
112363  -30.818  3.847  -20.939 0.4285714328
112373  -33.108  4.349  -21.887 0.1428571492
112381  -32.826  4.805  -22.162 0.1428571492
112398  -27.190  4.685  -24.656 0.2857142985
113413  -32.489  4.998  -22.103 0.1428571492
113428  -32.772  6.289  -23.251 0.1428571492
115498  -25.413  6.903  -18.120 0.1428571492
115561  -31.698  8.026  -24.011 0.2857142985
116529  -28.363  9.435  -26.712 0.1428571492
117486  -29.026  9.813  -26.727 0.1428571492
117494  -28.160  9.933  -28.144 0.1428571492
117495  -28.715  10.056  -27.552 0.1428571492
117500  -27.257  10.684  -28.620 0.1428571492
117502  -28.015  10.211  -28.522 0.1428571492
118459  -25.964  10.948  -25.965 0.1428571492
118460  -30.267  10.107  -26.308 0.1428571492
118468  -29.954  10.354  -27.024 0.1428571492
118484  -27.600  10.941  -28.695 0.1428571492
118486  -28.907  11.180  -28.407 0.1428571492
119404  -27.646  11.590  -28.159 0.1428571492
119414  -28.056  11.316  -28.527 0.1428571492
