#!ascii label  , from subject 3067 vox2ras=TkReg
803
95644  23.239  -7.588  -17.165 0.2500000000
94514  23.831  -7.926  -17.871 0.7500000000
97955  22.224  -4.908  -17.103 0.2500000000
97933  22.023  -5.382  -16.287 0.1250000000
96758  22.707  -5.934  -17.083 0.2500000000
95645  22.788  -6.802  -16.772 0.2500000000
95656  23.633  -7.164  -17.946 0.7500000000
96757  23.186  -6.714  -17.410 0.3750000000
94513  24.410  -8.529  -18.333 0.8750000000
94512  24.987  -9.068  -18.721 0.8750000000
96774  22.786  -5.341  -17.789 0.3750000000
96773  23.390  -6.133  -18.182 0.3750000000
95666  24.943  -7.597  -19.505 1.0000000000
95667  24.413  -7.441  -19.099 1.0000000000
96772  23.946  -6.942  -18.576 0.8750000000
94524  25.085  -8.314  -19.134 1.0000000000
95655  24.080  -7.691  -18.480 0.8750000000
94523  25.774  -8.958  -19.401 1.0000000000
96786  23.641  -5.667  -18.780 0.8750000000
96785  24.151  -6.260  -19.151 0.8750000000
95681  25.275  -7.303  -20.011 1.0000000000
95682  24.664  -7.014  -19.606 1.0000000000
96802  24.701  -6.356  -20.061 1.0000000000
94538  26.747  -8.440  -20.296 1.0000000000
94539  25.843  -8.241  -19.835 1.0000000000
97956  21.696  -4.703  -16.426 0.1250000000
97978  22.656  -4.650  -17.829 0.6250000000
97990  23.795  -5.321  -19.207 1.0000000000
97977  23.138  -4.970  -18.618 0.8750000000
95695  26.594  -7.047  -21.028 1.0000000000
95679  27.062  -7.640  -20.773 1.0000000000
95680  26.145  -7.426  -20.550 1.0000000000
95677  29.084  -7.808  -20.695 1.0000000000
94537  27.658  -8.502  -20.488 1.0000000000
102608  20.983  -1.277  -17.270 0.2500000000
99196  21.804  -4.194  -16.734 0.2500000000
99195  22.221  -3.937  -17.484 0.3750000000
99216  22.934  -3.875  -18.928 1.0000000000
99217  22.626  -4.134  -18.274 0.6250000000
99231  23.700  -4.413  -19.594 1.0000000000
98006  25.542  -5.370  -20.894 1.0000000000
97989  24.366  -5.263  -19.844 1.0000000000
95693  27.559  -6.841  -21.272 1.0000000000
96800  26.130  -6.700  -20.957 1.0000000000
96813  27.874  -6.522  -21.276 1.0000000000
98005  28.918  -6.556  -20.719 1.0000000000
96798  29.364  -7.096  -20.559 1.0000000000
102630  21.610  -1.437  -18.161 0.5000000000
101470  21.712  -2.177  -17.790 0.3750000000
100378  21.665  -2.897  -17.562 0.5000000000
100390  23.168  -3.198  -19.567 0.8750000000
99242  25.385  -4.707  -21.075 1.0000000000
99244  24.081  -4.324  -20.196 1.0000000000
98022  27.478  -5.549  -21.469 1.0000000000
99262  25.933  -4.828  -21.470 1.0000000000
98020  29.464  -5.479  -20.706 1.0000000000
98021  28.484  -5.834  -20.992 1.0000000000
96797  30.246  -7.041  -20.469 0.8750000000
103850  21.235  -0.520  -18.147 0.5000000000
101469  22.171  -2.008  -18.424 0.5000000000
101489  23.281  -2.102  -19.837 0.6250000000
100391  22.719  -2.999  -19.037 0.7500000000
100399  24.338  -3.207  -20.835 1.0000000000
100417  28.168  -3.914  -21.666 1.0000000000
100435  27.076  -3.497  -22.179 1.0000000000
99261  26.836  -4.430  -21.876 1.0000000000
99263  25.300  -4.262  -21.371 1.0000000000
99259  28.722  -4.731  -21.238 1.0000000000
99260  27.826  -4.654  -21.634 1.0000000000
99258  29.616  -4.581  -21.011 0.8750000000
98003  30.312  -6.228  -20.580 0.8750000000
102629  22.081  -1.114  -18.894 0.5000000000
102653  22.883  -1.380  -19.680 0.8750000000
102701  25.981  -1.918  -22.394 1.0000000000
101500  24.316  -2.187  -20.727 1.0000000000
101515  27.928  -3.309  -21.786 1.0000000000
101536  26.575  -2.662  -22.197 1.0000000000
100420  25.004  -3.471  -21.363 1.0000000000
101534  28.338  -2.140  -21.854 1.0000000000
99257  30.646  -4.387  -20.835 1.0000000000
100416  28.914  -3.998  -21.406 1.0000000000
101514  28.530  -3.141  -21.627 1.0000000000
100415  29.620  -3.645  -21.331 1.0000000000
103889  23.105  -0.943  -20.071 0.8750000000
103900  25.545  -0.346  -22.035 1.0000000000
102682  25.424  -1.266  -22.057 1.0000000000
102684  24.179  -1.312  -20.900 1.0000000000
103915  28.599  -0.472  -21.646 1.0000000000
102699  27.594  -1.491  -22.209 1.0000000000
102681  30.030  -1.543  -21.349 1.0000000000
102698  28.285  -1.307  -21.772 1.0000000000
101513  29.438  -2.410  -21.484 1.0000000000
101533  28.754  -1.818  -21.669 1.0000000000
100414  30.628  -3.316  -21.219 0.8750000000
108370  23.990  3.155  -21.410 1.0000000000
107160  22.684  2.994  -19.611 0.3750000000
107190  23.698  2.504  -21.116 0.8750000000
105026  25.155  0.924  -21.934 1.0000000000
103916  27.756  -0.511  -22.134 1.0000000000
105023  27.263  0.403  -22.519 1.0000000000
108355  24.296  3.772  -21.118 0.8750000000
108369  24.703  3.338  -21.837 1.0000000000
107189  24.405  2.469  -21.632 1.0000000000
108393  25.307  3.108  -22.421 1.0000000000
106090  26.068  1.465  -22.671 1.0000000000
105022  28.072  0.438  -21.985 1.0000000000
106088  27.572  1.353  -22.433 1.0000000000
105021  29.076  0.420  -21.609 1.0000000000
109448  24.120  4.475  -20.491 0.7500000000
107205  25.627  2.313  -22.585 1.0000000000
107202  28.029  2.320  -22.417 1.0000000000
107203  26.933  2.230  -22.708 1.0000000000
109452  25.304  3.910  -22.208 1.0000000000
108392  25.883  3.110  -22.620 1.0000000000
107204  26.257  2.317  -22.758 1.0000000000
115744  25.562  10.106  -21.793 0.1250000000
115743  25.881  10.381  -21.680 0.1250000000
114727  24.776  9.793  -22.877 0.2500000000
115759  25.082  10.531  -23.115 0.1250000000
114735  24.916  10.038  -23.839 0.3750000000
114734  25.842  10.080  -24.658 0.5000000000
114746  27.056  10.097  -25.109 0.3750000000
115758  25.931  11.008  -23.874 0.2500000000
115768  26.233  10.959  -24.908 0.2500000000
116737  26.483  11.615  -25.164 0.2500000000
115767  26.407  10.709  -25.323 0.2500000000
115784  26.515  11.158  -26.202 0.2500000000
115775  26.713  10.653  -25.765 0.3750000000
115776  26.448  11.188  -25.512 0.2500000000
114760  27.276  10.284  -25.954 0.3750000000
115783  26.899  10.407  -26.724 0.2500000000
94536  28.701  -8.597  -20.417 1.0000000000
102669  23.651  -1.476  -20.459 0.8750000000
102700  26.765  -1.680  -22.418 1.0000000000
95620  22.548  -7.454  -16.074 0.1250000000
94504  23.686  -8.682  -17.446 0.6250000000
93325  24.791  -9.304  -18.291 0.7500000000
93324  25.497  -9.752  -18.465 1.0000000000
96735  22.451  -6.290  -16.139 0.1250000000
93352  26.551  -9.288  -19.724 1.0000000000
93351  27.217  -9.458  -20.174 1.0000000000
100350  21.528  -3.286  -16.755 0.3750000000
102595  20.640  -1.793  -16.627 0.2500000000
101444  21.200  -2.333  -17.031 0.2500000000
98019  30.480  -5.379  -20.696 0.8750000000
107161  22.382  2.784  -19.096 0.1250000000
103849  21.788  0.166  -18.641 0.3750000000
103870  23.013  0.351  -19.904 0.6250000000
99256  31.760  -4.160  -21.046 0.8750000000
108356  23.586  3.508  -20.572 0.5000000000
107177  22.609  2.443  -19.770 0.3750000000
106075  23.546  1.485  -20.815 0.8750000000
105020  30.003  0.334  -21.333 1.0000000000
106086  29.841  1.246  -21.970 1.0000000000
106087  28.589  1.351  -22.067 1.0000000000
109446  25.281  5.068  -21.635 0.8750000000
110503  25.904  5.110  -22.286 1.0000000000
108391  26.559  3.241  -22.779 1.0000000000
114721  26.201  10.105  -21.067 0.1250000000
113663  25.121  8.873  -21.453 0.1250000000
112611  25.156  7.941  -23.008 0.6250000000
113674  25.387  9.001  -24.102 0.6250000000
113683  27.086  9.173  -24.612 0.5000000000
114745  27.751  9.446  -25.394 0.5000000000
116727  26.398  11.493  -24.630 0.2500000000
114759  27.764  9.640  -26.041 0.5000000000
116743  26.690  12.123  -25.336 0.1250000000
115791  27.146  10.854  -27.727 0.2500000000
114774  27.477  10.072  -26.490 0.3750000000
116744  26.485  11.861  -25.791 0.1250000000
94525  24.457  -8.016  -18.805 0.8750000000
94540  25.295  -7.869  -19.623 1.0000000000
95678  27.971  -7.544  -21.127 1.0000000000
96801  25.498  -6.429  -20.615 1.0000000000
98007  24.963  -5.572  -20.412 1.0000000000
100349  21.893  -3.344  -17.580 0.3750000000
99243  24.686  -4.457  -20.663 1.0000000000
96799  28.579  -6.922  -20.946 1.0000000000
96814  27.220  -6.302  -21.367 1.0000000000
96816  25.966  -6.109  -21.027 1.0000000000
98023  26.691  -5.525  -21.490 1.0000000000
98004  29.433  -6.361  -20.579 1.0000000000
100377  22.314  -3.121  -18.355 0.6250000000
101490  22.668  -2.286  -19.127 0.6250000000
100400  23.865  -3.745  -20.287 1.0000000000
101501  23.705  -2.679  -20.362 1.0000000000
96796  31.081  -6.978  -20.861 0.8750000000
101518  24.829  -2.583  -21.128 1.0000000000
99277  27.406  -4.043  -21.954 1.0000000000
100419  25.849  -3.708  -21.764 1.0000000000
100418  26.492  -3.450  -22.036 1.0000000000
102668  24.252  -1.631  -20.803 1.0000000000
101517  25.514  -2.481  -21.721 1.0000000000
101535  27.534  -2.679  -22.056 1.0000000000
101516  26.134  -2.929  -21.874 1.0000000000
103871  22.675  -0.156  -19.487 0.6250000000
103888  23.350  -0.243  -20.314 0.7500000000
103902  24.062  -0.592  -21.081 1.0000000000
103901  24.923  -0.478  -21.617 1.0000000000
105007  25.216  0.259  -21.825 1.0000000000
105024  26.475  0.410  -22.562 1.0000000000
103918  26.065  -0.717  -22.566 1.0000000000
103914  29.666  -0.552  -21.275 1.0000000000
103917  26.986  -0.610  -22.588 1.0000000000
107176  23.080  2.603  -20.277 0.7500000000
106074  24.172  1.748  -21.391 1.0000000000
105008  24.394  0.657  -21.514 1.0000000000
105025  25.763  0.512  -22.228 1.0000000000
109447  24.941  4.485  -21.354 0.8750000000
106092  24.808  1.628  -21.803 1.0000000000
106089  26.706  1.400  -22.737 1.0000000000
106091  25.418  1.540  -22.287 1.0000000000
109465  25.626  3.563  -22.472 1.0000000000
109464  26.039  4.203  -22.577 1.0000000000
109451  25.450  4.762  -22.068 1.0000000000
114722  25.730  9.955  -21.325 0.1250000000
114723  25.390  9.587  -21.914 0.1250000000
114711  25.384  9.493  -20.971 0.1250000000
115750  25.975  10.580  -22.535 0.2500000000
113667  25.194  8.700  -22.443 0.3750000000
113675  24.915  8.902  -23.448 0.5000000000
114733  26.404  9.608  -24.844 0.5000000000
113673  26.236  9.032  -24.430 0.7500000000
115792  26.602  11.143  -26.932 0.2500000000
115782  27.122  10.195  -27.464 0.2500000000
95619  23.131  -8.337  -16.582 0.2500000000
95601  22.432  -7.712  -14.848 0.1250000000
94503  24.341  -9.211  -17.850 0.7500000000
93336  26.062  -9.588  -19.027 1.0000000000
106048  22.264  1.888  -19.077 0.5000000000
104998  23.240  0.794  -20.221 0.7500000000
105009  23.694  0.409  -20.836 0.8750000000
106062  22.784  1.721  -20.058 0.7500000000
104979  22.698  1.033  -19.598 0.8750000000
109463  26.971  4.343  -23.038 1.0000000000
108390  27.439  3.319  -22.583 1.0000000000
112619  25.238  7.900  -23.781 0.7500000000
112618  25.991  7.954  -24.097 0.7500000000
115790  27.256  10.153  -28.124 0.2500000000
114773  27.882  9.885  -27.309 0.3750000000
89279  26.707  -12.999  -17.495 0.7500000000
87896  28.320  -13.870  -18.357 0.7500000000
89280  25.739  -12.310  -17.247 0.7500000000
89297  27.764  -12.905  -18.185 0.7500000000
90657  26.364  -12.001  -17.795 0.7500000000
89296  28.884  -13.003  -18.717 0.7500000000
90672  28.360  -12.278  -18.747 0.7500000000
89298  27.036  -12.171  -18.068 0.7500000000
92014  25.377  -10.370  -17.908 0.7500000000
93315  24.927  -9.744  -17.813 0.6250000000
90674  26.624  -11.238  -18.468 0.7500000000
90675  25.897  -10.731  -18.314 0.8750000000
89310  29.784  -12.793  -19.420 0.7500000000
90687  28.460  -11.439  -19.145 0.7500000000
90689  26.798  -10.583  -19.190 0.8750000000
92028  26.224  -10.225  -18.697 0.8750000000
90686  29.510  -11.677  -19.693 0.7500000000
92041  28.045  -10.540  -19.449 0.8750000000
92043  26.609  -9.996  -19.415 0.8750000000
92055  29.632  -10.579  -20.022 0.7500000000
93335  27.801  -9.907  -19.755 0.8750000000
93348  30.733  -9.675  -20.238 0.8750000000
93349  29.397  -9.797  -19.904 0.8750000000
94535  29.880  -8.714  -20.290 0.8750000000
93359  32.909  -9.414  -21.853 0.3750000000
94533  31.872  -9.083  -21.473 0.6250000000
94534  31.074  -8.724  -20.637 0.7500000000
94532  33.351  -9.158  -21.667 0.5000000000
93360  32.354  -9.221  -22.070 0.5000000000
94548  32.001  -8.520  -22.047 0.7500000000
95675  31.023  -7.796  -20.798 0.7500000000
94546  33.431  -8.048  -22.137 0.1250000000
95691  32.553  -7.612  -21.845 0.6250000000
95692  31.752  -7.729  -21.323 0.6250000000
96810  34.586  -6.863  -21.795 0.1250000000
95689  33.899  -7.377  -22.149 0.1250000000
95705  33.588  -6.897  -22.350 0.1250000000
95704  33.954  -6.793  -22.570 0.1250000000
96811  32.670  -6.432  -21.542 0.6250000000
98018  31.744  -5.505  -20.826 0.6250000000
96825  34.391  -6.405  -22.790 0.1250000000
96834  34.464  -6.101  -23.928 0.1250000000
98036  33.354  -5.479  -22.595 0.1250000000
98017  32.752  -5.151  -21.735 0.5000000000
96809  35.075  -6.277  -22.316 0.1250000000
99275  33.228  -4.406  -22.644 0.5000000000
99255  32.601  -3.766  -21.628 0.6250000000
110487  24.577  5.524  -20.639 0.6250000000
111572  24.796  6.529  -21.262 0.5000000000
110486  25.087  5.313  -21.319 0.7500000000
100433  33.065  -3.128  -22.213 0.6250000000
101511  31.623  -2.148  -21.406 0.6250000000
102680  30.928  -1.557  -21.508 0.8750000000
101532  32.953  -2.243  -21.824 0.5000000000
102678  32.213  -1.576  -21.512 0.6250000000
102679  31.686  -1.353  -21.576 0.7500000000
110494  24.962  5.773  -21.274 0.7500000000
103899  30.483  -1.001  -21.293 0.8750000000
107201  29.113  2.338  -22.019 0.8750000000
103898  31.164  -0.966  -21.493 0.7500000000
105019  30.862  0.545  -21.618 0.8750000000
106085  30.980  1.558  -21.946 0.8750000000
107200  30.238  2.414  -21.765 0.8750000000
101550  33.807  -2.526  -23.666 0.3750000000
101531  33.427  -2.164  -22.598 0.5000000000
102695  32.942  -1.175  -21.838 0.5000000000
103912  31.731  -0.510  -21.647 0.6250000000
102694  33.504  -1.397  -22.519 0.3750000000
103911  32.600  -0.058  -22.134 0.5000000000
111571  25.426  6.630  -21.964 0.7500000000
110493  25.525  5.722  -21.826 0.8750000000
108389  28.464  3.383  -22.073 0.8750000000
108388  29.625  3.341  -22.075 0.8750000000
105018  31.921  0.836  -22.014 0.6250000000
102710  33.679  -1.020  -22.805 0.3750000000
103927  33.492  -0.089  -22.939 0.5000000000
107198  32.094  2.577  -21.983 0.7500000000
102709  33.883  -1.268  -23.200 0.2500000000
111577  24.983  7.149  -21.908 0.6250000000
110502  26.429  5.775  -22.751 0.8750000000
110501  27.588  5.340  -23.104 0.8750000000
110500  28.689  5.238  -22.804 0.8750000000
110512  28.305  6.187  -23.246 0.7500000000
109461  29.090  4.337  -22.246 0.8750000000
108387  30.707  3.398  -21.982 0.7500000000
106103  32.522  1.712  -22.247 0.5000000000
103925  34.504  0.270  -24.121 0.2500000000
105035  33.935  0.733  -22.860 0.5000000000
105036  33.029  0.766  -22.326 0.5000000000
103936  34.052  -0.891  -23.982 0.2500000000
112608  24.744  7.553  -21.467 0.5000000000
111576  25.281  7.173  -22.548 0.5000000000
111587  25.413  7.301  -23.228 0.6250000000
110514  26.512  6.529  -23.413 0.7500000000
110513  27.214  6.323  -23.352 0.7500000000
111584  27.849  7.086  -23.663 0.7500000000
110511  29.409  6.047  -23.070 0.7500000000
110499  29.823  5.191  -22.561 0.7500000000
110498  30.900  5.043  -22.600 0.7500000000
108412  33.252  3.420  -22.666 0.5000000000
109457  32.781  3.887  -22.653 0.3750000000
109458  32.180  4.360  -22.644 0.6250000000
105034  34.553  0.834  -23.617 0.2500000000
107216  33.814  2.598  -22.792 0.3750000000
107215  34.402  2.602  -23.471 0.3750000000
111586  25.890  6.946  -23.562 0.7500000000
112616  28.511  7.637  -24.095 0.7500000000
111583  29.019  7.059  -23.412 0.7500000000
111581  30.787  6.305  -23.710 0.7500000000
110509  31.707  5.352  -23.548 0.6250000000
109477  33.579  4.175  -23.895 0.3750000000
110508  32.770  4.864  -23.747 0.3750000000
105044  34.902  0.901  -24.653 0.1250000000
107226  35.152  3.044  -24.665 0.1250000000
108410  34.326  3.224  -23.924 0.2500000000
112617  27.288  8.217  -24.051 0.6250000000
112624  28.265  8.372  -24.528 0.7500000000
112615  29.164  7.456  -24.009 0.6250000000
111591  30.268  6.930  -24.366 0.7500000000
110524  32.726  5.350  -24.540 0.3750000000
110510  30.513  5.897  -22.984 0.7500000000
109510  33.888  4.458  -25.253 0.2500000000
110523  33.344  4.754  -24.265 0.3750000000
107247  35.423  2.636  -27.209 0.1250000000
107241  35.307  2.829  -26.297 0.1250000000
105051  35.081  1.148  -25.677 0.1250000000
112625  27.648  8.735  -24.485 0.6250000000
112623  29.416  7.834  -24.735 0.3750000000
111599  30.694  6.926  -25.274 0.3750000000
110538  32.592  5.614  -25.808 0.2500000000
110525  31.932  5.798  -24.994 0.3750000000
111590  31.213  6.346  -24.565 0.3750000000
108456  34.745  4.148  -26.606 0.1250000000
110537  33.428  4.869  -25.226 0.3750000000
106134  35.484  1.537  -27.547 0.1250000000
109508  34.816  4.204  -25.846 0.1250000000
113695  28.319  9.040  -25.559 0.3750000000
113682  27.823  9.033  -24.986 0.3750000000
112630  29.326  7.674  -25.871 0.3750000000
113694  28.846  8.316  -25.606 0.3750000000
111609  30.365  6.603  -26.542 0.3750000000
112629  30.027  7.335  -25.592 0.3750000000
111607  32.173  5.789  -26.474 0.3750000000
110539  32.037  6.006  -25.682 0.3750000000
109560  34.674  4.362  -28.648 0.1250000000
110553  33.525  5.005  -26.363 0.1250000000
110554  32.485  5.469  -26.960 0.2500000000
108462  35.160  3.448  -27.790 0.1250000000
112646  29.201  7.668  -26.949 0.2500000000
111610  29.716  7.048  -26.928 0.2500000000
113711  28.902  8.012  -26.228 0.3750000000
111614  31.197  5.405  -27.609 0.1250000000
112645  29.733  7.232  -26.360 0.3750000000
110555  31.717  5.308  -27.529 0.1250000000
111608  31.542  5.936  -26.914 0.2500000000
110590  32.664  5.044  -29.068 0.1250000000
113712  28.439  8.654  -26.607 0.3750000000
112662  28.732  7.362  -27.859 0.2500000000
111615  30.465  5.724  -27.864 0.1250000000
111628  29.528  5.803  -28.663 0.1250000000
110572  30.482  5.382  -28.621 0.1250000000
110592  29.917  5.306  -29.131 0.1250000000
110608  33.695  5.202  -29.497 0.1250000000
109553  31.782  4.926  -29.664 0.1250000000
111643  28.298  6.432  -30.033 0.1250000000
109562  30.703  4.662  -30.077 0.1250000000
110611  29.545  5.002  -29.758 0.1250000000
110628  32.271  5.371  -31.361 0.1250000000
110627  33.626  5.002  -30.772 0.1250000000
92042  27.093  -10.315  -19.882 0.8750000000
103913  30.663  -0.339  -21.286 0.8750000000
110492  25.882  6.357  -22.260 0.8750000000
109460  30.215  4.199  -22.496 0.7500000000
106102  33.464  1.677  -22.561 0.5000000000
107217  32.995  2.585  -22.329 0.5000000000
106101  34.391  1.696  -22.982 0.5000000000
110589  33.685  5.099  -28.363 0.1250000000
111616  29.426  6.706  -27.828 0.2500000000
110610  30.100  4.853  -29.628 0.1250000000
109561  31.503  4.751  -30.786 0.1250000000
95706  33.086  -7.011  -22.125 0.5000000000
96812  31.869  -6.784  -21.175 0.6250000000
98002  31.111  -6.197  -20.815 0.7500000000
99274  33.479  -4.344  -23.624 0.3750000000
100432  33.530  -3.402  -23.127 0.3750000000
107199  31.251  2.547  -21.864 0.7500000000
110570  32.327  5.099  -28.084 0.1250000000
101561  33.975  -2.876  -24.584 0.1250000000
86568  27.124  -14.538  -17.576 0.7500000000
87861  26.033  -13.893  -16.940 0.7500000000
89262  25.996  -13.102  -16.672 0.7500000000
89263  24.809  -12.603  -16.469 0.7500000000
86583  28.366  -14.438  -18.100 0.7500000000
89278  27.317  -13.404  -17.804 0.7500000000
86581  29.759  -14.139  -18.238 0.7500000000
92015  24.650  -10.284  -17.371 0.6250000000
90658  25.685  -11.358  -17.781 0.7500000000
89295  29.483  -13.287  -18.939 0.6250000000
90685  30.494  -11.993  -19.933 0.6250000000
92054  30.314  -10.772  -20.303 0.6250000000
92053  31.484  -10.564  -20.502 0.5000000000
92051  32.819  -10.176  -21.086 0.3750000000
93347  31.768  -9.649  -20.716 0.5000000000
94531  33.714  -8.349  -21.598 0.1250000000
95674  34.355  -7.565  -21.250 0.1250000000
96794  34.884  -6.143  -21.017 0.1250000000
98034  35.439  -5.498  -22.802 0.1250000000
96824  35.094  -6.200  -23.395 0.1250000000
96843  34.592  -5.756  -24.259 0.1250000000
96835  33.975  -6.018  -23.570 0.1250000000
112604  24.566  7.431  -20.494 0.5000000000
102718  34.324  -1.401  -25.275 0.1250000000
102719  34.086  -1.711  -24.399 0.2500000000
103943  34.484  -0.660  -25.696 0.1250000000
105057  34.963  0.480  -26.611 0.1250000000
113668  24.828  8.221  -21.756 0.3750000000
106139  35.320  1.506  -28.838 0.1250000000
110626  34.691  4.299  -29.767 0.1250000000
156782  34.604  2.989  -31.022 0.1250000000
115749  27.135  10.709  -22.739 0.1250000000
113728  27.417  8.459  -28.743 0.2500000000
112663  27.956  7.491  -28.515 0.1250000000
112680  27.593  7.979  -29.809 0.1250000000
109564  29.500  4.913  -30.149 0.1250000000
110594  28.573  5.713  -29.810 0.1250000000
109567  31.124  4.766  -31.868 0.1250000000
95676  30.137  -7.843  -20.372 0.7500000000
101512  30.700  -2.333  -21.444 0.7500000000
100413  31.654  -3.040  -21.250 0.7500000000
93350  28.212  -9.361  -20.036 0.8750000000
93314  25.326  -9.928  -18.029 0.7500000000
92029  25.749  -10.288  -18.372 0.8750000000
92056  26.835  -9.844  -20.107 0.8750000000
109462  27.890  4.454  -22.246 0.8750000000
114785  27.244  9.406  -28.484 0.1250000000
113727  27.785  8.529  -27.806 0.2500000000
89261  26.329  -13.444  -17.073 0.7500000000
87879  27.078  -13.949  -17.621 0.7500000000
86582  28.911  -14.407  -18.237 0.7500000000
87895  29.235  -13.700  -18.541 0.7500000000
89281  24.975  -11.794  -17.236 0.7500000000
90673  27.653  -11.787  -18.542 0.7500000000
90659  24.911  -10.976  -17.324 0.7500000000
93316  23.976  -9.754  -17.254 0.6250000000
89311  28.991  -12.273  -19.204 0.7500000000
90688  27.439  -10.945  -19.098 0.8750000000
92040  29.090  -10.627  -19.574 0.7500000000
90698  30.071  -11.419  -20.212 0.7500000000
93333  29.063  -10.116  -19.568 0.8750000000
93345  33.186  -9.840  -21.229 0.2500000000
93346  32.534  -9.663  -21.314 0.5000000000
94549  31.643  -8.401  -21.222 0.7500000000
94547  32.969  -8.616  -22.298 0.5000000000
95690  33.252  -7.654  -22.244 0.2500000000
96827  33.316  -6.210  -22.150 0.5000000000
96826  33.794  -6.167  -22.791 0.1250000000
98035  33.514  -5.314  -23.521 0.1250000000
100412  32.411  -2.729  -21.586 0.6250000000
102696  32.074  -1.150  -21.711 0.6250000000
106084  31.767  1.840  -21.950 0.7500000000
108386  31.689  3.463  -22.084 0.7500000000
111575  25.691  6.663  -22.888 0.6250000000
103926  34.168  -0.173  -23.560 0.3750000000
108385  32.546  3.428  -22.285 0.6250000000
109459  31.217  4.229  -22.412 0.7500000000
103935  34.455  -0.453  -24.637 0.1250000000
111585  26.704  7.051  -23.894 0.7500000000
111582  29.993  6.681  -23.447 0.7500000000
110497  31.528  4.785  -22.740 0.6250000000
108411  33.777  3.420  -23.434 0.3750000000
110507  33.202  4.533  -23.765 0.3750000000
106112  34.823  1.800  -23.889 0.1250000000
107227  34.835  2.753  -24.141 0.3750000000
111592  29.578  7.185  -23.963 0.3750000000
109494  34.441  4.047  -24.859 0.3750000000
106111  35.175  2.146  -24.760 0.1250000000
108424  35.091  3.554  -24.928 0.1250000000
106120  35.249  2.067  -25.629 0.1250000000
109525  33.906  4.588  -25.690 0.2500000000
107253  35.395  2.594  -28.266 0.1250000000
106127  35.375  1.767  -26.479 0.1250000000
108447  35.080  3.815  -26.137 0.1250000000
108455  34.930  3.600  -26.956 0.1250000000
109537  34.842  4.076  -27.567 0.1250000000
110552  34.113  4.809  -26.635 0.1250000000
111598  31.471  6.354  -25.742 0.3750000000
109550  35.009  4.107  -28.118 0.1250000000
109552  33.994  4.893  -27.619 0.1250000000
110607  34.289  4.841  -28.932 0.1250000000
110569  33.463  5.245  -27.380 0.1250000000
107257  35.256  2.799  -29.521 0.1250000000
112647  28.271  7.808  -27.440 0.2500000000
110571  31.126  4.929  -28.190 0.1250000000
110609  32.598  5.288  -30.164 0.1250000000
111617  28.642  6.976  -28.376 0.1250000000
111629  28.420  6.304  -29.041 0.1250000000
110593  29.019  5.378  -29.370 0.1250000000
110591  30.638  5.158  -29.174 0.1250000000
109566  34.495  4.376  -30.862 0.1250000000
109541  31.641  4.940  -28.490 0.1250000000
112694  27.945  7.557  -30.192 0.1250000000
112679  27.784  7.197  -29.593 0.1250000000
86550  26.570  -14.614  -17.202 0.7500000000
86567  27.766  -14.494  -17.819 0.7500000000
91992  24.415  -10.648  -16.946 0.5000000000
92039  30.508  -11.416  -20.201 0.6250000000
98046  33.907  -5.484  -24.337 0.1250000000
98054  34.984  -5.343  -24.479 0.1250000000
105052  34.696  0.227  -25.558 0.1250000000
87862  25.334  -13.827  -16.376 0.7500000000
90624  24.041  -11.885  -15.821 0.5000000000
85394  27.881  -15.382  -17.473 0.6250000000
86565  29.450  -14.973  -17.635 0.3750000000
86563  31.026  -14.144  -17.838 0.2500000000
86580  30.322  -13.891  -18.346 0.3750000000
92052  32.382  -10.331  -20.751 0.3750000000
85395  27.203  -15.024  -17.498 0.6250000000
87908  30.784  -13.265  -19.146 0.5000000000
89309  30.742  -12.745  -19.533 0.5000000000
90684  31.558  -12.249  -19.920 0.3750000000
86548  30.234  -14.897  -16.747 0.5000000000
92038  31.150  -11.408  -20.193 0.5000000000
84258  27.844  -16.585  -16.461 0.6250000000
87843  24.579  -13.572  -15.442 0.3750000000
85377  27.073  -15.817  -16.735 0.6250000000
86552  25.495  -14.446  -16.226 0.6250000000
85373  30.296  -15.541  -16.019 0.3750000000
85374  29.626  -15.856  -16.496 0.5000000000
85376  28.192  -16.081  -16.950 0.6250000000
90625  23.349  -11.591  -15.510 0.2500000000
86531  31.111  -14.381  -16.177 0.3750000000
87876  31.253  -13.588  -17.659 0.2500000000
86547  30.951  -14.181  -17.217 0.2500000000
87907  31.197  -13.259  -18.875 0.2500000000
89308  31.318  -12.806  -19.289 0.3750000000
90683  32.168  -11.911  -19.553 0.2500000000
92037  32.326  -11.264  -20.211 0.2500000000
101429  20.594  -2.454  -16.125 0.1250000000
103830  20.635  0.007  -17.255 0.2500000000
93332  33.304  -9.763  -20.188 0.2500000000
106047  22.541  1.676  -19.582 0.3750000000
104958  21.570  1.118  -18.383 0.2500000000
113664  24.751  8.249  -20.940 0.2500000000
102609  20.424  -1.311  -16.625 0.1250000000
100331  20.870  -3.212  -15.921 0.2500000000
94481  23.302  -9.230  -16.649 0.2500000000
104980  22.039  0.981  -19.032 0.3750000000
87909  30.353  -13.145  -19.327 0.5000000000
86566  28.508  -14.931  -17.856 0.6250000000
87894  30.077  -13.501  -18.845 0.5000000000
92036  32.876  -10.382  -20.580 0.2500000000
90641  23.539  -11.237  -16.128 0.3750000000
90640  24.370  -11.357  -16.624 0.3750000000
93294  23.455  -9.865  -16.691 0.2500000000
86551  25.901  -14.463  -16.564 0.6250000000
91994  23.113  -10.739  -16.070 0.3750000000
85375  29.002  -16.173  -16.940 0.6250000000
85392  29.267  -15.612  -17.130 0.5000000000
86564  30.567  -14.367  -17.924 0.2500000000
87859  31.421  -13.432  -16.626 0.2500000000
87893  30.802  -13.678  -18.515 0.3750000000
86549  29.580  -15.295  -16.990 0.5000000000
89244  24.247  -12.618  -15.514 0.3750000000
85378  26.300  -15.134  -16.544 0.6250000000
85356  29.942  -15.955  -15.533 0.3750000000
84256  29.180  -16.373  -16.449 0.5000000000
89294  31.622  -12.724  -18.674 0.2500000000
101416  20.475  -2.559  -15.231 0.1250000000
84242  26.163  -16.575  -15.537 0.5000000000
84239  29.337  -16.628  -15.833 0.2500000000
83117  28.504  -17.205  -15.784 0.3750000000
83135  28.195  -16.925  -16.223 0.5000000000
84241  26.680  -16.485  -16.207 0.5000000000
84243  25.669  -16.469  -15.137 0.3750000000
85359  25.423  -15.680  -15.326 0.5000000000
85358  26.269  -15.829  -16.133 0.5000000000
86534  25.181  -14.503  -15.722 0.3750000000
86533  25.735  -15.004  -16.101 0.5000000000
84212  24.204  -16.714  -13.169 0.1250000000
84225  25.243  -16.700  -14.727 0.3750000000
87826  24.503  -13.874  -14.884 0.2500000000
81766  24.781  -18.444  -13.415 0.1250000000
83100  25.096  -17.631  -14.091 0.2500000000
83099  25.906  -17.563  -14.630 0.3750000000
83095  29.183  -17.223  -15.181 0.2500000000
83097  27.489  -17.904  -14.987 0.3750000000
83119  26.817  -17.447  -15.842 0.5000000000
83084  24.080  -17.680  -12.963 0.1250000000
83120  26.278  -17.282  -15.215 0.3750000000
85327  24.331  -15.847  -13.625 0.1250000000
86519  23.861  -14.391  -14.068 0.1250000000
100450  33.755  -3.645  -24.130 0.1250000000
84257  28.643  -16.615  -16.329 0.3750000000
85357  26.685  -16.041  -16.338 0.5000000000
84259  27.214  -16.888  -16.356 0.5000000000
87844  23.959  -13.010  -15.047 0.2500000000
84224  25.817  -16.932  -15.080 0.5000000000
83116  28.993  -17.021  -15.702 0.3750000000
83137  27.344  -17.351  -16.116 0.3750000000
83118  27.724  -17.585  -15.685 0.3750000000
85341  24.601  -15.837  -14.451 0.2500000000
85342  24.191  -15.123  -14.105 0.1250000000
86518  24.552  -14.567  -14.819 0.1250000000
83083  24.547  -17.421  -13.529 0.1250000000
84213  23.615  -17.015  -12.715 0.1250000000
84211  24.599  -16.626  -13.994 0.2500000000
85328  23.524  -15.944  -12.909 0.1250000000
85326  24.476  -16.115  -14.063 0.1250000000
83096  28.422  -17.771  -14.720 0.2500000000
81781  25.742  -18.243  -14.107 0.2500000000
81779  27.402  -18.640  -14.364 0.2500000000
91993  23.724  -10.487  -16.628 0.2500000000
81782  25.275  -18.269  -13.849 0.1250000000
83098  26.705  -17.891  -14.923 0.2500000000
81780  26.489  -18.487  -14.373 0.2500000000
93295  22.944  -9.960  -16.117 0.1250000000
110488  23.842  5.215  -19.889 0.1250000000
110482  24.106  5.978  -19.617 0.1250000000
111564  23.586  6.448  -19.059 0.1250000000
111567  24.525  6.563  -20.049 0.1250000000
112587  23.084  7.125  -17.735 0.1250000000
112600  23.781  6.898  -19.128 0.1250000000
113656  24.446  8.307  -19.934 0.1250000000
112599  24.074  7.397  -19.335 0.1250000000
113642  24.145  8.465  -17.368 0.1250000000
109441  22.828  4.008  -19.198 0.1250000000
109440  23.346  4.438  -19.477 0.1250000000
104959  21.148  0.774  -17.771 0.1250000000
89245  23.564  -12.273  -15.086 0.1250000000
91971  22.767  -10.712  -15.390 0.1250000000
106027  21.821  1.845  -18.384 0.1250000000
109424  23.028  4.976  -18.741 0.1250000000
110483  23.334  5.584  -19.039 0.1250000000
111556  22.858  6.487  -16.734 0.1250000000
113641  25.073  9.139  -18.172 0.1250000000
113647  24.983  8.841  -19.442 0.1250000000
108342  23.051  3.503  -19.670 0.1250000000
94482  22.817  -8.740  -15.637 0.1250000000
92016  24.201  -10.280  -17.039 0.1250000000
90642  23.069  -11.149  -15.729 0.1250000000
90626  22.912  -11.340  -15.318 0.1250000000
93273  22.656  -9.741  -15.005 0.1250000000
111560  23.236  6.355  -18.174 0.1250000000
112594  23.600  7.754  -18.136 0.1250000000
111555  22.784  7.188  -16.063 0.1250000000
113648  24.328  8.375  -18.756 0.1250000000
111538  22.338  6.179  -15.404 0.1250000000
85355  30.452  -15.482  -15.319 0.1250000000
86516  31.232  -14.520  -14.922 0.1250000000
89260  31.719  -12.949  -17.245 0.1250000000
89277  31.698  -12.921  -17.919 0.1250000000
89293  32.059  -12.352  -18.095 0.1250000000
90670  32.182  -11.945  -18.722 0.1250000000
90655  32.873  -11.076  -17.302 0.1250000000
92013  32.646  -11.378  -18.414 0.1250000000
92012  33.129  -10.562  -18.036 0.1250000000
93310  33.624  -9.305  -18.001 0.1250000000
93322  33.443  -9.670  -19.046 0.1250000000
81778  27.940  -18.271  -14.490 0.1250000000
83081  29.315  -17.284  -13.877 0.1250000000
84210  29.889  -16.675  -13.711 0.1250000000
84222  30.301  -15.954  -14.410 0.1250000000
86517  30.797  -15.136  -15.142 0.1250000000
87842  31.557  -13.702  -15.636 0.1250000000
89243  32.399  -12.663  -15.695 0.1250000000
89259  32.204  -12.530  -16.557 0.1250000000
90639  32.360  -11.983  -17.041 0.1250000000
90637  33.333  -10.773  -16.441 0.1250000000
92011  33.663  -9.794  -17.458 0.1250000000
94511  33.752  -8.944  -19.712 0.1250000000
94497  33.761  -8.800  -18.724 0.1250000000
94522  33.604  -9.078  -20.827 0.1250000000
86532  30.769  -15.068  -15.758 0.1250000000
92026  33.056  -10.578  -19.594 0.1250000000
92027  32.662  -11.334  -19.144 0.1250000000
84223  29.768  -16.411  -14.605 0.1250000000
83082  28.838  -17.965  -13.933 0.1250000000
85339  30.743  -15.458  -14.511 0.1250000000
87841  32.119  -13.197  -15.287 0.1250000000
89276  32.117  -12.417  -17.433 0.1250000000
90656  32.502  -11.632  -17.695 0.1250000000
81761  29.384  -18.207  -13.475 0.1250000000
87825  31.757  -13.656  -14.878 0.1250000000
94510  34.070  -8.078  -19.100 0.1250000000
80389  26.957  -18.967  -14.195 0.1250000000
83136  27.797  -17.160  -16.188 0.5000000000
84240  28.870  -16.880  -15.915 0.3750000000
85340  30.219  -15.827  -14.873 0.1250000000
85393  28.726  -15.583  -17.399 0.5000000000
87858  31.876  -13.050  -15.937 0.1250000000
87860  26.517  -13.790  -17.293 0.7500000000
87877  31.048  -13.966  -18.108 0.2500000000
87878  27.672  -13.732  -17.946 0.7500000000
87892  31.282  -13.401  -18.335 0.2500000000
90671  31.788  -12.362  -19.315 0.3750000000
90699  29.686  -11.043  -20.116 0.7500000000
92057  26.748  -9.936  -19.891 0.8750000000
93323  25.967  -9.841  -18.705 1.0000000000
93334  28.616  -10.013  -19.567 0.8750000000
93337  25.438  -9.184  -19.016 1.0000000000
95694  27.165  -6.967  -21.204 1.0000000000
96815  26.551  -6.346  -21.247 1.0000000000
96833  35.014  -5.947  -24.014 0.1250000000
96842  34.783  -5.626  -24.350 0.1250000000
98024  26.129  -5.648  -21.273 1.0000000000
98045  34.269  -5.604  -24.375 0.1250000000
98055  34.479  -5.306  -24.630 0.1250000000
98056  34.041  -5.230  -24.704 0.1250000000
99230  24.232  -4.604  -20.060 1.0000000000
99276  27.738  -4.042  -21.828 1.0000000000
100376  22.767  -3.317  -19.000 0.8750000000
100434  27.614  -3.571  -21.917 1.0000000000
101510  32.371  -1.956  -21.449 0.6250000000
101537  26.048  -2.488  -22.071 1.0000000000
102596  19.868  -1.511  -16.076 0.1250000000
102652  23.275  -1.587  -20.015 0.8750000000
102670  23.227  -1.350  -20.075 0.8750000000
102683  24.735  -1.558  -21.220 1.0000000000
102697  29.090  -1.355  -21.497 1.0000000000
103897  31.509  -0.956  -21.631 0.7500000000
105043  35.167  1.539  -25.173 0.1250000000
106063  22.477  2.097  -19.547 0.5000000000
106104  26.505  1.655  -22.735 1.0000000000
106105  26.423  1.861  -22.744 1.0000000000
107206  25.032  2.401  -22.158 1.0000000000
107218  26.590  1.869  -22.738 1.0000000000
107219  26.502  2.108  -22.740 1.0000000000
107235  35.279  3.059  -25.391 0.1250000000
108425  34.583  3.576  -24.509 0.3750000000
108426  34.014  3.710  -24.104 0.3750000000
108435  35.044  3.898  -25.409 0.1250000000
108436  34.779  3.952  -24.961 0.3750000000
108448  34.775  4.187  -26.366 0.1250000000
108466  35.144  3.639  -28.689 0.1250000000
109478  33.015  4.201  -23.229 0.3750000000
109479  32.410  4.691  -23.288 0.3750000000
109495  33.938  4.219  -24.693 0.2500000000
109509  34.420  4.279  -25.353 0.1250000000
109523  34.808  4.210  -26.128 0.1250000000
109524  34.411  4.482  -26.223 0.2500000000
109538  34.437  4.561  -27.082 0.1250000000
109539  34.015  5.024  -27.270 0.1250000000
109540  31.936  4.944  -28.842 0.1250000000
109551  34.402  4.521  -27.971 0.1250000000
109554  31.318  5.057  -29.080 0.1250000000
109563  29.856  4.689  -30.153 0.1250000000
109570  29.580  4.886  -30.521 0.1250000000
110568  33.995  5.079  -26.928 0.1250000000
110588  34.283  4.724  -28.449 0.1250000000
110612  29.103  5.198  -30.120 0.1250000000
110613  28.789  5.786  -30.311 0.1250000000
111537  22.648  6.806  -15.687 0.1250000000
111563  24.048  6.656  -19.438 0.1250000000
111570  25.567  6.701  -22.416 0.7500000000
111597  32.038  6.069  -26.158 0.3750000000
111627  30.134  5.604  -28.618 0.1250000000
112595  23.487  7.034  -18.628 0.1250000000
112612  24.847  7.778  -22.254 0.5000000000
112622  30.208  7.372  -24.961 0.3750000000
113681  28.630  8.601  -25.029 0.3750000000
114710  25.865  9.841  -20.551 0.1250000000
114747  26.203  10.497  -25.108 0.2500000000
115751  25.333  10.257  -22.307 0.1250000000
