#!ascii label  , from subject 3071 vox2ras=TkReg
1125
113077  45.683  16.033  46.859 0.0000000000
114669  49.165  17.297  42.840 0.0000000000
108031  53.925  9.628  52.561 0.0000000000
113017  40.428  15.391  49.302 0.0000000000
110608  44.723  12.109  50.723 0.0000000000
112323  43.784  14.374  39.783 0.0000000000
116076  44.494  20.074  46.369 0.0000000000
118966  45.514  23.542  44.422 0.0000000000
108837  50.643  10.822  57.030 0.0000000000
108056  44.754  8.741  51.691 0.0000000000
112282  49.398  13.839  42.640 0.0000000000
110630  51.071  12.823  49.204 0.0000000000
112250  52.291  14.010  47.215 0.0000000000
112995  49.948  15.483  52.109 0.0000000000
120535  49.356  25.396  42.626 0.0000000000
113174  46.876  15.760  38.445 0.0000000000
108083  47.507  8.608  48.083 0.0000000000
113811  43.228  16.413  47.916 0.0000000000
112197  42.168  14.304  50.270 0.0000000000
113012  45.375  15.325  49.518 0.0000000000
113895  44.711  15.959  42.915 0.0000000000
114646  42.388  17.500  45.075 0.0000000000
118929  42.874  23.214  45.752 0.0000000000
108789  49.733  10.733  59.887 0.0000000000
108841  46.878  10.291  56.497 0.0000000000
107090  45.186  8.842  58.296 0.0000000000
119058  48.136  23.567  39.201 0.0000000000
113130  50.414  14.620  41.845 0.0000000000
111468  51.702  13.771  44.715 0.0000000000
113874  51.341  16.015  44.515 0.0000000000
117440  50.129  21.291  50.124 0.0000000000
114585  50.505  17.647  49.717 0.0000000000
115316  49.678  18.894  52.233 0.0000000000
112962  49.547  16.148  54.603 0.0000000000
116113  46.329  19.244  43.292 0.0000000000
116133  45.241  19.297  40.804 0.0000000000
113930  47.720  16.008  41.250 0.0000000000
112332  49.148  13.990  39.396 0.0000000000
108913  52.950  11.170  50.993 0.0000000000
108909  49.850  10.398  52.301 0.0000000000
107178  50.679  8.025  50.867 0.0000000000
109836  42.134  11.193  49.531 0.0000000000
108964  43.169  10.603  47.624 0.0000000000
112367  45.859  14.919  36.439 0.0000000000
112349  41.992  15.070  38.864 0.0000000000
115377  47.106  18.691  44.724 0.0000000000
114609  49.415  17.613  46.140 0.0000000000
123146  43.348  29.944  45.988 0.0000000000
121878  46.525  27.741  45.666 0.0000000000
117472  45.166  22.023  45.387 0.0000000000
108876  52.187  10.307  54.907 0.0000000000
107154  49.998  8.113  52.280 0.0000000000
108896  47.925  10.211  53.818 0.0000000000
108028  42.458  9.181  53.613 0.0000000000
113089  47.492  15.295  44.926 0.0000000000
112253  48.278  14.902  47.891 0.0000000000
111465  50.171  13.842  45.697 0.0000000000
109854  52.677  11.847  47.896 0.0000000000
110604  53.781  12.077  50.122 0.0000000000
113822  51.450  16.799  47.374 0.0000000000
112215  51.416  14.925  49.462 0.0000000000
110579  53.195  12.677  52.829 0.0000000000
111351  51.753  13.472  55.305 0.0000000000
110519  50.489  13.058  57.753 0.0000000000
121244  47.923  25.995  42.036 0.0000000000
117545  48.983  22.123  39.509 0.0000000000
116850  47.272  20.427  39.122 0.0000000000
115447  47.696  18.165  36.998 0.0000000000
111549  47.593  13.731  37.304 0.0000000000
112320  46.890  13.941  40.795 0.0000000000
111397  47.396  13.197  51.483 0.0000000000
108917  46.518  10.614  50.554 0.0000000000
108987  44.540  9.414  45.448 0.0000000000
107197  46.820  7.718  49.576 0.0000000000
113823  44.062  16.427  47.298 0.0000000000
113013  44.223  15.493  49.374 0.0000000000
113033  45.470  15.676  48.390 0.0000000000
113863  44.681  16.541  45.177 0.0000000000
113878  43.806  16.979  44.212 0.0000000000
113864  43.737  17.000  45.421 0.0000000000
113846  42.379  17.143  46.388 0.0000000000
108776  48.649  10.496  60.423 0.0000000000
107941  47.024  9.550  59.083 0.0000000000
107929  46.435  8.764  60.096 0.0000000000
109003  40.933  10.511  45.189 0.0000000000
113911  49.749  16.269  42.459 0.0000000000
113109  51.219  15.212  43.397 0.0000000000
114657  50.716  16.795  43.567 0.0000000000
117421  49.836  21.710  51.739 0.0000000000
116735  50.388  20.934  51.322 0.0000000000
115394  48.101  18.101  43.013 0.0000000000
114671  46.743  17.654  41.982 0.0000000000
113912  48.799  16.226  42.018 0.0000000000
113132  49.147  15.455  41.126 0.0000000000
108047  53.522  9.760  51.873 0.0000000000
108049  52.046  9.357  52.024 0.0000000000
107151  52.493  8.242  52.011 0.0000000000
112226  39.397  14.714  49.752 0.0000000000
112199  40.233  14.094  50.174 0.0000000000
111416  43.124  13.526  50.551 0.0000000000
110610  42.891  12.560  50.477 0.0000000000
109813  43.612  11.700  50.241 0.0000000000
108947  42.684  10.801  48.669 0.0000000000
109834  44.187  10.994  49.629 0.0000000000
112346  44.628  14.272  38.324 0.0000000000
112358  43.724  15.017  37.757 0.0000000000
112337  42.652  14.678  38.980 0.0000000000
113814  40.561  16.560  48.246 0.0000000000
113816  38.707  16.470  48.356 0.0000000000
115370  45.754  19.255  45.763 0.0000000000
115358  46.796  17.985  46.559 0.0000000000
116067  45.061  18.879  47.358 0.0000000000
117462  43.904  21.706  46.140 0.0000000000
118179  44.413  22.681  45.771 0.0000000000
116779  44.975  20.378  45.858 0.0000000000
116790  45.849  20.140  44.973 0.0000000000
108861  51.497  10.663  56.030 0.0000000000
108004  50.023  10.007  54.018 0.0000000000
108863  49.506  10.771  55.720 0.0000000000
107121  43.114  9.099  55.977 0.0000000000
108868  45.203  10.414  55.102 0.0000000000
107131  41.969  8.615  54.575 0.0000000000
112284  47.931  14.546  43.467 0.0000000000
112267  48.769  14.545  45.296 0.0000000000
111472  49.405  14.144  44.375 0.0000000000
112264  52.128  14.071  45.379 0.0000000000
110650  51.935  12.987  46.128 0.0000000000
111451  52.463  13.231  47.172 0.0000000000
110634  53.200  12.098  48.232 0.0000000000
111444  52.814  13.026  48.209 0.0000000000
115343  49.951  18.471  47.486 0.0000000000
114607  51.074  17.629  46.573 0.0000000000
115342  50.786  19.124  47.737 0.0000000000
113801  49.957  16.732  50.432 0.0000000000
113805  50.502  16.400  49.671 0.0000000000
112998  51.060  14.738  51.102 0.0000000000
111392  52.426  13.598  51.367 0.0000000000
111386  51.900  13.671  52.702 0.0000000000
110566  52.556  12.865  54.238 0.0000000000
111377  50.909  13.829  54.107 0.0000000000
112939  49.256  15.953  55.330 0.0000000000
112119  50.259  14.549  56.387 0.0000000000
121243  48.823  26.075  42.196 0.0000000000
119805  49.266  23.918  40.542 0.0000000000
119027  49.473  23.790  41.285 0.0000000000
119739  46.826  24.933  45.353 0.0000000000
121208  47.714  26.361  45.763 0.0000000000
119773  46.671  24.911  43.908 0.0000000000
115425  45.708  18.143  39.442 0.0000000000
116836  45.968  20.644  40.009 0.0000000000
115424  46.209  18.676  38.771 0.0000000000
116155  47.317  19.452  38.025 0.0000000000
114708  47.191  17.209  37.569 0.0000000000
113974  47.551  16.130  36.929 0.0000000000
113173  47.707  15.002  38.094 0.0000000000
111498  49.340  13.406  41.369 0.0000000000
111514  47.833  13.537  40.563 0.0000000000
112306  48.024  13.774  41.648 0.0000000000
112295  47.145  14.647  42.565 0.0000000000
111446  49.668  14.038  48.569 0.0000000000
112191  48.289  14.510  50.029 0.0000000000
111394  49.567  13.505  50.830 0.0000000000
108061  48.873  9.021  50.188 0.0000000000
108916  47.406  10.355  50.875 0.0000000000
108943  47.239  9.390  48.756 0.0000000000
108962  45.653  9.759  47.250 0.0000000000
108085  46.373  9.309  47.165 0.0000000000
107169  47.834  8.387  51.838 0.0000000000
106364  47.593  7.683  50.894 0.0000000000
107182  45.983  8.221  50.240 0.0000000000
113037  41.414  15.902  48.717 0.0000000000
112224  41.288  14.829  49.742 0.0000000000
113014  43.265  15.360  49.597 0.0000000000
113003  43.767  14.939  50.158 0.0000000000
111414  44.784  14.112  50.848 0.0000000000
113124  44.256  15.519  41.688 0.0000000000
113826  41.616  16.873  47.509 0.0000000000
108819  50.634  10.938  58.172 0.0000000000
108839  48.739  10.771  56.658 0.0000000000
107956  47.833  10.168  58.150 0.0000000000
107959  45.549  9.384  57.719 0.0000000000
111485  50.445  13.788  42.167 0.0000000000
111477  50.587  13.670  43.171 0.0000000000
111476  51.021  13.836  43.010 0.0000000000
113098  51.512  14.946  44.537 0.0000000000
113088  51.721  15.001  45.453 0.0000000000
116757  50.142  20.656  49.668 0.0000000000
116057  51.158  19.370  48.628 0.0000000000
116043  50.403  19.935  50.628 0.0000000000
115323  49.960  19.049  51.137 0.0000000000
113798  49.582  16.418  52.152 0.0000000000
112978  50.154  15.108  53.821 0.0000000000
114568  49.480  17.795  53.188 0.0000000000
114535  48.857  17.646  54.429 0.0000000000
113767  47.943  17.375  54.446 0.0000000000
121888  48.553  27.309  44.567 0.0000000000
116811  44.739  21.017  43.135 0.0000000000
118246  44.586  21.817  41.856 0.0000000000
116123  45.226  19.437  41.951 0.0000000000
114680  45.738  17.742  40.871 0.0000000000
113944  46.565  16.145  40.212 0.0000000000
113163  47.861  14.770  39.169 0.0000000000
113148  49.063  14.976  40.103 0.0000000000
112318  50.034  14.100  40.594 0.0000000000
110605  52.232  12.090  49.972 0.0000000000
109795  50.599  12.107  51.977 0.0000000000
108907  51.651  10.820  52.310 0.0000000000
108051  50.123  9.135  51.453 0.0000000000
107195  49.245  8.088  49.470 0.0000000000
107175  42.126  8.484  51.313 0.0000000000
107185  42.777  8.277  49.948 0.0000000000
109838  40.113  11.124  49.604 0.0000000000
111418  41.049  13.328  50.305 0.0000000000
109815  41.513  11.763  50.122 0.0000000000
108949  40.622  10.670  48.852 0.0000000000
108966  41.032  10.529  47.912 0.0000000000
108978  41.371  10.589  46.914 0.0000000000
108989  42.741  10.431  45.670 0.0000000000
113975  45.045  16.100  36.628 0.0000000000
113968  43.150  16.239  38.828 0.0000000000
115384  48.538  18.275  43.784 0.0000000000
114645  48.982  17.753  44.500 0.0000000000
115367  47.983  17.838  45.109 0.0000000000
114593  48.457  17.535  47.198 0.0000000000
115337  48.029  18.277  48.566 0.0000000000
116759  48.601  20.160  49.746 0.0000000000
117442  48.880  21.077  49.950 0.0000000000
123156  44.698  29.068  45.687 0.0000000000
121210  45.783  26.642  45.334 0.0000000000
118926  45.703  23.763  45.371 0.0000000000
118191  45.439  22.824  45.078 0.0000000000
116801  45.524  20.777  44.602 0.0000000000
116105  46.516  19.455  43.885 0.0000000000
108000  53.163  9.860  53.827 0.0000000000
107141  52.557  8.436  52.664 0.0000000000
108019  51.231  9.000  53.510 0.0000000000
107145  49.149  9.143  52.884 0.0000000000
108039  46.403  9.635  52.421 0.0000000000
108865  47.551  10.690  55.554 0.0000000000
108025  45.619  10.022  53.602 0.0000000000
108041  44.301  9.140  52.324 0.0000000000
113842  46.087  16.039  45.502 0.0000000000
113058  46.484  15.661  47.456 0.0000000000
113074  48.193  15.142  46.202 0.0000000000
112251  49.347  14.285  46.947 0.0000000000
111452  50.947  13.198  47.450 0.0000000000
111464  50.891  13.348  45.436 0.0000000000
110652  51.495  12.754  47.001 0.0000000000
110636  51.990  12.120  48.251 0.0000000000
109831  52.643  11.679  49.001 0.0000000000
108924  53.669  11.262  50.541 0.0000000000
109782  54.209  10.957  51.465 0.0000000000
114627  50.601  17.453  45.371 0.0000000000
113841  51.442  16.540  46.391 0.0000000000
113055  51.658  15.769  47.201 0.0000000000
114587  51.385  18.108  48.509 0.0000000000
113030  51.653  15.648  48.247 0.0000000000
112239  52.133  14.356  48.221 0.0000000000
111408  52.692  13.482  50.298 0.0000000000
111391  53.281  12.956  51.159 0.0000000000
109775  53.779  11.451  52.773 0.0000000000
109769  53.506  11.421  53.763 0.0000000000
109765  53.116  11.605  55.729 0.0000000000
109745  52.319  11.824  57.170 0.0000000000
112155  50.905  14.101  55.165 0.0000000000
110535  51.670  13.312  56.654 0.0000000000
109728  51.764  12.068  57.747 0.0000000000
109714  50.489  12.084  59.197 0.0000000000
119793  47.800  24.629  40.751 0.0000000000
118291  48.805  22.471  39.007 0.0000000000
116888  48.607  20.462  37.619 0.0000000000
118225  46.011  23.390  41.609 0.0000000000
118224  48.994  23.510  41.758 0.0000000000
117546  48.504  21.521  39.338 0.0000000000
116168  48.345  19.742  37.590 0.0000000000
114720  48.058  17.990  36.406 0.0000000000
113984  47.506  16.362  36.211 0.0000000000
112366  46.633  14.496  36.689 0.0000000000
111527  45.512  13.667  38.961 0.0000000000
111540  48.285  13.192  38.456 0.0000000000
111526  46.339  13.518  39.281 0.0000000000
112321  46.011  14.123  40.291 0.0000000000
113122  45.860  15.221  42.352 0.0000000000
113112  46.057  15.579  43.375 0.0000000000
113010  46.805  15.379  48.725 0.0000000000
112193  46.538  14.372  50.794 0.0000000000
110593  46.012  12.444  51.197 0.0000000000
110582  48.668  11.807  51.974 0.0000000000
109798  46.703  11.353  51.277 0.0000000000
109799  45.619  11.428  50.746 0.0000000000
108945  45.047  10.455  48.856 0.0000000000
108963  44.334  10.325  47.503 0.0000000000
106345  50.997  7.621  51.639 0.0000000000
106376  48.615  7.431  49.609 0.0000000000
106404  47.473  7.868  48.175 0.0000000000
107200  44.005  8.304  49.034 0.0000000000
107235  46.156  8.673  47.160 0.0000000000
106281  44.549  7.348  59.326 0.0000000000
106298  43.655  7.610  57.755 0.0000000000
113844  44.669  16.403  46.499 0.0000000000
113060  44.881  15.999  47.538 0.0000000000
113078  45.195  15.996  47.134 0.0000000000
113843  45.558  16.257  45.903 0.0000000000
113845  43.492  16.826  46.426 0.0000000000
107915  47.505  9.384  60.705 0.0000000000
114668  50.250  16.841  42.966 0.0000000000
114658  50.160  17.367  43.585 0.0000000000
108046  54.022  9.760  51.972 0.0000000000
107163  53.075  9.264  51.874 0.0000000000
107140  53.136  8.733  52.414 0.0000000000
113018  39.491  15.365  49.343 0.0000000000
112225  40.348  14.753  49.726 0.0000000000
110609  44.117  12.559  50.682 0.0000000000
109812  44.722  11.468  50.341 0.0000000000
112335  44.640  13.945  39.177 0.0000000000
112336  43.601  14.317  38.999 0.0000000000
112324  42.869  14.591  39.590 0.0000000000
113038  40.494  15.955  48.789 0.0000000000
113815  39.629  16.505  48.321 0.0000000000
113039  39.565  15.947  48.850 0.0000000000
116075  45.059  19.465  46.302 0.0000000000
115359  45.788  18.686  46.449 0.0000000000
116781  43.558  20.825  46.579 0.0000000000
116780  44.425  20.918  46.039 0.0000000000
116086  45.515  19.957  45.559 0.0000000000
108862  50.470  10.637  55.909 0.0000000000
107993  43.117  9.314  55.362 0.0000000000
112283  49.026  14.277  43.133 0.0000000000
112275  48.897  14.278  44.338 0.0000000000
111479  49.409  14.054  43.972 0.0000000000
112257  52.315  13.956  46.334 0.0000000000
111457  52.196  13.366  46.255 0.0000000000
115335  50.232  19.075  48.122 0.0000000000
115334  50.630  19.273  48.043 0.0000000000
113802  49.739  15.995  51.296 0.0000000000
112999  50.503  15.329  50.745 0.0000000000
112994  50.596  14.759  51.907 0.0000000000
112180  51.450  14.192  51.708 0.0000000000
112181  51.057  14.306  52.291 0.0000000000
112163  51.059  14.052  53.228 0.0000000000
112985  50.276  14.886  52.891 0.0000000000
112926  48.949  15.600  55.795 0.0000000000
121234  48.946  26.730  42.898 0.0000000000
121901  48.310  27.120  42.944 0.0000000000
121242  49.267  25.956  42.554 0.0000000000
120540  49.359  25.378  41.921 0.0000000000
119781  49.566  24.605  41.957 0.0000000000
118944  46.460  24.300  45.106 0.0000000000
119764  46.607  24.640  44.580 0.0000000000
118987  45.515  23.629  43.311 0.0000000000
114701  45.957  17.445  39.219 0.0000000000
115435  46.127  17.848  38.738 0.0000000000
114709  46.513  17.338  38.394 0.0000000000
115434  46.709  18.084  38.203 0.0000000000
113966  46.641  16.533  38.305 0.0000000000
113965  47.217  15.886  37.688 0.0000000000
111487  49.080  13.571  41.938 0.0000000000
111499  48.504  13.584  41.455 0.0000000000
111488  48.664  13.669  42.003 0.0000000000
112294  48.210  14.021  42.255 0.0000000000
111437  50.270  13.539  49.356 0.0000000000
111438  49.367  14.147  49.406 0.0000000000
111409  49.920  13.596  50.303 0.0000000000
108071  48.576  8.647  49.371 0.0000000000
108062  48.143  9.223  49.637 0.0000000000
108072  47.901  8.890  48.824 0.0000000000
108073  47.291  9.195  48.251 0.0000000000
108084  46.943  9.165  47.607 0.0000000000
108054  46.181  9.013  51.773 0.0000000000
107171  46.077  8.579  51.029 0.0000000000
107172  45.095  8.489  51.062 0.0000000000
113812  42.407  16.403  48.079 0.0000000000
113036  42.351  15.865  48.733 0.0000000000
113035  43.292  15.896  48.669 0.0000000000
113001  44.814  15.193  49.939 0.0000000000
112195  44.279  14.536  50.508 0.0000000000
112194  45.316  14.589  50.589 0.0000000000
113914  44.394  15.754  42.173 0.0000000000
113915  43.722  15.976  41.973 0.0000000000
113896  43.852  16.603  43.067 0.0000000000
113879  42.626  17.335  44.394 0.0000000000
113897  42.884  16.984  43.197 0.0000000000
113825  42.407  16.749  47.319 0.0000000000
113847  41.589  17.120  46.816 0.0000000000
113813  41.506  16.511  48.175 0.0000000000
108802  49.738  10.782  58.944 0.0000000000
108803  48.899  10.528  58.664 0.0000000000
107939  48.352  10.186  58.754 0.0000000000
107073  45.723  8.837  58.983 0.0000000000
107958  46.306  9.419  58.246 0.0000000000
107089  45.669  9.130  58.305 0.0000000000
107960  44.849  9.268  57.591 0.0000000000
107091  44.342  8.438  57.996 0.0000000000
119823  47.472  23.742  39.225 0.0000000000
119059  47.521  23.630  38.701 0.0000000000
112304  50.459  13.972  41.524 0.0000000000
111484  50.872  13.970  42.518 0.0000000000
112291  50.721  14.246  42.234 0.0000000000
113892  51.355  15.413  43.926 0.0000000000
113860  51.473  16.154  45.520 0.0000000000
116743  50.377  20.758  50.274 0.0000000000
116032  50.051  19.846  51.848 0.0000000000
115315  49.872  19.288  51.737 0.0000000000
115324  49.653  18.144  51.458 0.0000000000
114577  49.524  17.529  52.233 0.0000000000
113789  49.417  16.719  53.074 0.0000000000
115285  48.912  18.429  53.995 0.0000000000
115274  48.841  18.029  54.170 0.0000000000
114527  48.684  17.301  54.625 0.0000000000
115276  48.248  18.277  54.027 0.0000000000
116818  45.101  20.021  42.967 0.0000000000
116115  45.040  19.870  42.519 0.0000000000
115396  45.681  18.850  42.334 0.0000000000
114678  47.198  16.676  41.401 0.0000000000
115405  46.280  17.852  41.918 0.0000000000
114679  46.472  17.208  41.169 0.0000000000
114688  46.241  16.874  40.363 0.0000000000
113943  47.253  15.754  40.564 0.0000000000
113149  48.058  15.321  40.162 0.0000000000
113133  48.509  15.541  40.794 0.0000000000
113131  49.881  14.873  41.341 0.0000000000
113147  49.534  14.726  40.628 0.0000000000
112305  50.280  14.254  41.215 0.0000000000
111510  50.308  13.706  41.181 0.0000000000
109810  52.687  11.606  49.990 0.0000000000
109793  52.171  11.858  51.009 0.0000000000
108906  52.416  10.875  51.841 0.0000000000
107165  51.760  8.567  51.680 0.0000000000
108050  51.154  9.133  51.897 0.0000000000
107167  50.474  8.340  51.091 0.0000000000
107180  49.475  8.308  50.196 0.0000000000
107179  50.117  8.144  50.609 0.0000000000
109817  39.516  11.743  50.085 0.0000000000
109816  40.504  11.728  50.152 0.0000000000
112223  42.175  14.953  49.770 0.0000000000
112198  41.197  14.136  50.129 0.0000000000
109814  42.543  11.772  50.139 0.0000000000
110611  41.829  12.526  50.367 0.0000000000
109837  41.113  11.210  49.522 0.0000000000
108948  41.642  10.744  48.744 0.0000000000
108965  42.078  10.652  47.758 0.0000000000
108977  42.451  10.616  46.708 0.0000000000
113199  46.545  16.076  35.585 0.0000000000
113192  45.695  15.688  35.877 0.0000000000
112348  42.547  14.953  38.675 0.0000000000
113176  43.433  15.334  38.207 0.0000000000
113177  42.383  15.425  38.946 0.0000000000
113166  41.654  15.422  39.228 0.0000000000
115376  48.028  18.185  44.651 0.0000000000
114612  47.231  17.691  46.927 0.0000000000
114588  48.390  17.895  47.996 0.0000000000
116760  47.677  19.983  49.980 0.0000000000
123145  44.393  29.810  46.095 0.0000000000
123157  43.728  29.214  45.502 0.0000000000
121880  44.428  27.566  45.081 0.0000000000
120515  45.038  25.743  45.174 0.0000000000
120514  45.990  25.555  45.495 0.0000000000
117461  44.786  21.981  45.767 0.0000000000
117460  45.022  22.291  45.534 0.0000000000
118178  45.116  22.857  45.377 0.0000000000
117482  45.375  21.809  44.901 0.0000000000
117491  45.142  21.319  44.321 0.0000000000
115378  46.704  19.001  44.855 0.0000000000
116095  46.429  19.428  44.694 0.0000000000
116104  46.831  19.070  44.313 0.0000000000
115385  47.373  18.754  43.764 0.0000000000
108001  52.698  9.764  53.952 0.0000000000
108018  52.301  8.935  53.461 0.0000000000
108002  51.725  9.723  54.086 0.0000000000
108895  48.704  10.153  53.866 0.0000000000
108021  49.403  9.655  53.497 0.0000000000
108022  48.568  9.536  53.119 0.0000000000
108038  47.459  9.342  52.378 0.0000000000
108023  47.657  9.783  53.125 0.0000000000
108840  47.819  10.562  56.513 0.0000000000
108866  46.641  10.585  55.452 0.0000000000
108007  43.698  9.690  54.533 0.0000000000
108005  45.332  10.110  54.207 0.0000000000
108026  44.516  9.739  53.464 0.0000000000
108042  43.124  9.097  52.642 0.0000000000
108043  42.256  9.003  52.857 0.0000000000
113090  46.583  15.720  45.207 0.0000000000
113075  47.632  15.375  46.019 0.0000000000
112258  49.439  14.306  45.998 0.0000000000
112259  48.621  14.768  46.236 0.0000000000
111453  50.032  13.868  47.648 0.0000000000
111459  50.156  13.791  46.682 0.0000000000
111469  51.385  13.611  44.135 0.0000000000
111470  50.747  13.481  44.252 0.0000000000
111463  51.337  13.390  45.100 0.0000000000
110651  51.834  12.709  46.699 0.0000000000
110644  52.132  12.201  47.684 0.0000000000
110645  51.586  12.488  47.714 0.0000000000
109832  52.332  11.901  48.588 0.0000000000
109848  52.793  11.613  48.340 0.0000000000
110627  53.593  11.902  49.471 0.0000000000
109829  53.585  11.621  49.966 0.0000000000
110603  53.913  11.859  50.428 0.0000000000
109791  54.006  11.367  50.810 0.0000000000
110585  53.935  11.833  50.610 0.0000000000
114628  49.643  17.565  45.306 0.0000000000
114644  49.982  17.537  44.444 0.0000000000
115326  51.270  18.906  49.310 0.0000000000
115333  51.365  18.887  48.819 0.0000000000
114584  51.187  18.333  49.243 0.0000000000
113009  50.796  15.403  49.775 0.0000000000
113008  51.034  16.097  48.979 0.0000000000
112240  51.801  14.754  48.798 0.0000000000
112214  52.125  14.144  49.395 0.0000000000
111384  53.018  13.040  51.799 0.0000000000
110578  53.498  12.391  52.164 0.0000000000
110571  53.458  12.236  53.198 0.0000000000
111367  51.856  13.296  54.416 0.0000000000
110558  52.848  12.491  54.917 0.0000000000
110533  52.613  12.741  55.458 0.0000000000
109744  52.809  11.991  56.494 0.0000000000
110534  52.288  13.149  56.136 0.0000000000
112979  49.739  16.021  53.877 0.0000000000
112156  50.546  14.472  54.695 0.0000000000
112961  49.957  15.370  54.605 0.0000000000
111326  50.654  14.058  56.777 0.0000000000
112118  50.643  14.503  55.964 0.0000000000
111310  50.798  13.700  56.912 0.0000000000
110518  51.157  13.013  57.261 0.0000000000
110505  50.674  12.781  57.994 0.0000000000
109713  50.976  12.320  58.378 0.0000000000
121236  47.248  26.806  42.475 0.0000000000
121903  46.594  27.843  42.865 0.0000000000
121237  46.222  26.922  42.357 0.0000000000
120542  47.559  25.176  41.234 0.0000000000
119042  49.390  23.485  40.540 0.0000000000
119043  49.151  23.588  40.132 0.0000000000
118290  49.119  22.446  39.504 0.0000000000
117566  48.720  21.528  38.593 0.0000000000
116827  44.976  20.352  41.345 0.0000000000
118245  45.196  22.446  41.426 0.0000000000
117526  45.443  21.028  40.584 0.0000000000
117548  46.800  21.046  39.586 0.0000000000
118265  46.614  22.256  40.492 0.0000000000
117524  47.236  21.875  40.005 0.0000000000
118263  48.181  22.569  41.004 0.0000000000
117507  48.989  22.620  40.917 0.0000000000
117547  47.793  21.225  39.532 0.0000000000
115433  47.205  18.528  37.610 0.0000000000
116154  48.117  19.839  38.304 0.0000000000
115432  47.842  19.148  37.484 0.0000000000
115446  48.213  18.854  36.935 0.0000000000
114732  47.826  17.265  35.963 0.0000000000
114721  47.707  17.169  36.652 0.0000000000
112365  47.501  14.349  36.928 0.0000000000
111550  47.075  13.910  37.080 0.0000000000
111543  46.100  13.814  37.751 0.0000000000
111535  46.086  13.536  38.372 0.0000000000
112333  48.598  14.264  38.919 0.0000000000
112343  48.575  13.683  38.664 0.0000000000
111532  48.694  13.160  39.057 0.0000000000
111525  47.472  13.200  39.406 0.0000000000
111515  46.895  13.610  40.054 0.0000000000
112309  45.413  14.615  40.943 0.0000000000
112308  46.330  14.586  41.533 0.0000000000
113111  46.937  15.063  43.406 0.0000000000
113100  46.823  15.556  44.204 0.0000000000
113091  46.051  15.869  44.945 0.0000000000
113057  47.660  15.389  47.326 0.0000000000
113031  47.115  15.341  48.251 0.0000000000
112243  47.988  14.949  48.418 0.0000000000
111411  48.285  13.959  50.734 0.0000000000
112192  47.450  14.530  50.370 0.0000000000
111412  47.495  13.864  51.015 0.0000000000
111398  46.383  13.491  51.232 0.0000000000
111413  46.965  13.762  51.180 0.0000000000
109786  49.979  11.715  52.298 0.0000000000
110580  49.565  12.376  51.959 0.0000000000
109787  48.966  11.217  51.971 0.0000000000
109797  47.932  11.197  51.686 0.0000000000
108929  45.866  10.453  49.820 0.0000000000
108930  45.139  10.827  49.830 0.0000000000
108975  44.604  9.966  46.291 0.0000000000
108988  43.826  10.167  45.399 0.0000000000
107153  50.937  7.785  52.252 0.0000000000
107152  51.833  7.767  52.171 0.0000000000
106346  50.192  7.589  51.732 0.0000000000
106377  47.682  7.505  49.999 0.0000000000
106363  48.454  7.458  50.573 0.0000000000
106392  47.770  7.562  48.931 0.0000000000
107211  46.809  7.862  48.601 0.0000000000
106365  42.470  7.971  49.202 0.0000000000
107184  44.046  8.366  50.006 0.0000000000
107201  43.180  8.268  48.838 0.0000000000
113810  43.697  16.383  47.688 0.0000000000
113034  44.284  15.980  48.321 0.0000000000
113877  44.738  16.518  43.995 0.0000000000
113865  42.815  17.207  45.567 0.0000000000
114631  42.126  17.471  45.532 0.0000000000
113824  43.210  16.659  47.184 0.0000000000
108775  49.753  11.023  60.351 0.0000000000
107926  48.345  10.102  59.292 0.0000000000
107914  48.160  10.069  60.127 0.0000000000
107942  46.361  9.027  59.483 0.0000000000
113119  50.229  15.469  42.111 0.0000000000
113118  50.875  15.094  42.681 0.0000000000
113910  50.501  16.076  42.775 0.0000000000
114667  50.624  16.474  43.184 0.0000000000
113875  51.074  16.560  43.956 0.0000000000
118130  50.146  22.002  51.149 0.0000000000
117423  50.299  21.588  50.715 0.0000000000
117420  50.280  21.594  51.241 0.0000000000
116019  49.606  19.869  52.715 0.0000000000
115395  46.640  18.496  42.603 0.0000000000
114670  47.661  17.115  42.049 0.0000000000
113913  48.167  16.336  41.693 0.0000000000
113929  48.449  15.871  41.425 0.0000000000
113120  49.547  15.643  41.845 0.0000000000
108912  53.545  10.765  51.224 0.0000000000
108033  52.544  10.325  51.941 0.0000000000
108048  52.878  10.017  51.871 0.0000000000
107164  52.492  8.739  51.864 0.0000000000
106351  51.641  8.029  51.487 0.0000000000
111417  42.046  13.407  50.438 0.0000000000
109835  43.171  11.135  49.551 0.0000000000
108946  43.786  10.725  48.650 0.0000000000
112356  45.566  14.376  37.364 0.0000000000
113182  45.129  15.223  36.930 0.0000000000
112357  44.414  14.807  37.686 0.0000000000
112347  43.489  14.682  38.311 0.0000000000
112338  41.834  14.971  39.078 0.0000000000
113828  39.657  16.897  47.620 0.0000000000
113040  38.630  15.883  48.844 0.0000000000
113019  38.561  15.335  49.371 0.0000000000
115369  46.498  18.795  45.449 0.0000000000
115368  47.492  17.934  45.540 0.0000000000
115347  45.985  18.378  47.487 0.0000000000
118180  43.395  22.515  46.038 0.0000000000
117473  44.950  21.367  45.647 0.0000000000
116791  45.319  20.930  45.324 0.0000000000
116085  46.031  19.537  45.273 0.0000000000
108877  51.152  10.317  54.957 0.0000000000
108878  50.216  10.416  54.846 0.0000000000
108879  49.245  10.413  54.562 0.0000000000
107973  45.233  9.852  56.781 0.0000000000
108843  45.368  10.305  55.858 0.0000000000
107991  44.716  10.048  55.853 0.0000000000
108008  42.795  9.266  54.584 0.0000000000
113099  47.487  15.074  44.005 0.0000000000
112276  48.133  14.777  44.591 0.0000000000
112266  49.449  14.241  45.096 0.0000000000
112272  51.891  13.880  44.939 0.0000000000
110657  51.620  13.282  45.617 0.0000000000
110643  52.411  12.504  47.447 0.0000000000
109847  53.056  11.711  48.103 0.0000000000
110635  52.728  12.662  47.746 0.0000000000
111443  53.275  12.278  48.768 0.0000000000
111435  53.306  12.485  49.316 0.0000000000
115356  49.980  17.903  46.787 0.0000000000
114608  50.262  17.710  46.203 0.0000000000
115355  50.605  18.264  47.045 0.0000000000
115354  51.135  18.519  47.325 0.0000000000
114591  51.390  17.928  47.643 0.0000000000
112189  50.829  15.019  50.234 0.0000000000
112188  51.259  14.652  50.566 0.0000000000
112187  51.969  14.139  50.351 0.0000000000
112179  51.812  14.150  51.004 0.0000000000
111393  52.104  13.584  52.061 0.0000000000
111385  52.718  13.169  52.494 0.0000000000
110572  52.955  12.822  53.410 0.0000000000
111375  52.276  13.305  53.499 0.0000000000
111376  51.372  13.715  53.638 0.0000000000
111368  51.122  13.787  54.683 0.0000000000
112137  50.074  14.925  55.426 0.0000000000
112138  49.686  15.024  55.806 0.0000000000
112110  49.868  14.590  56.832 0.0000000000
121895  47.278  28.030  43.371 0.0000000000
121902  47.658  27.359  42.932 0.0000000000
120541  48.700  25.387  41.462 0.0000000000
119791  49.361  24.496  41.044 0.0000000000
118262  49.395  22.990  40.739 0.0000000000
121209  46.811  26.551  45.591 0.0000000000
120513  46.980  25.717  45.565 0.0000000000
119763  47.194  25.201  44.265 0.0000000000
116134  45.401  19.587  40.229 0.0000000000
116853  45.448  19.961  40.066 0.0000000000
116143  45.704  19.281  39.711 0.0000000000
116851  46.375  20.164  39.516 0.0000000000
116142  46.705  19.627  38.784 0.0000000000
116156  46.723  18.935  38.141 0.0000000000
113181  47.653  15.051  37.144 0.0000000000
112354  48.159  14.081  37.421 0.0000000000
111523  49.241  13.246  39.915 0.0000000000
111524  48.393  13.053  39.651 0.0000000000
111513  48.862  13.309  40.578 0.0000000000
111500  47.964  13.703  41.300 0.0000000000
112307  47.511  14.079  41.497 0.0000000000
112296  46.428  14.875  42.329 0.0000000000
112285  47.339  14.763  43.250 0.0000000000
112242  48.828  14.507  48.411 0.0000000000
112218  48.589  14.542  49.247 0.0000000000
111439  48.987  14.331  48.972 0.0000000000
111410  49.105  14.147  50.356 0.0000000000
111395  49.099  13.482  51.151 0.0000000000
108914  49.172  10.115  51.647 0.0000000000
109796  48.621  10.642  51.631 0.0000000000
108915  48.429  10.012  51.120 0.0000000000
108928  47.175  9.739  49.673 0.0000000000
108944  46.472  9.670  48.435 0.0000000000
108961  46.415  9.483  47.539 0.0000000000
108974  45.266  9.329  46.214 0.0000000000
107168  48.478  7.925  51.779 0.0000000000
106356  47.649  7.985  51.340 0.0000000000
107181  46.830  7.886  50.529 0.0000000000
113016  41.344  15.416  49.279 0.0000000000
113015  42.219  15.467  49.345 0.0000000000
112222  42.724  15.142  49.791 0.0000000000
112196  43.213  14.622  50.297 0.0000000000
111415  44.244  13.644  50.869 0.0000000000
111400  44.760  13.158  51.096 0.0000000000
113151  43.964  14.715  40.500 0.0000000000
113152  43.175  14.770  40.338 0.0000000000
113933  42.594  15.891  41.577 0.0000000000
114614  41.406  17.425  46.082 0.0000000000
113848  41.103  17.115  47.051 0.0000000000
113827  40.598  17.041  47.384 0.0000000000
118930  42.273  23.048  45.777 0.0000000000
118181  42.312  22.562  46.171 0.0000000000
108838  49.702  10.749  56.834 0.0000000000
108820  49.798  10.666  57.911 0.0000000000
108822  48.010  10.401  57.503 0.0000000000
108823  47.327  10.225  57.194 0.0000000000
107940  47.854  9.921  58.747 0.0000000000
107957  47.287  9.933  58.041 0.0000000000
107972  46.131  9.777  57.107 0.0000000000
107974  44.212  9.525  56.935 0.0000000000
107105  43.359  8.638  56.776 0.0000000000
111486  49.770  13.628  42.255 0.0000000000
111478  49.885  13.815  43.397 0.0000000000
113117  51.247  14.687  43.220 0.0000000000
112281  51.422  14.126  43.520 0.0000000000
112273  51.744  14.136  44.466 0.0000000000
112265  51.773  14.499  44.963 0.0000000000
113087  52.131  14.400  45.867 0.0000000000
113072  52.104  14.643  46.381 0.0000000000
116050  50.063  19.850  49.137 0.0000000000
116058  50.677  19.402  48.395 0.0000000000
116049  50.612  19.763  49.443 0.0000000000
115327  50.811  18.929  49.925 0.0000000000
114581  49.925  17.989  50.549 0.0000000000
114582  49.600  17.139  51.303 0.0000000000
112986  49.768  15.738  52.994 0.0000000000
113783  49.453  16.931  53.943 0.0000000000
114553  49.222  17.782  53.985 0.0000000000
113766  49.237  16.970  54.606 0.0000000000
113755  48.906  17.045  54.794 0.0000000000
113756  48.389  16.844  54.837 0.0000000000
112940  48.472  16.033  55.569 0.0000000000
121229  48.959  26.665  43.807 0.0000000000
117492  44.598  21.741  43.624 0.0000000000
118214  44.804  22.852  43.458 0.0000000000
117499  44.532  21.451  42.591 0.0000000000
116828  44.661  20.473  41.947 0.0000000000
115406  45.662  18.303  41.589 0.0000000000
115416  45.534  18.324  40.441 0.0000000000
114689  45.827  17.368  40.119 0.0000000000
113945  46.174  16.718  39.884 0.0000000000
113954  46.374  16.296  39.181 0.0000000000
113164  46.972  15.440  39.164 0.0000000000
113162  48.575  14.667  39.500 0.0000000000
112319  49.522  14.304  40.099 0.0000000000
112331  49.566  13.799  40.058 0.0000000000
111512  49.590  13.308  40.745 0.0000000000
111497  50.004  13.358  41.436 0.0000000000
110606  51.577  12.517  49.945 0.0000000000
110607  50.766  13.028  50.198 0.0000000000
110588  51.316  12.469  50.799 0.0000000000
109785  51.008  11.528  52.179 0.0000000000
108908  50.752  10.715  52.361 0.0000000000
108034  52.236  10.203  52.187 0.0000000000
108036  50.640  9.824  52.180 0.0000000000
108052  49.239  9.417  51.018 0.0000000000
107196  48.674  8.270  48.889 0.0000000000
107174  43.243  8.587  50.976 0.0000000000
107173  44.245  8.500  50.925 0.0000000000
109839  39.145  11.164  49.584 0.0000000000
110612  40.819  12.492  50.363 0.0000000000
108950  39.626  10.680  48.945 0.0000000000
108967  40.016  10.562  48.057 0.0000000000
108990  41.672  10.556  45.925 0.0000000000
113183  44.224  15.491  37.630 0.0000000000
113967  43.966  16.003  38.103 0.0000000000
113153  42.335  14.950  40.154 0.0000000000
112325  42.045  14.890  39.499 0.0000000000
115393  48.793  17.886  43.342 0.0000000000
114659  49.312  17.760  43.719 0.0000000000
114629  48.510  17.662  45.377 0.0000000000
114630  48.040  17.603  45.892 0.0000000000
114610  48.579  17.534  46.322 0.0000000000
114592  49.326  17.687  46.971 0.0000000000
115344  49.112  17.991  47.663 0.0000000000
116051  49.164  19.432  49.093 0.0000000000
116758  49.472  20.449  49.575 0.0000000000
117441  49.655  21.275  49.922 0.0000000000
122553  45.805  28.528  45.812 0.0000000000
122555  44.066  28.387  45.211 0.0000000000
121879  45.385  27.589  45.379 0.0000000000
119740  46.160  24.640  45.396 0.0000000000
118945  46.112  23.815  44.968 0.0000000000
118928  43.984  23.579  45.484 0.0000000000
118177  45.387  23.333  45.347 0.0000000000
118190  45.561  23.306  45.192 0.0000000000
118203  45.247  22.728  44.678 0.0000000000
117483  44.909  21.999  44.471 0.0000000000
116810  45.338  20.445  43.625 0.0000000000
116106  45.956  19.690  43.569 0.0000000000
116800  45.974  20.050  44.279 0.0000000000
115386  46.757  19.035  43.391 0.0000000000
108016  53.838  9.555  52.854 0.0000000000
107142  51.618  8.336  52.785 0.0000000000
107143  50.645  8.514  52.838 0.0000000000
108003  50.761  9.697  54.208 0.0000000000
108020  50.304  9.270  53.475 0.0000000000
107155  48.839  8.405  52.385 0.0000000000
107156  48.074  8.784  52.307 0.0000000000
108053  47.017  9.040  51.814 0.0000000000
108055  45.280  8.887  51.732 0.0000000000
108864  48.522  10.744  55.600 0.0000000000
108881  47.291  10.596  54.596 0.0000000000
108867  45.846  10.484  55.260 0.0000000000
108882  46.406  10.467  54.549 0.0000000000
108897  47.026  10.308  53.806 0.0000000000
108024  46.726  10.000  53.140 0.0000000000
108040  45.360  9.504  52.487 0.0000000000
107159  42.687  8.706  52.029 0.0000000000
113076  46.562  15.891  46.349 0.0000000000
113056  48.205  15.178  46.636 0.0000000000
112260  48.185  15.102  45.961 0.0000000000
112252  48.630  14.786  47.336 0.0000000000
112241  49.299  14.305  47.788 0.0000000000
111445  50.586  13.352  48.430 0.0000000000
111471  49.989  14.015  44.589 0.0000000000
110658  51.505  13.097  45.872 0.0000000000
110659  51.365  12.997  46.265 0.0000000000
111458  50.869  13.252  46.392 0.0000000000
110637  51.356  12.622  48.332 0.0000000000
110629  52.008  12.191  49.057 0.0000000000
110628  52.455  11.821  49.468 0.0000000000
108926  52.968  11.380  50.136 0.0000000000
109830  53.206  11.602  49.197 0.0000000000
108942  53.035  11.470  49.589 0.0000000000
108925  53.167  11.270  50.076 0.0000000000
108911  54.009  10.507  51.367 0.0000000000
108904  54.200  10.347  52.188 0.0000000000
114643  50.964  17.106  44.420 0.0000000000
114642  51.303  16.653  44.964 0.0000000000
114626  51.263  17.047  45.488 0.0000000000
113073  51.720  15.502  46.353 0.0000000000
113054  52.056  14.947  47.163 0.0000000000
116065  51.068  19.385  48.088 0.0000000000
115341  51.304  18.886  48.041 0.0000000000
113804  51.070  17.291  49.062 0.0000000000
113809  51.414  17.018  48.293 0.0000000000
113029  51.867  15.183  47.692 0.0000000000
111436  52.720  13.312  49.271 0.0000000000
111407  53.329  12.704  50.201 0.0000000000
110586  53.843  12.045  51.091 0.0000000000
109783  54.118  11.357  51.917 0.0000000000
108894  53.815  10.492  53.105 0.0000000000
108875  53.237  10.456  54.408 0.0000000000
110565  53.108  12.265  54.076 0.0000000000
109764  53.251  11.672  54.885 0.0000000000
108859  53.214  11.131  55.321 0.0000000000
108860  52.636  10.977  55.959 0.0000000000
108835  52.404  11.480  56.743 0.0000000000
108836  51.705  11.224  57.221 0.0000000000
112164  50.693  14.240  53.702 0.0000000000
111369  50.784  14.039  54.329 0.0000000000
111352  51.289  13.937  55.513 0.0000000000
112136  50.808  14.346  55.556 0.0000000000
111324  51.723  13.717  55.856 0.0000000000
109727  52.182  12.549  57.049 0.0000000000
108818  51.049  11.624  58.295 0.0000000000
108801  50.283  11.397  59.193 0.0000000000
109701  50.252  11.740  59.924 0.0000000000
108774  50.004  11.154  60.379 0.0000000000
119806  48.791  24.081  40.435 0.0000000000
119044  48.547  23.674  39.900 0.0000000000
119070  48.497  23.065  38.865 0.0000000000
118301  48.488  22.048  38.062 0.0000000000
117575  48.535  21.254  37.419 0.0000000000
116182  48.438  19.558  36.942 0.0000000000
121228  49.124  26.079  43.901 0.0000000000
120532  49.242  25.571  43.394 0.0000000000
119010  45.268  23.334  42.455 0.0000000000
118226  45.528  23.239  41.742 0.0000000000
117509  45.763  21.988  40.793 0.0000000000
118983  48.993  24.153  42.454 0.0000000000
119006  49.290  23.890  41.988 0.0000000000
118241  49.181  23.352  41.390 0.0000000000
117522  49.087  22.292  40.194 0.0000000000
116849  48.035  20.499  38.836 0.0000000000
116872  48.498  20.548  38.397 0.0000000000
115456  48.161  18.683  36.373 0.0000000000
113191  46.507  15.318  36.048 0.0000000000
113190  47.285  15.302  36.460 0.0000000000
111536  45.257  13.823  38.566 0.0000000000
112353  48.278  13.625  38.085 0.0000000000
111541  47.875  13.249  37.888 0.0000000000
111533  48.040  12.789  38.732 0.0000000000
111534  47.137  13.192  38.513 0.0000000000
112334  45.419  13.868  39.555 0.0000000000
112322  44.790  14.323  40.200 0.0000000000
113135  44.618  15.007  41.144 0.0000000000
113123  44.979  15.580  42.040 0.0000000000
113113  45.371  15.615  42.809 0.0000000000
113894  45.384  15.808  43.236 0.0000000000
113876  45.475  16.096  43.782 0.0000000000
113862  45.589  16.138  44.884 0.0000000000
113059  45.665  15.829  47.617 0.0000000000
113032  46.296  15.510  48.243 0.0000000000
113011  46.322  15.361  49.044 0.0000000000
112219  47.434  15.080  49.307 0.0000000000
112220  46.527  14.965  49.923 0.0000000000
112221  45.951  14.825  50.220 0.0000000000
112182  46.010  14.195  51.043 0.0000000000
111399  45.277  13.511  51.099 0.0000000000
110594  44.999  12.501  51.016 0.0000000000
110589  50.146  12.811  51.399 0.0000000000
110590  49.063  12.736  51.672 0.0000000000
111396  48.273  13.307  51.409 0.0000000000
110591  48.217  12.294  51.850 0.0000000000
110592  47.079  12.330  51.591 0.0000000000
109800  45.025  11.890  50.733 0.0000000000
109833  44.774  10.894  49.711 0.0000000000
108976  43.568  10.429  46.476 0.0000000000
106344  51.706  7.830  51.672 0.0000000000
106352  50.872  7.718  51.104 0.0000000000
106354  49.172  7.547  51.404 0.0000000000
106362  49.383  7.376  50.301 0.0000000000
106361  50.026  7.509  50.278 0.0000000000
106375  49.275  7.526  49.416 0.0000000000
107209  48.938  7.788  48.912 0.0000000000
107222  47.618  8.117  47.897 0.0000000000
107183  45.059  8.418  50.092 0.0000000000
107198  45.972  8.198  49.305 0.0000000000
107213  44.958  8.265  48.229 0.0000000000
107212  45.918  8.260  48.379 0.0000000000
107223  46.737  8.320  47.764 0.0000000000
108092  47.061  8.578  47.720 0.0000000000
108093  46.480  8.874  47.201 0.0000000000
108102  45.533  8.910  46.124 0.0000000000
107059  45.951  8.372  60.227 0.0000000000
107074  45.007  8.193  59.321 0.0000000000
106282  44.165  7.459  58.501 0.0000000000
105528  43.824  6.988  58.270 0.0000000000
106343  52.159  8.042  51.716 0.0000000000
106347  49.550  7.793  51.976 0.0000000000
106350  52.042  8.261  51.658 0.0000000000
106353  50.199  7.350  51.023 0.0000000000
106355  48.171  7.729  51.340 0.0000000000
106360  50.458  7.747  50.709 0.0000000000
106374  49.511  7.580  49.782 0.0000000000
106390  49.043  7.561  48.973 0.0000000000
106391  48.652  7.656  48.865 0.0000000000
106403  48.043  7.792  48.311 0.0000000000
107058  46.511  8.677  60.417 0.0000000000
107075  44.520  7.853  58.776 0.0000000000
107144  49.725  8.843  52.858 0.0000000000
107150  53.117  8.914  51.986 0.0000000000
107157  44.403  8.630  51.583 0.0000000000
107158  43.670  8.650  51.789 0.0000000000
107166  50.946  8.321  51.420 0.0000000000
107170  46.987  8.271  51.359 0.0000000000
107194  49.635  7.808  50.065 0.0000000000
107199  45.005  8.340  49.140 0.0000000000
107210  48.301  8.086  48.371 0.0000000000
107904  48.013  9.896  60.755 0.0000000000
107916  47.172  8.905  60.816 0.0000000000
107927  47.613  9.724  59.736 0.0000000000
107928  46.860  9.142  60.238 0.0000000000
107971  46.761  9.919  57.408 0.0000000000
107992  43.786  9.586  55.756 0.0000000000
108006  44.789  10.175  54.592 0.0000000000
108017  53.441  9.389  53.198 0.0000000000
108027  43.446  9.500  53.477 0.0000000000
108032  53.589  9.292  52.313 0.0000000000
108035  51.428  9.982  52.259 0.0000000000
108037  48.155  9.195  52.606 0.0000000000
108044  41.793  8.907  53.086 0.0000000000
108060  49.559  8.772  50.696 0.0000000000
108094  46.021  9.179  46.626 0.0000000000
108101  46.041  8.836  46.667 0.0000000000
108788  50.085  11.201  60.123 0.0000000000
108790  48.974  10.445  59.609 0.0000000000
108800  50.767  11.862  58.838 0.0000000000
108804  48.298  10.311  58.256 0.0000000000
108821  48.898  10.667  57.660 0.0000000000
108842  45.992  10.318  56.201 0.0000000000
108880  48.228  10.584  54.624 0.0000000000
108883  45.586  10.258  54.419 0.0000000000
108884  45.177  10.325  54.688 0.0000000000
108893  53.987  9.786  52.817 0.0000000000
108898  46.178  10.202  53.906 0.0000000000
108899  45.792  10.114  53.986 0.0000000000
108905  54.105  10.893  52.505 0.0000000000
108927  47.982  9.628  50.332 0.0000000000
108941  53.369  11.492  49.921 0.0000000000
109688  50.001  11.483  60.353 0.0000000000
109743  52.924  12.306  55.642 0.0000000000
109784  51.753  11.491  51.873 0.0000000000
109788  48.438  11.631  51.905 0.0000000000
109792  54.092  11.405  51.291 0.0000000000
109794  51.199  12.092  51.585 0.0000000000
109808  53.814  11.587  50.380 0.0000000000
109809  52.947  11.462  49.610 0.0000000000
109811  45.313  10.988  50.257 0.0000000000
109849  52.463  11.798  48.269 0.0000000000
109853  52.842  11.963  47.787 0.0000000000
109855  52.539  11.765  48.041 0.0000000000
110517  51.917  13.086  56.844 0.0000000000
110559  52.298  12.981  55.087 0.0000000000
110581  49.067  12.048  52.049 0.0000000000
110587  51.868  12.271  50.450 0.0000000000
110595  44.513  12.959  51.030 0.0000000000
110626  53.820  11.874  50.190 0.0000000000
110642  53.066  11.959  47.830 0.0000000000
111325  51.206  13.923  56.340 0.0000000000
111447  49.182  14.249  48.848 0.0000000000
111462  51.765  13.577  45.288 0.0000000000
111496  50.248  13.646  41.390 0.0000000000
111511  50.155  13.535  40.899 0.0000000000
111522  49.749  13.526  40.412 0.0000000000
111542  46.922  13.522  37.685 0.0000000000
112171  51.309  14.042  52.739 0.0000000000
112172  50.814  14.324  52.794 0.0000000000
112183  45.739  13.997  51.103 0.0000000000
112190  48.761  14.449  49.840 0.0000000000
112216  50.998  14.916  49.956 0.0000000000
112217  48.993  14.368  49.711 0.0000000000
112268  48.185  15.028  45.501 0.0000000000
112274  49.413  14.187  44.615 0.0000000000
112290  51.077  14.283  42.823 0.0000000000
112292  49.294  13.688  42.260 0.0000000000
112293  48.940  13.825  42.337 0.0000000000
112317  50.337  13.885  41.011 0.0000000000
112344  48.331  14.214  38.288 0.0000000000
112345  45.527  13.948  38.081 0.0000000000
112355  46.467  13.989  37.313 0.0000000000
112938  49.691  15.585  55.023 0.0000000000
112993  50.918  14.740  51.360 0.0000000000
113000  50.189  15.385  51.506 0.0000000000
113002  44.286  15.069  50.069 0.0000000000
113101  46.099  15.865  44.414 0.0000000000
113108  51.456  14.746  43.821 0.0000000000
113110  47.411  14.856  43.532 0.0000000000
113121  46.436  15.020  42.839 0.0000000000
113134  45.453  15.081  41.559 0.0000000000
113150  47.280  15.417  39.885 0.0000000000
113165  42.139  15.573  39.160 0.0000000000
113175  43.843  15.565  37.951 0.0000000000
113178  41.911  15.250  38.993 0.0000000000
113184  43.762  15.246  37.837 0.0000000000
113198  47.107  15.860  35.881 0.0000000000
113861  46.062  15.922  45.159 0.0000000000
113893  50.981  15.991  43.483 0.0000000000
113931  46.992  16.327  40.973 0.0000000000
113955  46.115  16.975  39.468 0.0000000000
113976  44.636  16.525  37.467 0.0000000000
114526  48.917  17.341  54.652 0.0000000000
114536  48.367  17.645  54.385 0.0000000000
114589  47.841  17.910  48.099 0.0000000000
114611  47.649  17.605  46.492 0.0000000000
114647  41.802  17.596  44.758 0.0000000000
114700  46.243  16.987  38.874 0.0000000000
114710  46.187  17.408  38.790 0.0000000000
115275  48.622  18.130  54.119 0.0000000000
115357  47.288  17.811  46.172 0.0000000000
116033  49.807  19.550  52.295 0.0000000000
116048  51.192  19.250  49.215 0.0000000000
116066  50.874  19.379  48.012 0.0000000000
116094  46.753  19.039  44.620 0.0000000000
116114  45.580  19.428  42.935 0.0000000000
116124  44.820  20.093  42.060 0.0000000000
116140  48.021  20.078  38.616 0.0000000000
116141  47.664  19.974  38.639 0.0000000000
116144  45.516  19.719  40.022 0.0000000000
116736  50.042  21.056  51.884 0.0000000000
116792  44.925  20.908  45.695 0.0000000000
116809  45.991  19.936  43.861 0.0000000000
116819  44.734  20.520  42.600 0.0000000000
116837  45.320  20.095  40.345 0.0000000000
116838  45.411  19.801  40.232 0.0000000000
116852  45.640  20.003  39.864 0.0000000000
117508  48.590  22.556  40.942 0.0000000000
117510  44.965  21.435  41.256 0.0000000000
117511  44.471  20.980  41.865 0.0000000000
117523  48.348  22.110  40.371 0.0000000000
117525  46.299  21.495  40.209 0.0000000000
117565  48.943  22.112  39.201 0.0000000000
118135  49.957  22.208  50.801 0.0000000000
118204  44.759  22.523  44.168 0.0000000000
118213  45.024  23.141  44.098 0.0000000000
118223  49.213  23.609  41.689 0.0000000000
118227  44.745  22.645  42.476 0.0000000000
118242  48.546  23.093  41.395 0.0000000000
118264  47.438  22.501  40.696 0.0000000000
118279  49.477  22.713  39.990 0.0000000000
118280  49.268  22.809  39.585 0.0000000000
118925  46.376  24.405  45.198 0.0000000000
118946  45.601  23.208  44.879 0.0000000000
118965  45.964  24.419  44.084 0.0000000000
118988  45.031  23.126  42.869 0.0000000000
119007  48.516  23.801  42.169 0.0000000000
119011  44.966  23.070  42.594 0.0000000000
119056  49.457  23.177  39.900 0.0000000000
119057  48.955  23.218  39.479 0.0000000000
119749  47.091  24.740  44.996 0.0000000000
119750  46.613  24.436  44.934 0.0000000000
119770  49.180  24.717  42.812 0.0000000000
119792  48.395  24.679  40.824 0.0000000000
120505  47.013  25.301  45.479 0.0000000000
120506  46.510  25.190  45.459 0.0000000000
120507  45.980  25.032  45.400 0.0000000000
120512  47.605  25.465  45.387 0.0000000000
121211  44.764  26.693  45.007 0.0000000000
121220  49.062  26.046  44.240 0.0000000000
121233  49.344  26.103  43.202 0.0000000000
121235  48.206  26.729  42.542 0.0000000000
122554  44.946  28.336  45.509 0.0000000000
