#!ascii label  , from subject 3071 vox2ras=TkReg
1911
70776  49.809  -26.480  59.358 0.0000000000
50560  39.970  -42.521  76.395 0.0000000000
46046  25.329  -46.585  77.735 0.0000000000
40279  21.431  -52.825  79.084 0.0000000000
45911  33.314  -46.151  83.353 0.0000000000
48460  29.922  -44.566  73.691 0.0000000000
64778  44.295  -31.842  62.474 0.0000000000
76311  55.655  -21.303  55.991 0.0000000000
63474  47.361  -32.084  70.934 0.0000000000
58824  39.325  -36.042  70.464 0.0000000000
50750  34.618  -42.835  65.554 0.0000000000
48333  25.950  -45.020  83.365 0.0000000000
44782  21.967  -48.589  79.398 0.0000000000
44679  23.732  -48.555  84.622 0.0000000000
44723  29.204  -47.210  81.884 0.0000000000
67126  50.564  -29.290  70.553 0.0000000000
53792  40.272  -40.261  81.831 0.0000000000
56102  41.541  -37.643  79.781 0.0000000000
61160  42.389  -34.659  76.416 0.0000000000
56229  39.572  -39.014  73.626 0.0000000000
53980  36.218  -40.501  68.346 0.0000000000
50633  38.044  -42.584  71.868 0.0000000000
46152  24.483  -46.354  69.009 0.0000000000
50720  27.527  -43.693  67.969 0.0000000000
71926  52.170  -24.793  56.887 0.0000000000
74218  50.615  -24.109  51.812 0.0000000000
46147  21.610  -47.505  71.200 0.0000000000
42680  19.962  -50.410  72.219 0.0000000000
48369  37.335  -44.448  80.221 0.0000000000
49479  35.466  -43.701  75.751 0.0000000000
47284  32.482  -45.802  78.885 0.0000000000
46063  27.871  -47.362  76.053 0.0000000000
69578  46.046  -27.780  61.792 0.0000000000
37702  22.530  -52.567  86.394 0.0000000000
37780  20.109  -53.913  80.893 0.0000000000
73001  54.794  -24.559  61.292 0.0000000000
70720  51.674  -26.462  63.588 0.0000000000
68299  48.223  -28.517  66.445 0.0000000000
63536  46.580  -32.744  66.584 0.0000000000
63537  43.422  -32.830  65.994 0.0000000000
64585  45.215  -30.966  76.672 0.0000000000
63459  42.403  -32.293  71.141 0.0000000000
62388  38.447  -33.869  65.711 0.0000000000
58890  34.605  -36.472  65.096 0.0000000000
50655  32.958  -42.630  69.663 0.0000000000
49324  26.192  -44.372  87.094 0.0000000000
47201  23.997  -46.687  84.285 0.0000000000
48264  24.391  -45.788  87.492 0.0000000000
47168  28.280  -45.562  86.002 0.0000000000
51753  41.025  -42.162  79.718 0.0000000000
53843  41.379  -40.469  78.395 0.0000000000
54945  41.557  -38.804  77.184 0.0000000000
52919  40.333  -41.465  75.007 0.0000000000
52955  38.998  -41.742  72.480 0.0000000000
50602  39.091  -43.028  73.828 0.0000000000
46200  22.325  -47.273  66.511 0.0000000000
47434  23.940  -46.614  65.834 0.0000000000
71915  50.845  -25.749  57.900 0.0000000000
71934  49.608  -25.521  55.564 0.0000000000
70794  48.900  -26.503  56.483 0.0000000000
46100  23.503  -47.233  74.700 0.0000000000
44870  20.694  -48.509  72.139 0.0000000000
46102  21.664  -47.800  75.117 0.0000000000
42610  21.364  -50.875  78.846 0.0000000000
41468  20.585  -51.622  75.326 0.0000000000
39142  20.151  -53.346  75.722 0.0000000000
37865  19.431  -54.049  77.110 0.0000000000
48310  37.645  -44.725  82.306 0.0000000000
45965  35.069  -46.214  81.580 0.0000000000
47269  34.292  -45.451  80.002 0.0000000000
45968  33.038  -46.879  81.441 0.0000000000
44762  27.652  -46.988  79.876 0.0000000000
44778  28.805  -47.321  79.336 0.0000000000
44824  26.514  -47.444  77.087 0.0000000000
46109  24.527  -47.530  73.432 0.0000000000
68385  44.702  -29.185  62.260 0.0000000000
67273  44.876  -29.360  59.934 0.0000000000
64801  45.207  -30.993  60.901 0.0000000000
40254  18.277  -51.947  83.178 0.0000000000
69474  49.896  -27.506  65.322 0.0000000000
69421  51.115  -27.297  67.275 0.0000000000
64686  48.836  -31.478  70.855 0.0000000000
65932  48.194  -31.328  68.476 0.0000000000
63508  47.381  -32.617  68.695 0.0000000000
62366  45.521  -33.653  66.123 0.0000000000
62320  45.870  -33.062  68.532 0.0000000000
60025  41.236  -35.826  72.823 0.0000000000
62261  41.767  -33.438  74.276 0.0000000000
62293  40.432  -34.419  70.524 0.0000000000
63513  40.611  -32.852  68.330 0.0000000000
61238  38.926  -34.641  68.000 0.0000000000
61271  37.151  -34.612  65.638 0.0000000000
58862  37.379  -36.141  68.261 0.0000000000
54026  34.504  -40.466  65.363 0.0000000000
49482  32.306  -43.776  75.193 0.0000000000
50607  34.425  -43.115  73.174 0.0000000000
49527  31.805  -43.841  71.995 0.0000000000
50754  28.331  -43.133  65.436 0.0000000000
79408  56.169  -18.863  52.690 0.0000000000
77286  54.517  -20.427  53.365 0.0000000000
47242  25.306  -45.827  81.033 0.0000000000
46048  23.134  -47.319  77.820 0.0000000000
47244  23.368  -46.766  81.283 0.0000000000
44724  22.950  -48.379  82.386 0.0000000000
41432  22.488  -51.438  81.761 0.0000000000
47164  31.309  -45.620  84.765 0.0000000000
44700  30.703  -46.834  82.701 0.0000000000
45900  29.871  -46.159  84.335 0.0000000000
47215  27.943  -45.926  83.150 0.0000000000
68257  51.950  -27.686  69.626 0.0000000000
64651  48.790  -31.239  73.461 0.0000000000
58692  42.501  -36.109  78.029 0.0000000000
57450  41.158  -37.234  74.499 0.0000000000
57510  38.863  -37.460  71.979 0.0000000000
57544  37.804  -37.397  70.093 0.0000000000
55025  37.751  -39.337  71.413 0.0000000000
52994  37.578  -41.850  69.575 0.0000000000
50696  36.355  -42.919  68.287 0.0000000000
48473  27.053  -45.333  71.593 0.0000000000
49531  28.775  -44.491  70.954 0.0000000000
49573  25.825  -44.913  68.746 0.0000000000
74194  53.860  -22.982  56.070 0.0000000000
74207  52.300  -22.645  53.899 0.0000000000
74205  51.128  -24.072  54.382 0.0000000000
43681  20.822  -49.209  75.917 0.0000000000
49402  38.547  -43.757  81.293 0.0000000000
49438  38.546  -43.859  78.910 0.0000000000
50544  38.138  -43.285  76.392 0.0000000000
48397  36.151  -44.272  78.298 0.0000000000
48400  33.421  -45.073  77.609 0.0000000000
48403  30.968  -45.270  76.883 0.0000000000
44758  30.588  -47.206  80.416 0.0000000000
46043  29.631  -46.463  77.282 0.0000000000
46094  28.540  -46.038  75.373 0.0000000000
46114  26.076  -46.612  72.477 0.0000000000
46145  23.318  -46.984  70.419 0.0000000000
69587  48.506  -27.008  59.838 0.0000000000
69615  47.342  -27.797  57.417 0.0000000000
68413  45.457  -28.828  58.444 0.0000000000
41393  23.462  -50.985  85.839 0.0000000000
39041  22.499  -53.251  82.687 0.0000000000
36395  21.183  -53.845  83.650 0.0000000000
36451  21.012  -54.672  80.412 0.0000000000
74142  55.357  -23.504  58.538 0.0000000000
71886  53.913  -24.532  59.371 0.0000000000
71874  52.211  -25.696  60.687 0.0000000000
70753  50.770  -26.660  61.495 0.0000000000
69527  49.177  -26.888  63.028 0.0000000000
68327  46.984  -28.122  64.147 0.0000000000
67202  45.413  -29.704  64.634 0.0000000000
68271  49.541  -29.190  68.408 0.0000000000
65962  46.708  -30.934  66.894 0.0000000000
63560  45.216  -32.647  64.189 0.0000000000
61281  45.503  -34.341  64.289 0.0000000000
62397  44.079  -34.157  64.154 0.0000000000
63410  46.677  -31.609  73.581 0.0000000000
63366  42.817  -32.403  76.546 0.0000000000
64635  43.830  -31.668  74.107 0.0000000000
63457  44.761  -31.686  71.349 0.0000000000
63495  43.145  -32.151  69.250 0.0000000000
63539  41.323  -32.517  66.501 0.0000000000
56312  35.398  -38.301  67.218 0.0000000000
50605  36.604  -42.644  73.293 0.0000000000
50636  35.776  -42.620  70.774 0.0000000000
51958  34.242  -42.579  67.635 0.0000000000
50680  30.061  -43.501  69.340 0.0000000000
51961  31.615  -42.892  66.993 0.0000000000
48263  24.759  -45.065  87.088 0.0000000000
49294  24.831  -44.327  88.056 0.0000000000
50503  40.724  -42.240  78.639 0.0000000000
51772  41.424  -41.175  79.020 0.0000000000
51795  40.908  -41.536  77.607 0.0000000000
52881  40.822  -41.131  77.064 0.0000000000
51848  40.343  -42.169  75.718 0.0000000000
51850  40.083  -42.350  74.565 0.0000000000
50580  39.725  -42.704  75.132 0.0000000000
70787  50.339  -26.243  58.111 0.0000000000
70792  50.292  -26.081  57.490 0.0000000000
69613  49.033  -26.723  57.429 0.0000000000
46067  24.164  -46.920  76.341 0.0000000000
46101  22.503  -47.408  74.932 0.0000000000
46068  23.228  -47.227  76.674 0.0000000000
41447  21.674  -51.954  79.285 0.0000000000
41453  21.088  -51.801  77.234 0.0000000000
40290  21.185  -52.738  77.571 0.0000000000
37879  20.037  -53.551  76.566 0.0000000000
39122  20.419  -53.620  77.468 0.0000000000
47161  33.636  -45.291  84.091 0.0000000000
47198  34.640  -45.344  83.494 0.0000000000
45908  35.834  -45.449  82.838 0.0000000000
45932  34.250  -46.254  82.439 0.0000000000
45966  34.414  -46.507  81.654 0.0000000000
44718  33.147  -47.181  82.261 0.0000000000
46029  26.071  -46.500  78.459 0.0000000000
44795  27.054  -47.231  78.714 0.0000000000
46066  25.493  -47.084  76.743 0.0000000000
46085  24.438  -47.141  75.538 0.0000000000
66018  44.441  -30.753  62.735 0.0000000000
66037  44.655  -30.367  61.151 0.0000000000
66038  44.463  -31.016  61.877 0.0000000000
70662  52.450  -26.175  67.099 0.0000000000
69444  51.493  -26.798  66.712 0.0000000000
69419  52.245  -26.887  67.986 0.0000000000
63473  48.083  -31.763  71.326 0.0000000000
63507  48.066  -32.220  69.396 0.0000000000
63491  47.376  -32.405  69.865 0.0000000000
63509  46.636  -33.136  68.418 0.0000000000
63492  46.431  -32.651  69.371 0.0000000000
58806  40.094  -36.197  71.326 0.0000000000
61186  40.997  -35.022  72.333 0.0000000000
60049  39.906  -35.234  70.349 0.0000000000
61213  39.888  -34.691  69.772 0.0000000000
60063  39.030  -35.165  69.094 0.0000000000
60075  38.352  -35.199  68.182 0.0000000000
58845  38.275  -36.157  69.364 0.0000000000
49483  31.528  -44.109  74.924 0.0000000000
49508  31.942  -43.821  73.602 0.0000000000
49509  31.226  -43.958  73.405 0.0000000000
78340  55.533  -19.734  54.216 0.0000000000
76322  54.597  -21.231  54.775 0.0000000000
48357  25.634  -45.478  81.742 0.0000000000
47243  24.132  -46.007  81.210 0.0000000000
48347  24.373  -45.826  82.538 0.0000000000
45902  24.062  -47.690  84.948 0.0000000000
45937  23.583  -47.443  83.580 0.0000000000
44703  23.157  -48.452  83.454 0.0000000000
43631  22.409  -49.507  82.178 0.0000000000
43606  23.038  -49.435  83.892 0.0000000000
48278  30.338  -45.320  85.586 0.0000000000
47179  30.129  -46.050  84.742 0.0000000000
47166  29.477  -45.512  85.614 0.0000000000
48316  26.747  -45.107  84.189 0.0000000000
48315  27.587  -45.476  83.832 0.0000000000
48332  27.084  -45.244  83.163 0.0000000000
47241  26.567  -45.835  81.206 0.0000000000
56087  41.458  -37.898  80.347 0.0000000000
58629  41.992  -36.298  80.880 0.0000000000
59922  42.394  -35.693  80.167 0.0000000000
61142  42.477  -35.167  79.385 0.0000000000
57378  42.197  -37.279  79.070 0.0000000000
54967  40.641  -39.127  75.783 0.0000000000
56190  41.294  -38.162  75.976 0.0000000000
56207  40.628  -38.335  74.968 0.0000000000
57471  40.640  -37.046  73.422 0.0000000000
57473  39.417  -38.463  73.285 0.0000000000
56261  38.202  -38.875  71.892 0.0000000000
56248  38.502  -39.272  72.598 0.0000000000
52967  38.763  -41.997  72.104 0.0000000000
53938  38.139  -41.289  71.215 0.0000000000
51921  37.825  -42.175  70.272 0.0000000000
51942  37.355  -42.476  68.806 0.0000000000
50672  37.553  -42.645  70.023 0.0000000000
47378  25.988  -45.768  70.781 0.0000000000
48489  27.114  -44.773  70.503 0.0000000000
48504  25.441  -45.514  69.557 0.0000000000
73085  53.141  -24.264  56.733 0.0000000000
74195  52.776  -23.554  55.640 0.0000000000
73096  52.195  -24.200  55.784 0.0000000000
73107  49.688  -25.005  54.153 0.0000000000
46169  20.935  -47.709  69.144 0.0000000000
44893  20.591  -48.372  70.034 0.0000000000
46031  22.274  -47.884  78.526 0.0000000000
44826  21.506  -48.492  76.425 0.0000000000
43673  21.392  -49.092  76.981 0.0000000000
40338  20.139  -52.549  74.458 0.0000000000
41486  20.442  -51.473  74.220 0.0000000000
47225  37.630  -45.349  81.973 0.0000000000
49392  38.397  -44.081  81.934 0.0000000000
48367  37.957  -44.214  80.442 0.0000000000
49420  39.123  -43.601  80.040 0.0000000000
48385  38.223  -43.979  79.543 0.0000000000
49439  37.980  -43.972  78.605 0.0000000000
48387  37.181  -44.337  79.068 0.0000000000
47283  33.306  -45.712  79.056 0.0000000000
48390  34.522  -44.905  78.462 0.0000000000
47297  33.346  -45.409  78.370 0.0000000000
48401  32.542  -45.104  77.421 0.0000000000
47299  31.631  -45.516  77.934 0.0000000000
44701  30.317  -46.838  82.765 0.0000000000
44739  30.992  -47.145  81.365 0.0000000000
44740  30.099  -47.256  81.345 0.0000000000
46045  27.793  -47.388  76.605 0.0000000000
44792  28.941  -47.004  77.513 0.0000000000
44807  28.819  -46.895  76.765 0.0000000000
46062  29.125  -46.404  76.427 0.0000000000
46081  28.159  -47.013  75.597 0.0000000000
47344  27.789  -46.071  74.547 0.0000000000
46096  27.292  -46.691  74.484 0.0000000000
46117  23.546  -47.358  72.601 0.0000000000
46116  24.464  -47.262  72.346 0.0000000000
46146  22.406  -47.187  70.764 0.0000000000
69588  47.300  -27.247  60.236 0.0000000000
69603  46.557  -27.678  59.533 0.0000000000
68408  45.816  -28.120  59.841 0.0000000000
66074  45.509  -30.174  59.059 0.0000000000
40215  23.454  -51.844  86.327 0.0000000000
40235  23.293  -51.818  84.775 0.0000000000
39021  22.385  -53.598  84.701 0.0000000000
39034  19.838  -53.164  83.167 0.0000000000
37764  20.460  -53.767  81.840 0.0000000000
37778  21.009  -54.561  81.369 0.0000000000
36437  20.296  -54.371  80.443 0.0000000000
36469  19.522  -55.117  79.165 0.0000000000
36454  19.143  -55.024  79.534 0.0000000000
74141  56.221  -22.863  58.250 0.0000000000
73029  55.119  -23.991  60.066 0.0000000000
73014  54.637  -24.486  60.393 0.0000000000
71873  53.137  -25.052  60.209 0.0000000000
71861  53.967  -24.821  60.811 0.0000000000
70737  51.999  -26.046  63.102 0.0000000000
70751  51.983  -26.124  62.281 0.0000000000
70739  50.904  -26.658  62.359 0.0000000000
70740  50.076  -26.918  62.067 0.0000000000
70722  50.309  -26.696  62.875 0.0000000000
69447  49.307  -27.704  66.052 0.0000000000
69502  48.364  -27.469  64.118 0.0000000000
68313  47.838  -27.952  64.949 0.0000000000
68328  45.983  -28.878  64.577 0.0000000000
68314  46.991  -28.529  65.372 0.0000000000
67140  50.868  -28.766  70.111 0.0000000000
68270  50.262  -28.768  68.585 0.0000000000
67154  50.098  -29.303  69.228 0.0000000000
64713  47.283  -32.045  67.631 0.0000000000
65946  47.671  -30.970  67.970 0.0000000000
64722  46.780  -32.004  67.076 0.0000000000
65978  46.141  -30.893  66.163 0.0000000000
63549  46.256  -32.680  65.786 0.0000000000
62395  45.545  -33.738  64.151 0.0000000000
61280  45.717  -33.839  64.992 0.0000000000
62353  44.803  -33.303  66.937 0.0000000000
62383  44.690  -34.151  64.841 0.0000000000
62384  43.893  -33.504  65.278 0.0000000000
63552  42.634  -32.921  65.172 0.0000000000
63378  46.157  -31.197  74.948 0.0000000000
62244  42.488  -33.835  77.192 0.0000000000
63356  42.866  -32.506  77.386 0.0000000000
62250  42.523  -33.547  76.532 0.0000000000
62278  41.681  -32.974  72.311 0.0000000000
63394  42.472  -32.398  74.212 0.0000000000
63435  43.641  -31.841  72.541 0.0000000000
64668  44.278  -31.764  72.809 0.0000000000
63458  43.556  -32.025  71.305 0.0000000000
63477  44.737  -32.047  70.345 0.0000000000
63479  42.252  -32.369  70.143 0.0000000000
62355  39.670  -33.350  67.312 0.0000000000
63526  41.046  -32.582  67.497 0.0000000000
62386  39.834  -33.072  65.753 0.0000000000
63564  40.630  -32.607  64.654 0.0000000000
62399  39.177  -33.059  64.420 0.0000000000
62400  38.314  -33.631  64.552 0.0000000000
60098  36.225  -35.456  65.689 0.0000000000
60110  35.929  -35.105  64.785 0.0000000000
56282  36.630  -38.625  69.235 0.0000000000
57546  36.556  -37.978  69.010 0.0000000000
55081  36.121  -39.211  68.166 0.0000000000
55119  33.952  -39.355  65.594 0.0000000000
50546  36.853  -43.418  75.790 0.0000000000
50564  37.590  -43.200  75.170 0.0000000000
50565  36.598  -43.379  75.175 0.0000000000
51878  33.879  -42.933  71.763 0.0000000000
50620  35.259  -42.685  71.932 0.0000000000
51888  34.683  -42.511  70.790 0.0000000000
50675  34.956  -42.728  69.087 0.0000000000
50676  33.894  -42.714  69.057 0.0000000000
50682  28.562  -43.873  69.316 0.0000000000
49558  29.625  -43.708  70.034 0.0000000000
50703  29.348  -43.478  68.481 0.0000000000
50735  29.908  -42.785  66.702 0.0000000000
51990  32.181  -42.670  65.733 0.0000000000
74212  51.619  -22.898  52.583 0.0000000000
75256  52.208  -22.499  52.505 0.0000000000
68433  47.283  -28.588  55.825 0.0000000000
49364  25.924  -44.643  85.778 0.0000000000
48334  24.671  -45.523  83.620 0.0000000000
48283  24.877  -45.020  86.304 0.0000000000
48300  24.487  -45.753  85.807 0.0000000000
47169  24.179  -46.684  86.255 0.0000000000
49345  27.020  -44.745  86.347 0.0000000000
52832  40.953  -41.037  81.151 0.0000000000
54882  40.811  -39.517  81.624 0.0000000000
52830  41.433  -40.680  80.261 0.0000000000
53817  41.662  -39.735  79.771 0.0000000000
54920  41.715  -38.821  79.478 0.0000000000
56132  41.799  -38.004  78.447 0.0000000000
54934  41.281  -39.674  77.640 0.0000000000
53856  40.679  -39.888  76.442 0.0000000000
53876  40.224  -40.419  74.937 0.0000000000
53909  39.079  -40.946  73.084 0.0000000000
52938  39.882  -41.730  74.170 0.0000000000
51864  39.197  -42.468  73.146 0.0000000000
50616  38.729  -42.791  73.071 0.0000000000
47396  23.679  -46.528  68.031 0.0000000000
47395  24.140  -46.173  68.042 0.0000000000
46199  22.967  -46.973  66.399 0.0000000000
71914  51.597  -25.316  57.650 0.0000000000
71932  51.250  -24.929  56.347 0.0000000000
71928  50.776  -25.521  56.929 0.0000000000
70797  49.329  -25.933  56.200 0.0000000000
46118  22.605  -47.365  72.924 0.0000000000
44882  21.024  -47.953  71.595 0.0000000000
46119  21.804  -47.574  73.284 0.0000000000
44842  21.260  -48.116  73.625 0.0000000000
44843  20.816  -48.682  73.949 0.0000000000
43662  21.595  -49.736  79.005 0.0000000000
43669  21.371  -49.741  77.338 0.0000000000
42612  21.254  -50.851  77.777 0.0000000000
40316  20.552  -52.570  75.803 0.0000000000
37881  18.457  -53.594  75.992 0.0000000000
45947  36.919  -45.419  82.041 0.0000000000
47253  36.152  -45.413  80.909 0.0000000000
47267  36.179  -45.084  80.203 0.0000000000
47254  35.303  -45.646  80.712 0.0000000000
46002  33.996  -45.749  80.754 0.0000000000
46004  32.522  -46.464  80.012 0.0000000000
45988  28.186  -46.818  80.531 0.0000000000
44760  28.655  -47.026  80.456 0.0000000000
44779  27.866  -47.267  79.454 0.0000000000
44809  27.428  -47.463  77.288 0.0000000000
46064  27.113  -47.435  76.239 0.0000000000
46097  26.356  -47.236  74.344 0.0000000000
46084  25.442  -47.389  75.441 0.0000000000
46099  24.514  -47.424  74.501 0.0000000000
68383  45.498  -28.205  61.875 0.0000000000
68399  45.306  -28.492  60.447 0.0000000000
67267  44.707  -29.410  60.800 0.0000000000
66056  44.856  -30.135  60.429 0.0000000000
40236  19.220  -52.526  83.976 0.0000000000
40261  19.628  -52.848  81.588 0.0000000000
39061  19.263  -53.671  80.116 0.0000000000
40281  18.373  -53.089  79.918 0.0000000000
70682  51.752  -26.457  65.220 0.0000000000
69525  51.126  -26.767  64.110 0.0000000000
69472  51.416  -26.668  65.819 0.0000000000
69446  50.124  -27.526  66.200 0.0000000000
68298  49.554  -27.847  66.873 0.0000000000
65905  49.862  -30.563  70.784 0.0000000000
65930  49.222  -30.252  69.467 0.0000000000
65918  48.977  -30.841  69.627 0.0000000000
64704  48.243  -31.890  68.819 0.0000000000
62350  46.992  -33.191  67.479 0.0000000000
61253  46.161  -33.510  66.387 0.0000000000
62336  46.247  -33.395  67.717 0.0000000000
62337  45.390  -33.178  67.726 0.0000000000
60015  41.629  -35.368  74.263 0.0000000000
61165  41.872  -34.574  75.263 0.0000000000
61180  41.373  -34.859  73.294 0.0000000000
62279  41.078  -33.728  72.209 0.0000000000
63460  41.387  -32.828  71.043 0.0000000000
63480  41.243  -32.858  69.981 0.0000000000
62307  40.580  -33.487  69.661 0.0000000000
62341  39.819  -33.743  68.379 0.0000000000
61256  38.745  -34.332  67.346 0.0000000000
61270  37.945  -34.299  66.021 0.0000000000
61240  37.659  -34.785  67.175 0.0000000000
60087  37.125  -35.244  66.899 0.0000000000
58875  36.330  -36.280  66.930 0.0000000000
53023  35.945  -41.316  67.195 0.0000000000
54010  35.463  -40.670  66.918 0.0000000000
54025  35.179  -41.129  65.993 0.0000000000
53054  34.743  -41.370  64.530 0.0000000000
53066  34.178  -41.411  62.961 0.0000000000
49480  34.639  -43.761  75.409 0.0000000000
50567  34.994  -43.440  74.695 0.0000000000
50587  33.553  -43.285  74.268 0.0000000000
50622  33.203  -43.384  72.374 0.0000000000
50639  32.275  -43.475  71.381 0.0000000000
50737  27.594  -43.364  66.956 0.0000000000
50775  27.815  -43.665  65.187 0.0000000000
79387  56.373  -19.176  54.192 0.0000000000
78350  55.364  -19.585  53.448 0.0000000000
77290  54.512  -20.423  52.275 0.0000000000
47271  25.475  -46.130  79.270 0.0000000000
47303  23.774  -46.697  77.988 0.0000000000
47272  24.397  -46.361  79.297 0.0000000000
47259  23.572  -46.522  80.176 0.0000000000
45992  22.939  -47.489  80.698 0.0000000000
47217  23.953  -46.477  83.172 0.0000000000
45972  23.104  -47.612  81.611 0.0000000000
44764  21.984  -49.019  80.425 0.0000000000
43644  21.778  -49.904  80.764 0.0000000000
42606  21.914  -50.835  80.314 0.0000000000
41446  21.874  -51.927  80.185 0.0000000000
45897  32.026  -46.050  83.891 0.0000000000
44698  32.176  -46.733  82.658 0.0000000000
45913  31.098  -46.542  83.895 0.0000000000
45915  30.223  -46.609  83.537 0.0000000000
45934  29.811  -46.711  82.827 0.0000000000
47167  28.791  -45.529  85.757 0.0000000000
45917  28.811  -45.996  83.204 0.0000000000
45952  28.770  -46.908  82.033 0.0000000000
45954  27.477  -46.179  81.417 0.0000000000
47256  26.790  -46.323  80.347 0.0000000000
63590  44.543  -32.729  62.105 0.0000000000
63614  44.691  -32.535  61.269 0.0000000000
62468  44.721  -33.424  60.688 0.0000000000
69403  52.423  -27.085  68.885 0.0000000000
67111  50.490  -29.395  71.266 0.0000000000
65893  49.839  -30.513  71.490 0.0000000000
64675  48.803  -31.519  71.715 0.0000000000
63453  48.111  -31.813  72.295 0.0000000000
61149  42.491  -34.702  78.614 0.0000000000
59986  42.474  -35.723  76.815 0.0000000000
57397  42.182  -37.336  77.604 0.0000000000
57430  41.700  -36.946  76.071 0.0000000000
58739  41.815  -36.307  75.326 0.0000000000
58771  41.308  -36.483  73.588 0.0000000000
58783  40.543  -36.472  72.533 0.0000000000
57527  39.271  -36.658  71.290 0.0000000000
58826  37.884  -36.722  69.594 0.0000000000
57528  38.415  -37.339  70.925 0.0000000000
56269  37.341  -38.950  70.565 0.0000000000
55041  36.945  -39.758  70.168 0.0000000000
53923  38.333  -40.898  71.758 0.0000000000
53939  37.738  -40.980  70.802 0.0000000000
53978  37.180  -41.199  69.237 0.0000000000
53021  36.955  -42.099  67.866 0.0000000000
50711  36.355  -42.577  67.498 0.0000000000
50712  35.544  -42.689  67.390 0.0000000000
48461  28.932  -44.722  73.149 0.0000000000
49520  29.569  -44.286  72.205 0.0000000000
48472  28.133  -44.784  71.170 0.0000000000
49545  27.688  -44.429  70.131 0.0000000000
49582  26.578  -44.242  67.862 0.0000000000
48530  24.703  -45.608  66.903 0.0000000000
49592  25.799  -44.607  67.254 0.0000000000
75235  54.945  -22.142  56.052 0.0000000000
75247  53.876  -22.008  54.912 0.0000000000
75237  53.568  -22.731  55.372 0.0000000000
74203  52.359  -22.885  54.406 0.0000000000
74209  51.092  -23.712  53.650 0.0000000000
73098  50.661  -24.812  55.269 0.0000000000
73113  50.219  -24.281  53.186 0.0000000000
46087  22.150  -47.620  75.938 0.0000000000
44833  21.103  -48.545  75.460 0.0000000000
42659  20.356  -50.234  73.514 0.0000000000
42628  20.503  -50.536  75.511 0.0000000000
42638  20.475  -50.374  74.619 0.0000000000
51682  39.755  -42.075  81.570 0.0000000000
50471  40.020  -42.730  80.732 0.0000000000
50486  39.728  -43.150  79.072 0.0000000000
50524  39.603  -42.746  77.897 0.0000000000
50543  38.758  -42.908  76.682 0.0000000000
50525  38.426  -43.141  77.434 0.0000000000
49464  37.221  -43.514  76.957 0.0000000000
49452  35.631  -44.090  77.201 0.0000000000
48389  35.200  -44.665  78.767 0.0000000000
48398  35.266  -44.453  77.934 0.0000000000
49467  34.507  -44.054  76.346 0.0000000000
48429  33.123  -44.208  76.294 0.0000000000
48431  31.344  -44.440  75.692 0.0000000000
48432  30.360  -45.082  75.529 0.0000000000
44719  32.238  -46.908  82.115 0.0000000000
44756  32.030  -46.952  80.828 0.0000000000
46005  31.803  -46.659  79.831 0.0000000000
44777  29.812  -47.107  79.762 0.0000000000
46007  30.134  -46.898  79.308 0.0000000000
47286  31.030  -46.139  78.165 0.0000000000
47301  30.094  -46.008  77.021 0.0000000000
47331  30.143  -45.547  76.193 0.0000000000
48447  29.282  -45.206  74.387 0.0000000000
48462  27.810  -45.311  73.381 0.0000000000
47356  26.910  -45.914  72.984 0.0000000000
47364  25.699  -46.357  71.279 0.0000000000
46108  25.471  -47.389  73.268 0.0000000000
46115  25.401  -46.772  72.098 0.0000000000
46144  24.064  -46.630  70.130 0.0000000000
46167  22.461  -47.078  68.463 0.0000000000
70764  49.287  -26.745  59.721 0.0000000000
69609  48.322  -27.330  57.972 0.0000000000
69610  47.569  -27.567  58.311 0.0000000000
68409  45.307  -28.678  59.398 0.0000000000
67281  45.323  -29.695  58.211 0.0000000000
64824  45.216  -31.588  60.805 0.0000000000
48249  24.126  -45.468  88.404 0.0000000000
47153  24.071  -46.481  87.746 0.0000000000
44643  23.778  -48.592  86.256 0.0000000000
44642  23.513  -49.413  86.631 0.0000000000
43572  23.492  -49.717  85.466 0.0000000000
41412  23.021  -51.087  84.111 0.0000000000
40260  22.500  -52.453  81.919 0.0000000000
39070  21.865  -53.621  80.348 0.0000000000
37729  21.892  -53.948  85.131 0.0000000000
36393  21.870  -54.073  82.577 0.0000000000
36434  21.503  -54.496  80.908 0.0000000000
37828  20.814  -54.191  79.032 0.0000000000
37849  20.167  -54.273  77.991 0.0000000000
76294  56.115  -21.645  56.577 0.0000000000
74172  55.424  -22.561  57.062 0.0000000000
74159  54.553  -23.623  57.726 0.0000000000
73068  53.947  -24.036  57.876 0.0000000000
74127  55.698  -23.526  59.669 0.0000000000
73049  54.453  -23.986  58.549 0.0000000000
73051  52.959  -24.496  57.949 0.0000000000
71901  52.440  -24.968  58.248 0.0000000000
71902  51.387  -25.593  58.752 0.0000000000
70781  51.053  -25.945  59.517 0.0000000000
71863  52.476  -25.730  61.808 0.0000000000
70761  51.404  -26.229  60.980 0.0000000000
70763  49.811  -26.689  60.205 0.0000000000
69575  49.162  -27.026  60.642 0.0000000000
69576  48.209  -27.107  60.972 0.0000000000
69553  48.079  -27.167  62.106 0.0000000000
69501  49.535  -27.240  64.357 0.0000000000
69528  47.859  -27.339  63.146 0.0000000000
69555  46.358  -27.870  62.783 0.0000000000
68347  46.062  -28.378  63.407 0.0000000000
67232  44.967  -29.453  63.382 0.0000000000
66004  44.663  -30.526  63.693 0.0000000000
68269  51.163  -27.935  68.213 0.0000000000
68282  50.435  -27.795  67.544 0.0000000000
68283  49.247  -28.775  67.738 0.0000000000
67156  48.725  -30.025  68.627 0.0000000000
67168  48.397  -29.789  67.949 0.0000000000
67180  47.315  -29.791  66.914 0.0000000000
67191  45.906  -29.924  65.864 0.0000000000
65994  45.332  -30.520  64.808 0.0000000000
63561  44.636  -32.223  63.751 0.0000000000
63572  45.302  -33.314  63.642 0.0000000000
61327  46.177  -34.905  62.185 0.0000000000
61268  45.612  -33.839  65.292 0.0000000000
61283  44.646  -34.707  63.998 0.0000000000
63409  47.416  -31.615  73.766 0.0000000000
63432  46.627  -31.878  72.676 0.0000000000
64586  44.112  -31.111  76.864 0.0000000000
63380  42.389  -32.656  75.071 0.0000000000
64621  43.758  -31.671  74.996 0.0000000000
64620  44.565  -31.315  75.176 0.0000000000
64652  45.034  -31.482  73.964 0.0000000000
63433  45.832  -31.847  72.416 0.0000000000
63455  46.610  -32.041  71.650 0.0000000000
63476  45.720  -32.208  70.289 0.0000000000
62322  44.406  -32.636  68.589 0.0000000000
62339  43.669  -32.581  67.504 0.0000000000
63496  41.988  -32.275  69.149 0.0000000000
63525  42.105  -32.324  67.255 0.0000000000
63538  42.387  -32.455  66.211 0.0000000000
63563  41.645  -32.606  64.374 0.0000000000
61285  37.302  -34.278  64.580 0.0000000000
61298  36.450  -34.478  63.109 0.0000000000
57566  36.983  -36.883  68.932 0.0000000000
57581  36.021  -37.448  67.643 0.0000000000
57609  34.924  -37.145  66.045 0.0000000000
55100  35.104  -39.489  66.821 0.0000000000
56328  34.286  -38.540  66.023 0.0000000000
50581  39.055  -42.984  74.739 0.0000000000
50603  38.343  -43.041  73.626 0.0000000000
50618  37.532  -42.637  72.445 0.0000000000
50606  35.554  -42.930  73.166 0.0000000000
50619  36.647  -42.699  72.319 0.0000000000
51886  36.936  -42.482  70.676 0.0000000000
50674  36.107  -43.038  69.135 0.0000000000
50697  35.434  -42.846  68.245 0.0000000000
50730  34.690  -42.705  66.449 0.0000000000
49529  30.187  -43.895  71.534 0.0000000000
49541  30.972  -43.722  70.821 0.0000000000
50679  31.178  -43.545  69.431 0.0000000000
50718  29.618  -43.175  67.501 0.0000000000
50701  31.527  -43.129  68.374 0.0000000000
50700  32.542  -43.017  68.266 0.0000000000
50715  32.919  -43.061  67.501 0.0000000000
50752  33.133  -42.799  65.920 0.0000000000
76323  53.882  -21.406  54.286 0.0000000000
76331  53.088  -21.501  52.405 0.0000000000
75260  53.829  -22.061  51.520 0.0000000000
69614  48.419  -27.069  57.091 0.0000000000
50541  40.102  -42.559  77.187 0.0000000000
50522  40.952  -41.946  78.122 0.0000000000
50559  40.335  -42.259  76.645 0.0000000000
51816  40.594  -41.794  76.849 0.0000000000
50578  40.195  -42.284  76.073 0.0000000000
50579  40.059  -42.472  75.692 0.0000000000
70783  49.617  -26.534  58.452 0.0000000000
70788  49.624  -26.495  57.614 0.0000000000
46047  24.226  -46.698  77.261 0.0000000000
40284  21.340  -52.974  78.339 0.0000000000
39121  20.599  -53.324  77.231 0.0000000000
39102  20.954  -53.424  78.063 0.0000000000
45896  32.917  -45.780  83.729 0.0000000000
47176  34.034  -45.383  83.984 0.0000000000
45895  33.716  -45.627  83.656 0.0000000000
45910  34.006  -45.715  83.026 0.0000000000
44696  33.749  -46.695  82.410 0.0000000000
44717  33.776  -46.908  82.217 0.0000000000
44697  33.255  -46.685  82.806 0.0000000000
44811  26.301  -47.094  77.859 0.0000000000
69443  52.094  -26.426  66.890 0.0000000000
63490  48.222  -31.914  70.273 0.0000000000
63475  46.564  -32.316  70.573 0.0000000000
58807  39.702  -36.176  70.944 0.0000000000
60040  40.197  -35.598  70.921 0.0000000000
60041  39.714  -35.693  70.552 0.0000000000
60050  39.368  -35.465  69.868 0.0000000000
60051  38.725  -35.713  69.455 0.0000000000
49495  30.651  -44.373  73.809 0.0000000000
49494  31.213  -44.189  74.246 0.0000000000
77267  55.751  -20.664  55.427 0.0000000000
76321  55.261  -21.035  55.277 0.0000000000
48346  25.224  -45.238  82.528 0.0000000000
44702  23.543  -48.180  84.031 0.0000000000
44680  23.307  -48.787  84.154 0.0000000000
43591  23.380  -49.456  84.542 0.0000000000
49320  30.312  -44.471  85.965 0.0000000000
47156  29.914  -45.423  85.689 0.0000000000
47157  29.568  -45.301  86.004 0.0000000000
48345  26.357  -45.242  82.321 0.0000000000
56103  41.319  -37.948  80.017 0.0000000000
57339  41.800  -37.084  80.450 0.0000000000
57352  41.824  -37.047  80.074 0.0000000000
58648  42.117  -36.277  80.387 0.0000000000
58647  42.172  -36.337  80.078 0.0000000000
58664  42.207  -36.463  79.750 0.0000000000
57364  41.974  -37.156  79.620 0.0000000000
54975  40.331  -39.430  74.924 0.0000000000
56228  40.051  -38.713  74.251 0.0000000000
57472  39.806  -37.898  73.523 0.0000000000
56247  38.999  -39.013  73.121 0.0000000000
51884  38.484  -42.293  71.980 0.0000000000
51885  38.172  -42.242  71.261 0.0000000000
50650  37.757  -42.404  70.812 0.0000000000
47379  25.275  -46.126  70.399 0.0000000000
47386  25.487  -45.643  70.072 0.0000000000
47387  24.989  -45.916  69.487 0.0000000000
74175  52.999  -24.063  56.440 0.0000000000
73086  52.449  -24.525  56.540 0.0000000000
46156  21.343  -47.563  69.968 0.0000000000
44892  21.030  -47.993  70.764 0.0000000000
44797  21.509  -48.824  78.207 0.0000000000
44812  21.598  -48.594  77.307 0.0000000000
40362  19.538  -52.652  73.513 0.0000000000
47251  37.466  -44.622  80.900 0.0000000000
47237  37.999  -44.807  80.981 0.0000000000
48368  37.707  -44.388  80.519 0.0000000000
48376  38.213  -43.901  79.931 0.0000000000
48377  37.792  -44.189  79.970 0.0000000000
48386  37.813  -44.203  79.279 0.0000000000
48378  37.161  -44.507  79.891 0.0000000000
47298  32.503  -45.421  78.200 0.0000000000
47285  31.631  -45.886  78.630 0.0000000000
44722  29.781  -47.201  82.119 0.0000000000
44741  29.379  -47.090  81.344 0.0000000000
44808  28.309  -47.275  76.994 0.0000000000
44822  28.412  -47.196  76.263 0.0000000000
44831  28.481  -47.124  76.012 0.0000000000
46082  27.226  -47.284  75.323 0.0000000000
46130  22.536  -47.334  71.868 0.0000000000
69577  47.087  -27.254  61.360 0.0000000000
69589  46.098  -27.709  60.573 0.0000000000
40194  23.539  -51.658  87.200 0.0000000000
38985  23.069  -52.289  86.438 0.0000000000
39006  23.058  -52.490  85.345 0.0000000000
37715  22.424  -52.980  85.835 0.0000000000
39042  19.968  -53.268  82.258 0.0000000000
37753  20.338  -53.546  82.955 0.0000000000
36423  20.497  -54.255  81.203 0.0000000000
36438  19.588  -54.501  79.840 0.0000000000
37795  19.733  -54.136  80.226 0.0000000000
75172  57.652  -21.998  59.276 0.0000000000
73000  55.645  -24.041  61.720 0.0000000000
73013  55.304  -24.107  60.884 0.0000000000
70738  51.531  -26.420  62.722 0.0000000000
70721  51.033  -26.712  63.216 0.0000000000
69475  48.850  -27.643  65.232 0.0000000000
68259  50.546  -28.949  69.252 0.0000000000
67141  50.401  -29.367  69.803 0.0000000000
63523  46.971  -32.794  67.257 0.0000000000
64736  46.411  -31.880  66.362 0.0000000000
62381  46.059  -33.309  64.975 0.0000000000
62365  46.297  -33.303  66.095 0.0000000000
62368  44.257  -33.232  66.216 0.0000000000
62385  43.186  -33.381  65.158 0.0000000000
63551  43.253  -33.219  65.400 0.0000000000
64602  45.798  -31.068  75.797 0.0000000000
63437  41.750  -32.816  71.796 0.0000000000
63436  42.405  -32.415  72.211 0.0000000000
63478  43.410  -32.128  70.241 0.0000000000
62369  39.743  -33.148  66.305 0.0000000000
63555  39.844  -33.025  65.483 0.0000000000
62387  39.236  -33.246  65.498 0.0000000000
60099  35.270  -35.671  65.060 0.0000000000
60100  34.728  -35.839  64.453 0.0000000000
55063  36.315  -39.628  68.714 0.0000000000
55064  35.960  -39.952  68.171 0.0000000000
49478  36.109  -43.608  75.976 0.0000000000
50566  35.659  -43.313  74.943 0.0000000000
51908  32.826  -42.740  70.557 0.0000000000
51889  33.551  -42.711  71.242 0.0000000000
51907  33.728  -42.510  70.163 0.0000000000
51924  34.035  -42.616  69.571 0.0000000000
50705  27.716  -43.816  68.552 0.0000000000
50704  28.322  -43.726  68.700 0.0000000000
74217  51.296  -23.597  51.759 0.0000000000
49346  26.344  -44.586  86.295 0.0000000000
49365  25.541  -44.650  86.100 0.0000000000
49347  25.461  -44.589  86.721 0.0000000000
48284  24.406  -45.789  86.699 0.0000000000
49323  27.096  -44.594  86.838 0.0000000000
51729  40.992  -41.985  80.297 0.0000000000
51704  41.144  -41.280  80.558 0.0000000000
51728  41.344  -41.173  80.173 0.0000000000
52848  41.565  -40.501  79.489 0.0000000000
52856  41.584  -40.408  79.011 0.0000000000
53826  41.720  -39.721  79.226 0.0000000000
54932  41.734  -38.865  78.767 0.0000000000
53834  41.200  -40.065  77.938 0.0000000000
52900  40.310  -41.097  75.882 0.0000000000
52882  40.629  -40.640  76.586 0.0000000000
52901  40.310  -40.548  75.597 0.0000000000
53892  39.872  -40.971  74.493 0.0000000000
50601  39.542  -42.759  74.403 0.0000000000
51863  39.583  -42.439  73.898 0.0000000000
46180  23.139  -46.867  67.693 0.0000000000
47404  23.351  -46.628  67.394 0.0000000000
47416  22.915  -46.785  66.713 0.0000000000
70793  49.743  -26.143  56.896 0.0000000000
69622  48.155  -27.075  55.994 0.0000000000
46131  21.607  -47.529  72.261 0.0000000000
46111  22.608  -47.290  73.948 0.0000000000
46112  21.818  -47.680  74.227 0.0000000000
44854  20.738  -48.611  73.108 0.0000000000
44837  21.194  -48.195  74.499 0.0000000000
40297  20.844  -52.599  76.722 0.0000000000
40317  20.243  -52.837  75.202 0.0000000000
39158  19.960  -53.151  74.988 0.0000000000
37880  19.357  -53.564  76.312 0.0000000000
48313  35.549  -44.905  83.579 0.0000000000
45931  35.456  -45.718  82.406 0.0000000000
45930  36.482  -45.418  82.414 0.0000000000
45948  36.101  -45.607  82.025 0.0000000000
45963  36.592  -45.430  81.801 0.0000000000
45981  35.537  -45.735  81.273 0.0000000000
45982  35.122  -46.012  81.208 0.0000000000
45967  33.743  -46.750  81.651 0.0000000000
45983  34.414  -46.108  81.181 0.0000000000
45984  33.475  -46.276  81.148 0.0000000000
46003  33.296  -45.978  80.284 0.0000000000
45985  32.606  -46.647  80.797 0.0000000000
44761  27.879  -47.146  80.021 0.0000000000
44780  27.522  -47.039  79.507 0.0000000000
44825  26.333  -47.321  77.380 0.0000000000
44810  26.834  -47.523  77.840 0.0000000000
44823  26.811  -47.476  76.755 0.0000000000
46065  26.282  -47.472  76.277 0.0000000000
46083  26.327  -47.467  75.323 0.0000000000
46110  23.564  -47.223  73.667 0.0000000000
68384  44.926  -28.718  61.677 0.0000000000
67252  44.585  -29.551  61.396 0.0000000000
66036  45.002  -30.634  60.702 0.0000000000
66055  45.803  -30.724  60.527 0.0000000000
40245  18.743  -52.201  83.602 0.0000000000
40252  19.492  -52.653  82.460 0.0000000000
40262  19.120  -52.281  81.708 0.0000000000
40272  19.066  -52.726  80.693 0.0000000000
41433  18.524  -51.939  81.738 0.0000000000
69445  50.799  -27.194  66.602 0.0000000000
68297  50.219  -27.501  66.849 0.0000000000
64695  49.381  -31.007  70.588 0.0000000000
64696  48.891  -31.178  70.145 0.0000000000
63522  47.293  -32.784  67.833 0.0000000000
62335  46.998  -33.341  67.847 0.0000000000
60016  41.528  -35.703  73.807 0.0000000000
61179  41.578  -35.193  73.893 0.0000000000
61194  40.724  -34.817  71.454 0.0000000000
62292  40.623  -33.819  70.749 0.0000000000
62308  40.298  -34.213  70.074 0.0000000000
61226  39.362  -34.613  68.609 0.0000000000
61225  39.780  -34.401  69.039 0.0000000000
62342  39.350  -34.299  68.165 0.0000000000
62356  39.233  -34.034  67.664 0.0000000000
61239  38.269  -34.773  67.570 0.0000000000
60065  37.843  -35.695  68.436 0.0000000000
60076  37.524  -35.497  67.699 0.0000000000
60077  36.903  -35.889  67.113 0.0000000000
53022  36.566  -41.751  67.514 0.0000000000
53033  35.878  -41.731  66.547 0.0000000000
53065  34.562  -41.702  63.598 0.0000000000
54050  34.109  -41.069  63.381 0.0000000000
49481  33.479  -43.644  75.382 0.0000000000
49492  34.043  -43.468  74.683 0.0000000000
50568  33.007  -43.484  74.891 0.0000000000
49517  31.922  -43.978  72.783 0.0000000000
50609  32.618  -43.644  72.988 0.0000000000
50623  32.490  -43.676  72.201 0.0000000000
49540  31.655  -43.629  71.272 0.0000000000
77285  55.007  -20.045  54.037 0.0000000000
78351  54.820  -19.937  52.806 0.0000000000
77287  54.055  -20.804  52.731 0.0000000000
47257  26.029  -46.071  80.136 0.0000000000
47258  24.794  -46.102  80.182 0.0000000000
46011  22.932  -47.444  79.691 0.0000000000
48318  24.723  -45.814  84.841 0.0000000000
45956  23.302  -47.360  82.291 0.0000000000
44743  22.467  -48.625  81.249 0.0000000000
44744  22.032  -49.302  80.991 0.0000000000
42597  22.447  -50.547  81.939 0.0000000000
42603  22.230  -50.732  81.181 0.0000000000
41440  22.318  -51.727  80.986 0.0000000000
48277  31.113  -45.251  85.298 0.0000000000
49343  31.799  -44.643  84.757 0.0000000000
48276  31.944  -45.115  84.540 0.0000000000
47163  32.164  -45.376  84.308 0.0000000000
45890  31.596  -45.846  84.327 0.0000000000
44660  31.578  -46.315  83.810 0.0000000000
45898  31.121  -46.382  84.142 0.0000000000
47180  29.919  -45.961  84.846 0.0000000000
45899  30.330  -46.264  84.353 0.0000000000
45916  29.538  -46.147  83.691 0.0000000000
48280  28.463  -45.460  86.382 0.0000000000
47182  28.353  -45.599  85.380 0.0000000000
47200  28.638  -45.651  84.179 0.0000000000
45936  28.429  -46.358  82.568 0.0000000000
45953  28.085  -46.414  81.891 0.0000000000
47227  27.958  -46.193  82.517 0.0000000000
62443  44.677  -33.537  61.735 0.0000000000
65892  50.173  -29.945  71.679 0.0000000000
65884  50.063  -29.866  71.997 0.0000000000
64650  49.177  -31.049  73.282 0.0000000000
64674  49.423  -31.082  72.045 0.0000000000
64666  48.789  -31.462  72.608 0.0000000000
54881  41.197  -38.969  81.289 0.0000000000
59961  42.401  -35.744  78.880 0.0000000000
61148  42.401  -35.358  79.110 0.0000000000
59962  42.495  -35.591  78.183 0.0000000000
59985  42.537  -35.346  77.176 0.0000000000
59973  42.518  -35.760  77.540 0.0000000000
56151  41.988  -37.691  77.996 0.0000000000
56170  41.624  -38.233  77.029 0.0000000000
57431  41.445  -37.235  75.486 0.0000000000
57413  41.544  -37.579  76.216 0.0000000000
58724  42.166  -36.447  76.304 0.0000000000
58740  41.547  -36.757  74.919 0.0000000000
58756  41.559  -36.293  74.464 0.0000000000
57492  39.940  -36.952  72.623 0.0000000000
57491  40.548  -36.681  72.860 0.0000000000
57509  39.763  -36.616  71.687 0.0000000000
56268  37.746  -38.573  71.166 0.0000000000
55026  37.447  -39.891  70.916 0.0000000000
53910  38.672  -40.877  72.412 0.0000000000
52980  37.629  -41.458  70.270 0.0000000000
53955  37.263  -40.862  70.099 0.0000000000
53011  37.148  -41.795  68.423 0.0000000000
50695  36.949  -42.732  68.262 0.0000000000
50710  36.774  -42.460  67.902 0.0000000000
48467  27.961  -44.964  72.322 0.0000000000
48502  26.686  -44.726  69.895 0.0000000000
49561  27.079  -44.458  69.612 0.0000000000
49572  26.379  -44.647  68.951 0.0000000000
47403  24.165  -46.226  67.120 0.0000000000
48522  24.606  -45.638  67.780 0.0000000000
47414  24.301  -46.128  66.307 0.0000000000
48529  25.282  -45.071  66.669 0.0000000000
48540  25.561  -45.195  65.881 0.0000000000
49600  25.855  -44.595  66.482 0.0000000000
74193  54.408  -22.593  56.139 0.0000000000
75236  54.203  -22.417  55.623 0.0000000000
74204  51.740  -23.744  54.696 0.0000000000
71933  50.584  -25.179  55.870 0.0000000000
71939  50.170  -25.056  55.176 0.0000000000
73114  49.668  -24.907  53.552 0.0000000000
44883  20.596  -48.564  71.106 0.0000000000
43758  20.154  -49.298  70.565 0.0000000000
47304  23.486  -46.995  78.066 0.0000000000
44827  21.164  -48.945  76.098 0.0000000000
44834  20.615  -48.970  74.944 0.0000000000
43690  20.595  -49.389  74.339 0.0000000000
42618  20.935  -50.733  76.829 0.0000000000
42619  20.614  -50.324  76.260 0.0000000000
42627  20.664  -51.023  76.071 0.0000000000
40381  19.559  -52.088  72.565 0.0000000000
41507  19.932  -51.307  73.044 0.0000000000
49378  37.099  -44.181  82.993 0.0000000000
49377  37.800  -44.079  82.493 0.0000000000
49403  38.376  -44.055  81.644 0.0000000000
50429  38.895  -43.235  82.196 0.0000000000
50428  39.213  -43.087  81.853 0.0000000000
50442  39.355  -43.003  81.422 0.0000000000
51706  40.167  -42.309  81.151 0.0000000000
50455  39.539  -43.012  80.965 0.0000000000
49430  38.616  -43.821  79.398 0.0000000000
49429  39.052  -43.662  79.483 0.0000000000
50487  39.390  -43.469  79.001 0.0000000000
50505  39.550  -43.053  78.582 0.0000000000
49447  39.061  -43.242  78.411 0.0000000000
49462  38.796  -42.857  77.427 0.0000000000
49448  38.539  -43.323  78.105 0.0000000000
49440  37.454  -43.970  78.424 0.0000000000
49450  37.083  -43.714  77.899 0.0000000000
49465  36.393  -43.599  76.604 0.0000000000
49451  36.276  -43.886  77.514 0.0000000000
47268  35.256  -45.358  80.098 0.0000000000
47280  35.832  -44.925  79.707 0.0000000000
47281  35.166  -45.069  79.449 0.0000000000
48399  34.237  -44.918  77.904 0.0000000000
48411  34.937  -44.409  77.358 0.0000000000
48412  34.299  -44.525  77.120 0.0000000000
49468  33.849  -43.904  76.177 0.0000000000
48413  33.472  -44.621  76.789 0.0000000000
48402  31.628  -45.163  77.215 0.0000000000
48414  32.467  -44.713  76.736 0.0000000000
48415  31.561  -44.763  76.532 0.0000000000
48416  30.745  -45.087  76.287 0.0000000000
44699  31.308  -46.746  82.646 0.0000000000
44720  31.280  -46.917  82.094 0.0000000000
44757  31.497  -47.084  80.736 0.0000000000
45987  31.348  -47.043  80.189 0.0000000000
45986  31.929  -46.814  80.399 0.0000000000
46006  30.948  -46.856  79.686 0.0000000000
46026  29.592  -46.927  78.376 0.0000000000
46025  30.721  -46.445  78.841 0.0000000000
46042  30.374  -46.518  77.984 0.0000000000
46080  28.683  -46.403  75.783 0.0000000000
47332  29.465  -45.717  75.909 0.0000000000
48433  29.698  -45.342  75.129 0.0000000000
47342  28.990  -45.703  75.310 0.0000000000
48448  28.486  -45.323  74.010 0.0000000000
47343  28.430  -45.728  74.799 0.0000000000
46106  26.959  -46.524  73.675 0.0000000000
47353  27.372  -46.087  73.704 0.0000000000
47357  26.473  -46.314  72.563 0.0000000000
47358  26.014  -46.441  72.015 0.0000000000
46098  25.457  -47.542  74.367 0.0000000000
46128  24.300  -46.948  71.207 0.0000000000
46154  23.285  -46.911  69.305 0.0000000000
69601  48.276  -27.056  58.778 0.0000000000
69602  47.504  -27.369  59.200 0.0000000000
68412  45.967  -28.178  58.872 0.0000000000
69611  46.797  -27.794  58.570 0.0000000000
68417  46.319  -28.400  57.690 0.0000000000
66083  45.606  -30.288  58.478 0.0000000000
66082  45.929  -30.491  57.852 0.0000000000
63641  44.872  -32.574  60.750 0.0000000000
63613  44.925  -32.064  60.847 0.0000000000
63640  45.440  -32.322  60.435 0.0000000000
50341  24.286  -44.556  88.180 0.0000000000
47148  24.012  -46.196  88.288 0.0000000000
45867  23.812  -47.661  87.305 0.0000000000
45883  24.031  -47.669  86.654 0.0000000000
43554  23.377  -50.051  86.352 0.0000000000
44662  23.610  -49.442  86.009 0.0000000000
42559  23.412  -50.441  85.659 0.0000000000
42569  23.312  -50.145  84.775 0.0000000000
41402  23.316  -50.875  84.818 0.0000000000
39032  22.766  -52.778  83.414 0.0000000000
40243  22.825  -51.976  83.846 0.0000000000
40251  22.628  -52.671  82.576 0.0000000000
39049  22.301  -53.483  81.632 0.0000000000
36385  21.137  -53.916  84.291 0.0000000000
37731  20.852  -53.831  84.737 0.0000000000
36376  21.138  -53.957  84.680 0.0000000000
37717  21.420  -53.730  85.719 0.0000000000
37740  21.561  -54.038  84.555 0.0000000000
37739  22.040  -54.094  84.113 0.0000000000
36383  21.832  -54.044  83.384 0.0000000000
36436  20.880  -54.695  80.723 0.0000000000
36420  21.640  -54.394  81.111 0.0000000000
37794  21.222  -54.549  80.474 0.0000000000
37808  21.526  -54.038  80.143 0.0000000000
37809  21.056  -54.391  79.782 0.0000000000
37810  20.431  -54.543  79.589 0.0000000000
37830  19.617  -54.951  78.698 0.0000000000
37796  19.147  -54.459  79.753 0.0000000000
76293  56.750  -21.462  56.931 0.0000000000
75214  56.065  -22.217  57.115 0.0000000000
74158  55.577  -22.842  57.637 0.0000000000
74143  54.765  -23.690  58.284 0.0000000000
74112  56.579  -22.939  60.343 0.0000000000
73030  54.453  -24.325  59.489 0.0000000000
73048  55.003  -23.880  59.252 0.0000000000
73031  53.940  -24.374  58.965 0.0000000000
73050  53.573  -24.363  58.307 0.0000000000
71900  53.046  -24.610  58.415 0.0000000000
71887  53.301  -24.757  59.108 0.0000000000
71888  52.390  -25.389  59.454 0.0000000000
71889  51.645  -25.789  59.842 0.0000000000
71862  53.152  -25.232  61.283 0.0000000000
70752  51.468  -26.435  61.879 0.0000000000
70762  50.641  -26.530  60.628 0.0000000000
70754  49.968  -26.942  61.106 0.0000000000
69552  49.130  -27.073  61.652 0.0000000000
69500  50.521  -27.163  64.660 0.0000000000
69526  50.290  -26.831  63.724 0.0000000000
68326  47.681  -27.758  64.270 0.0000000000
69503  47.563  -27.636  63.813 0.0000000000
69529  46.960  -27.685  63.332 0.0000000000
68346  46.654  -28.064  63.525 0.0000000000
68348  45.438  -29.099  63.713 0.0000000000
68329  45.488  -29.332  64.203 0.0000000000
67215  45.098  -29.720  63.922 0.0000000000
66003  45.051  -30.246  64.306 0.0000000000
69389  52.068  -27.578  69.265 0.0000000000
69404  51.860  -27.544  68.560 0.0000000000
65931  48.776  -30.847  68.957 0.0000000000
65945  48.359  -30.620  68.417 0.0000000000
65961  47.270  -30.617  67.368 0.0000000000
67169  47.697  -30.091  67.534 0.0000000000
67179  47.951  -29.373  67.323 0.0000000000
68300  46.869  -29.118  66.261 0.0000000000
67181  46.520  -30.007  66.432 0.0000000000
64737  45.863  -31.759  65.672 0.0000000000
65979  45.671  -30.779  65.453 0.0000000000
64750  45.298  -31.543  64.859 0.0000000000
64751  44.712  -31.586  64.121 0.0000000000
63573  44.732  -32.897  63.126 0.0000000000
62394  45.665  -33.901  64.700 0.0000000000
61294  45.979  -34.645  63.220 0.0000000000
60119  46.174  -35.118  62.905 0.0000000000
60135  45.494  -35.249  62.499 0.0000000000
60121  45.222  -35.210  63.124 0.0000000000
61237  46.078  -33.570  66.605 0.0000000000
61254  45.826  -33.649  66.100 0.0000000000
61255  45.338  -33.945  65.891 0.0000000000
62396  44.648  -34.486  64.323 0.0000000000
61296  44.468  -34.692  63.426 0.0000000000
63391  46.755  -31.398  74.350 0.0000000000
63431  47.400  -31.802  72.921 0.0000000000
64568  42.998  -31.907  77.583 0.0000000000
64587  43.249  -31.707  77.060 0.0000000000
64604  43.643  -31.414  76.031 0.0000000000
62255  42.258  -33.629  75.595 0.0000000000
63413  43.156  -31.870  73.687 0.0000000000
63393  43.054  -32.006  74.619 0.0000000000
64634  44.508  -31.488  74.385 0.0000000000
64633  45.207  -31.324  74.401 0.0000000000
64653  44.688  -31.597  73.601 0.0000000000
63434  44.886  -31.686  72.359 0.0000000000
63412  45.159  -31.716  72.983 0.0000000000
63456  45.736  -31.935  71.306 0.0000000000
64688  45.345  -31.987  70.506 0.0000000000
63494  44.305  -32.417  69.286 0.0000000000
63510  43.861  -32.468  68.626 0.0000000000
62338  44.332  -32.751  67.872 0.0000000000
63511  43.008  -32.340  68.115 0.0000000000
63497  40.949  -32.702  69.070 0.0000000000
63553  41.514  -32.531  65.443 0.0000000000
63577  39.653  -32.755  63.821 0.0000000000
61284  37.919  -34.272  65.249 0.0000000000
60111  35.310  -35.130  64.109 0.0000000000
61286  36.274  -34.531  64.112 0.0000000000
61287  35.853  -34.826  63.444 0.0000000000
57545  37.068  -37.431  69.382 0.0000000000
56311  35.998  -38.408  67.964 0.0000000000
57567  36.493  -37.424  68.535 0.0000000000
57582  35.592  -37.314  67.080 0.0000000000
57595  35.082  -37.489  66.441 0.0000000000
54011  34.886  -40.304  66.300 0.0000000000
55101  34.494  -39.492  66.192 0.0000000000
55120  33.516  -39.124  65.066 0.0000000000
56343  33.811  -38.429  65.444 0.0000000000
50562  39.008  -43.054  75.668 0.0000000000
50563  38.321  -43.091  75.364 0.0000000000
50583  37.633  -43.041  74.352 0.0000000000
50604  37.525  -42.704  73.356 0.0000000000
51875  37.435  -42.622  72.815 0.0000000000
50586  34.663  -43.245  74.161 0.0000000000
50585  35.679  -43.024  74.106 0.0000000000
50635  36.541  -42.523  71.072 0.0000000000
50652  36.663  -42.878  70.147 0.0000000000
50653  35.519  -42.596  69.928 0.0000000000
50698  34.507  -42.657  68.243 0.0000000000
50713  34.625  -42.647  67.417 0.0000000000
50731  33.886  -42.803  66.543 0.0000000000
49530  29.320  -44.299  71.303 0.0000000000
49519  30.350  -43.869  72.409 0.0000000000
49557  30.588  -43.851  70.070 0.0000000000
50657  31.248  -43.840  70.147 0.0000000000
50736  28.665  -42.884  66.472 0.0000000000
50734  30.560  -42.763  66.656 0.0000000000
50717  30.850  -42.882  67.361 0.0000000000
50716  31.991  -43.079  67.507 0.0000000000
51960  32.010  -43.006  67.014 0.0000000000
52008  31.777  -42.580  64.816 0.0000000000
50753  32.584  -42.887  66.379 0.0000000000
50771  33.268  -42.785  65.093 0.0000000000
75250  53.351  -21.806  54.218 0.0000000000
76327  53.013  -21.469  52.776 0.0000000000
75254  53.317  -21.645  51.883 0.0000000000
49305  25.863  -44.124  87.620 0.0000000000
49325  25.263  -44.486  87.366 0.0000000000
49306  25.047  -44.382  87.821 0.0000000000
48255  24.635  -45.039  87.734 0.0000000000
51752  41.404  -41.410  79.721 0.0000000000
50502  41.181  -41.770  78.624 0.0000000000
50521  41.143  -41.714  78.374 0.0000000000
51794  41.220  -41.386  78.327 0.0000000000
52867  41.189  -40.703  77.897 0.0000000000
52899  40.445  -41.511  76.292 0.0000000000
52918  40.418  -41.798  75.615 0.0000000000
51849  40.380  -42.290  75.215 0.0000000000
71903  50.736  -25.859  58.421 0.0000000000
70789  49.158  -26.609  57.113 0.0000000000
46086  23.334  -47.166  75.677 0.0000000000
42607  21.674  -51.223  79.640 0.0000000000
41449  21.345  -52.007  78.291 0.0000000000
39141  20.495  -53.202  76.414 0.0000000000
37878  20.314  -53.403  76.865 0.0000000000
37864  20.146  -53.761  77.340 0.0000000000
48314  34.629  -45.083  83.753 0.0000000000
47197  35.686  -45.266  83.274 0.0000000000
45909  34.982  -45.642  82.946 0.0000000000
45949  35.217  -46.132  81.983 0.0000000000
45950  34.412  -46.625  81.932 0.0000000000
44736  33.824  -47.098  81.944 0.0000000000
44737  33.118  -47.234  81.839 0.0000000000
46009  27.042  -46.765  79.281 0.0000000000
44796  26.564  -47.008  78.427 0.0000000000
68366  44.670  -29.414  62.518 0.0000000000
67253  44.533  -29.815  62.060 0.0000000000
64802  44.773  -31.475  61.234 0.0000000000
41423  17.706  -51.615  82.668 0.0000000000
69442  52.181  -26.147  66.494 0.0000000000
69471  51.878  -26.167  65.906 0.0000000000
69420  51.619  -27.251  67.615 0.0000000000
58793  40.792  -36.153  72.403 0.0000000000
60032  40.732  -35.662  71.942 0.0000000000
60033  40.401  -35.867  71.466 0.0000000000
60039  40.528  -35.434  71.337 0.0000000000
61204  40.299  -34.865  70.487 0.0000000000
61214  39.509  -34.843  69.259 0.0000000000
60074  38.840  -35.027  68.524 0.0000000000
60064  38.383  -35.576  68.863 0.0000000000
50569  32.711  -43.527  74.537 0.0000000000
49493  32.027  -43.759  74.402 0.0000000000
49518  31.140  -43.696  72.639 0.0000000000
78339  56.241  -19.586  54.662 0.0000000000
77279  55.374  -20.364  54.738 0.0000000000
77280  54.677  -20.546  54.218 0.0000000000
48358  24.768  -45.653  81.820 0.0000000000
48359  24.250  -46.011  81.940 0.0000000000
45918  23.825  -47.711  84.298 0.0000000000
43619  22.645  -49.384  83.106 0.0000000000
42596  22.631  -50.400  82.747 0.0000000000
49344  31.015  -44.714  85.523 0.0000000000
45891  30.765  -46.026  84.593 0.0000000000
47165  30.343  -45.776  85.138 0.0000000000
48281  27.600  -45.208  86.209 0.0000000000
48297  27.586  -45.315  84.896 0.0000000000
47216  27.503  -45.634  82.998 0.0000000000
47228  27.421  -45.782  82.317 0.0000000000
54896  41.483  -38.739  80.347 0.0000000000
56070  41.609  -37.755  80.774 0.0000000000
57322  41.731  -37.236  81.054 0.0000000000
61127  42.587  -35.072  80.247 0.0000000000
61136  42.619  -35.065  79.833 0.0000000000
59934  42.398  -35.774  79.802 0.0000000000
59948  42.369  -35.839  79.406 0.0000000000
58691  42.417  -36.486  78.534 0.0000000000
54954  41.275  -39.095  76.479 0.0000000000
56171  41.510  -38.188  76.582 0.0000000000
54966  41.096  -38.724  75.983 0.0000000000
56206  41.055  -37.840  75.347 0.0000000000
57451  40.434  -37.796  74.144 0.0000000000
57493  39.231  -37.965  72.894 0.0000000000
56260  38.692  -38.454  72.551 0.0000000000
52956  38.647  -41.352  72.059 0.0000000000
52968  38.478  -41.748  71.664 0.0000000000
52979  38.012  -41.870  70.602 0.0000000000
52993  37.795  -42.182  69.993 0.0000000000
51922  37.558  -42.500  69.640 0.0000000000
50673  37.199  -43.090  69.262 0.0000000000
48474  26.495  -45.644  71.226 0.0000000000
48490  26.551  -45.354  70.805 0.0000000000
48503  26.110  -45.122  69.832 0.0000000000
48513  25.885  -44.986  69.080 0.0000000000
74174  53.690  -23.798  56.740 0.0000000000
74196  52.044  -24.025  55.425 0.0000000000
71935  49.157  -25.701  55.061 0.0000000000
71940  49.573  -25.285  54.692 0.0000000000
43743  20.306  -49.398  71.616 0.0000000000
46030  23.032  -47.406  78.793 0.0000000000
46069  22.227  -47.778  77.013 0.0000000000
46049  22.123  -48.045  77.770 0.0000000000
41485  20.532  -52.040  74.737 0.0000000000
40361  19.816  -52.318  73.455 0.0000000000
47212  37.784  -45.535  82.116 0.0000000000
49393  38.068  -44.392  82.169 0.0000000000
48344  38.230  -45.380  81.947 0.0000000000
48343  38.004  -44.591  81.788 0.0000000000
48354  38.246  -44.208  81.063 0.0000000000
49411  38.886  -43.547  80.617 0.0000000000
48375  38.487  -43.769  80.051 0.0000000000
48396  36.831  -44.170  78.576 0.0000000000
47282  34.292  -45.311  79.081 0.0000000000
47296  33.973  -45.381  78.526 0.0000000000
44721  30.497  -47.091  82.124 0.0000000000
44793  28.529  -47.301  78.114 0.0000000000
44821  28.668  -46.868  76.175 0.0000000000
46095  28.127  -46.326  75.186 0.0000000000
46107  26.363  -46.783  73.264 0.0000000000
46129  23.456  -47.232  71.517 0.0000000000
46155  22.335  -47.081  69.604 0.0000000000
46168  21.450  -47.379  68.756 0.0000000000
66064  45.257  -30.132  59.795 0.0000000000
66063  46.196  -30.607  59.846 0.0000000000
41374  23.894  -51.085  86.937 0.0000000000
40214  23.520  -51.371  86.284 0.0000000000
40227  23.406  -51.366  85.161 0.0000000000
40234  23.332  -52.120  85.182 0.0000000000
39020  22.887  -52.750  84.519 0.0000000000
39033  22.480  -53.487  83.772 0.0000000000
39023  19.827  -53.095  84.267 0.0000000000
37741  20.618  -53.705  83.887 0.0000000000
37752  20.927  -53.751  82.791 0.0000000000
37751  21.226  -53.998  82.249 0.0000000000
37763  20.852  -54.091  81.836 0.0000000000
36422  20.795  -54.579  81.147 0.0000000000
36452  20.485  -54.499  80.070 0.0000000000
36468  20.056  -54.699  79.508 0.0000000000
36453  19.776  -54.618  79.723 0.0000000000
75199  56.651  -22.284  57.869 0.0000000000
75185  56.847  -22.359  58.781 0.0000000000
74126  56.271  -22.927  59.207 0.0000000000
74113  55.814  -23.623  60.625 0.0000000000
71872  53.935  -24.701  59.890 0.0000000000
71850  52.480  -25.763  62.726 0.0000000000
68315  46.305  -29.199  65.576 0.0000000000
68258  51.292  -28.297  69.384 0.0000000000
65947  47.098  -31.336  67.429 0.0000000000
63550  45.672  -32.583  65.099 0.0000000000
62382  45.642  -33.142  64.655 0.0000000000
62367  44.905  -33.693  65.915 0.0000000000
62412  43.252  -33.615  63.534 0.0000000000
62398  43.204  -33.514  64.601 0.0000000000
63562  42.591  -32.877  63.998 0.0000000000
63377  46.678  -31.321  74.864 0.0000000000
63392  45.951  -31.298  74.268 0.0000000000
62243  42.664  -33.524  77.783 0.0000000000
63349  42.906  -32.401  77.924 0.0000000000
62249  42.655  -33.158  77.128 0.0000000000
62269  41.737  -33.122  72.973 0.0000000000
63414  42.409  -32.386  73.329 0.0000000000
64654  44.009  -31.723  73.297 0.0000000000
63514  40.204  -33.220  68.268 0.0000000000
63527  40.230  -33.003  67.806 0.0000000000
63540  40.371  -32.785  66.870 0.0000000000
63554  40.394  -32.778  65.742 0.0000000000
63565  39.833  -32.921  64.936 0.0000000000
62413  39.238  -32.955  63.975 0.0000000000
62401  37.623  -33.818  64.014 0.0000000000
61272  36.534  -34.720  64.989 0.0000000000
56299  36.298  -38.536  68.632 0.0000000000
55138  33.795  -39.832  64.914 0.0000000000
50545  37.472  -43.377  76.039 0.0000000000
50584  36.657  -42.826  74.292 0.0000000000
50621  34.026  -43.066  72.285 0.0000000000
51877  34.289  -42.741  71.624 0.0000000000
51906  34.562  -42.521  69.791 0.0000000000
50699  33.586  -42.660  68.126 0.0000000000
49559  28.774  -43.887  69.886 0.0000000000
49543  29.138  -44.104  70.585 0.0000000000
50681  29.125  -43.710  69.283 0.0000000000
51993  29.033  -42.677  65.525 0.0000000000
51976  29.532  -42.542  66.060 0.0000000000
51974  31.210  -42.795  66.417 0.0000000000
51973  32.013  -42.878  66.581 0.0000000000
75251  52.644  -22.135  53.607 0.0000000000
68424  46.909  -28.442  56.814 0.0000000000
48317  25.632  -45.094  84.477 0.0000000000
48299  25.305  -44.974  85.471 0.0000000000
47183  24.153  -46.678  85.333 0.0000000000
45893  24.045  -47.673  85.823 0.0000000000
48261  28.156  -45.298  87.058 0.0000000000
48262  27.632  -44.956  87.050 0.0000000000
48282  26.900  -44.801  86.056 0.0000000000
48298  26.528  -44.858  85.400 0.0000000000
52823  40.341  -41.177  81.689 0.0000000000
53801  40.805  -40.359  81.544 0.0000000000
53819  41.314  -40.328  81.169 0.0000000000
53799  41.439  -39.362  80.872 0.0000000000
53808  41.572  -39.875  80.347 0.0000000000
54907  41.570  -38.890  79.953 0.0000000000
56117  41.458  -38.228  79.748 0.0000000000
56131  41.849  -37.957  78.883 0.0000000000
54933  41.437  -39.166  77.934 0.0000000000
54946  41.360  -39.472  77.240 0.0000000000
52868  40.995  -40.468  77.249 0.0000000000
53845  40.985  -39.917  76.923 0.0000000000
54955  40.750  -39.502  76.215 0.0000000000
53868  40.379  -39.896  75.468 0.0000000000
54988  39.780  -39.950  74.256 0.0000000000
54989  39.200  -40.006  73.520 0.0000000000
53893  39.499  -40.951  73.843 0.0000000000
52939  39.448  -41.779  73.392 0.0000000000
51874  38.821  -42.362  72.526 0.0000000000
46165  23.949  -46.420  68.512 0.0000000000
46164  24.257  -46.200  68.602 0.0000000000
47415  23.505  -46.605  66.478 0.0000000000
46232  22.688  -47.333  66.051 0.0000000000
46231  23.168  -47.187  65.917 0.0000000000
71913  52.205  -24.891  57.256 0.0000000000
71927  51.756  -24.946  56.866 0.0000000000
71929  49.992  -25.630  56.326 0.0000000000
44869  21.060  -47.911  72.192 0.0000000000
44853  21.186  -48.033  72.756 0.0000000000
43724  20.364  -49.370  72.681 0.0000000000
44798  21.323  -49.382  77.803 0.0000000000
43663  21.393  -49.903  78.150 0.0000000000
41460  20.760  -51.751  76.335 0.0000000000
40337  20.423  -52.343  75.100 0.0000000000
39143  19.369  -53.323  75.397 0.0000000000
39144  18.535  -53.448  74.980 0.0000000000
47196  36.491  -45.144  83.052 0.0000000000
47213  37.525  -45.422  82.154 0.0000000000
45946  37.672  -45.676  82.237 0.0000000000
47239  36.802  -45.249  81.466 0.0000000000
47266  36.854  -44.775  80.488 0.0000000000
47255  34.669  -45.677  80.576 0.0000000000
47270  33.585  -45.639  79.586 0.0000000000
46022  33.034  -46.086  79.616 0.0000000000
46023  32.476  -46.228  79.438 0.0000000000
44742  28.987  -46.942  81.430 0.0000000000
44794  27.696  -47.374  78.482 0.0000000000
69579  45.483  -28.180  61.629 0.0000000000
69590  45.513  -28.104  61.216 0.0000000000
39024  19.405  -52.881  84.973 0.0000000000
40244  19.319  -52.607  83.356 0.0000000000
40271  19.655  -53.095  81.063 0.0000000000
39060  19.693  -53.501  80.690 0.0000000000
40280  18.871  -53.299  80.053 0.0000000000
41442  18.307  -52.066  81.063 0.0000000000
70702  51.781  -26.484  64.500 0.0000000000
69499  51.243  -26.770  64.999 0.0000000000
69473  50.726  -27.216  65.590 0.0000000000
65916  50.173  -29.950  70.443 0.0000000000
67142  49.728  -29.759  69.528 0.0000000000
65917  49.570  -30.360  70.059 0.0000000000
64703  48.578  -31.555  69.505 0.0000000000
64712  47.683  -31.984  68.241 0.0000000000
62351  46.491  -33.382  66.964 0.0000000000
62352  45.707  -33.556  66.780 0.0000000000
62354  44.009  -32.809  66.920 0.0000000000
60006  41.786  -35.445  74.885 0.0000000000
61172  41.638  -34.713  74.197 0.0000000000
62270  41.530  -33.983  73.392 0.0000000000
62323  40.389  -33.358  68.864 0.0000000000
62324  40.149  -34.010  69.277 0.0000000000
62340  40.252  -33.300  68.492 0.0000000000
62370  38.911  -33.731  66.653 0.0000000000
62371  38.402  -34.084  66.291 0.0000000000
61257  38.237  -34.392  66.787 0.0000000000
61258  37.483  -34.690  66.481 0.0000000000
60097  36.907  -35.146  66.243 0.0000000000
60088  36.657  -35.758  66.483 0.0000000000
58888  36.036  -36.139  66.335 0.0000000000
58889  35.291  -36.562  65.885 0.0000000000
53995  35.928  -40.779  67.761 0.0000000000
53043  35.119  -41.361  65.192 0.0000000000
54039  34.030  -40.565  64.075 0.0000000000
49491  34.391  -43.569  74.864 0.0000000000
50608  33.423  -43.318  73.166 0.0000000000
50588  32.695  -43.486  73.832 0.0000000000
50638  32.989  -43.285  71.696 0.0000000000
51909  32.423  -43.063  70.736 0.0000000000
50756  26.842  -43.635  66.547 0.0000000000
50755  27.418  -43.412  65.898 0.0000000000
79395  56.148  -19.032  53.589 0.0000000000
78349  55.911  -19.383  54.037 0.0000000000
79409  55.690  -19.212  53.108 0.0000000000
78360  55.270  -19.659  52.412 0.0000000000
77289  54.902  -20.008  52.004 0.0000000000
76335  54.522  -21.104  51.670 0.0000000000
73120  50.960  -24.316  51.259 0.0000000000
47287  25.003  -46.337  78.521 0.0000000000
47302  24.500  -46.491  77.987 0.0000000000
47288  24.115  -46.565  78.560 0.0000000000
47273  23.624  -46.918  79.150 0.0000000000
46012  22.439  -47.743  79.212 0.0000000000
44781  22.395  -47.923  79.641 0.0000000000
47229  23.736  -46.516  82.144 0.0000000000
45955  23.528  -47.062  82.830 0.0000000000
47230  23.330  -47.018  81.840 0.0000000000
44763  22.445  -48.165  80.187 0.0000000000
43654  21.740  -49.753  79.902 0.0000000000
42609  21.622  -50.484  79.557 0.0000000000
43632  22.108  -49.779  81.438 0.0000000000
40278  21.840  -52.822  79.873 0.0000000000
48275  32.849  -45.090  84.260 0.0000000000
47178  32.482  -45.541  84.027 0.0000000000
45912  32.635  -46.164  83.558 0.0000000000
44674  32.840  -46.413  83.322 0.0000000000
44675  32.089  -46.429  83.371 0.0000000000
44676  31.213  -46.619  83.272 0.0000000000
44677  30.663  -46.706  83.151 0.0000000000
45914  30.683  -46.582  83.737 0.0000000000
44678  30.337  -46.760  83.107 0.0000000000
45951  29.383  -46.953  82.234 0.0000000000
48279  28.944  -45.437  86.142 0.0000000000
47181  29.306  -45.775  84.893 0.0000000000
47199  29.401  -45.816  84.337 0.0000000000
45935  29.192  -46.461  82.691 0.0000000000
45969  28.536  -46.672  81.200 0.0000000000
45970  27.949  -46.485  80.958 0.0000000000
45989  27.736  -46.793  80.274 0.0000000000
45971  27.311  -46.395  80.670 0.0000000000
45990  27.300  -46.702  79.930 0.0000000000
46010  26.419  -46.378  79.246 0.0000000000
64803  44.516  -31.911  61.772 0.0000000000
68248  51.971  -27.843  69.874 0.0000000000
68249  51.344  -28.345  70.411 0.0000000000
67125  50.883  -28.750  70.471 0.0000000000
67110  50.866  -28.770  70.902 0.0000000000
65904  50.341  -30.049  71.026 0.0000000000
64685  49.455  -31.133  71.225 0.0000000000
65885  49.699  -30.184  72.314 0.0000000000
63454  47.362  -31.929  71.969 0.0000000000
62238  42.584  -33.260  78.565 0.0000000000
61154  42.531  -34.761  77.425 0.0000000000
61159  42.540  -35.135  76.950 0.0000000000
57379  42.118  -37.547  78.671 0.0000000000
57396  42.250  -37.341  78.209 0.0000000000
58708  42.445  -36.608  77.829 0.0000000000
57412  41.894  -37.448  76.826 0.0000000000
58709  42.350  -36.642  77.107 0.0000000000
59996  42.191  -35.539  75.812 0.0000000000
58755  41.718  -35.918  74.780 0.0000000000
60007  41.640  -35.731  74.449 0.0000000000
58782  40.911  -36.451  72.907 0.0000000000
58794  40.388  -36.307  71.940 0.0000000000
57526  39.777  -36.397  71.282 0.0000000000
58808  39.058  -36.458  70.793 0.0000000000
58825  38.630  -36.404  70.063 0.0000000000
57511  38.318  -38.027  71.463 0.0000000000
56280  37.615  -38.088  70.579 0.0000000000
56281  37.069  -38.525  69.989 0.0000000000
55042  36.672  -39.665  69.443 0.0000000000
55002  38.701  -40.052  72.891 0.0000000000
55003  38.313  -40.032  72.220 0.0000000000
55013  37.896  -40.062  71.566 0.0000000000
53924  37.970  -40.768  71.310 0.0000000000
55014  37.746  -40.451  71.160 0.0000000000
53956  36.886  -40.506  69.558 0.0000000000
53979  36.631  -40.817  68.803 0.0000000000
53012  36.701  -41.469  68.221 0.0000000000
53032  36.394  -42.047  66.858 0.0000000000
51956  37.033  -42.340  68.110 0.0000000000
51957  36.741  -42.273  67.657 0.0000000000
51971  36.446  -42.273  67.141 0.0000000000
50728  36.132  -42.472  66.921 0.0000000000
49511  29.865  -44.320  72.941 0.0000000000
48466  28.800  -44.619  71.892 0.0000000000
48471  28.774  -44.556  71.309 0.0000000000
48488  27.852  -44.605  70.567 0.0000000000
49544  28.355  -44.368  70.409 0.0000000000
49560  27.992  -44.106  69.443 0.0000000000
49571  27.218  -44.005  68.697 0.0000000000
49581  27.084  -43.970  68.063 0.0000000000
48515  24.615  -45.755  68.337 0.0000000000
48514  25.252  -45.319  68.753 0.0000000000
48521  25.197  -45.125  67.580 0.0000000000
49583  25.839  -44.811  68.177 0.0000000000
50738  26.922  -43.737  67.323 0.0000000000
76312  55.020  -21.571  55.448 0.0000000000
75246  54.540  -21.903  55.338 0.0000000000
75248  53.071  -22.517  54.708 0.0000000000
74208  51.951  -22.900  53.689 0.0000000000
73087  51.725  -24.682  56.358 0.0000000000
73097  51.448  -24.510  55.548 0.0000000000
73105  51.205  -24.240  54.760 0.0000000000
73106  50.449  -24.540  54.455 0.0000000000
43774  20.156  -49.290  69.493 0.0000000000
44832  21.571  -48.118  75.886 0.0000000000
46088  21.590  -47.963  75.611 0.0000000000
44838  20.789  -48.702  74.636 0.0000000000
43705  20.521  -49.237  73.520 0.0000000000
43674  21.007  -49.516  76.549 0.0000000000
43675  20.511  -49.779  75.984 0.0000000000
41469  20.502  -51.019  74.916 0.0000000000
49376  38.366  -43.853  82.233 0.0000000000
51658  39.679  -41.513  82.060 0.0000000000
52816  40.044  -41.219  82.029 0.0000000000
52824  40.361  -41.646  81.328 0.0000000000
51730  40.393  -42.324  80.731 0.0000000000
50469  40.422  -42.487  79.920 0.0000000000
49410  39.422  -43.334  80.308 0.0000000000
49418  40.165  -42.668  79.968 0.0000000000
50485  40.368  -42.521  79.305 0.0000000000
50504  40.080  -42.700  78.574 0.0000000000
51797  39.844  -42.760  78.167 0.0000000000
50542  39.384  -42.639  77.042 0.0000000000
50561  39.517  -42.713  76.040 0.0000000000
50526  38.195  -43.288  77.091 0.0000000000
49449  37.942  -43.578  77.843 0.0000000000
49463  37.762  -43.519  77.227 0.0000000000
49466  35.333  -44.030  76.619 0.0000000000
48379  36.503  -44.634  79.625 0.0000000000
48388  36.111  -44.510  79.103 0.0000000000
48430  32.359  -44.186  76.060 0.0000000000
48445  30.894  -44.460  75.013 0.0000000000
48446  30.262  -44.709  74.565 0.0000000000
44738  32.125  -46.990  81.408 0.0000000000
46024  31.667  -46.336  79.254 0.0000000000
44759  29.549  -47.141  80.465 0.0000000000
46027  29.091  -47.278  78.735 0.0000000000
44776  30.379  -47.043  79.819 0.0000000000
47300  30.671  -45.822  77.459 0.0000000000
47315  30.373  -45.628  76.747 0.0000000000
47316  29.761  -45.964  76.606 0.0000000000
47352  27.918  -45.640  74.171 0.0000000000
48463  27.276  -45.664  73.217 0.0000000000
48468  27.226  -45.438  72.666 0.0000000000
47363  26.384  -46.017  71.668 0.0000000000
46127  24.950  -46.626  70.795 0.0000000000
46143  24.616  -46.327  69.830 0.0000000000
46153  23.982  -46.580  69.142 0.0000000000
46166  23.360  -46.860  68.219 0.0000000000
46181  22.695  -46.962  67.515 0.0000000000
46182  21.737  -47.373  67.532 0.0000000000
46201  21.687  -47.562  66.920 0.0000000000
70777  49.031  -26.661  59.080 0.0000000000
70784  48.848  -26.852  58.396 0.0000000000
69616  46.986  -27.846  57.968 0.0000000000
68398  45.727  -28.086  60.280 0.0000000000
67276  45.212  -29.455  59.113 0.0000000000
67280  45.793  -29.428  57.418 0.0000000000
64823  45.935  -31.411  60.719 0.0000000000
50340  24.829  -44.164  88.126 0.0000000000
48256  24.314  -45.697  88.125 0.0000000000
47158  24.154  -46.674  87.081 0.0000000000
44663  23.832  -48.717  85.440 0.0000000000
44623  23.649  -48.642  86.988 0.0000000000
43590  23.612  -49.252  85.009 0.0000000000
42579  23.179  -50.232  84.288 0.0000000000
41421  22.810  -51.215  83.249 0.0000000000
40250  22.696  -52.142  82.817 0.0000000000
40259  22.583  -51.840  82.227 0.0000000000
40270  22.346  -52.894  80.758 0.0000000000
37703  22.049  -53.050  86.280 0.0000000000
39008  22.243  -53.656  85.273 0.0000000000
37750  22.100  -53.886  83.132 0.0000000000
36406  21.546  -54.149  82.051 0.0000000000
36405  21.845  -54.227  81.765 0.0000000000
37777  22.026  -54.063  81.363 0.0000000000
39059  22.106  -53.772  80.936 0.0000000000
39084  21.139  -53.654  78.930 0.0000000000
39085  20.761  -53.972  78.542 0.0000000000
39103  20.499  -53.864  77.900 0.0000000000
37829  20.282  -54.571  78.827 0.0000000000
37850  19.554  -54.640  78.031 0.0000000000
76310  56.381  -21.161  56.361 0.0000000000
75234  55.636  -21.950  56.492 0.0000000000
75215  55.370  -22.365  56.689 0.0000000000
74173  54.740  -22.900  56.752 0.0000000000
75200  56.148  -22.526  57.617 0.0000000000
74160  53.881  -23.971  57.428 0.0000000000
73069  53.329  -24.341  57.337 0.0000000000
75173  57.018  -22.452  59.711 0.0000000000
73070  52.674  -24.658  57.436 0.0000000000
70782  50.492  -26.090  58.915 0.0000000000
71848  54.093  -25.070  61.791 0.0000000000
70760  51.920  -26.101  61.522 0.0000000000
71875  51.596  -25.954  60.433 0.0000000000
70774  51.187  -26.175  60.190 0.0000000000
70775  50.521  -26.297  59.807 0.0000000000
69586  49.207  -26.892  60.105 0.0000000000
69554  47.031  -27.407  62.440 0.0000000000
68364  45.640  -28.291  62.391 0.0000000000
68365  45.048  -28.975  62.805 0.0000000000
67233  44.597  -29.766  62.975 0.0000000000
64763  44.387  -31.649  63.361 0.0000000000
68281  51.138  -27.611  67.666 0.0000000000
67155  49.403  -29.662  68.943 0.0000000000
67167  49.078  -29.477  68.354 0.0000000000
68284  48.435  -29.054  67.422 0.0000000000
68301  46.395  -29.532  66.057 0.0000000000
67201  45.782  -29.501  65.214 0.0000000000
67192  45.535  -30.041  65.253 0.0000000000
65995  44.986  -30.878  64.368 0.0000000000
62410  45.150  -33.633  62.786 0.0000000000
62409  45.516  -33.885  63.136 0.0000000000
61267  45.952  -33.577  65.686 0.0000000000
61269  45.248  -34.157  65.068 0.0000000000
61282  45.073  -34.736  64.250 0.0000000000
60109  45.322  -35.073  63.668 0.0000000000
61308  44.755  -35.063  63.065 0.0000000000
63430  48.082  -31.614  73.169 0.0000000000
64603  44.813  -31.106  75.986 0.0000000000
63367  42.622  -32.877  75.874 0.0000000000
63379  43.003  -32.114  75.544 0.0000000000
64619  45.443  -31.114  75.121 0.0000000000
63411  45.675  -31.589  73.474 0.0000000000
63493  45.354  -32.660  69.419 0.0000000000
62321  44.982  -32.841  68.574 0.0000000000
63512  41.565  -32.320  68.243 0.0000000000
63524  43.156  -32.425  66.992 0.0000000000
61297  37.125  -34.121  63.607 0.0000000000
58846  37.624  -36.382  68.935 0.0000000000
58847  36.999  -36.603  68.526 0.0000000000
58863  36.701  -36.488  67.746 0.0000000000
58864  36.013  -36.800  67.253 0.0000000000
58876  35.667  -36.709  66.690 0.0000000000
55082  35.651  -39.551  67.614 0.0000000000
56327  34.767  -38.539  66.563 0.0000000000
57596  34.601  -37.979  66.239 0.0000000000
50582  38.423  -43.173  74.441 0.0000000000
50617  38.123  -42.762  72.898 0.0000000000
51866  36.930  -42.567  72.775 0.0000000000
51876  37.193  -42.593  72.618 0.0000000000
50634  37.313  -42.490  71.333 0.0000000000
50651  37.245  -42.750  70.320 0.0000000000
49510  30.514  -44.102  73.183 0.0000000000
49528  31.007  -43.495  71.793 0.0000000000
49542  29.981  -43.914  70.717 0.0000000000
50656  32.007  -43.380  70.397 0.0000000000
50678  32.138  -42.938  69.175 0.0000000000
50719  28.495  -43.351  67.681 0.0000000000
50702  30.437  -43.285  68.427 0.0000000000
50677  33.027  -42.857  68.858 0.0000000000
50714  33.758  -42.676  67.351 0.0000000000
50733  32.438  -43.053  66.956 0.0000000000
50732  33.125  -43.007  66.756 0.0000000000
50751  33.924  -42.911  65.697 0.0000000000
50770  33.899  -42.849  64.819 0.0000000000
76325  54.188  -20.908  54.035 0.0000000000
76326  53.608  -21.221  53.406 0.0000000000
77291  54.087  -20.830  52.409 0.0000000000
76336  53.947  -21.408  51.748 0.0000000000
73119  51.771  -23.986  51.030 0.0000000000
69608  48.981  -26.831  57.827 0.0000000000
69623  47.570  -27.773  56.407 0.0000000000
36375  21.307  -53.973  84.514 0.0000000000
36384  21.537  -54.041  83.971 0.0000000000
36394  21.533  -53.845  82.972 0.0000000000
36407  20.705  -54.317  81.409 0.0000000000
36408  20.614  -54.123  81.551 0.0000000000
36421  21.298  -54.521  81.307 0.0000000000
36435  21.307  -54.629  80.818 0.0000000000
37691  22.404  -52.556  86.627 0.0000000000
37701  22.770  -52.459  86.283 0.0000000000
37714  22.756  -52.516  86.043 0.0000000000
37716  22.013  -53.645  85.877 0.0000000000
37718  20.782  -53.628  85.593 0.0000000000
37727  22.793  -52.601  85.728 0.0000000000
37728  22.703  -52.813  85.541 0.0000000000
37730  21.260  -53.996  85.000 0.0000000000
37761  22.101  -53.946  82.190 0.0000000000
37762  21.077  -54.310  81.704 0.0000000000
37779  20.915  -54.384  81.515 0.0000000000
37793  21.586  -54.293  80.684 0.0000000000
37863  20.343  -53.446  77.104 0.0000000000
38974  23.218  -52.212  86.987 0.0000000000
38975  22.585  -52.385  86.944 0.0000000000
38986  22.844  -52.355  86.677 0.0000000000
38995  23.145  -52.261  85.924 0.0000000000
38996  22.267  -53.494  85.587 0.0000000000
38997  22.095  -53.757  85.511 0.0000000000
39007  22.598  -53.161  85.277 0.0000000000
39019  23.224  -52.333  84.960 0.0000000000
39040  22.714  -52.746  82.870 0.0000000000
39050  19.939  -53.428  81.396 0.0000000000
39071  21.495  -53.591  79.696 0.0000000000
40193  23.797  -51.463  87.007 0.0000000000
40203  23.673  -51.449  86.697 0.0000000000
40204  23.568  -51.888  86.821 0.0000000000
40225  23.465  -51.249  85.993 0.0000000000
40226  23.420  -51.679  85.630 0.0000000000
40253  18.711  -52.050  82.617 0.0000000000
41362  23.706  -51.112  87.228 0.0000000000
41363  23.350  -51.121  87.542 0.0000000000
41384  23.689  -51.046  86.615 0.0000000000
41392  23.529  -50.966  86.234 0.0000000000
41394  23.436  -50.968  85.393 0.0000000000
41431  22.632  -51.278  82.445 0.0000000000
41441  18.750  -52.241  81.299 0.0000000000
42529  23.656  -50.660  87.154 0.0000000000
42558  23.453  -50.525  86.093 0.0000000000
42560  23.371  -50.333  85.197 0.0000000000
42588  22.853  -50.310  83.585 0.0000000000
43571  23.393  -50.040  85.917 0.0000000000
43573  23.398  -49.777  85.007 0.0000000000
43668  21.368  -49.124  77.255 0.0000000000
43682  20.553  -49.518  75.272 0.0000000000
44661  31.322  -46.473  83.713 0.0000000000
44813  21.323  -49.102  77.557 0.0000000000
44830  28.535  -46.916  75.891 0.0000000000
44980  22.665  -47.585  65.792 0.0000000000
45892  30.303  -46.030  84.691 0.0000000000
45901  29.638  -45.968  84.385 0.0000000000
45928  37.711  -45.605  82.413 0.0000000000
45929  37.058  -45.348  82.294 0.0000000000
45933  33.685  -46.206  82.879 0.0000000000
45938  23.304  -47.724  82.907 0.0000000000
45964  35.844  -45.643  81.605 0.0000000000
45991  26.755  -46.445  79.785 0.0000000000
46008  29.490  -47.198  79.101 0.0000000000
46028  26.691  -46.817  78.783 0.0000000000
46044  28.141  -47.332  76.462 0.0000000000
47162  33.013  -45.242  84.108 0.0000000000
47177  33.319  -45.414  83.937 0.0000000000
47194  37.779  -45.121  82.071 0.0000000000
47195  37.238  -44.965  82.515 0.0000000000
47214  36.797  -45.221  82.565 0.0000000000
47224  37.631  -44.857  81.552 0.0000000000
47226  36.844  -45.340  81.963 0.0000000000
47238  37.385  -44.815  81.219 0.0000000000
47240  36.025  -45.515  81.251 0.0000000000
47252  37.196  -44.772  80.921 0.0000000000
47289  23.545  -46.995  78.397 0.0000000000
47354  26.797  -46.356  73.243 0.0000000000
47362  26.766  -45.798  72.308 0.0000000000
47394  24.610  -45.983  68.721 0.0000000000
47405  22.714  -46.765  66.990 0.0000000000
48254  27.463  -44.607  87.262 0.0000000000
48258  30.533  -44.978  85.714 0.0000000000
48327  38.084  -44.592  81.949 0.0000000000
48328  37.864  -44.849  82.010 0.0000000000
48331  27.547  -45.570  83.302 0.0000000000
48342  38.225  -44.264  81.360 0.0000000000
48355  37.848  -44.521  81.132 0.0000000000
48356  37.660  -44.531  80.808 0.0000000000
48366  38.275  -43.993  80.459 0.0000000000
49295  24.346  -44.764  88.203 0.0000000000
49391  38.716  -43.588  81.624 0.0000000000
49419  39.859  -42.926  80.043 0.0000000000
49427  40.108  -42.721  79.737 0.0000000000
49428  39.725  -43.128  79.591 0.0000000000
49437  39.081  -43.630  78.955 0.0000000000
49461  39.041  -42.840  77.819 0.0000000000
49562  26.561  -44.734  69.567 0.0000000000
49570  27.816  -43.908  68.851 0.0000000000
50454  39.685  -43.044  80.519 0.0000000000
50470  40.238  -42.563  80.376 0.0000000000
50484  41.194  -41.978  79.190 0.0000000000
50523  40.289  -42.491  78.003 0.0000000000
50540  40.590  -42.148  77.377 0.0000000000
50632  38.464  -42.572  72.486 0.0000000000
50637  33.562  -43.128  71.870 0.0000000000
50654  33.638  -42.588  69.588 0.0000000000
50721  27.013  -43.896  67.796 0.0000000000
51681  39.810  -41.557  81.862 0.0000000000
51703  41.305  -40.965  80.361 0.0000000000
51705  40.715  -41.761  80.819 0.0000000000
51731  40.085  -42.620  80.946 0.0000000000
51773  39.999  -42.750  78.356 0.0000000000
51774  39.824  -42.840  78.431 0.0000000000
51796  40.127  -42.628  78.190 0.0000000000
51835  40.396  -42.020  76.203 0.0000000000
51865  37.188  -42.566  72.961 0.0000000000
51887  36.838  -42.664  70.518 0.0000000000
51890  32.666  -42.968  71.127 0.0000000000
51891  32.292  -43.226  70.913 0.0000000000
51903  38.043  -42.120  70.776 0.0000000000
51904  37.006  -42.945  70.232 0.0000000000
51905  36.950  -42.797  70.339 0.0000000000
51923  34.369  -42.641  69.352 0.0000000000
51943  34.456  -42.610  67.804 0.0000000000
51944  34.191  -42.551  67.924 0.0000000000
51959  33.960  -42.544  67.754 0.0000000000
52011  28.751  -42.959  65.055 0.0000000000
52831  41.336  -40.686  80.646 0.0000000000
52833  40.563  -41.681  81.105 0.0000000000
52839  41.524  -40.577  79.959 0.0000000000
52840  41.278  -40.626  80.944 0.0000000000
52841  41.213  -40.557  81.160 0.0000000000
52857  41.194  -40.404  77.886 0.0000000000
52858  41.145  -40.338  77.657 0.0000000000
52866  41.415  -40.695  78.569 0.0000000000
52883  40.400  -40.411  76.137 0.0000000000
52917  40.391  -41.908  75.904 0.0000000000
53800  41.230  -39.815  81.373 0.0000000000
53809  41.414  -40.195  80.992 0.0000000000
53810  41.184  -40.365  81.307 0.0000000000
53818  41.340  -40.410  81.015 0.0000000000
53833  41.479  -39.963  78.564 0.0000000000
53835  41.119  -39.987  77.446 0.0000000000
53844  41.320  -40.314  78.235 0.0000000000
53857  40.404  -39.871  76.014 0.0000000000
53994  36.377  -41.145  68.157 0.0000000000
54880  41.477  -38.474  80.815 0.0000000000
54919  41.780  -38.383  79.109 0.0000000000
54931  41.785  -38.303  78.833 0.0000000000
54953  41.533  -38.601  76.815 0.0000000000
56116  41.646  -37.899  79.400 0.0000000000
56133  41.628  -38.518  78.245 0.0000000000
56152  41.693  -38.119  77.680 0.0000000000
56191  40.961  -38.437  75.633 0.0000000000
57338  41.972  -36.679  80.226 0.0000000000
57353  41.555  -37.488  80.140 0.0000000000
57395  42.326  -37.125  78.576 0.0000000000
58678  42.311  -36.509  79.262 0.0000000000
58707  42.405  -36.904  78.291 0.0000000000
59974  42.471  -36.185  77.321 0.0000000000
60108  45.448  -34.895  63.865 0.0000000000
60120  45.788  -35.118  63.297 0.0000000000
60134  46.078  -35.202  62.410 0.0000000000
60159  46.085  -35.064  61.854 0.0000000000
61155  42.441  -34.208  76.901 0.0000000000
61173  41.536  -34.458  73.700 0.0000000000
61195  40.536  -34.651  70.825 0.0000000000
61203  40.553  -35.121  70.964 0.0000000000
61236  46.278  -33.457  66.717 0.0000000000
61293  46.250  -34.883  62.946 0.0000000000
61295  44.899  -35.064  63.647 0.0000000000
61306  46.228  -34.917  62.685 0.0000000000
61307  45.987  -34.542  62.561 0.0000000000
62262  41.580  -34.164  73.907 0.0000000000
62414  38.879  -33.001  63.704 0.0000000000
64665  49.322  -31.058  72.897 0.0000000000
64667  44.600  -31.714  73.017 0.0000000000
64676  45.381  -31.755  71.018 0.0000000000
64677  45.206  -31.794  70.752 0.0000000000
64687  45.538  -31.946  70.756 0.0000000000
67216  44.771  -29.830  63.505 0.0000000000
68416  46.854  -28.216  57.283 0.0000000000
69530  46.522  -28.000  63.257 0.0000000000
71949  49.133  -25.351  53.928 0.0000000000
74157  56.198  -22.678  57.827 0.0000000000
75162  57.113  -22.506  60.263 0.0000000000
76292  57.270  -21.196  57.410 0.0000000000
76329  54.177  -20.854  52.005 0.0000000000
76330  53.642  -21.168  52.204 0.0000000000
77295  54.703  -20.566  51.796 0.0000000000
78361  54.818  -19.959  52.499 0.0000000000
79396  55.723  -19.255  53.386 0.0000000000
