#!ascii label  , from subject 3059 vox2ras=TkReg
1053
29561  -21.146  -71.371  53.058 0.0000000000
59329  -46.194  -50.690  60.321 0.0000000000
65461  -51.330  -46.258  54.610 0.0000000000
71995  -51.953  -41.462  49.498 0.0000000000
55862  -43.456  -54.598  58.915 0.0000000000
66724  -54.219  -44.696  51.527 0.0000000000
82263  -55.925  -33.359  44.895 0.0000000000
86944  -58.830  -28.310  45.437 0.0000000000
57144  -48.162  -52.800  54.480 0.0000000000
60557  -50.047  -49.437  52.226 0.0000000000
64120  -47.668  -46.759  57.162 0.0000000000
27903  -24.857  -71.942  56.748 0.0000000000
34080  -27.838  -68.041  59.472 0.0000000000
43013  -28.796  -62.739  62.790 0.0000000000
47665  -34.285  -60.877  61.102 0.0000000000
46170  -39.309  -60.762  59.413 0.0000000000
47764  -43.584  -58.620  57.518 0.0000000000
53362  -46.596  -55.604  56.821 0.0000000000
63019  -55.446  -47.876  49.522 0.0000000000
90765  -59.962  -25.678  44.966 0.0000000000
58252  -47.514  -51.894  57.551 0.0000000000
60480  -46.935  -49.509  56.337 0.0000000000
62826  -47.008  -49.226  59.000 0.0000000000
32555  -25.581  -69.611  57.541 0.0000000000
29492  -26.837  -70.281  57.610 0.0000000000
144422  -39.361  -59.385  59.114 0.0000000000
46186  -41.558  -60.177  57.965 0.0000000000
50583  -42.190  -57.597  59.119 0.0000000000
57083  -45.053  -52.998  59.777 0.0000000000
53290  -45.592  -54.834  58.845 0.0000000000
55865  -47.041  -53.167  58.407 0.0000000000
54709  -47.903  -54.183  56.071 0.0000000000
61666  -51.249  -48.006  54.717 0.0000000000
60576  -52.887  -49.178  51.641 0.0000000000
61713  -53.918  -48.123  52.918 0.0000000000
70649  -53.370  -41.917  51.700 0.0000000000
67998  -56.022  -44.096  50.627 0.0000000000
70692  -54.532  -42.611  49.520 0.0000000000
70703  -51.559  -42.058  48.564 0.0000000000
80999  -57.625  -33.808  47.849 0.0000000000
78393  -55.809  -35.623  47.875 0.0000000000
53313  -41.509  -56.810  58.058 0.0000000000
72001  -50.922  -41.456  49.413 0.0000000000
83414  -57.726  -31.336  45.408 0.0000000000
84557  -59.278  -30.802  47.091 0.0000000000
86972  -60.667  -28.297  42.633 0.0000000000
55956  -49.414  -53.810  51.972 0.0000000000
59418  -47.629  -50.282  53.084 0.0000000000
61664  -49.460  -48.507  55.217 0.0000000000
27934  -23.592  -71.825  55.023 0.0000000000
35591  -28.481  -66.850  58.639 0.0000000000
38603  -27.994  -65.345  61.440 0.0000000000
38612  -29.156  -65.055  60.734 0.0000000000
41582  -31.144  -62.294  62.599 0.0000000000
43039  -33.329  -62.425  61.523 0.0000000000
44577  -35.317  -62.563  59.393 0.0000000000
46134  -36.704  -61.034  59.691 0.0000000000
44624  -40.397  -61.556  56.849 0.0000000000
51942  -43.774  -56.493  58.794 0.0000000000
49204  -45.002  -57.478  56.697 0.0000000000
49253  -45.358  -57.824  54.565 0.0000000000
52050  -46.834  -55.937  53.578 0.0000000000
52074  -48.809  -55.305  53.453 0.0000000000
64213  -55.382  -46.330  51.863 0.0000000000
77025  -52.971  -37.193  48.538 0.0000000000
74606  -52.379  -39.175  48.500 0.0000000000
27945  -20.822  -73.108  53.701 0.0000000000
59342  -47.048  -50.997  58.922 0.0000000000
60450  -47.288  -50.425  58.498 0.0000000000
61573  -46.448  -49.562  59.806 0.0000000000
49183  -40.152  -58.812  58.625 0.0000000000
49166  -41.468  -58.171  59.074 0.0000000000
49184  -40.877  -57.942  58.321 0.0000000000
58221  -45.592  -51.732  60.190 0.0000000000
55851  -46.378  -53.285  59.528 0.0000000000
57086  -46.830  -51.906  59.077 0.0000000000
57096  -47.314  -52.548  58.240 0.0000000000
60528  -53.172  -48.269  53.309 0.0000000000
62914  -52.730  -47.477  53.762 0.0000000000
71980  -52.812  -41.568  51.291 0.0000000000
70663  -54.352  -41.928  50.924 0.0000000000
70677  -53.184  -41.595  50.084 0.0000000000
69361  -53.395  -42.903  49.000 0.0000000000
70676  -52.159  -41.533  49.632 0.0000000000
79718  -58.617  -34.621  47.440 0.0000000000
78384  -57.730  -34.986  47.916 0.0000000000
78419  -58.040  -35.742  46.461 0.0000000000
84590  -57.951  -30.160  43.549 0.0000000000
85763  -58.396  -29.426  45.034 0.0000000000
84565  -58.573  -30.666  46.850 0.0000000000
85746  -58.782  -29.962  46.526 0.0000000000
84566  -59.563  -30.569  46.424 0.0000000000
88208  -59.728  -28.047  46.073 0.0000000000
89515  -60.605  -26.464  44.233 0.0000000000
57156  -48.563  -53.071  53.290 0.0000000000
57178  -48.186  -52.422  51.887 0.0000000000
58307  -47.388  -51.560  53.833 0.0000000000
61625  -47.417  -48.342  56.615 0.0000000000
61642  -47.496  -48.675  55.657 0.0000000000
62872  -48.595  -47.792  56.274 0.0000000000
62874  -49.905  -47.490  55.625 0.0000000000
65388  -48.594  -46.717  56.482 0.0000000000
27935  -24.452  -71.603  55.205 0.0000000000
27928  -25.544  -71.506  55.863 0.0000000000
31006  -27.367  -68.902  58.754 0.0000000000
43025  -28.305  -62.716  62.453 0.0000000000
40105  -28.415  -64.009  62.619 0.0000000000
37059  -28.904  -65.378  61.567 0.0000000000
40113  -29.222  -63.981  62.606 0.0000000000
41589  -29.755  -63.239  61.943 0.0000000000
41574  -29.748  -62.762  62.575 0.0000000000
44544  -33.345  -61.713  61.702 0.0000000000
43050  -34.299  -62.742  60.837 0.0000000000
44555  -34.546  -61.784  60.776 0.0000000000
49123  -38.325  -60.447  59.422 0.0000000000
49122  -37.270  -60.302  59.422 0.0000000000
44569  -38.937  -61.125  60.119 0.0000000000
44580  -37.844  -61.455  59.284 0.0000000000
44602  -38.722  -61.659  58.613 0.0000000000
43082  -39.514  -61.736  57.627 0.0000000000
44612  -40.214  -61.430  57.554 0.0000000000
46187  -42.275  -59.710  57.544 0.0000000000
44614  -42.023  -60.656  56.880 0.0000000000
46205  -43.179  -59.771  56.668 0.0000000000
47806  -43.551  -59.472  56.548 0.0000000000
51915  -42.922  -56.236  59.348 0.0000000000
53262  -43.739  -55.578  59.327 0.0000000000
53341  -46.209  -55.289  57.895 0.0000000000
51970  -45.238  -56.212  58.103 0.0000000000
50606  -45.724  -56.679  56.711 0.0000000000
49219  -45.391  -57.682  55.915 0.0000000000
49234  -45.949  -56.926  55.444 0.0000000000
50619  -46.487  -56.225  55.500 0.0000000000
55918  -47.861  -53.286  55.795 0.0000000000
53423  -48.177  -54.971  54.490 0.0000000000
55925  -48.669  -53.589  54.269 0.0000000000
54763  -49.295  -54.318  53.157 0.0000000000
29489  -24.072  -71.121  57.477 0.0000000000
27902  -23.713  -71.992  56.279 0.0000000000
26360  -23.376  -72.831  55.919 0.0000000000
60573  -49.913  -49.922  51.356 0.0000000000
59454  -51.458  -49.975  50.096 0.0000000000
61748  -54.357  -48.652  50.173 0.0000000000
65503  -54.153  -45.318  51.899 0.0000000000
65465  -54.705  -45.791  52.754 0.0000000000
66701  -54.994  -44.900  52.286 0.0000000000
68037  -56.027  -44.219  49.482 0.0000000000
65540  -56.357  -45.458  49.498 0.0000000000
77028  -55.270  -36.767  48.306 0.0000000000
78391  -54.234  -36.109  48.129 0.0000000000
77005  -53.989  -37.231  48.662 0.0000000000
75742  -53.406  -37.764  48.759 0.0000000000
74591  -53.720  -38.152  48.586 0.0000000000
73361  -52.228  -39.789  47.590 0.0000000000
89513  -58.430  -26.593  43.855 0.0000000000
89507  -59.145  -26.760  45.235 0.0000000000
92033  -58.633  -25.164  43.897 0.0000000000
93370  -58.992  -24.587  42.963 0.0000000000
57128  -47.657  -52.458  56.017 0.0000000000
58288  -47.355  -51.432  55.828 0.0000000000
59375  -47.161  -50.641  56.867 0.0000000000
60464  -47.063  -49.662  57.354 0.0000000000
62839  -47.221  -48.041  57.871 0.0000000000
31036  -25.154  -71.033  57.649 0.0000000000
29504  -26.238  -70.773  57.325 0.0000000000
32526  -26.966  -68.163  59.435 0.0000000000
144414  -39.447  -60.338  59.298 0.0000000000
46171  -40.393  -60.460  58.777 0.0000000000
47736  -41.136  -59.923  58.602 0.0000000000
47762  -42.057  -59.456  58.119 0.0000000000
49187  -43.137  -58.377  58.131 0.0000000000
57082  -44.765  -53.692  59.850 0.0000000000
54613  -44.655  -54.948  59.701 0.0000000000
55849  -45.543  -54.132  59.962 0.0000000000
54654  -46.390  -54.201  58.795 0.0000000000
53343  -47.081  -54.663  57.421 0.0000000000
53383  -47.117  -55.303  56.285 0.0000000000
54693  -47.461  -53.973  57.295 0.0000000000
55907  -47.778  -53.196  56.382 0.0000000000
32554  -24.140  -70.083  57.749 0.0000000000
60541  -51.334  -49.154  53.399 0.0000000000
60575  -51.752  -49.481  51.671 0.0000000000
60560  -52.993  -48.851  52.667 0.0000000000
60561  -53.614  -48.555  52.774 0.0000000000
61738  -54.669  -47.874  51.675 0.0000000000
67975  -53.418  -43.165  51.489 0.0000000000
67961  -55.062  -43.884  52.117 0.0000000000
70651  -55.160  -42.367  51.468 0.0000000000
70666  -55.474  -42.998  50.123 0.0000000000
82245  -57.037  -33.146  47.065 0.0000000000
79732  -55.640  -34.476  46.625 0.0000000000
79706  -56.912  -34.573  48.093 0.0000000000
77030  -56.989  -35.724  48.012 0.0000000000
59340  -45.016  -50.930  59.520 0.0000000000
58242  -44.901  -51.800  59.049 0.0000000000
65489  -52.105  -46.093  53.719 0.0000000000
67995  -52.723  -43.694  50.781 0.0000000000
69295  -52.048  -42.689  50.759 0.0000000000
70660  -51.670  -42.165  50.714 0.0000000000
71993  -51.159  -41.244  49.592 0.0000000000
83413  -57.161  -32.128  45.206 0.0000000000
83394  -58.070  -32.170  46.921 0.0000000000
82233  -58.556  -32.953  47.316 0.0000000000
82247  -59.061  -32.767  47.067 0.0000000000
89509  -60.266  -26.878  45.403 0.0000000000
88230  -60.581  -27.658  44.570 0.0000000000
57180  -49.776  -53.043  51.104 0.0000000000
59441  -48.817  -50.574  51.360 0.0000000000
60539  -49.059  -49.721  52.988 0.0000000000
60507  -47.414  -49.919  54.725 0.0000000000
61687  -48.510  -49.078  54.531 0.0000000000
60524  -49.448  -49.168  54.079 0.0000000000
61665  -50.487  -48.438  54.803 0.0000000000
62875  -50.814  -47.481  55.195 0.0000000000
62807  -45.416  -48.669  59.324 0.0000000000
64089  -45.681  -47.505  58.437 0.0000000000
65408  -47.742  -45.988  56.587 0.0000000000
29534  -22.156  -71.643  54.361 0.0000000000
29547  -23.443  -71.054  53.781 0.0000000000
37115  -28.630  -65.898  57.265 0.0000000000
37078  -26.479  -66.405  59.178 0.0000000000
37067  -27.194  -66.292  60.113 0.0000000000
35571  -28.340  -67.071  60.467 0.0000000000
37080  -28.979  -65.978  60.184 0.0000000000
40131  -32.053  -62.969  60.920 0.0000000000
40123  -33.128  -63.343  61.028 0.0000000000
49101  -34.413  -60.605  60.400 0.0000000000
47702  -35.517  -60.622  59.699 0.0000000000
46132  -34.965  -61.206  60.345 0.0000000000
44579  -36.838  -61.725  59.132 0.0000000000
43069  -37.282  -62.130  58.503 0.0000000000
44605  -41.525  -60.564  57.495 0.0000000000
144418  -41.498  -57.061  59.117 0.0000000000
50567  -42.746  -57.122  58.982 0.0000000000
49169  -44.011  -57.605  58.054 0.0000000000
51944  -44.769  -56.149  58.493 0.0000000000
50587  -44.306  -56.962  58.076 0.0000000000
49189  -44.079  -57.865  57.728 0.0000000000
49218  -44.645  -58.217  56.174 0.0000000000
49252  -44.563  -58.690  54.774 0.0000000000
52091  -47.014  -56.010  52.424 0.0000000000
53403  -47.651  -55.151  55.302 0.0000000000
52073  -48.196  -55.512  53.637 0.0000000000
52093  -48.489  -55.804  52.510 0.0000000000
52107  -49.533  -55.895  51.583 0.0000000000
26371  -21.947  -73.182  55.176 0.0000000000
64176  -53.782  -46.458  53.443 0.0000000000
62937  -54.599  -46.876  52.635 0.0000000000
62975  -55.511  -46.893  51.033 0.0000000000
66726  -55.813  -44.796  51.219 0.0000000000
64248  -55.685  -46.305  50.286 0.0000000000
63020  -55.704  -47.240  49.384 0.0000000000
73326  -51.089  -40.425  48.681 0.0000000000
73328  -51.370  -40.017  48.611 0.0000000000
78418  -54.373  -35.515  46.712 0.0000000000
78402  -53.147  -36.218  46.930 0.0000000000
75760  -51.700  -37.673  48.450 0.0000000000
74571  -51.968  -38.969  48.769 0.0000000000
73335  -52.190  -39.947  48.518 0.0000000000
72016  -51.314  -41.054  48.181 0.0000000000
27959  -20.399  -72.732  52.848 0.0000000000
59341  -46.899  -50.870  59.457 0.0000000000
60434  -46.734  -50.211  59.679 0.0000000000
60421  -46.314  -50.118  60.189 0.0000000000
47760  -39.671  -59.364  58.181 0.0000000000
59328  -45.683  -50.694  60.441 0.0000000000
58233  -46.444  -51.763  59.854 0.0000000000
58234  -46.751  -51.445  59.596 0.0000000000
58235  -46.936  -51.494  59.064 0.0000000000
64174  -51.804  -46.953  54.488 0.0000000000
71987  -52.650  -41.511  50.738 0.0000000000
71996  -52.805  -41.506  50.476 0.0000000000
79734  -58.941  -34.738  46.889 0.0000000000
78421  -58.667  -35.094  47.342 0.0000000000
86951  -58.636  -27.917  44.795 0.0000000000
85764  -58.646  -28.669  45.132 0.0000000000
85756  -58.574  -29.120  45.793 0.0000000000
86935  -58.894  -28.776  46.071 0.0000000000
86936  -59.346  -28.857  46.281 0.0000000000
88207  -59.276  -27.915  45.668 0.0000000000
57155  -47.812  -52.391  53.596 0.0000000000
57143  -47.711  -52.177  54.229 0.0000000000
62840  -47.560  -47.526  57.184 0.0000000000
61626  -48.226  -47.879  56.293 0.0000000000
62853  -48.209  -47.571  56.469 0.0000000000
64122  -48.880  -46.966  56.207 0.0000000000
65387  -48.244  -46.535  56.698 0.0000000000
27917  -24.012  -71.871  55.991 0.0000000000
27918  -25.220  -71.822  56.316 0.0000000000
31007  -27.668  -68.667  58.921 0.0000000000
32558  -27.801  -68.972  58.373 0.0000000000
41580  -28.333  -63.096  62.637 0.0000000000
41572  -28.514  -63.546  62.705 0.0000000000
38592  -28.859  -64.282  62.627 0.0000000000
41573  -28.801  -63.234  63.120 0.0000000000
40108  -29.351  -63.322  62.775 0.0000000000
46113  -33.043  -60.883  62.211 0.0000000000
46094  -32.978  -61.286  62.206 0.0000000000
46114  -33.628  -61.146  61.702 0.0000000000
44545  -34.002  -61.436  61.359 0.0000000000
46115  -34.405  -61.213  61.080 0.0000000000
144413  -39.261  -61.074  60.074 0.0000000000
47705  -38.822  -60.889  59.711 0.0000000000
144412  -39.322  -61.049  60.400 0.0000000000
44593  -39.152  -61.132  59.460 0.0000000000
44603  -39.622  -61.380  58.386 0.0000000000
44594  -39.774  -60.818  58.818 0.0000000000
47763  -42.922  -59.042  57.453 0.0000000000
46204  -42.723  -59.825  57.028 0.0000000000
47786  -43.287  -59.241  57.103 0.0000000000
54630  -42.996  -55.272  59.041 0.0000000000
54611  -43.504  -55.008  59.283 0.0000000000
51988  -46.325  -55.520  57.531 0.0000000000
51987  -45.840  -55.992  57.649 0.0000000000
52015  -46.208  -56.335  56.578 0.0000000000
50607  -45.918  -56.889  56.099 0.0000000000
50618  -46.226  -56.572  55.799 0.0000000000
52017  -46.637  -55.895  55.926 0.0000000000
57137  -47.831  -52.829  55.586 0.0000000000
55917  -48.190  -53.527  55.148 0.0000000000
57145  -48.804  -53.280  53.866 0.0000000000
29502  -24.438  -71.623  57.107 0.0000000000
60586  -50.525  -49.917  50.898 0.0000000000
60574  -50.782  -49.606  51.592 0.0000000000
61749  -54.859  -48.092  50.681 0.0000000000
61770  -54.760  -48.947  49.493 0.0000000000
61771  -55.227  -48.571  49.423 0.0000000000
61772  -55.602  -48.061  49.208 0.0000000000
66700  -54.495  -45.141  52.300 0.0000000000
66725  -54.699  -44.333  51.966 0.0000000000
81031  -55.268  -33.943  44.748 0.0000000000
75763  -54.910  -37.444  48.279 0.0000000000
77007  -54.802  -37.185  48.366 0.0000000000
75743  -54.106  -37.609  48.597 0.0000000000
58277  -47.624  -52.266  56.694 0.0000000000
58262  -47.363  -51.339  56.840 0.0000000000
59377  -47.435  -51.409  57.406 0.0000000000
61593  -47.133  -49.426  58.656 0.0000000000
61609  -47.229  -49.697  58.110 0.0000000000
61592  -47.119  -48.840  58.384 0.0000000000
61608  -47.110  -48.764  57.829 0.0000000000
62824  -47.133  -48.575  58.550 0.0000000000
31023  -24.892  -70.549  57.715 0.0000000000
34079  -26.795  -67.986  58.991 0.0000000000
47735  -38.990  -59.475  59.031 0.0000000000
49165  -38.829  -59.624  59.138 0.0000000000
144421  -39.399  -59.602  59.203 0.0000000000
144416  -40.450  -60.088  58.951 0.0000000000
49185  -40.650  -59.402  58.920 0.0000000000
47761  -41.509  -59.409  58.558 0.0000000000
49186  -42.080  -58.679  58.561 0.0000000000
50598  -42.951  -58.109  58.377 0.0000000000
57073  -45.134  -53.374  60.108 0.0000000000
57072  -44.813  -53.849  60.059 0.0000000000
55864  -46.627  -53.167  58.900 0.0000000000
54655  -46.792  -53.694  58.528 0.0000000000
54673  -46.622  -54.515  58.150 0.0000000000
54674  -46.995  -54.119  57.953 0.0000000000
54692  -47.256  -54.404  57.416 0.0000000000
55880  -47.182  -53.598  58.013 0.0000000000
57108  -47.463  -52.464  57.763 0.0000000000
57117  -47.681  -52.518  56.987 0.0000000000
57129  -47.690  -52.645  56.309 0.0000000000
60526  -51.398  -48.754  53.976 0.0000000000
60542  -52.207  -48.739  53.453 0.0000000000
60529  -53.365  -48.140  53.321 0.0000000000
61725  -54.220  -48.417  52.324 0.0000000000
61726  -54.438  -47.712  52.465 0.0000000000
69298  -53.471  -42.540  51.660 0.0000000000
69299  -54.313  -42.660  51.714 0.0000000000
70650  -54.372  -42.093  51.691 0.0000000000
70678  -54.531  -41.845  50.029 0.0000000000
70664  -55.085  -42.061  50.768 0.0000000000
70679  -55.268  -42.311  49.966 0.0000000000
70707  -55.817  -43.373  49.039 0.0000000000
69344  -54.331  -43.254  49.146 0.0000000000
82230  -57.213  -33.335  47.417 0.0000000000
80998  -56.895  -33.812  47.684 0.0000000000
80984  -57.159  -34.287  48.096 0.0000000000
77041  -56.742  -36.609  47.874 0.0000000000
67994  -52.086  -43.373  50.505 0.0000000000
70688  -50.536  -42.042  49.228 0.0000000000
70675  -51.036  -41.976  50.010 0.0000000000
71984  -51.376  -41.752  50.349 0.0000000000
83423  -57.822  -30.750  44.425 0.0000000000
83436  -57.609  -30.908  43.636 0.0000000000
83422  -57.350  -31.617  44.247 0.0000000000
82254  -57.429  -32.167  45.911 0.0000000000
83405  -57.882  -31.669  46.412 0.0000000000
84556  -58.782  -30.865  47.214 0.0000000000
84555  -58.360  -31.311  46.950 0.0000000000
83396  -59.030  -31.820  47.345 0.0000000000
82255  -59.198  -32.643  46.283 0.0000000000
83406  -59.378  -31.625  46.715 0.0000000000
85748  -60.050  -29.697  46.205 0.0000000000
90764  -59.269  -25.815  44.858 0.0000000000
89508  -59.681  -26.549  45.414 0.0000000000
88240  -60.774  -27.334  43.425 0.0000000000
55957  -49.927  -54.018  51.727 0.0000000000
55972  -50.523  -53.820  51.163 0.0000000000
55970  -49.372  -53.346  51.565 0.0000000000
59439  -47.509  -51.207  52.449 0.0000000000
58330  -48.347  -51.651  51.336 0.0000000000
59430  -47.765  -50.544  52.527 0.0000000000
59431  -48.482  -50.222  52.212 0.0000000000
59419  -48.164  -50.016  52.771 0.0000000000
59390  -47.068  -50.533  56.065 0.0000000000
59402  -47.081  -50.709  55.231 0.0000000000
60494  -47.204  -49.706  55.483 0.0000000000
61663  -48.465  -48.619  55.150 0.0000000000
61662  -47.704  -49.096  54.909 0.0000000000
61688  -49.211  -48.902  54.809 0.0000000000
60509  -50.323  -48.789  54.608 0.0000000000
64139  -49.559  -46.961  55.709 0.0000000000
27933  -22.697  -72.307  54.825 0.0000000000
29535  -22.843  -71.613  54.321 0.0000000000
29536  -23.566  -71.476  54.392 0.0000000000
29525  -25.513  -71.253  55.371 0.0000000000
29505  -26.703  -70.650  57.155 0.0000000000
34113  -28.397  -67.624  57.240 0.0000000000
35598  -28.506  -66.875  57.709 0.0000000000
35611  -28.426  -66.784  56.806 0.0000000000
38640  -26.377  -66.123  59.244 0.0000000000
37079  -27.041  -66.447  59.354 0.0000000000
37069  -27.985  -66.090  61.133 0.0000000000
35562  -28.596  -66.045  61.025 0.0000000000
38604  -29.246  -64.914  61.573 0.0000000000
37070  -28.989  -65.719  60.975 0.0000000000
38626  -29.150  -65.180  59.845 0.0000000000
40155  -29.380  -64.377  59.481 0.0000000000
41590  -30.238  -62.747  61.980 0.0000000000
41601  -30.412  -62.775  61.312 0.0000000000
43047  -30.628  -62.667  61.687 0.0000000000
41602  -31.564  -62.733  60.992 0.0000000000
41591  -31.540  -62.556  61.818 0.0000000000
43029  -32.364  -62.169  62.502 0.0000000000
43038  -32.744  -62.117  62.019 0.0000000000
40122  -32.553  -62.938  61.242 0.0000000000
41593  -32.784  -62.730  61.557 0.0000000000
41604  -34.003  -63.390  60.900 0.0000000000
43058  -34.710  -62.962  59.897 0.0000000000
43066  -35.113  -63.076  59.302 0.0000000000
41624  -35.247  -63.701  59.127 0.0000000000
43067  -35.645  -62.884  58.797 0.0000000000
47686  -37.109  -60.920  59.633 0.0000000000
47703  -36.301  -60.631  59.607 0.0000000000
47685  -36.312  -60.888  59.706 0.0000000000
47684  -35.056  -60.858  60.149 0.0000000000
46133  -35.787  -61.050  59.808 0.0000000000
44556  -35.623  -61.303  59.824 0.0000000000
44567  -36.901  -61.289  59.524 0.0000000000
44601  -38.027  -61.880  58.639 0.0000000000
44591  -37.530  -61.860  58.794 0.0000000000
43079  -36.818  -62.595  58.026 0.0000000000
43094  -39.757  -61.804  56.949 0.0000000000
43109  -39.517  -62.383  56.566 0.0000000000
43110  -40.228  -62.113  56.269 0.0000000000
46185  -40.964  -60.437  58.335 0.0000000000
44604  -40.667  -60.792  58.080 0.0000000000
50582  -41.144  -57.191  58.435 0.0000000000
51941  -41.467  -56.847  58.669 0.0000000000
50552  -43.109  -56.658  59.150 0.0000000000
50553  -43.414  -56.727  58.870 0.0000000000
50585  -43.467  -57.709  58.382 0.0000000000
50586  -44.043  -57.062  58.278 0.0000000000
54632  -45.128  -54.772  59.761 0.0000000000
54631  -44.694  -55.152  59.478 0.0000000000
53289  -45.089  -55.322  58.813 0.0000000000
50601  -45.042  -56.782  57.509 0.0000000000
51969  -44.803  -56.449  58.189 0.0000000000
50600  -44.466  -57.083  57.714 0.0000000000
49190  -44.466  -57.458  57.372 0.0000000000
49203  -44.155  -58.271  57.056 0.0000000000
49232  -45.111  -58.202  55.411 0.0000000000
50648  -46.286  -56.375  54.384 0.0000000000
52071  -47.104  -55.916  52.970 0.0000000000
53384  -47.644  -54.715  56.110 0.0000000000
53402  -47.325  -55.335  55.752 0.0000000000
53449  -48.642  -55.102  53.822 0.0000000000
52094  -49.177  -55.561  52.878 0.0000000000
54779  -49.653  -54.328  52.328 0.0000000000
53470  -49.988  -54.774  52.149 0.0000000000
26372  -23.010  -72.625  55.201 0.0000000000
26364  -22.887  -73.161  55.728 0.0000000000
27947  -22.083  -72.453  54.790 0.0000000000
60588  -52.182  -49.564  50.545 0.0000000000
60589  -53.262  -49.219  50.384 0.0000000000
65490  -52.992  -46.017  53.242 0.0000000000
65463  -53.352  -46.055  53.424 0.0000000000
64199  -55.197  -46.161  52.356 0.0000000000
62938  -54.898  -46.454  52.425 0.0000000000
62954  -55.004  -46.575  52.218 0.0000000000
62953  -54.889  -47.041  51.880 0.0000000000
64212  -55.326  -46.782  51.452 0.0000000000
69285  -55.585  -43.796  51.331 0.0000000000
67962  -55.534  -44.189  51.495 0.0000000000
66727  -55.917  -44.407  50.991 0.0000000000
65529  -55.917  -45.672  50.229 0.0000000000
64270  -56.088  -46.258  49.630 0.0000000000
63021  -56.317  -46.722  48.923 0.0000000000
73327  -50.901  -39.963  48.720 0.0000000000
74570  -51.167  -38.814  48.951 0.0000000000
79715  -56.096  -34.627  47.484 0.0000000000
79731  -55.044  -35.067  46.447 0.0000000000
78405  -55.492  -35.460  47.585 0.0000000000
77040  -53.475  -36.550  48.130 0.0000000000
78403  -53.830  -35.985  47.355 0.0000000000
77051  -53.138  -36.446  47.602 0.0000000000
77050  -52.523  -36.586  47.395 0.0000000000
77039  -52.703  -36.827  48.073 0.0000000000
77038  -51.895  -36.969  47.932 0.0000000000
77024  -52.261  -37.157  48.512 0.0000000000
74590  -52.849  -38.502  48.648 0.0000000000
74572  -52.729  -38.312  48.733 0.0000000000
74589  -52.173  -39.126  48.648 0.0000000000
72002  -51.526  -41.013  48.970 0.0000000000
73349  -52.073  -39.691  48.269 0.0000000000
58251  -47.459  -51.755  58.172 0.0000000000
59363  -47.443  -51.148  57.834 0.0000000000
59352  -47.326  -51.209  58.486 0.0000000000
60435  -47.082  -50.259  59.158 0.0000000000
62811  -46.778  -49.212  59.254 0.0000000000
49182  -39.856  -59.017  59.141 0.0000000000
144415  -41.188  -57.661  59.096 0.0000000000
58220  -45.551  -52.300  60.069 0.0000000000
57074  -45.468  -52.793  60.169 0.0000000000
57084  -46.211  -52.472  59.919 0.0000000000
57085  -46.577  -52.318  59.407 0.0000000000
57094  -46.797  -52.482  58.834 0.0000000000
55866  -47.205  -52.778  58.330 0.0000000000
57095  -47.147  -52.235  58.659 0.0000000000
58243  -47.242  -51.652  58.683 0.0000000000
61667  -51.500  -47.746  54.611 0.0000000000
61691  -52.074  -48.228  54.019 0.0000000000
62913  -52.059  -47.690  54.249 0.0000000000
61693  -53.525  -47.891  53.391 0.0000000000
71979  -52.516  -41.784  51.386 0.0000000000
70662  -53.388  -41.627  51.123 0.0000000000
70704  -53.985  -42.556  49.196 0.0000000000
70691  -53.577  -42.227  49.500 0.0000000000
70690  -52.088  -41.910  49.307 0.0000000000
81000  -58.163  -33.977  47.808 0.0000000000
80985  -57.665  -34.439  47.970 0.0000000000
79709  -58.283  -34.884  47.690 0.0000000000
78407  -58.084  -35.374  47.481 0.0000000000
85772  -58.406  -29.374  43.946 0.0000000000
84573  -57.988  -30.299  45.303 0.0000000000
84564  -58.243  -30.628  46.289 0.0000000000
85755  -58.334  -29.890  45.942 0.0000000000
85737  -59.043  -30.387  46.965 0.0000000000
85747  -59.409  -29.882  46.504 0.0000000000
86937  -59.902  -28.808  46.282 0.0000000000
86945  -60.319  -28.798  45.858 0.0000000000
92036  -60.177  -25.056  44.242 0.0000000000
90766  -60.349  -26.071  44.832 0.0000000000
90779  -60.800  -25.644  43.606 0.0000000000
89520  -61.047  -26.324  43.279 0.0000000000
55939  -48.754  -53.350  52.670 0.0000000000
55955  -48.906  -53.436  52.081 0.0000000000
57168  -47.945  -52.502  52.683 0.0000000000
58319  -47.476  -51.812  52.940 0.0000000000
59417  -47.369  -50.604  53.627 0.0000000000
61643  -48.595  -48.098  55.922 0.0000000000
61644  -49.785  -48.075  55.638 0.0000000000
62873  -49.076  -47.760  56.058 0.0000000000
64123  -49.184  -47.092  55.888 0.0000000000
65410  -49.239  -46.502  56.013 0.0000000000
27926  -23.602  -72.124  55.533 0.0000000000
27927  -24.570  -71.806  55.718 0.0000000000
27936  -25.112  -71.540  55.370 0.0000000000
34082  -28.237  -67.544  58.814 0.0000000000
37058  -28.547  -65.199  61.682 0.0000000000
38597  -28.628  -64.520  62.460 0.0000000000
38599  -29.156  -64.766  62.324 0.0000000000
40130  -29.455  -64.165  61.251 0.0000000000
40119  -29.604  -64.060  61.869 0.0000000000
40114  -29.851  -63.336  62.310 0.0000000000
41581  -30.066  -62.629  62.560 0.0000000000
43049  -33.778  -62.977  61.170 0.0000000000
43040  -34.031  -62.279  61.185 0.0000000000
44565  -34.947  -62.249  59.881 0.0000000000
49147  -38.259  -59.935  59.279 0.0000000000
49146  -36.903  -60.001  59.198 0.0000000000
46150  -38.743  -61.091  59.892 0.0000000000
44568  -38.270  -61.069  59.483 0.0000000000
46203  -42.028  -60.127  57.357 0.0000000000
46226  -43.328  -60.103  56.091 0.0000000000
47827  -43.805  -59.568  55.902 0.0000000000
53314  -42.065  -56.631  58.168 0.0000000000
53259  -41.853  -56.515  58.823 0.0000000000
53287  -42.505  -55.747  59.127 0.0000000000
53261  -42.926  -55.705  59.307 0.0000000000
51917  -44.106  -55.923  58.964 0.0000000000
53316  -45.749  -55.228  58.383 0.0000000000
53315  -45.121  -55.911  58.408 0.0000000000
49205  -45.615  -57.226  56.188 0.0000000000
49220  -45.804  -57.173  55.751 0.0000000000
49233  -45.711  -57.475  55.302 0.0000000000
50631  -45.969  -56.881  55.072 0.0000000000
50632  -46.326  -56.484  55.186 0.0000000000
50649  -46.748  -56.016  54.752 0.0000000000
54726  -47.976  -53.731  55.896 0.0000000000
54725  -48.034  -54.360  55.376 0.0000000000
54742  -48.432  -54.196  54.513 0.0000000000
54743  -49.017  -54.216  53.907 0.0000000000
53450  -49.125  -54.922  53.457 0.0000000000
55926  -49.043  -53.726  53.620 0.0000000000
57157  -48.898  -53.463  53.450 0.0000000000
29501  -23.499  -71.606  56.816 0.0000000000
26348  -23.038  -73.012  56.213 0.0000000000
26365  -23.591  -72.296  55.844 0.0000000000
61736  -53.771  -48.845  51.075 0.0000000000
61747  -53.829  -48.865  50.384 0.0000000000
65491  -53.797  -45.514  52.845 0.0000000000
65464  -54.236  -45.609  53.149 0.0000000000
66675  -54.672  -45.434  52.550 0.0000000000
66676  -54.910  -45.478  52.521 0.0000000000
65493  -55.394  -45.590  52.144 0.0000000000
68019  -56.086  -43.972  49.964 0.0000000000
66769  -56.194  -44.709  50.089 0.0000000000
78380  -55.207  -36.236  48.231 0.0000000000
78392  -55.019  -35.969  47.991 0.0000000000
77027  -54.547  -36.736  48.438 0.0000000000
77004  -53.417  -37.407  48.656 0.0000000000
74573  -53.384  -38.048  48.830 0.0000000000
74607  -52.944  -38.755  48.338 0.0000000000
88229  -58.693  -27.195  44.466 0.0000000000
88218  -58.793  -27.405  45.107 0.0000000000
89514  -58.752  -26.613  44.602 0.0000000000
90771  -58.882  -26.119  44.711 0.0000000000
92028  -58.990  -25.199  44.271 0.0000000000
93359  -58.535  -24.757  43.456 0.0000000000
93361  -59.592  -24.787  44.021 0.0000000000
93371  -59.920  -24.527  43.339 0.0000000000
58289  -47.663  -52.187  55.685 0.0000000000
58296  -47.503  -51.811  54.887 0.0000000000
58275  -47.291  -51.193  56.496 0.0000000000
59362  -47.298  -50.578  57.484 0.0000000000
62852  -47.458  -47.973  57.225 0.0000000000
64107  -47.433  -47.395  57.515 0.0000000000
29503  -25.317  -71.410  57.362 0.0000000000
27904  -25.743  -71.567  56.889 0.0000000000
31005  -26.938  -69.257  58.565 0.0000000000
32536  -27.078  -68.459  59.086 0.0000000000
32527  -27.222  -68.172  59.499 0.0000000000
47682  -33.279  -60.518  61.308 0.0000000000
46172  -41.135  -60.240  58.402 0.0000000000
47737  -41.491  -59.982  58.268 0.0000000000
55863  -44.044  -53.991  59.043 0.0000000000
55834  -43.985  -54.577  59.447 0.0000000000
55835  -44.539  -54.313  59.708 0.0000000000
54614  -44.981  -54.424  60.092 0.0000000000
54633  -45.747  -54.405  59.423 0.0000000000
55850  -45.902  -53.477  60.025 0.0000000000
54634  -46.168  -53.867  59.530 0.0000000000
54653  -45.873  -54.621  58.864 0.0000000000
53317  -46.357  -54.823  58.178 0.0000000000
53342  -46.639  -54.913  57.674 0.0000000000
53363  -46.906  -55.156  57.005 0.0000000000
53382  -46.743  -55.571  56.467 0.0000000000
53364  -47.381  -54.687  56.932 0.0000000000
53365  -47.616  -54.303  56.649 0.0000000000
55881  -47.334  -53.200  57.872 0.0000000000
55894  -47.683  -53.212  57.142 0.0000000000
54710  -47.743  -53.837  56.528 0.0000000000
31022  -23.655  -70.580  57.783 0.0000000000
29490  -24.786  -71.216  57.597 0.0000000000
60558  -51.100  -49.433  52.509 0.0000000000
60559  -52.114  -49.275  52.640 0.0000000000
60543  -53.040  -48.499  53.207 0.0000000000
60577  -53.846  -49.039  52.132 0.0000000000
61737  -54.326  -48.528  51.415 0.0000000000
67976  -54.214  -43.496  51.537 0.0000000000
67977  -54.799  -43.674  51.974 0.0000000000
69300  -55.094  -42.982  51.947 0.0000000000
69301  -55.557  -43.359  51.254 0.0000000000
70652  -55.414  -42.761  51.023 0.0000000000
69315  -55.743  -43.471  50.528 0.0000000000
69330  -55.650  -43.077  50.229 0.0000000000
82252  -56.263  -33.486  45.493 0.0000000000
81023  -55.966  -33.854  45.825 0.0000000000
81015  -56.074  -33.928  46.793 0.0000000000
79705  -56.503  -35.075  47.909 0.0000000000
79697  -57.141  -34.807  48.136 0.0000000000
79696  -56.784  -35.096  48.076 0.0000000000
78381  -56.136  -35.820  48.090 0.0000000000
77029  -56.372  -36.359  48.067 0.0000000000
75773  -55.940  -37.248  48.093 0.0000000000
60419  -45.428  -49.887  60.809 0.0000000000
60418  -45.359  -49.721  60.535 0.0000000000
60433  -45.364  -50.098  59.710 0.0000000000
55877  -43.468  -54.775  58.598 0.0000000000
57105  -44.532  -53.501  58.964 0.0000000000
57093  -44.853  -52.724  59.315 0.0000000000
58232  -45.226  -51.920  59.727 0.0000000000
59327  -45.413  -50.852  60.279 0.0000000000
65488  -51.274  -46.155  53.989 0.0000000000
65501  -52.630  -46.211  52.946 0.0000000000
64210  -53.012  -46.530  52.137 0.0000000000
65515  -53.920  -44.921  51.151 0.0000000000
66752  -53.914  -44.078  51.264 0.0000000000
69297  -52.769  -42.632  51.550 0.0000000000
70647  -52.260  -42.152  51.308 0.0000000000
70646  -52.098  -42.347  50.883 0.0000000000
71978  -52.270  -41.932  51.338 0.0000000000
71985  -51.808  -41.813  50.642 0.0000000000
71986  -52.224  -41.639  50.593 0.0000000000
71994  -51.473  -41.511  49.239 0.0000000000
82264  -56.615  -32.452  44.588 0.0000000000
82253  -56.771  -33.114  45.849 0.0000000000
82246  -57.498  -32.548  46.622 0.0000000000
82231  -57.623  -33.006  47.371 0.0000000000
83395  -58.466  -32.187  47.201 0.0000000000
82232  -58.101  -33.201  47.543 0.0000000000
81001  -58.622  -33.770  47.361 0.0000000000
81017  -58.889  -33.782  46.868 0.0000000000
81026  -58.867  -33.837  46.177 0.0000000000
83407  -59.592  -31.113  46.056 0.0000000000
89499  -59.585  -27.288  45.703 0.0000000000
88199  -60.061  -27.598  45.897 0.0000000000
88219  -60.395  -27.974  45.434 0.0000000000
57179  -48.897  -52.682  51.296 0.0000000000
58344  -48.822  -51.862  50.797 0.0000000000
58345  -49.394  -51.510  50.532 0.0000000000
59442  -49.478  -50.379  51.089 0.0000000000
60556  -49.274  -49.941  51.918 0.0000000000
59411  -47.223  -50.760  54.376 0.0000000000
60522  -47.573  -49.907  53.925 0.0000000000
61686  -47.873  -49.411  54.355 0.0000000000
60538  -48.040  -49.818  53.309 0.0000000000
60523  -48.408  -49.456  53.846 0.0000000000
60540  -50.287  -49.296  53.255 0.0000000000
60525  -50.559  -48.934  54.202 0.0000000000
61689  -50.956  -48.633  54.333 0.0000000000
61690  -51.351  -48.413  54.321 0.0000000000
61645  -50.629  -47.826  55.208 0.0000000000
61551  -45.642  -49.397  60.332 0.0000000000
64079  -46.256  -48.511  59.398 0.0000000000
64076  -45.411  -47.924  59.007 0.0000000000
64078  -46.141  -48.101  59.251 0.0000000000
64091  -46.451  -47.607  58.475 0.0000000000
64105  -46.723  -46.988  58.171 0.0000000000
65365  -46.944  -46.587  57.719 0.0000000000
65386  -47.559  -46.504  57.214 0.0000000000
29545  -21.720  -71.492  53.839 0.0000000000
29546  -22.635  -71.136  53.791 0.0000000000
27919  -26.002  -71.441  56.450 0.0000000000
35580  -26.983  -67.214  59.192 0.0000000000
34056  -27.295  -67.383  59.638 0.0000000000
34057  -27.419  -67.444  59.845 0.0000000000
35581  -27.911  -67.646  60.101 0.0000000000
35583  -28.757  -66.844  59.566 0.0000000000
35563  -28.855  -65.988  60.991 0.0000000000
37092  -28.938  -66.065  59.277 0.0000000000
37104  -28.722  -66.037  58.336 0.0000000000
41610  -29.700  -63.357  60.834 0.0000000000
41575  -31.014  -62.097  62.768 0.0000000000
41583  -31.920  -62.404  62.660 0.0000000000
40121  -32.044  -62.673  61.313 0.0000000000
41605  -34.484  -63.540  60.447 0.0000000000
40135  -34.674  -64.074  60.129 0.0000000000
49100  -33.835  -60.467  60.634 0.0000000000
47683  -34.080  -60.626  60.912 0.0000000000
49121  -36.057  -60.325  59.492 0.0000000000
49120  -34.746  -60.487  59.859 0.0000000000
47666  -34.687  -61.016  60.710 0.0000000000
44566  -35.716  -61.661  59.616 0.0000000000
44578  -35.889  -62.075  59.278 0.0000000000
44590  -36.669  -62.047  58.865 0.0000000000
44589  -35.928  -62.435  59.013 0.0000000000
43068  -36.410  -62.430  58.566 0.0000000000
44613  -41.097  -61.171  57.054 0.0000000000
43095  -41.630  -61.196  56.660 0.0000000000
43111  -41.234  -61.691  56.216 0.0000000000
144423  -41.881  -57.333  59.248 0.0000000000
51914  -41.999  -56.760  59.247 0.0000000000
50584  -42.625  -57.758  58.713 0.0000000000
50599  -43.252  -58.078  58.298 0.0000000000
49167  -43.537  -58.003  58.214 0.0000000000
49188  -43.668  -58.293  57.874 0.0000000000
54612  -43.898  -55.008  59.510 0.0000000000
53263  -44.288  -55.551  59.244 0.0000000000
51943  -44.279  -56.098  58.718 0.0000000000
51968  -44.474  -56.563  58.368 0.0000000000
49202  -43.687  -58.937  56.917 0.0000000000
49217  -43.994  -58.901  56.391 0.0000000000
49231  -44.303  -58.830  55.632 0.0000000000
52033  -46.961  -55.640  55.730 0.0000000000
52034  -47.104  -55.691  55.293 0.0000000000
50650  -46.968  -55.866  54.964 0.0000000000
52052  -47.416  -55.590  54.652 0.0000000000
52051  -47.094  -55.753  54.032 0.0000000000
53484  -49.635  -55.431  52.207 0.0000000000
26386  -21.832  -72.794  54.832 0.0000000000
27946  -21.573  -72.424  54.364 0.0000000000
65462  -52.412  -46.299  53.905 0.0000000000
62915  -53.473  -47.237  53.467 0.0000000000
61694  -53.824  -47.496  53.320 0.0000000000
64177  -54.464  -46.280  53.133 0.0000000000
62916  -54.097  -47.017  53.259 0.0000000000
61714  -54.116  -47.589  53.066 0.0000000000
62974  -55.241  -47.287  51.104 0.0000000000
62994  -55.204  -47.603  50.068 0.0000000000
66702  -55.408  -44.923  51.904 0.0000000000
65504  -55.611  -45.593  51.539 0.0000000000
65516  -55.781  -45.556  50.867 0.0000000000
64231  -55.568  -46.407  51.125 0.0000000000
62995  -55.510  -46.954  50.531 0.0000000000
72000  -51.003  -41.072  48.803 0.0000000000
71992  -51.244  -40.627  48.997 0.0000000000
79749  -55.390  -34.444  45.959 0.0000000000
79730  -54.455  -35.236  46.049 0.0000000000
78417  -53.790  -35.720  46.272 0.0000000000
78404  -54.781  -35.604  47.380 0.0000000000
75771  -51.346  -37.457  47.951 0.0000000000
75739  -51.302  -38.528  48.593 0.0000000000
75741  -52.687  -37.925  48.819 0.0000000000
75740  -51.929  -38.319  48.654 0.0000000000
73329  -51.793  -40.117  48.676 0.0000000000
72015  -51.323  -41.620  48.074 0.0000000000
27929  -26.032  -71.376  56.081 0.0000000000
27932  -22.261  -72.072  54.683 0.0000000000
29491  -26.714  -70.214  57.776 0.0000000000
29538  -25.122  -71.233  54.831 0.0000000000
31026  -27.640  -68.939  58.672 0.0000000000
32537  -27.539  -68.333  59.203 0.0000000000
34067  -27.160  -67.769  59.545 0.0000000000
34068  -27.619  -67.830  59.761 0.0000000000
34081  -28.055  -67.967  59.391 0.0000000000
35569  -27.366  -66.980  59.778 0.0000000000
35579  -26.399  -66.890  59.121 0.0000000000
35582  -28.060  -67.473  60.232 0.0000000000
35590  -26.505  -67.432  58.765 0.0000000000
37050  -28.730  -64.731  62.415 0.0000000000
37051  -28.854  -64.883  62.347 0.0000000000
37052  -28.914  -65.061  62.208 0.0000000000
38591  -28.663  -64.163  62.586 0.0000000000
38593  -29.019  -64.365  62.646 0.0000000000
38598  -28.907  -64.721  62.508 0.0000000000
38611  -27.853  -65.613  61.276 0.0000000000
38624  -26.732  -66.099  59.334 0.0000000000
38642  -29.142  -65.241  58.940 0.0000000000
40106  -28.776  -63.888  62.693 0.0000000000
40107  -29.037  -63.844  62.731 0.0000000000
40120  -30.032  -63.014  61.978 0.0000000000
41571  -28.174  -63.919  62.650 0.0000000000
41584  -32.306  -62.430  62.086 0.0000000000
41594  -33.445  -63.137  61.215 0.0000000000
41600  -29.730  -63.308  61.616 0.0000000000
43030  -32.869  -61.970  61.849 0.0000000000
43036  -30.919  -62.541  61.760 0.0000000000
43037  -31.258  -62.597  61.562 0.0000000000
43048  -30.890  -62.630  61.475 0.0000000000
44527  -33.006  -61.498  62.084 0.0000000000
44554  -33.832  -62.072  61.349 0.0000000000
44557  -36.262  -61.158  59.674 0.0000000000
44570  -39.172  -61.164  60.583 0.0000000000
44582  -39.124  -61.162  60.249 0.0000000000
44588  -35.513  -62.726  59.133 0.0000000000
44625  -40.750  -61.581  56.552 0.0000000000
46095  -33.260  -61.390  61.976 0.0000000000
46149  -37.781  -60.961  59.456 0.0000000000
46151  -39.121  -61.157  60.308 0.0000000000
47664  -33.550  -60.711  61.595 0.0000000000
47704  -37.610  -60.773  59.488 0.0000000000
47765  -43.873  -58.418  57.486 0.0000000000
47785  -42.997  -59.383  57.190 0.0000000000
47787  -43.675  -58.711  57.283 0.0000000000
49124  -42.521  -56.809  59.224 0.0000000000
49145  -35.568  -60.027  59.367 0.0000000000
49168  -43.740  -57.853  58.157 0.0000000000
50568  -43.373  -57.109  58.683 0.0000000000
50569  -43.719  -56.855  58.544 0.0000000000
50588  -44.790  -56.649  57.839 0.0000000000
50605  -45.856  -56.564  56.742 0.0000000000
50616  -45.989  -56.556  56.543 0.0000000000
50617  -46.111  -56.543  56.317 0.0000000000
50633  -46.676  -56.050  55.186 0.0000000000
51913  -41.635  -56.715  59.022 0.0000000000
51916  -43.687  -56.210  59.089 0.0000000000
51999  -46.043  -56.423  56.743 0.0000000000
52000  -46.299  -56.052  57.000 0.0000000000
52001  -46.556  -55.423  57.238 0.0000000000
52016  -46.455  -56.045  56.369 0.0000000000
52018  -46.720  -55.911  55.495 0.0000000000
53260  -42.126  -56.236  59.021 0.0000000000
53285  -41.742  -56.682  58.495 0.0000000000
53286  -42.324  -56.073  58.754 0.0000000000
53288  -44.622  -55.473  59.096 0.0000000000
53385  -47.744  -54.255  56.340 0.0000000000
53424  -48.712  -54.678  54.040 0.0000000000
53469  -49.635  -54.981  52.600 0.0000000000
54675  -47.258  -53.758  57.778 0.0000000000
54780  -50.188  -54.481  51.718 0.0000000000
55836  -44.876  -54.101  60.101 0.0000000000
55837  -45.295  -53.771  60.150 0.0000000000
55838  -45.557  -53.112  60.190 0.0000000000
55847  -43.639  -54.521  59.245 0.0000000000
55848  -44.289  -54.095  59.472 0.0000000000
55940  -49.074  -53.715  52.851 0.0000000000
55971  -49.867  -53.581  51.431 0.0000000000
57075  -45.777  -52.450  60.142 0.0000000000
57092  -44.622  -53.502  59.441 0.0000000000
57107  -47.379  -52.124  58.373 0.0000000000
57138  -47.739  -53.021  56.018 0.0000000000
57169  -48.522  -52.970  52.334 0.0000000000
57181  -50.193  -53.333  51.078 0.0000000000
57195  -49.135  -52.149  50.686 0.0000000000
58222  -46.052  -51.545  60.177 0.0000000000
58223  -46.508  -51.221  60.074 0.0000000000
58261  -47.258  -51.086  56.773 0.0000000000
58263  -47.515  -51.799  57.075 0.0000000000
58276  -47.573  -51.946  56.394 0.0000000000
58297  -47.824  -52.442  55.187 0.0000000000
58329  -47.697  -51.795  52.086 0.0000000000
58331  -48.860  -51.233  50.856 0.0000000000
59330  -46.658  -50.753  59.977 0.0000000000
59364  -47.486  -51.635  57.487 0.0000000000
59376  -47.365  -51.167  57.270 0.0000000000
59429  -47.365  -51.004  53.062 0.0000000000
59440  -47.864  -50.904  51.809 0.0000000000
59451  -49.264  -50.790  50.790 0.0000000000
59453  -50.783  -50.192  50.267 0.0000000000
60420  -45.900  -50.031  60.624 0.0000000000
60465  -47.327  -50.291  57.900 0.0000000000
60508  -49.997  -48.994  54.789 0.0000000000
60527  -51.780  -48.527  53.955 0.0000000000
60537  -47.588  -50.101  53.462 0.0000000000
60544  -53.496  -48.292  53.147 0.0000000000
60572  -49.384  -50.179  51.438 0.0000000000
60587  -51.238  -49.695  50.829 0.0000000000
60590  -53.841  -49.024  49.861 0.0000000000
61552  -45.487  -49.381  60.644 0.0000000000
61553  -45.769  -49.362  60.628 0.0000000000
61554  -46.109  -49.594  60.425 0.0000000000
61572  -46.140  -49.234  60.164 0.0000000000
61574  -46.922  -49.643  59.307 0.0000000000
61591  -47.112  -48.691  58.341 0.0000000000
61607  -47.150  -48.547  58.138 0.0000000000
61646  -51.130  -47.639  54.926 0.0000000000
61692  -52.831  -48.028  53.589 0.0000000000
61711  -52.557  -48.428  53.506 0.0000000000
61712  -52.774  -48.287  53.468 0.0000000000
62795  -45.724  -49.189  59.871 0.0000000000
62810  -46.447  -48.891  59.463 0.0000000000
62823  -45.287  -48.168  58.538 0.0000000000
62825  -46.884  -48.660  58.544 0.0000000000
62838  -47.061  -48.451  58.323 0.0000000000
62854  -49.102  -47.344  56.003 0.0000000000
62855  -49.413  -47.218  55.777 0.0000000000
64077  -45.733  -47.930  59.181 0.0000000000
64090  -46.165  -47.451  58.592 0.0000000000
64092  -46.491  -48.207  58.807 0.0000000000
64106  -47.181  -47.322  57.920 0.0000000000
64121  -47.873  -47.021  56.866 0.0000000000
64138  -49.189  -46.785  55.950 0.0000000000
64175  -52.895  -46.863  53.746 0.0000000000
64198  -54.838  -46.216  52.634 0.0000000000
64230  -55.421  -46.829  51.253 0.0000000000
65366  -47.115  -46.784  57.811 0.0000000000
65492  -55.073  -45.694  52.493 0.0000000000
65530  -56.081  -45.223  50.187 0.0000000000
65539  -56.184  -45.713  49.741 0.0000000000
66750  -52.945  -44.212  50.541 0.0000000000
66754  -56.012  -44.678  50.744 0.0000000000
66768  -56.218  -44.480  50.109 0.0000000000
67974  -52.933  -43.243  51.330 0.0000000000
67978  -55.746  -44.074  51.179 0.0000000000
67979  -55.903  -44.025  50.955 0.0000000000
67996  -53.367  -43.691  51.165 0.0000000000
67997  -53.767  -43.578  51.360 0.0000000000
68018  -56.199  -44.292  49.895 0.0000000000
68034  -54.336  -43.495  48.896 0.0000000000
68035  -54.544  -43.574  48.959 0.0000000000
68036  -56.182  -44.380  49.737 0.0000000000
69284  -55.401  -43.644  51.586 0.0000000000
69296  -52.351  -42.576  51.139 0.0000000000
69302  -55.856  -43.696  50.951 0.0000000000
69311  -51.797  -42.794  50.632 0.0000000000
69312  -52.237  -43.041  50.816 0.0000000000
69313  -52.585  -43.015  51.202 0.0000000000
69314  -55.637  -43.228  51.012 0.0000000000
69329  -55.431  -43.079  49.964 0.0000000000
69342  -52.113  -42.400  48.864 0.0000000000
69346  -55.477  -43.402  49.619 0.0000000000
69347  -55.834  -43.994  49.410 0.0000000000
69364  -55.587  -44.148  48.882 0.0000000000
70648  -52.774  -41.992  51.775 0.0000000000
70661  -52.034  -42.019  51.068 0.0000000000
70665  -55.473  -42.826  50.511 0.0000000000
70680  -55.400  -42.879  49.971 0.0000000000
70681  -55.458  -42.942  50.141 0.0000000000
70689  -50.921  -41.640  49.663 0.0000000000
70693  -55.120  -42.969  49.688 0.0000000000
70694  -55.288  -43.231  49.618 0.0000000000
70702  -51.333  -42.072  47.963 0.0000000000
70705  -54.167  -42.802  49.277 0.0000000000
70706  -55.627  -43.665  49.144 0.0000000000
73333  -51.012  -39.971  48.221 0.0000000000
75761  -52.319  -37.621  48.645 0.0000000000
75762  -54.302  -37.792  48.520 0.0000000000
75764  -55.661  -37.003  48.281 0.0000000000
77006  -54.532  -37.149  48.485 0.0000000000
77026  -53.880  -36.727  48.586 0.0000000000
77065  -57.903  -35.767  47.203 0.0000000000
78379  -54.558  -36.343  48.358 0.0000000000
78382  -56.878  -35.462  48.056 0.0000000000
78395  -57.930  -35.017  47.808 0.0000000000
78396  -58.087  -35.017  47.737 0.0000000000
78408  -58.391  -35.044  47.631 0.0000000000
78420  -58.501  -35.490  46.952 0.0000000000
79698  -57.636  -34.806  47.965 0.0000000000
79699  -57.898  -34.863  47.935 0.0000000000
79707  -57.841  -34.709  47.887 0.0000000000
79708  -58.053  -34.723  47.802 0.0000000000
79714  -55.450  -35.089  47.107 0.0000000000
79716  -56.658  -34.525  47.869 0.0000000000
79717  -58.380  -34.315  47.640 0.0000000000
79733  -58.688  -34.978  46.617 0.0000000000
80977  -57.055  -34.498  48.183 0.0000000000
80978  -57.367  -34.613  48.082 0.0000000000
80986  -58.024  -34.492  47.849 0.0000000000
80997  -56.351  -33.916  47.286 0.0000000000
81016  -56.557  -33.556  46.880 0.0000000000
81022  -55.437  -34.159  45.433 0.0000000000
81024  -56.378  -33.650  46.324 0.0000000000
81032  -55.660  -33.847  45.205 0.0000000000
84580  -58.036  -29.985  44.469 0.0000000000
85736  -58.823  -30.471  46.885 0.0000000000
85745  -58.462  -30.147  46.292 0.0000000000
88197  -59.661  -27.643  45.834 0.0000000000
88198  -59.832  -27.543  46.039 0.0000000000
88209  -60.109  -27.811  46.002 0.0000000000
89489  -59.553  -27.424  45.860 0.0000000000
89490  -59.763  -27.429  45.830 0.0000000000
89491  -59.801  -27.349  45.982 0.0000000000
89500  -59.857  -27.173  45.742 0.0000000000
89501  -60.006  -27.382  45.862 0.0000000000
90772  -60.080  -25.300  44.526 0.0000000000
90773  -60.389  -25.532  44.355 0.0000000000
92027  -58.828  -25.066  44.028 0.0000000000
92029  -59.449  -25.278  44.492 0.0000000000
92034  -58.838  -25.567  44.389 0.0000000000
92035  -59.827  -25.089  44.400 0.0000000000
92042  -60.026  -24.748  44.016 0.0000000000
93350  -58.884  -24.910  43.882 0.0000000000
93351  -59.220  -24.947  44.141 0.0000000000
93352  -59.487  -25.006  44.290 0.0000000000
93360  -59.164  -24.733  43.659 0.0000000000
144411  -39.211  -60.940  60.614 0.0000000000
144417  -41.647  -57.228  59.225 0.0000000000
144419  -41.297  -57.201  58.827 0.0000000000
144420  -41.490  -57.403  59.185 0.0000000000
