#!ascii label  , from subject 3059 vox2ras=TkReg
1083
56010  -43.863  -53.546  49.297 0.0000000000
50785  -24.476  -57.817  46.688 0.0000000000
52182  -34.062  -56.841  46.749 0.0000000000
93416  -43.533  -23.058  39.802 0.0000000000
93507  -48.525  -23.831  31.856 0.0000000000
43179  -17.431  -62.212  52.267 0.0000000000
85787  -42.212  -29.765  42.258 0.0000000000
60571  -41.884  -49.136  50.655 0.0000000000
50807  -40.590  -57.199  47.127 0.0000000000
46329  -19.704  -59.954  48.206 0.0000000000
38776  -20.431  -65.921  50.593 0.0000000000
56009  -40.061  -53.279  49.011 0.0000000000
59463  -37.704  -51.088  48.985 0.0000000000
54867  -28.924  -55.077  46.791 0.0000000000
54829  -36.820  -53.547  49.238 0.0000000000
72139  -41.615  -40.257  38.119 0.0000000000
78559  -46.177  -35.592  36.008 0.0000000000
85832  -46.306  -30.214  37.076 0.0000000000
32593  -13.578  -69.297  54.642 0.0000000000
27883  -10.675  -72.147  58.645 0.0000000000
63051  -35.158  -48.823  46.924 0.0000000000
61857  -35.749  -48.702  43.059 0.0000000000
65662  -38.622  -45.350  39.056 0.0000000000
34180  -16.585  -68.344  51.413 0.0000000000
46313  -24.463  -60.850  49.175 0.0000000000
49337  -26.291  -58.912  48.688 0.0000000000
54877  -42.385  -55.192  47.846 0.0000000000
52155  -22.318  -55.151  48.499 0.0000000000
47934  -21.936  -59.331  46.958 0.0000000000
43253  -22.473  -62.645  48.659 0.0000000000
54791  -39.187  -53.025  50.943 0.0000000000
54848  -38.991  -53.512  47.972 0.0000000000
75905  -40.483  -37.028  37.373 0.0000000000
73505  -43.006  -38.827  36.427 0.0000000000
77215  -42.476  -35.268  37.412 0.0000000000
85828  -42.009  -29.325  38.774 0.0000000000
89567  -43.150  -26.902  37.803 0.0000000000
88315  -46.296  -28.317  36.572 0.0000000000
89604  -44.207  -26.002  35.391 0.0000000000
89615  -46.544  -26.742  33.617 0.0000000000
60597  -34.597  -49.464  50.865 0.0000000000
61760  -36.261  -49.751  48.519 0.0000000000
61757  -32.692  -48.861  49.918 0.0000000000
64339  -32.426  -46.232  44.138 0.0000000000
65624  -33.797  -45.195  42.216 0.0000000000
63180  -37.187  -47.489  40.619 0.0000000000
65649  -36.206  -44.941  39.872 0.0000000000
70804  -37.714  -41.339  38.820 0.0000000000
53557  -31.736  -56.278  46.783 0.0000000000
37171  -15.255  -65.483  53.435 0.0000000000
38774  -16.014  -65.212  51.306 0.0000000000
23117  -10.981  -75.325  58.050 0.0000000000
20151  -10.406  -76.638  59.784 0.0000000000
81079  -42.794  -33.239  41.431 0.0000000000
62960  -40.048  -47.808  50.387 0.0000000000
50803  -37.034  -57.658  46.348 0.0000000000
44718  -18.295  -60.835  50.274 0.0000000000
38802  -18.021  -64.895  49.525 0.0000000000
41800  -20.348  -63.224  48.502 0.0000000000
94744  -49.053  -22.543  30.515 0.0000000000
57240  -42.265  -53.062  47.505 0.0000000000
59491  -41.470  -50.990  47.488 0.0000000000
58356  -39.192  -52.339  49.457 0.0000000000
54883  -24.308  -54.712  46.897 0.0000000000
52192  -26.417  -56.225  46.711 0.0000000000
56066  -27.592  -53.231  46.485 0.0000000000
56045  -30.534  -52.469  46.865 0.0000000000
54892  -33.410  -54.140  45.933 0.0000000000
54843  -34.747  -53.388  48.172 0.0000000000
54894  -35.229  -54.366  45.856 0.0000000000
53581  -38.524  -55.690  45.997 0.0000000000
54875  -40.597  -54.143  46.749 0.0000000000
69463  -42.498  -43.145  38.862 0.0000000000
81103  -43.366  -32.685  37.570 0.0000000000
82349  -46.668  -32.594  36.635 0.0000000000
88377  -48.616  -27.298  32.297 0.0000000000
32581  -11.835  -69.579  56.775 0.0000000000
26352  -12.379  -73.204  56.259 0.0000000000
60614  -39.242  -49.052  48.069 0.0000000000
63007  -38.404  -47.936  48.842 0.0000000000
64280  -37.799  -47.287  48.212 0.0000000000
63067  -31.635  -47.176  46.725 0.0000000000
63091  -35.546  -48.656  45.630 0.0000000000
63073  -38.372  -47.936  46.347 0.0000000000
63136  -39.370  -48.745  43.832 0.0000000000
63183  -40.066  -47.660  41.530 0.0000000000
65651  -40.883  -45.649  39.713 0.0000000000
69461  -40.456  -42.971  38.040 0.0000000000
73451  -38.930  -39.497  38.683 0.0000000000
52116  -27.936  -57.635  49.048 0.0000000000
37134  -14.647  -66.108  54.958 0.0000000000
34154  -14.997  -68.186  52.979 0.0000000000
37202  -18.495  -66.912  50.554 0.0000000000
20153  -8.012  -76.817  58.720 0.0000000000
47936  -24.101  -59.578  47.361 0.0000000000
47920  -25.340  -59.559  48.541 0.0000000000
49389  -25.347  -58.636  47.754 0.0000000000
54851  -43.621  -54.328  49.108 0.0000000000
52174  -22.707  -56.098  47.368 0.0000000000
50783  -22.034  -57.331  47.338 0.0000000000
49386  -22.580  -58.448  46.804 0.0000000000
46351  -23.635  -60.348  47.528 0.0000000000
77197  -40.650  -35.316  38.636 0.0000000000
77223  -41.425  -36.173  36.937 0.0000000000
77199  -41.839  -34.602  38.623 0.0000000000
92080  -42.200  -24.937  40.101 0.0000000000
89552  -42.036  -26.866  39.545 0.0000000000
92096  -42.530  -24.895  38.043 0.0000000000
89583  -43.762  -26.942  36.778 0.0000000000
92097  -43.025  -24.544  37.356 0.0000000000
93447  -43.996  -23.961  36.144 0.0000000000
61758  -34.084  -49.093  49.994 0.0000000000
66872  -33.284  -44.238  43.425 0.0000000000
65647  -34.620  -44.802  40.943 0.0000000000
66891  -35.414  -42.860  41.660 0.0000000000
68172  -36.234  -42.498  41.038 0.0000000000
52193  -32.941  -56.303  46.160 0.0000000000
52163  -32.552  -57.061  47.681 0.0000000000
50788  -33.679  -57.156  47.292 0.0000000000
38760  -15.898  -64.590  53.006 0.0000000000
41739  -16.710  -63.237  51.742 0.0000000000
90890  -49.232  -25.630  31.383 0.0000000000
21660  -11.110  -76.340  59.383 0.0000000000
59438  -42.794  -50.237  50.900 0.0000000000
61735  -40.792  -48.347  50.390 0.0000000000
50805  -39.172  -57.477  46.791 0.0000000000
50794  -39.594  -57.922  47.631 0.0000000000
47905  -20.096  -58.166  49.387 0.0000000000
47904  -19.523  -58.951  49.987 0.0000000000
47903  -18.813  -59.209  50.661 0.0000000000
44765  -18.800  -61.290  48.682 0.0000000000
43267  -18.746  -62.177  48.709 0.0000000000
43268  -19.776  -62.377  48.326 0.0000000000
43230  -23.794  -62.788  50.087 0.0000000000
41771  -22.212  -63.709  49.873 0.0000000000
56026  -40.785  -53.093  47.409 0.0000000000
57238  -40.718  -52.276  47.331 0.0000000000
58372  -39.707  -52.493  48.598 0.0000000000
56040  -24.924  -53.288  47.276 0.0000000000
56064  -25.467  -53.580  46.617 0.0000000000
56019  -26.402  -52.406  48.232 0.0000000000
57237  -30.046  -52.012  47.607 0.0000000000
56021  -31.077  -52.010  47.792 0.0000000000
56070  -32.019  -52.948  46.068 0.0000000000
56047  -32.568  -52.524  47.139 0.0000000000
53519  -36.376  -53.527  50.016 0.0000000000
54844  -35.443  -53.689  48.093 0.0000000000
54869  -34.734  -53.628  46.696 0.0000000000
54871  -36.785  -53.681  47.030 0.0000000000
53579  -36.639  -55.161  45.495 0.0000000000
54872  -37.791  -53.870  47.149 0.0000000000
54832  -39.521  -53.386  48.698 0.0000000000
54874  -39.531  -54.070  46.871 0.0000000000
56049  -40.483  -53.520  47.155 0.0000000000
56050  -41.249  -53.526  47.182 0.0000000000
70808  -42.375  -42.053  38.569 0.0000000000
70791  -43.544  -41.857  39.260 0.0000000000
72140  -42.483  -40.452  38.200 0.0000000000
75920  -44.450  -37.449  35.795 0.0000000000
74752  -45.766  -39.104  36.353 0.0000000000
83463  -42.423  -31.912  41.646 0.0000000000
81095  -42.311  -33.439  39.397 0.0000000000
82322  -41.727  -31.826  39.730 0.0000000000
85830  -43.998  -29.684  37.508 0.0000000000
83488  -44.647  -31.344  36.737 0.0000000000
83489  -45.926  -31.439  36.578 0.0000000000
81105  -48.173  -32.874  36.860 0.0000000000
89623  -47.363  -26.671  33.171 0.0000000000
90853  -47.336  -25.064  33.558 0.0000000000
90874  -48.171  -25.765  32.408 0.0000000000
35634  -13.745  -67.323  55.919 0.0000000000
34117  -13.091  -68.131  56.749 0.0000000000
32592  -12.772  -69.311  55.265 0.0000000000
27909  -12.821  -72.718  56.008 0.0000000000
24729  -12.157  -74.552  56.586 0.0000000000
59489  -39.646  -50.704  47.561 0.0000000000
59479  -40.973  -49.844  47.814 0.0000000000
60623  -38.787  -49.999  47.667 0.0000000000
63004  -35.751  -49.441  48.277 0.0000000000
61761  -37.331  -49.340  48.165 0.0000000000
64260  -37.089  -48.352  47.921 0.0000000000
64261  -37.733  -47.811  48.436 0.0000000000
64279  -37.089  -47.862  47.715 0.0000000000
64311  -31.513  -45.590  46.724 0.0000000000
63135  -34.092  -48.067  43.033 0.0000000000
63089  -32.915  -48.140  45.272 0.0000000000
61820  -34.972  -48.637  44.625 0.0000000000
63092  -36.617  -48.498  45.701 0.0000000000
61822  -36.753  -48.832  44.899 0.0000000000
63094  -38.654  -48.512  45.546 0.0000000000
61859  -37.685  -48.570  43.250 0.0000000000
64410  -37.902  -46.417  39.906 0.0000000000
63181  -38.300  -47.830  40.881 0.0000000000
64411  -38.763  -46.649  39.910 0.0000000000
64413  -40.839  -46.547  40.811 0.0000000000
65650  -40.145  -45.850  39.554 0.0000000000
66920  -40.680  -44.923  38.814 0.0000000000
68183  -39.177  -43.888  38.342 0.0000000000
72118  -36.820  -40.142  40.075 0.0000000000
72119  -37.689  -40.298  39.228 0.0000000000
74709  -37.554  -38.062  40.243 0.0000000000
53552  -27.671  -55.975  46.867 0.0000000000
52156  -27.346  -57.121  47.710 0.0000000000
53535  -28.653  -56.496  47.885 0.0000000000
35683  -15.383  -67.255  52.083 0.0000000000
35667  -14.677  -66.974  53.101 0.0000000000
34165  -15.871  -68.497  51.889 0.0000000000
38789  -19.435  -65.461  49.742 0.0000000000
37217  -18.530  -66.270  50.104 0.0000000000
37203  -19.730  -66.691  50.703 0.0000000000
44719  -24.640  -61.991  50.541 0.0000000000
44720  -25.542  -61.166  50.412 0.0000000000
47895  -26.188  -60.184  49.927 0.0000000000
49297  -27.292  -59.051  50.387 0.0000000000
52185  -41.563  -56.656  47.786 0.0000000000
50772  -40.953  -57.901  49.057 0.0000000000
50736  -21.450  -56.490  49.203 0.0000000000
49362  -21.018  -57.861  47.749 0.0000000000
46330  -20.633  -60.174  47.590 0.0000000000
43281  -21.014  -61.351  47.672 0.0000000000
44786  -21.958  -61.186  47.439 0.0000000000
44769  -23.320  -61.530  48.513 0.0000000000
55989  -40.099  -53.273  50.201 0.0000000000
57193  -40.169  -52.803  50.443 0.0000000000
53520  -37.121  -53.591  50.278 0.0000000000
54847  -38.186  -53.778  48.264 0.0000000000
54808  -39.508  -53.653  49.904 0.0000000000
73470  -41.225  -39.317  37.701 0.0000000000
73471  -42.305  -39.814  37.660 0.0000000000
75907  -41.622  -37.470  36.513 0.0000000000
77225  -42.893  -36.121  36.396 0.0000000000
78557  -43.805  -35.161  36.664 0.0000000000
85813  -41.591  -29.383  39.804 0.0000000000
88279  -41.895  -27.741  40.064 0.0000000000
87014  -42.701  -28.603  38.526 0.0000000000
88293  -44.517  -28.494  37.324 0.0000000000
88282  -46.093  -28.861  37.384 0.0000000000
88313  -44.357  -27.777  37.000 0.0000000000
88332  -44.844  -27.379  35.788 0.0000000000
88358  -45.620  -27.623  34.717 0.0000000000
89613  -45.096  -26.182  34.529 0.0000000000
92112  -45.027  -24.362  35.046 0.0000000000
32594  -14.334  -69.875  54.198 0.0000000000
31055  -13.517  -70.534  54.979 0.0000000000
29518  -14.223  -71.170  54.792 0.0000000000
60599  -36.166  -50.260  49.605 0.0000000000
60600  -36.883  -50.183  48.680 0.0000000000
60598  -35.243  -49.808  50.276 0.0000000000
61781  -34.316  -49.298  48.784 0.0000000000
63030  -33.885  -49.224  48.117 0.0000000000
65585  -31.874  -45.196  45.241 0.0000000000
65586  -32.395  -44.863  44.542 0.0000000000
64379  -33.366  -46.356  42.500 0.0000000000
63159  -34.589  -47.667  42.229 0.0000000000
61881  -36.132  -48.493  42.025 0.0000000000
64381  -34.822  -46.976  41.500 0.0000000000
64408  -35.927  -45.753  40.146 0.0000000000
65660  -37.051  -45.099  39.410 0.0000000000
68182  -38.267  -43.542  38.622 0.0000000000
68180  -36.541  -42.997  39.814 0.0000000000
53573  -30.231  -55.048  46.404 0.0000000000
53536  -29.366  -56.525  47.974 0.0000000000
52178  -30.819  -56.350  47.428 0.0000000000
38759  -15.513  -65.392  52.190 0.0000000000
37200  -16.113  -66.565  51.291 0.0000000000
26326  -10.571  -73.360  58.130 0.0000000000
26316  -10.624  -72.845  59.535 0.0000000000
24707  -10.581  -74.137  59.737 0.0000000000
23105  -10.625  -75.050  59.982 0.0000000000
21651  -9.858  -75.388  60.479 0.0000000000
64243  -40.119  -47.233  49.890 0.0000000000
50802  -36.148  -57.394  46.574 0.0000000000
50766  -35.324  -58.252  48.012 0.0000000000
46283  -18.609  -60.262  52.025 0.0000000000
44695  -17.669  -61.604  51.200 0.0000000000
41755  -17.153  -63.232  50.950 0.0000000000
41784  -17.960  -63.465  49.631 0.0000000000
41785  -18.837  -63.698  48.987 0.0000000000
40308  -20.702  -64.545  49.311 0.0000000000
43252  -21.607  -62.809  48.387 0.0000000000
41770  -21.668  -64.227  49.778 0.0000000000
40282  -21.797  -65.340  50.633 0.0000000000
93519  -48.472  -23.259  31.735 0.0000000000
58382  -43.122  -52.495  47.765 0.0000000000
58373  -42.930  -51.597  47.956 0.0000000000
58381  -42.225  -52.175  47.514 0.0000000000
58379  -40.336  -51.705  47.493 0.0000000000
58355  -38.338  -51.660  49.199 0.0000000000
58340  -38.788  -51.952  50.496 0.0000000000
58339  -37.934  -51.306  50.670 0.0000000000
58338  -37.379  -51.154  50.292 0.0000000000
60568  -35.657  -50.451  52.036 0.0000000000
52175  -24.095  -56.450  46.555 0.0000000000
52176  -25.229  -56.982  46.669 0.0000000000
53568  -25.443  -55.310  46.359 0.0000000000
54886  -26.983  -54.367  46.237 0.0000000000
54887  -28.145  -54.574  46.307 0.0000000000
57235  -28.053  -52.206  47.353 0.0000000000
57255  -28.691  -52.438  46.866 0.0000000000
54888  -29.164  -54.438  46.401 0.0000000000
54890  -31.051  -54.225  45.877 0.0000000000
53575  -32.177  -55.713  45.858 0.0000000000
53576  -33.484  -55.444  45.731 0.0000000000
56008  -33.569  -52.675  48.585 0.0000000000
54868  -33.914  -53.143  47.225 0.0000000000
54893  -34.269  -54.525  45.821 0.0000000000
52195  -34.710  -56.399  46.039 0.0000000000
52207  -36.283  -56.390  45.635 0.0000000000
52198  -37.688  -56.706  45.550 0.0000000000
52200  -39.776  -56.687  46.507 0.0000000000
54873  -38.645  -54.022  47.128 0.0000000000
54898  -39.087  -54.885  46.495 0.0000000000
53583  -40.434  -55.936  46.513 0.0000000000
54876  -41.658  -54.662  46.975 0.0000000000
56051  -42.520  -54.060  47.389 0.0000000000
53549  -23.028  -54.718  47.792 0.0000000000
73490  -44.062  -39.723  37.138 0.0000000000
78542  -42.335  -34.139  38.939 0.0000000000
79835  -42.707  -33.890  38.478 0.0000000000
79844  -44.343  -34.366  36.650 0.0000000000
83486  -42.491  -31.103  38.103 0.0000000000
81115  -43.932  -32.493  37.208 0.0000000000
79856  -45.839  -34.512  36.295 0.0000000000
81132  -47.466  -34.010  36.518 0.0000000000
89632  -49.581  -26.652  31.574 0.0000000000
92163  -48.263  -25.244  32.297 0.0000000000
92149  -48.021  -23.682  33.185 0.0000000000
34101  -12.205  -68.846  57.710 0.0000000000
31042  -11.207  -70.695  57.189 0.0000000000
31044  -12.416  -70.911  55.778 0.0000000000
29508  -12.120  -71.663  56.070 0.0000000000
27907  -10.738  -72.213  56.762 0.0000000000
24728  -11.174  -74.501  57.286 0.0000000000
59481  -42.348  -50.887  48.145 0.0000000000
60603  -41.131  -49.411  48.651 0.0000000000
60602  -40.251  -48.722  48.921 0.0000000000
61782  -37.756  -49.533  48.101 0.0000000000
61784  -38.788  -48.734  48.418 0.0000000000
61764  -39.800  -48.328  49.283 0.0000000000
62981  -39.401  -47.717  50.000 0.0000000000
64263  -39.294  -46.862  49.380 0.0000000000
64282  -39.407  -46.786  48.545 0.0000000000
61798  -32.377  -48.473  48.350 0.0000000000
63050  -33.734  -48.969  47.193 0.0000000000
63088  -32.128  -47.245  45.597 0.0000000000
63068  -32.720  -48.259  46.344 0.0000000000
63071  -36.503  -47.948  46.550 0.0000000000
64313  -38.116  -47.319  47.056 0.0000000000
61883  -38.171  -48.542  42.382 0.0000000000
61885  -39.738  -48.600  42.845 0.0000000000
66907  -41.941  -44.781  39.559 0.0000000000
69462  -41.589  -43.030  38.363 0.0000000000
72122  -40.922  -40.900  38.037 0.0000000000
69459  -37.999  -42.454  38.621 0.0000000000
72121  -39.776  -40.478  38.354 0.0000000000
72137  -40.108  -39.908  38.445 0.0000000000
74725  -39.413  -38.344  38.409 0.0000000000
77196  -39.774  -35.809  38.668 0.0000000000
50761  -26.559  -57.994  47.958 0.0000000000
50737  -27.244  -57.881  48.662 0.0000000000
52118  -28.923  -57.317  49.772 0.0000000000
34142  -14.013  -67.652  54.491 0.0000000000
37153  -14.722  -65.927  54.044 0.0000000000
35666  -14.500  -67.365  53.543 0.0000000000
32603  -14.165  -68.792  54.136 0.0000000000
32604  -14.868  -69.864  53.601 0.0000000000
38787  -17.363  -65.351  50.127 0.0000000000
37201  -17.229  -66.613  50.643 0.0000000000
35700  -18.220  -67.673  50.976 0.0000000000
18582  -9.168  -78.059  58.544 0.0000000000
20149  -8.978  -76.874  59.899 0.0000000000
21649  -9.042  -75.678  60.569 0.0000000000
57212  -43.817  -52.612  49.074 0.0000000000
49387  -23.743  -58.659  46.803 0.0000000000
49388  -24.780  -58.819  47.607 0.0000000000
50784  -23.227  -57.482  46.667 0.0000000000
77175  -41.196  -34.642  39.747 0.0000000000
77198  -41.288  -34.917  38.585 0.0000000000
77176  -41.739  -34.553  39.842 0.0000000000
92081  -43.031  -23.872  39.645 0.0000000000
92089  -42.439  -24.829  38.907 0.0000000000
92090  -42.997  -24.105  38.464 0.0000000000
93427  -43.534  -23.454  37.927 0.0000000000
66890  -34.736  -43.341  41.812 0.0000000000
52181  -33.205  -56.890  46.950 0.0000000000
50789  -34.202  -57.397  47.364 0.0000000000
41740  -17.123  -62.800  52.810 0.0000000000
40267  -16.305  -63.793  52.391 0.0000000000
92177  -49.264  -24.733  31.028 0.0000000000
60553  -41.545  -48.802  50.833 0.0000000000
60570  -41.095  -48.959  50.440 0.0000000000
50795  -40.476  -57.544  47.569 0.0000000000
47918  -19.783  -58.991  48.770 0.0000000000
46312  -19.332  -59.361  48.993 0.0000000000
46311  -18.734  -59.972  49.411 0.0000000000
46328  -19.175  -60.568  48.506 0.0000000000
44766  -19.751  -61.178  48.098 0.0000000000
57228  -40.562  -52.916  47.546 0.0000000000
57227  -40.100  -52.731  47.847 0.0000000000
57211  -40.171  -52.853  49.359 0.0000000000
56041  -25.766  -52.663  47.167 0.0000000000
57210  -31.617  -52.357  49.065 0.0000000000
57226  -31.303  -52.118  48.666 0.0000000000
56022  -31.946  -52.608  48.333 0.0000000000
54828  -35.994  -53.475  49.118 0.0000000000
54845  -36.330  -53.596  48.137 0.0000000000
54846  -37.311  -53.608  48.216 0.0000000000
54849  -39.841  -53.501  47.439 0.0000000000
56025  -40.157  -53.145  47.639 0.0000000000
72123  -41.968  -41.083  38.390 0.0000000000
77227  -45.287  -36.499  35.849 0.0000000000
75921  -45.648  -37.861  35.773 0.0000000000
83451  -42.238  -31.251  41.787 0.0000000000
82310  -41.832  -32.259  40.491 0.0000000000
83462  -41.687  -31.423  40.640 0.0000000000
85831  -45.278  -29.761  37.298 0.0000000000
84642  -45.513  -30.620  36.721 0.0000000000
84643  -46.612  -30.899  36.860 0.0000000000
83490  -47.074  -31.549  36.910 0.0000000000
92115  -47.599  -23.614  34.493 0.0000000000
34132  -13.178  -68.157  55.699 0.0000000000
59477  -38.162  -51.001  47.917 0.0000000000
59488  -39.029  -50.535  47.638 0.0000000000
59476  -37.458  -50.552  48.455 0.0000000000
63031  -35.110  -49.116  47.945 0.0000000000
63005  -36.483  -49.012  48.050 0.0000000000
63032  -36.265  -48.581  47.468 0.0000000000
61856  -34.898  -48.416  43.043 0.0000000000
61835  -34.542  -48.540  43.797 0.0000000000
61836  -35.384  -48.692  43.913 0.0000000000
61821  -35.912  -48.869  44.848 0.0000000000
61837  -36.304  -48.767  44.030 0.0000000000
61838  -37.325  -48.756  44.244 0.0000000000
61858  -36.721  -48.763  43.128 0.0000000000
64425  -37.799  -45.852  39.399 0.0000000000
64426  -38.631  -46.035  39.534 0.0000000000
64412  -39.795  -46.446  39.966 0.0000000000
65663  -39.608  -45.675  39.262 0.0000000000
66919  -39.555  -44.775  38.502 0.0000000000
66918  -38.456  -44.528  38.666 0.0000000000
53553  -28.457  -55.622  46.855 0.0000000000
53534  -27.937  -56.445  47.470 0.0000000000
35698  -15.935  -67.451  51.534 0.0000000000
38790  -20.097  -65.451  50.140 0.0000000000
38775  -19.778  -65.893  50.290 0.0000000000
31010  -11.392  -70.174  59.070 0.0000000000
29483  -11.128  -70.909  59.169 0.0000000000
58342  -43.277  -50.900  50.458 0.0000000000
44743  -23.986  -61.609  49.412 0.0000000000
44744  -24.738  -61.203  49.797 0.0000000000
47921  -25.916  -59.227  48.580 0.0000000000
47906  -25.669  -60.142  49.451 0.0000000000
47907  -26.174  -59.595  49.123 0.0000000000
47884  -26.743  -59.856  50.773 0.0000000000
47896  -26.716  -59.387  49.845 0.0000000000
53560  -42.050  -55.925  47.965 0.0000000000
53538  -41.875  -56.425  48.018 0.0000000000
52136  -22.019  -55.630  49.357 0.0000000000
52154  -21.780  -56.011  48.265 0.0000000000
49385  -21.556  -58.251  47.217 0.0000000000
50782  -21.448  -57.682  47.494 0.0000000000
47919  -20.578  -58.855  47.774 0.0000000000
46349  -21.428  -60.206  47.202 0.0000000000
46332  -23.944  -60.824  48.445 0.0000000000
46331  -23.325  -61.016  47.828 0.0000000000
54830  -37.663  -53.985  49.350 0.0000000000
54807  -38.541  -53.425  50.697 0.0000000000
74726  -40.498  -38.260  37.611 0.0000000000
74738  -41.354  -38.170  37.040 0.0000000000
74737  -40.871  -37.656  37.224 0.0000000000
77224  -42.025  -36.030  36.662 0.0000000000
77216  -43.240  -35.406  36.755 0.0000000000
88271  -41.784  -27.823  41.203 0.0000000000
89545  -41.773  -26.853  40.642 0.0000000000
89566  -42.550  -26.919  38.613 0.0000000000
88291  -42.314  -27.741  38.993 0.0000000000
88292  -43.353  -27.846  38.193 0.0000000000
87015  -43.696  -28.868  37.834 0.0000000000
88312  -43.820  -27.603  37.444 0.0000000000
90835  -43.336  -25.673  36.518 0.0000000000
89593  -44.570  -27.270  35.890 0.0000000000
89592  -43.949  -26.374  35.811 0.0000000000
89605  -44.681  -26.635  35.026 0.0000000000
89606  -45.248  -27.159  34.843 0.0000000000
90841  -44.520  -25.426  35.093 0.0000000000
93435  -44.601  -22.974  36.620 0.0000000000
93448  -44.903  -23.514  35.580 0.0000000000
61780  -33.201  -49.081  48.886 0.0000000000
65623  -32.988  -45.117  42.751 0.0000000000
63158  -33.889  -47.243  42.529 0.0000000000
64380  -34.148  -46.478  41.888 0.0000000000
64396  -34.671  -46.229  41.251 0.0000000000
65648  -35.275  -44.996  40.413 0.0000000000
66916  -36.694  -43.999  39.555 0.0000000000
69446  -36.551  -41.836  40.844 0.0000000000
53556  -31.266  -56.021  46.865 0.0000000000
53555  -30.274  -56.045  47.202 0.0000000000
52179  -31.350  -56.586  47.520 0.0000000000
50763  -32.179  -57.348  48.426 0.0000000000
38773  -15.694  -65.870  51.686 0.0000000000
24715  -10.595  -74.033  57.811 0.0000000000
24716  -10.727  -74.273  58.582 0.0000000000
20152  -10.760  -76.563  59.723 0.0000000000
21657  -10.367  -75.782  60.072 0.0000000000
62961  -41.041  -47.926  50.606 0.0000000000
64221  -40.842  -47.455  50.368 0.0000000000
64220  -40.263  -47.574  50.267 0.0000000000
50791  -36.276  -57.966  47.400 0.0000000000
50792  -37.411  -58.237  47.225 0.0000000000
46299  -18.521  -59.854  51.217 0.0000000000
44696  -17.968  -61.001  51.904 0.0000000000
44717  -17.737  -61.714  50.436 0.0000000000
43228  -17.629  -62.720  50.164 0.0000000000
43251  -19.861  -63.111  48.566 0.0000000000
43250  -19.255  -62.970  48.754 0.0000000000
41786  -19.990  -63.798  48.762 0.0000000000
40307  -19.581  -64.694  49.312 0.0000000000
43270  -22.089  -62.157  47.701 0.0000000000
43269  -20.867  -61.972  47.827 0.0000000000
41757  -22.818  -64.187  50.707 0.0000000000
40295  -22.050  -64.364  50.309 0.0000000000
40294  -21.377  -64.907  50.138 0.0000000000
57241  -43.148  -53.431  47.744 0.0000000000
58371  -39.261  -51.725  48.140 0.0000000000
58326  -38.981  -52.498  51.302 0.0000000000
58341  -39.650  -52.387  50.490 0.0000000000
59448  -37.572  -51.138  51.326 0.0000000000
59447  -36.900  -51.128  51.099 0.0000000000
59446  -36.527  -50.838  50.815 0.0000000000
53567  -24.571  -55.376  46.551 0.0000000000
52190  -25.022  -56.066  46.460 0.0000000000
54884  -24.957  -54.421  46.462 0.0000000000
56065  -26.429  -53.310  46.476 0.0000000000
54885  -25.954  -54.401  46.370 0.0000000000
56044  -29.490  -52.458  46.805 0.0000000000
56067  -28.731  -53.257  46.489 0.0000000000
56068  -29.836  -53.259  46.305 0.0000000000
54889  -30.126  -54.171  46.129 0.0000000000
56069  -30.999  -53.318  46.196 0.0000000000
56071  -32.976  -53.151  46.393 0.0000000000
54891  -32.011  -54.131  45.614 0.0000000000
54826  -34.832  -53.118  49.170 0.0000000000
54805  -34.829  -53.030  50.160 0.0000000000
54825  -34.015  -52.558  49.358 0.0000000000
54842  -34.261  -52.757  48.382 0.0000000000
56024  -33.597  -52.769  47.927 0.0000000000
53577  -34.505  -55.454  45.682 0.0000000000
53578  -35.628  -55.557  45.626 0.0000000000
53590  -35.956  -56.148  45.663 0.0000000000
53580  -37.586  -55.415  45.532 0.0000000000
52199  -38.821  -56.700  46.194 0.0000000000
54899  -40.047  -54.983  46.433 0.0000000000
54900  -40.956  -55.227  46.641 0.0000000000
53584  -41.046  -55.838  46.726 0.0000000000
56052  -43.143  -54.024  47.786 0.0000000000
54864  -23.909  -54.431  47.659 0.0000000000
54863  -23.454  -54.368  48.041 0.0000000000
53550  -23.739  -55.300  47.066 0.0000000000
68174  -42.979  -43.834  39.401 0.0000000000
72105  -43.764  -41.144  39.139 0.0000000000
70792  -44.062  -41.933  39.992 0.0000000000
73489  -43.094  -39.605  36.970 0.0000000000
73506  -43.888  -39.165  36.453 0.0000000000
79803  -42.697  -33.722  41.507 0.0000000000
78525  -42.243  -34.102  40.279 0.0000000000
79822  -42.259  -33.731  40.037 0.0000000000
81094  -42.491  -32.882  38.592 0.0000000000
81104  -43.055  -33.353  37.918 0.0000000000
79843  -43.689  -33.975  37.249 0.0000000000
79854  -44.399  -33.829  36.672 0.0000000000
84625  -41.576  -30.034  39.161 0.0000000000
84639  -42.171  -30.213  38.340 0.0000000000
83503  -45.238  -31.640  36.574 0.0000000000
82347  -44.350  -32.106  36.894 0.0000000000
81117  -45.309  -32.838  36.563 0.0000000000
81130  -45.503  -33.491  36.417 0.0000000000
82358  -46.350  -33.209  36.485 0.0000000000
81131  -46.540  -33.881  36.423 0.0000000000
81118  -47.061  -33.339  36.665 0.0000000000
81120  -48.663  -33.717  36.642 0.0000000000
88295  -46.392  -28.612  37.006 0.0000000000
88366  -47.357  -27.743  33.438 0.0000000000
89624  -47.989  -26.612  32.499 0.0000000000
88368  -49.299  -27.861  32.701 0.0000000000
88378  -49.211  -27.294  32.005 0.0000000000
92133  -47.672  -24.132  33.673 0.0000000000
92148  -47.861  -24.789  32.710 0.0000000000
92164  -48.425  -24.619  32.112 0.0000000000
34116  -12.504  -68.779  56.829 0.0000000000
32565  -11.699  -69.672  57.891 0.0000000000
32580  -11.435  -70.111  57.096 0.0000000000
31054  -12.654  -70.227  55.498 0.0000000000
31045  -13.175  -71.054  55.469 0.0000000000
27908  -11.686  -72.554  56.365 0.0000000000
29507  -11.188  -71.495  56.566 0.0000000000
27892  -10.950  -72.969  56.756 0.0000000000
26338  -11.718  -73.607  56.611 0.0000000000
23127  -12.240  -75.589  56.856 0.0000000000
59492  -42.107  -51.483  47.665 0.0000000000
60615  -40.425  -49.473  47.867 0.0000000000
60616  -41.063  -49.647  48.089 0.0000000000
60612  -37.418  -49.918  48.125 0.0000000000
63006  -37.600  -48.479  48.291 0.0000000000
61762  -38.373  -48.535  48.553 0.0000000000
61763  -39.311  -48.452  48.817 0.0000000000
61744  -38.906  -48.074  49.095 0.0000000000
61745  -39.439  -48.085  49.602 0.0000000000
62980  -38.922  -47.740  49.522 0.0000000000
64262  -38.678  -47.391  49.121 0.0000000000
64281  -38.581  -46.910  48.517 0.0000000000
63048  -31.615  -47.484  48.041 0.0000000000
63049  -32.413  -48.404  47.379 0.0000000000
64338  -31.924  -46.160  44.904 0.0000000000
64327  -31.803  -46.049  45.853 0.0000000000
63111  -32.438  -47.143  44.779 0.0000000000
63090  -34.174  -48.512  45.063 0.0000000000
63069  -33.973  -48.637  46.159 0.0000000000
63070  -35.293  -48.516  46.261 0.0000000000
63072  -37.411  -47.864  46.390 0.0000000000
64314  -39.037  -47.370  47.036 0.0000000000
63115  -38.889  -48.921  44.552 0.0000000000
61900  -36.860  -48.177  41.449 0.0000000000
61882  -37.196  -48.567  42.251 0.0000000000
61901  -37.708  -48.331  41.441 0.0000000000
63182  -39.201  -47.786  41.299 0.0000000000
61903  -39.143  -48.214  41.789 0.0000000000
63162  -40.300  -48.256  42.383 0.0000000000
64399  -41.400  -46.681  41.254 0.0000000000
64414  -41.615  -46.462  40.971 0.0000000000
65652  -41.968  -45.814  40.529 0.0000000000
66908  -43.047  -44.888  40.311 0.0000000000
69474  -40.265  -43.738  38.293 0.0000000000
68184  -40.887  -43.874  38.357 0.0000000000
70807  -41.298  -41.957  37.883 0.0000000000
70806  -40.062  -41.746  37.772 0.0000000000
68181  -37.294  -43.255  39.112 0.0000000000
72120  -38.614  -40.635  38.677 0.0000000000
73452  -39.793  -39.812  38.539 0.0000000000
73469  -40.046  -39.326  38.341 0.0000000000
75891  -38.916  -36.832  38.797 0.0000000000
52191  -25.821  -56.200  46.546 0.0000000000
50787  -26.179  -57.893  47.413 0.0000000000
52177  -26.365  -57.165  46.982 0.0000000000
52139  -27.716  -57.486  48.616 0.0000000000
50711  -27.702  -57.896  49.245 0.0000000000
50712  -27.850  -58.230  49.983 0.0000000000
52159  -29.730  -56.662  48.229 0.0000000000
53517  -29.081  -56.604  48.596 0.0000000000
52142  -29.492  -56.692  48.963 0.0000000000
49366  -34.875  -58.402  48.539 0.0000000000
35635  -14.301  -66.744  55.582 0.0000000000
37154  -15.423  -65.038  54.800 0.0000000000
34153  -14.300  -67.974  53.710 0.0000000000
32613  -14.671  -68.842  53.446 0.0000000000
32614  -15.341  -69.235  53.118 0.0000000000
41783  -17.712  -63.660  49.762 0.0000000000
40291  -17.184  -64.107  50.169 0.0000000000
38801  -17.535  -64.632  49.810 0.0000000000
37216  -17.893  -66.336  50.273 0.0000000000
94743  -48.550  -22.880  31.311 0.0000000000
20154  -8.807  -77.190  59.121 0.0000000000
21655  -9.325  -76.216  60.250 0.0000000000
21659  -8.436  -76.456  59.441 0.0000000000
46352  -24.316  -60.226  47.894 0.0000000000
46333  -24.638  -60.259  48.612 0.0000000000
47937  -24.656  -59.674  48.012 0.0000000000
49364  -25.834  -58.670  48.100 0.0000000000
54850  -43.064  -54.984  48.952 0.0000000000
52173  -22.013  -56.573  47.733 0.0000000000
46350  -22.622  -60.479  47.324 0.0000000000
47935  -23.123  -59.525  46.954 0.0000000000
54776  -39.321  -53.150  51.980 0.0000000000
77212  -40.234  -36.161  37.887 0.0000000000
77213  -40.901  -35.886  37.534 0.0000000000
77214  -41.700  -35.485  37.615 0.0000000000
78549  -42.320  -34.523  38.293 0.0000000000
90811  -41.846  -26.043  40.046 0.0000000000
90822  -42.158  -25.895  39.059 0.0000000000
90823  -42.561  -26.223  38.227 0.0000000000
90831  -42.974  -25.816  37.586 0.0000000000
92103  -43.325  -24.698  36.247 0.0000000000
92111  -44.236  -24.656  35.441 0.0000000000
93434  -43.525  -23.525  37.029 0.0000000000
61743  -33.951  -48.992  51.232 0.0000000000
61742  -32.865  -48.942  50.992 0.0000000000
65639  -34.366  -45.262  41.524 0.0000000000
66902  -34.488  -44.266  41.417 0.0000000000
66903  -34.879  -43.859  40.977 0.0000000000
66904  -35.853  -43.362  40.552 0.0000000000
66905  -35.938  -42.726  40.999 0.0000000000
52180  -32.236  -56.616  46.947 0.0000000000
50764  -33.265  -57.398  48.119 0.0000000000
40281  -16.447  -64.030  50.905 0.0000000000
89643  -49.852  -26.094  31.270 0.0000000000
90891  -50.059  -25.634  30.992 0.0000000000
21670  -11.287  -76.092  58.383 0.0000000000
23108  -10.952  -75.259  59.102 0.0000000000
20156  -10.249  -77.433  59.533 0.0000000000
61723  -41.647  -48.535  51.110 0.0000000000
50804  -38.152  -57.712  46.384 0.0000000000
50793  -38.503  -58.207  47.422 0.0000000000
50770  -38.883  -58.696  48.621 0.0000000000
44742  -18.464  -60.899  49.370 0.0000000000
44741  -18.286  -61.581  49.356 0.0000000000
43254  -23.250  -62.322  49.055 0.0000000000
43229  -22.866  -63.105  49.464 0.0000000000
41772  -23.068  -63.493  50.237 0.0000000000
57239  -41.176  -52.718  47.376 0.0000000000
54865  -24.557  -54.061  47.168 0.0000000000
56063  -24.907  -53.779  46.763 0.0000000000
56042  -26.994  -52.197  47.002 0.0000000000
57224  -29.503  -51.858  48.417 0.0000000000
57225  -30.522  -51.943  48.581 0.0000000000
56046  -31.588  -52.413  46.962 0.0000000000
53518  -35.867  -53.512  49.734 0.0000000000
54827  -35.370  -53.520  49.232 0.0000000000
54870  -35.775  -53.897  47.000 0.0000000000
54895  -36.212  -54.441  46.127 0.0000000000
54896  -37.233  -54.396  46.156 0.0000000000
54897  -38.231  -54.604  46.282 0.0000000000
69447  -43.186  -42.799  39.204 0.0000000000
70809  -43.077  -41.844  38.766 0.0000000000
72124  -43.153  -41.041  38.658 0.0000000000
73453  -43.803  -40.203  38.610 0.0000000000
74750  -43.699  -38.275  35.998 0.0000000000
74751  -44.710  -38.602  36.066 0.0000000000
82311  -42.679  -32.582  41.534 0.0000000000
81078  -42.039  -32.979  40.139 0.0000000000
82323  -42.060  -32.346  39.196 0.0000000000
85829  -42.944  -29.492  38.061 0.0000000000
84640  -43.229  -30.376  37.721 0.0000000000
84641  -44.365  -30.496  37.208 0.0000000000
82334  -46.529  -31.894  36.690 0.0000000000
82350  -47.477  -32.880  36.799 0.0000000000
82335  -47.556  -32.229  36.854 0.0000000000
82336  -48.498  -32.273  37.163 0.0000000000
90851  -46.181  -25.746  34.047 0.0000000000
89622  -46.980  -27.198  33.393 0.0000000000
90852  -46.917  -25.544  33.753 0.0000000000
90862  -47.299  -25.786  33.426 0.0000000000
89631  -48.613  -26.648  31.922 0.0000000000
90863  -47.639  -25.521  33.047 0.0000000000
34131  -12.581  -68.612  56.041 0.0000000000
32591  -12.168  -69.342  55.927 0.0000000000
59490  -40.608  -50.431  47.502 0.0000000000
60625  -40.094  -50.065  47.534 0.0000000000
60624  -39.556  -49.890  47.611 0.0000000000
64294  -37.157  -47.475  47.382 0.0000000000
63112  -32.987  -47.593  44.162 0.0000000000
63113  -33.778  -48.314  43.883 0.0000000000
61819  -34.341  -48.556  44.351 0.0000000000
63093  -37.605  -48.519  45.462 0.0000000000
63114  -38.109  -48.788  44.795 0.0000000000
61839  -38.122  -48.711  44.050 0.0000000000
61860  -38.673  -48.608  43.383 0.0000000000
63194  -37.453  -46.824  40.160 0.0000000000
63195  -38.090  -47.022  40.415 0.0000000000
63196  -39.018  -47.277  40.448 0.0000000000
63197  -39.938  -47.288  40.771 0.0000000000
63198  -40.465  -47.216  41.177 0.0000000000
66906  -41.250  -45.022  39.312 0.0000000000
66926  -39.969  -44.458  38.360 0.0000000000
69473  -39.801  -43.495  38.258 0.0000000000
70803  -36.760  -41.058  39.725 0.0000000000
73450  -37.446  -39.252  39.845 0.0000000000
74710  -38.228  -38.139  39.123 0.0000000000
53551  -26.963  -56.154  47.023 0.0000000000
53533  -27.411  -56.383  47.302 0.0000000000
52157  -28.053  -57.002  48.151 0.0000000000
52158  -28.450  -57.004  48.388 0.0000000000
37183  -15.207  -66.685  52.388 0.0000000000
37170  -14.987  -66.315  52.887 0.0000000000
35682  -14.989  -66.938  52.498 0.0000000000
34164  -15.082  -67.608  52.428 0.0000000000
34155  -15.567  -68.900  52.665 0.0000000000
38803  -18.801  -65.052  49.400 0.0000000000
38788  -18.537  -65.612  49.676 0.0000000000
37218  -19.228  -66.041  50.050 0.0000000000
59449  -42.120  -49.746  50.301 0.0000000000
43206  -24.495  -62.836  51.308 0.0000000000
46314  -25.100  -60.468  49.465 0.0000000000
46301  -25.691  -60.480  49.896 0.0000000000
52184  -41.051  -56.902  47.466 0.0000000000
52164  -40.844  -57.419  48.033 0.0000000000
49336  -21.018  -56.871  49.690 0.0000000000
50759  -21.535  -56.731  48.082 0.0000000000
50735  -21.151  -56.896  48.456 0.0000000000
49335  -20.663  -57.329  48.719 0.0000000000
44767  -20.502  -60.930  47.732 0.0000000000
44785  -21.175  -60.918  47.538 0.0000000000
44768  -22.705  -61.430  47.829 0.0000000000
43271  -22.739  -61.988  48.395 0.0000000000
57175  -39.995  -52.606  51.360 0.0000000000
54831  -38.588  -53.892  49.541 0.0000000000
73487  -41.472  -38.804  37.297 0.0000000000
73488  -42.063  -39.021  36.877 0.0000000000
73504  -42.475  -38.541  36.421 0.0000000000
75917  -41.649  -36.739  36.531 0.0000000000
75918  -42.278  -37.091  36.137 0.0000000000
74749  -42.753  -38.092  35.977 0.0000000000
75919  -43.358  -37.192  36.002 0.0000000000
77226  -43.999  -36.134  36.228 0.0000000000
78558  -44.812  -35.151  36.372 0.0000000000
85802  -41.556  -29.541  40.852 0.0000000000
86994  -41.597  -28.677  40.593 0.0000000000
87003  -41.930  -28.540  39.416 0.0000000000
87016  -44.610  -29.181  37.443 0.0000000000
87017  -45.158  -29.296  37.404 0.0000000000
87005  -45.669  -29.264  37.474 0.0000000000
88280  -44.944  -28.773  37.293 0.0000000000
88294  -45.501  -28.537  37.101 0.0000000000
89569  -45.438  -28.294  36.833 0.0000000000
89584  -44.703  -27.708  36.508 0.0000000000
89595  -45.681  -27.902  36.291 0.0000000000
89614  -45.584  -26.724  34.360 0.0000000000
90850  -45.518  -25.556  34.398 0.0000000000
90842  -45.155  -25.081  34.729 0.0000000000
92130  -46.003  -25.093  34.188 0.0000000000
92113  -45.904  -24.372  34.588 0.0000000000
59462  -37.083  -50.788  49.650 0.0000000000
61759  -35.278  -49.503  49.040 0.0000000000
65603  -32.716  -45.082  43.649 0.0000000000
64357  -32.796  -46.351  43.287 0.0000000000
63134  -33.370  -47.420  43.151 0.0000000000
61880  -35.272  -48.332  42.329 0.0000000000
63160  -35.355  -47.713  41.570 0.0000000000
63179  -36.194  -47.658  41.081 0.0000000000
65640  -34.783  -45.619  40.874 0.0000000000
64397  -35.503  -46.563  40.679 0.0000000000
64398  -36.381  -47.064  40.472 0.0000000000
64409  -36.772  -46.321  39.734 0.0000000000
64424  -37.334  -45.659  39.372 0.0000000000
65661  -37.790  -45.149  39.136 0.0000000000
66917  -37.551  -44.279  39.010 0.0000000000
69458  -37.025  -42.213  39.521 0.0000000000
68171  -36.325  -42.759  40.436 0.0000000000
69457  -36.529  -42.435  40.196 0.0000000000
73434  -36.805  -39.421  40.811 0.0000000000
53554  -29.314  -55.523  47.003 0.0000000000
52160  -30.368  -56.705  48.115 0.0000000000
52162  -31.843  -57.013  47.927 0.0000000000
52161  -31.154  -57.020  48.542 0.0000000000
37185  -15.671  -65.336  53.009 0.0000000000
37184  -15.422  -66.263  52.206 0.0000000000
35699  -16.973  -67.858  51.111 0.0000000000
37205  -21.891  -66.240  51.290 0.0000000000
23101  -10.188  -74.489  60.541 0.0000000000
21652  -10.086  -75.107  60.437 0.0000000000
83464  -43.523  -31.990  42.509 0.0000000000
83452  -42.986  -31.479  42.419 0.0000000000
84603  -42.565  -30.730  42.474 0.0000000000
64244  -40.857  -47.131  49.903 0.0000000000
52183  -34.749  -57.049  46.648 0.0000000000
50790  -35.221  -57.615  47.171 0.0000000000
50767  -35.983  -58.348  48.226 0.0000000000
50771  -40.368  -58.057  48.536 0.0000000000
43205  -17.641  -61.741  52.174 0.0000000000
43204  -17.406  -62.156  51.259 0.0000000000
41756  -17.061  -62.669  51.796 0.0000000000
43203  -17.459  -62.932  50.548 0.0000000000
43227  -17.566  -63.074  50.226 0.0000000000
43249  -18.311  -62.551  49.344 0.0000000000
40306  -18.469  -64.336  49.338 0.0000000000
40292  -19.879  -65.142  49.790 0.0000000000
38791  -20.728  -65.409  50.301 0.0000000000
41801  -20.784  -62.863  48.331 0.0000000000
41788  -22.065  -63.181  49.118 0.0000000000
41787  -21.247  -63.726  48.961 0.0000000000
40309  -21.292  -64.404  49.509 0.0000000000
38777  -21.337  -65.730  50.713 0.0000000000
93506  -48.436  -23.152  32.452 0.0000000000
57229  -43.623  -53.006  48.395 0.0000000000
58374  -43.591  -52.052  48.504 0.0000000000
58380  -41.373  -51.875  47.318 0.0000000000
58378  -39.938  -51.135  47.545 0.0000000000
58370  -38.662  -51.442  48.250 0.0000000000
58357  -39.920  -52.524  49.723 0.0000000000
58354  -37.634  -51.288  49.744 0.0000000000
59461  -36.561  -50.728  50.415 0.0000000000
60582  -36.130  -50.585  50.985 0.0000000000
60581  -35.181  -49.947  51.317 0.0000000000
53569  -26.421  -55.445  46.420 0.0000000000
53570  -27.350  -55.346  46.469 0.0000000000
54866  -28.715  -54.943  46.567 0.0000000000
56020  -27.202  -52.188  48.046 0.0000000000
57234  -27.504  -52.129  47.622 0.0000000000
56043  -27.713  -52.591  46.871 0.0000000000
57236  -29.053  -52.012  47.471 0.0000000000
57254  -28.164  -52.762  46.822 0.0000000000
53572  -29.665  -54.810  46.442 0.0000000000
53574  -31.142  -55.260  46.188 0.0000000000
56077  -31.546  -53.644  45.804 0.0000000000
54906  -31.571  -54.014  45.709 0.0000000000
52194  -33.790  -56.341  46.054 0.0000000000
56007  -32.798  -52.742  49.131 0.0000000000
56023  -32.887  -52.976  48.117 0.0000000000
56048  -33.232  -52.818  47.360 0.0000000000
52196  -35.648  -56.717  46.131 0.0000000000
52197  -36.592  -56.910  45.848 0.0000000000
53592  -36.924  -55.717  44.971 0.0000000000
52208  -36.830  -56.336  45.150 0.0000000000
53582  -39.471  -55.810  46.277 0.0000000000
52201  -40.535  -56.759  46.820 0.0000000000
53558  -41.000  -56.295  46.851 0.0000000000
53559  -41.584  -55.920  47.284 0.0000000000
56027  -42.921  -54.445  48.067 0.0000000000
56028  -43.501  -54.010  48.388 0.0000000000
53531  -23.027  -54.515  48.840 0.0000000000
69448  -43.784  -42.819  39.677 0.0000000000
73472  -43.312  -40.085  37.917 0.0000000000
73473  -44.292  -39.763  38.078 0.0000000000
73507  -44.703  -39.303  36.601 0.0000000000
78524  -42.075  -34.397  40.109 0.0000000000
78541  -42.069  -34.312  39.227 0.0000000000
78550  -43.093  -34.634  37.575 0.0000000000
78551  -43.911  -34.642  36.802 0.0000000000
84614  -41.550  -30.317  40.189 0.0000000000
82330  -42.059  -31.695  38.726 0.0000000000
82331  -42.747  -32.045  37.793 0.0000000000
83487  -43.581  -31.222  37.547 0.0000000000
82346  -43.681  -32.223  37.415 0.0000000000
81116  -44.356  -33.019  36.870 0.0000000000
79855  -44.923  -34.156  36.352 0.0000000000
79857  -46.982  -34.695  36.046 0.0000000000
81119  -47.822  -33.444  36.698 0.0000000000
90875  -48.626  -25.789  31.853 0.0000000000
93493  -48.433  -23.260  32.932 0.0000000000
93479  -48.521  -22.729  33.807 0.0000000000
32543  -11.908  -69.396  58.789 0.0000000000
31031  -11.268  -70.414  58.161 0.0000000000
29497  -10.806  -71.464  57.684 0.0000000000
31053  -11.990  -70.116  55.926 0.0000000000
29509  -13.139  -71.756  55.812 0.0000000000
31043  -11.588  -70.613  56.338 0.0000000000
27891  -10.668  -72.631  57.547 0.0000000000
26337  -10.923  -73.530  57.348 0.0000000000
24742  -11.441  -75.067  57.057 0.0000000000
21679  -11.296  -75.873  57.783 0.0000000000
59480  -41.584  -50.068  48.134 0.0000000000
59465  -42.362  -50.412  48.896 0.0000000000
60585  -41.287  -49.199  49.772 0.0000000000
60613  -38.089  -49.841  47.901 0.0000000000
61783  -38.242  -49.112  48.167 0.0000000000
60601  -39.625  -48.682  48.587 0.0000000000
60584  -40.719  -48.701  49.891 0.0000000000
61746  -40.167  -48.304  49.723 0.0000000000
61734  -39.910  -48.038  50.127 0.0000000000
64241  -38.947  -47.500  49.871 0.0000000000
64242  -39.428  -47.339  50.021 0.0000000000
64264  -40.143  -46.968  49.247 0.0000000000
61779  -32.319  -48.428  49.162 0.0000000000
63029  -31.533  -47.116  48.859 0.0000000000
61797  -32.014  -47.814  48.731 0.0000000000
61799  -33.132  -48.881  47.972 0.0000000000
63052  -36.252  -48.068  47.048 0.0000000000
64312  -37.368  -47.337  47.012 0.0000000000
64295  -37.914  -47.068  47.690 0.0000000000
64296  -38.742  -46.873  47.756 0.0000000000
64297  -39.657  -46.965  47.659 0.0000000000
64283  -40.305  -46.956  48.381 0.0000000000
61823  -39.884  -48.355  46.168 0.0000000000
61902  -38.622  -48.307  41.649 0.0000000000
61884  -39.193  -48.494  42.412 0.0000000000
68186  -42.401  -43.825  39.040 0.0000000000
66921  -41.433  -44.732  39.138 0.0000000000
68185  -41.772  -44.108  38.844 0.0000000000
69460  -39.222  -42.808  38.184 0.0000000000
70805  -38.881  -41.558  38.334 0.0000000000
72138  -40.661  -40.033  38.274 0.0000000000
75892  -39.714  -37.074  37.894 0.0000000000
77174  -40.512  -35.009  39.690 0.0000000000
50786  -25.559  -58.103  47.241 0.0000000000
50760  -26.073  -58.225  47.631 0.0000000000
49365  -26.375  -58.506  48.372 0.0000000000
49338  -26.735  -58.439  48.760 0.0000000000
49313  -27.241  -58.538  49.540 0.0000000000
53516  -28.917  -56.618  48.355 0.0000000000
52141  -28.726  -56.923  48.830 0.0000000000
52119  -29.537  -57.396  49.968 0.0000000000
52117  -28.291  -57.664  49.599 0.0000000000
50692  -28.305  -58.147  50.643 0.0000000000
50765  -34.348  -58.014  48.345 0.0000000000
34133  -13.772  -67.944  55.046 0.0000000000
35651  -14.524  -66.721  53.836 0.0000000000
35650  -14.327  -66.972  54.304 0.0000000000
32605  -15.728  -70.016  53.284 0.0000000000
37187  -20.710  -67.273  51.591 0.0000000000
37186  -19.921  -67.623  51.331 0.0000000000
35685  -17.949  -68.318  51.442 0.0000000000
34166  -17.252  -68.772  51.494 0.0000000000
92190  -49.484  -24.203  30.604 0.0000000000
18573  -9.985  -78.015  59.353 0.0000000000
20168  -9.151  -77.853  58.896 0.0000000000
20155  -9.528  -77.561  59.351 0.0000000000
20150  -9.759  -76.782  59.811 0.0000000000
21656  -9.908  -76.118  60.226 0.0000000000
21650  -9.446  -75.572  60.558 0.0000000000
21658  -8.115  -75.897  58.987 0.0000000000
21654  -8.620  -76.017  60.184 0.0000000000
23126  -11.452  -75.480  57.257 0.0000000000
23134  -11.575  -75.269  56.994 0.0000000000
23135  -11.768  -75.414  56.922 0.0000000000
24727  -10.845  -73.884  57.572 0.0000000000
24743  -11.679  -75.069  56.785 0.0000000000
26325  -10.662  -73.733  57.785 0.0000000000
26336  -10.730  -73.572  57.648 0.0000000000
32564  -11.405  -70.227  57.574 0.0000000000
34087  -12.098  -69.012  58.464 0.0000000000
34179  -16.335  -68.060  51.448 0.0000000000
35684  -17.406  -68.314  51.324 0.0000000000
37152  -14.557  -66.427  54.277 0.0000000000
40293  -20.384  -65.005  49.883 0.0000000000
40305  -17.735  -64.087  49.678 0.0000000000
41768  -17.498  -63.448  50.080 0.0000000000
41769  -17.630  -63.176  50.000 0.0000000000
43266  -18.391  -62.023  48.983 0.0000000000
43282  -21.444  -61.555  47.588 0.0000000000
44764  -18.512  -61.780  48.875 0.0000000000
47894  -25.798  -60.296  49.698 0.0000000000
47908  -26.608  -58.941  49.236 0.0000000000
49363  -25.309  -58.924  47.990 0.0000000000
50758  -21.235  -57.266  47.896 0.0000000000
50762  -31.645  -57.218  48.510 0.0000000000
50806  -40.086  -57.372  46.941 0.0000000000
52140  -28.213  -57.365  48.748 0.0000000000
52209  -37.300  -56.067  45.025 0.0000000000
53537  -29.890  -56.541  47.864 0.0000000000
53571  -27.934  -55.405  46.555 0.0000000000
53591  -36.371  -55.875  45.392 0.0000000000
54839  -23.283  -54.416  48.304 0.0000000000
54905  -31.363  -53.923  45.779 0.0000000000
56076  -31.212  -53.749  45.871 0.0000000000
59478  -38.953  -51.127  47.821 0.0000000000
61778  -31.865  -47.752  49.275 0.0000000000
63028  -31.475  -47.108  48.638 0.0000000000
63161  -39.567  -48.112  41.869 0.0000000000
64427  -39.186  -46.228  39.647 0.0000000000
65664  -40.340  -45.570  39.294 0.0000000000
66927  -40.160  -44.662  38.430 0.0000000000
68173  -42.293  -44.174  39.186 0.0000000000
68193  -39.850  -44.103  38.344 0.0000000000
68194  -40.321  -44.294  38.395 0.0000000000
69445  -36.460  -42.417  40.634 0.0000000000
70790  -43.001  -42.362  38.850 0.0000000000
72104  -36.553  -40.050  40.903 0.0000000000
72125  -43.922  -40.674  39.027 0.0000000000
73449  -36.879  -39.707  40.369 0.0000000000
73468  -39.518  -39.069  38.488 0.0000000000
74727  -41.166  -38.663  37.437 0.0000000000
74739  -42.024  -38.133  36.375 0.0000000000
75906  -41.113  -37.033  36.917 0.0000000000
77195  -39.274  -35.890  39.097 0.0000000000
79858  -48.339  -34.673  36.270 0.0000000000
81129  -44.796  -33.612  36.530 0.0000000000
81133  -48.066  -33.956  36.560 0.0000000000
82309  -41.695  -31.889  40.285 0.0000000000
82332  -43.830  -31.803  37.368 0.0000000000
82333  -46.050  -31.749  36.621 0.0000000000
82348  -45.533  -32.139  36.613 0.0000000000
82357  -45.882  -32.812  36.485 0.0000000000
83474  -41.701  -30.989  39.191 0.0000000000
83502  -44.903  -31.793  36.615 0.0000000000
84602  -41.790  -30.410  41.465 0.0000000000
85785  -41.726  -29.395  41.398 0.0000000000
85786  -41.777  -29.547  41.498 0.0000000000
85801  -41.617  -29.330  41.190 0.0000000000
85814  -45.701  -29.542  37.413 0.0000000000
85815  -46.115  -29.663  37.367 0.0000000000
86993  -41.600  -29.088  41.135 0.0000000000
87004  -45.039  -28.984  37.378 0.0000000000
88281  -45.299  -28.828  37.332 0.0000000000
88314  -45.827  -28.354  36.822 0.0000000000
88333  -45.142  -27.530  35.818 0.0000000000
89568  -44.976  -28.191  36.844 0.0000000000
89585  -45.503  -28.069  36.539 0.0000000000
89586  -45.886  -28.023  36.365 0.0000000000
89594  -45.268  -27.729  36.185 0.0000000000
89616  -47.069  -26.174  33.500 0.0000000000
90830  -42.400  -25.516  38.314 0.0000000000
90840  -43.806  -25.482  35.662 0.0000000000
90849  -44.886  -25.775  34.639 0.0000000000
92132  -47.217  -24.514  34.052 0.0000000000
93520  -48.856  -23.641  30.934 0.0000000000
