#!ascii label  , from subject 3059 vox2ras=TkReg
1126
55667  38.046  -52.067  45.206 0.0000000000
81873  45.429  -31.306  37.933 0.0000000000
66683  37.393  -43.486  41.401 0.0000000000
44581  11.972  -60.665  49.257 0.0000000000
55583  28.471  -50.933  50.435 0.0000000000
74189  36.690  -37.835  42.146 0.0000000000
53052  18.714  -54.248  48.735 0.0000000000
44601  16.814  -60.660  48.186 0.0000000000
54408  23.375  -52.967  46.467 0.0000000000
84252  50.030  -30.528  38.326 0.0000000000
59337  37.692  -49.815  49.476 0.0000000000
61759  36.470  -47.775  47.253 0.0000000000
56888  41.770  -51.048  47.123 0.0000000000
87813  45.773  -26.568  38.638 0.0000000000
86665  49.618  -27.433  35.122 0.0000000000
81847  41.373  -30.784  40.904 0.0000000000
78215  44.703  -34.979  40.810 0.0000000000
75520  40.376  -36.438  40.164 0.0000000000
70408  42.138  -41.393  40.957 0.0000000000
51663  33.727  -56.149  46.897 0.0000000000
34160  12.120  -67.018  49.569 0.0000000000
32676  7.463  -68.755  49.037 0.0000000000
29515  4.838  -70.109  52.021 0.0000000000
56921  32.727  -51.095  46.334 0.0000000000
54381  28.814  -53.962  46.556 0.0000000000
64134  32.256  -45.016  45.585 0.0000000000
65353  38.648  -45.414  46.442 0.0000000000
90177  52.054  -24.395  34.992 0.0000000000
81871  47.911  -31.691  37.652 0.0000000000
79526  47.808  -33.489  38.470 0.0000000000
56914  38.861  -50.863  46.219 0.0000000000
59370  40.018  -49.919  46.379 0.0000000000
54395  40.405  -52.826  46.436 0.0000000000
83009  44.774  -29.452  39.584 0.0000000000
85440  45.765  -28.143  40.871 0.0000000000
84267  46.189  -29.074  38.412 0.0000000000
84280  47.641  -29.281  37.389 0.0000000000
22759  5.645  -74.352  49.713 0.0000000000
79485  40.346  -32.797  40.389 0.0000000000
78204  38.229  -33.656  42.650 0.0000000000
70419  36.091  -40.445  41.163 0.0000000000
71728  38.445  -39.533  40.029 0.0000000000
67879  39.405  -42.303  40.673 0.0000000000
66656  40.601  -44.267  42.848 0.0000000000
44579  14.193  -60.451  48.710 0.0000000000
41688  16.123  -62.842  50.286 0.0000000000
40261  14.031  -63.893  49.080 0.0000000000
35632  13.399  -66.281  50.779 0.0000000000
38745  11.729  -64.584  48.587 0.0000000000
35636  7.914  -65.705  50.350 0.0000000000
31183  6.029  -68.921  50.574 0.0000000000
56878  30.261  -51.048  48.494 0.0000000000
56948  30.399  -51.872  45.787 0.0000000000
56925  28.373  -51.457  46.641 0.0000000000
51647  22.058  -55.998  47.367 0.0000000000
51644  24.989  -55.892  47.861 0.0000000000
62909  39.729  -46.683  48.368 0.0000000000
64112  37.034  -46.305  46.911 0.0000000000
76827  37.808  -35.417  43.871 0.0000000000
71703  36.215  -38.663  43.929 0.0000000000
67862  34.343  -41.369  42.690 0.0000000000
50210  19.367  -56.660  47.074 0.0000000000
47326  19.326  -59.404  49.072 0.0000000000
48724  16.836  -57.008  48.197 0.0000000000
47327  15.412  -57.422  49.623 0.0000000000
45950  13.092  -58.652  51.311 0.0000000000
56882  25.609  -50.730  48.097 0.0000000000
55587  22.874  -51.846  49.485 0.0000000000
54370  20.703  -53.277  48.162 0.0000000000
60514  35.405  -49.034  51.494 0.0000000000
61731  33.673  -48.152  49.681 0.0000000000
60552  37.037  -49.123  48.490 0.0000000000
60565  40.480  -48.523  46.816 0.0000000000
89006  49.136  -25.298  36.167 0.0000000000
87825  47.431  -26.476  36.621 0.0000000000
85477  49.705  -29.325  37.032 0.0000000000
81877  42.596  -31.356  38.754 0.0000000000
79512  44.693  -34.005  38.291 0.0000000000
78249  41.984  -33.582  38.899 0.0000000000
76850  42.979  -35.764  41.005 0.0000000000
74200  43.557  -37.659  41.037 0.0000000000
75522  38.312  -36.338  40.741 0.0000000000
73000  40.728  -38.451  39.594 0.0000000000
53087  35.695  -54.526  45.787 0.0000000000
53060  39.270  -54.818  46.676 0.0000000000
81829  43.905  -29.585  41.720 0.0000000000
41690  9.756  -62.319  50.702 0.0000000000
38747  9.223  -64.660  49.537 0.0000000000
34176  9.758  -68.018  48.712 0.0000000000
29548  9.943  -70.420  49.887 0.0000000000
27918  7.732  -71.282  48.920 0.0000000000
27904  5.771  -71.747  49.300 0.0000000000
27870  4.318  -71.598  50.708 0.0000000000
26107  3.908  -71.185  51.568 0.0000000000
56963  35.053  -51.640  44.976 0.0000000000
53114  33.058  -53.737  45.377 0.0000000000
53062  31.747  -55.270  46.094 0.0000000000
54384  26.079  -53.734  46.466 0.0000000000
65391  34.059  -44.053  42.845 0.0000000000
62922  33.596  -47.480  47.063 0.0000000000
62944  34.990  -46.718  44.800 0.0000000000
65388  37.300  -45.300  42.890 0.0000000000
53041  41.379  -54.223  47.952 0.0000000000
90205  52.175  -24.832  32.924 0.0000000000
89026  50.747  -25.766  34.696 0.0000000000
87865  52.877  -26.836  32.821 0.0000000000
81872  46.643  -31.426  37.734 0.0000000000
80726  48.349  -32.614  38.169 0.0000000000
80728  46.013  -32.506  37.684 0.0000000000
56940  38.076  -51.252  45.642 0.0000000000
55641  39.639  -51.894  45.728 0.0000000000
54421  38.821  -52.735  45.446 0.0000000000
83024  44.762  -30.384  38.597 0.0000000000
83023  45.774  -29.841  38.389 0.0000000000
83022  47.315  -30.540  37.655 0.0000000000
22761  3.848  -73.976  49.373 0.0000000000
79474  39.370  -32.547  42.610 0.0000000000
79461  39.223  -32.851  44.173 0.0000000000
69089  37.068  -42.020  40.542 0.0000000000
69088  38.026  -42.055  40.468 0.0000000000
67880  38.734  -42.637  40.723 0.0000000000
66667  40.167  -43.697  42.092 0.0000000000
66668  39.021  -43.872  42.095 0.0000000000
44580  12.817  -60.190  48.886 0.0000000000
43129  13.767  -61.473  48.425 0.0000000000
41707  13.280  -62.646  48.382 0.0000000000
40262  12.583  -63.673  48.514 0.0000000000
41708  11.974  -62.511  48.662 0.0000000000
56860  29.476  -51.068  49.329 0.0000000000
56900  29.639  -50.778  47.142 0.0000000000
56880  27.817  -50.534  48.334 0.0000000000
50171  21.387  -57.527  49.049 0.0000000000
62883  32.161  -46.708  50.932 0.0000000000
62894  39.693  -46.452  49.237 0.0000000000
70400  35.398  -40.489  43.146 0.0000000000
69058  34.356  -40.358  44.578 0.0000000000
51648  18.859  -54.765  47.809 0.0000000000
50211  18.298  -56.397  47.337 0.0000000000
51650  17.598  -55.401  48.688 0.0000000000
50146  15.737  -55.938  50.100 0.0000000000
47295  15.039  -57.108  51.152 0.0000000000
45949  13.778  -57.966  50.720 0.0000000000
55567  24.809  -50.909  51.096 0.0000000000
53012  20.111  -52.524  50.304 0.0000000000
53033  21.093  -52.781  49.161 0.0000000000
53051  19.568  -54.140  48.173 0.0000000000
53074  20.069  -54.593  47.536 0.0000000000
60540  36.135  -49.044  49.563 0.0000000000
59348  37.603  -49.549  48.806 0.0000000000
58145  41.112  -50.662  46.306 0.0000000000
59359  40.160  -49.364  46.628 0.0000000000
59358  41.370  -49.580  46.720 0.0000000000
60564  41.684  -48.437  47.284 0.0000000000
58115  42.799  -50.340  47.852 0.0000000000
86633  45.742  -27.241  40.401 0.0000000000
88999  47.269  -25.777  37.152 0.0000000000
87818  46.767  -26.629  37.258 0.0000000000
84264  49.532  -30.063  37.604 0.0000000000
84278  49.057  -29.252  37.241 0.0000000000
85464  50.303  -29.753  37.604 0.0000000000
80701  41.707  -31.262  39.708 0.0000000000
79514  42.783  -32.940  38.660 0.0000000000
80714  41.541  -32.339  39.416 0.0000000000
76852  40.299  -35.241  40.270 0.0000000000
78218  41.058  -34.464  39.968 0.0000000000
76851  41.792  -35.586  40.330 0.0000000000
75507  42.323  -36.461  40.671 0.0000000000
75519  41.491  -36.782  40.304 0.0000000000
75477  37.321  -36.616  43.060 0.0000000000
76841  37.434  -35.674  42.354 0.0000000000
75510  37.501  -37.090  41.632 0.0000000000
70426  40.282  -40.476  40.092 0.0000000000
71726  40.378  -39.423  39.707 0.0000000000
70425  40.911  -40.048  40.018 0.0000000000
71713  42.701  -39.668  40.890 0.0000000000
51687  35.273  -55.250  46.319 0.0000000000
51660  36.837  -55.948  46.631 0.0000000000
81831  41.694  -30.253  41.735 0.0000000000
81830  42.799  -29.858  41.711 0.0000000000
82997  42.949  -30.082  39.778 0.0000000000
45967  18.641  -59.939  48.482 0.0000000000
44558  17.991  -61.007  49.690 0.0000000000
34159  12.475  -66.810  49.854 0.0000000000
35599  12.309  -66.909  52.052 0.0000000000
34130  12.099  -67.657  51.444 0.0000000000
34148  11.767  -68.273  50.621 0.0000000000
40204  9.461  -62.631  52.236 0.0000000000
38730  9.187  -63.790  50.024 0.0000000000
38713  8.868  -64.055  51.001 0.0000000000
35649  7.322  -67.085  49.813 0.0000000000
34163  8.586  -67.359  48.872 0.0000000000
32675  8.501  -68.399  48.759 0.0000000000
31209  9.812  -69.642  49.085 0.0000000000
31210  8.513  -69.516  48.670 0.0000000000
27901  8.757  -71.055  48.920 0.0000000000
31211  7.326  -69.739  48.774 0.0000000000
29532  5.294  -69.720  50.765 0.0000000000
29549  5.345  -70.063  49.934 0.0000000000
29550  5.054  -70.667  50.269 0.0000000000
27888  4.796  -71.661  50.046 0.0000000000
27869  4.518  -71.151  50.990 0.0000000000
55645  34.221  -50.940  47.175 0.0000000000
56895  35.613  -51.440  46.909 0.0000000000
56944  34.488  -51.475  45.357 0.0000000000
54425  34.497  -52.896  44.965 0.0000000000
55672  32.845  -52.145  45.024 0.0000000000
55648  29.591  -52.680  45.983 0.0000000000
54401  30.548  -53.719  45.750 0.0000000000
53093  29.760  -54.273  46.321 0.0000000000
55607  23.972  -51.188  47.774 0.0000000000
56904  25.325  -51.198  47.304 0.0000000000
55653  24.656  -52.664  46.410 0.0000000000
51642  26.231  -55.611  48.004 0.0000000000
78246  45.197  -34.540  39.004 0.0000000000
78245  46.327  -34.573  39.375 0.0000000000
78229  46.428  -34.826  40.429 0.0000000000
65340  31.770  -43.605  45.961 0.0000000000
66659  33.305  -43.201  43.804 0.0000000000
64146  33.244  -44.998  43.924 0.0000000000
60570  34.811  -48.234  48.183 0.0000000000
61761  34.052  -48.031  48.018 0.0000000000
61760  35.336  -48.025  47.430 0.0000000000
64119  37.741  -45.716  46.816 0.0000000000
64121  36.186  -46.530  45.828 0.0000000000
64130  36.867  -45.973  45.398 0.0000000000
64159  36.340  -45.662  43.496 0.0000000000
64142  37.719  -45.852  44.714 0.0000000000
65368  39.173  -45.722  43.921 0.0000000000
51656  40.343  -54.982  47.144 0.0000000000
90190  52.085  -24.603  34.047 0.0000000000
87846  49.102  -26.206  35.520 0.0000000000
89016  50.283  -25.516  35.300 0.0000000000
86681  49.976  -26.761  34.692 0.0000000000
85526  52.858  -27.967  33.735 0.0000000000
86690  54.475  -27.948  33.463 0.0000000000
53014  18.391  -53.534  50.395 0.0000000000
51625  17.383  -55.007  49.810 0.0000000000
83021  48.588  -30.837  37.715 0.0000000000
83007  50.271  -31.008  38.675 0.0000000000
81870  48.978  -31.801  37.990 0.0000000000
58117  38.251  -50.342  48.510 0.0000000000
59347  38.225  -49.799  48.321 0.0000000000
58147  39.468  -50.249  46.183 0.0000000000
56913  40.036  -51.138  45.828 0.0000000000
55615  41.147  -52.420  47.025 0.0000000000
84236  46.084  -28.427  41.646 0.0000000000
83008  45.170  -28.896  39.915 0.0000000000
84253  45.562  -28.658  39.096 0.0000000000
85466  46.281  -28.390  38.200 0.0000000000
85480  46.666  -28.098  37.583 0.0000000000
84266  46.853  -29.336  37.683 0.0000000000
84265  48.062  -29.919  37.416 0.0000000000
22758  6.384  -74.454  50.035 0.0000000000
81833  40.207  -31.337  42.286 0.0000000000
80690  40.470  -31.787  40.975 0.0000000000
80691  39.885  -31.863  41.856 0.0000000000
78220  38.855  -33.377  41.817 0.0000000000
76853  38.577  -34.763  41.354 0.0000000000
71716  36.232  -39.513  41.527 0.0000000000
73003  37.688  -38.697  40.619 0.0000000000
71729  37.547  -39.707  40.278 0.0000000000
69096  39.132  -41.200  39.924 0.0000000000
69079  41.375  -41.924  41.254 0.0000000000
67861  41.817  -43.237  41.857 0.0000000000
66655  41.896  -43.991  43.078 0.0000000000
50185  33.273  -56.825  47.689 0.0000000000
44602  15.924  -60.467  48.229 0.0000000000
43126  16.994  -61.353  48.550 0.0000000000
43128  15.065  -61.502  48.529 0.0000000000
40260  15.197  -63.367  49.531 0.0000000000
40243  14.814  -64.006  50.535 0.0000000000
37184  13.063  -65.592  49.464 0.0000000000
37185  12.152  -65.555  48.882 0.0000000000
37160  8.456  -64.642  51.374 0.0000000000
34132  7.254  -66.473  51.958 0.0000000000
34149  6.939  -67.444  50.257 0.0000000000
31196  6.558  -69.151  49.440 0.0000000000
32653  6.434  -68.009  51.038 0.0000000000
31172  5.746  -68.549  51.869 0.0000000000
31173  5.505  -68.840  52.829 0.0000000000
56898  32.160  -50.891  47.581 0.0000000000
56947  31.228  -51.641  45.567 0.0000000000
56923  30.507  -51.247  46.327 0.0000000000
56924  29.475  -51.612  46.366 0.0000000000
55650  27.848  -52.480  46.380 0.0000000000
53071  22.631  -53.945  46.536 0.0000000000
53070  23.835  -54.596  46.680 0.0000000000
51645  23.840  -56.215  47.922 0.0000000000
78202  45.133  -35.573  41.402 0.0000000000
64114  31.735  -45.742  47.313 0.0000000000
62917  38.696  -46.875  46.970 0.0000000000
62919  36.933  -46.803  47.457 0.0000000000
64087  38.749  -46.156  47.855 0.0000000000
64110  38.686  -45.720  47.788 0.0000000000
90160  51.824  -24.373  36.349 0.0000000000
24379  2.748  -73.438  50.209 0.0000000000
74175  37.945  -37.169  44.930 0.0000000000
72970  37.317  -37.788  44.214 0.0000000000
72979  36.288  -38.201  42.827 0.0000000000
70409  35.668  -40.027  42.110 0.0000000000
70420  35.397  -40.818  41.618 0.0000000000
67871  35.465  -42.640  41.659 0.0000000000
50172  20.740  -57.648  48.827 0.0000000000
48714  20.263  -58.479  49.236 0.0000000000
48723  19.764  -57.856  48.260 0.0000000000
47349  18.563  -58.077  47.475 0.0000000000
47335  17.640  -58.420  47.745 0.0000000000
50173  16.676  -55.888  48.978 0.0000000000
48725  16.306  -57.255  48.530 0.0000000000
47337  15.486  -58.904  48.556 0.0000000000
45969  14.792  -59.016  48.758 0.0000000000
45971  13.408  -59.601  49.146 0.0000000000
45962  12.515  -59.541  50.309 0.0000000000
56862  26.998  -50.447  49.412 0.0000000000
55585  25.459  -50.654  49.808 0.0000000000
55586  24.174  -51.104  49.251 0.0000000000
55608  23.187  -51.740  48.279 0.0000000000
54323  22.638  -51.999  50.304 0.0000000000
54368  21.945  -52.782  48.648 0.0000000000
54387  21.859  -52.841  46.886 0.0000000000
51671  21.237  -55.314  47.122 0.0000000000
50208  20.872  -55.878  47.240 0.0000000000
61707  33.908  -48.573  51.500 0.0000000000
61720  32.909  -48.037  50.451 0.0000000000
60530  34.575  -48.703  50.464 0.0000000000
60553  35.991  -48.829  48.580 0.0000000000
60568  36.728  -48.455  47.647 0.0000000000
60550  38.585  -49.256  47.438 0.0000000000
60566  39.060  -48.664  46.792 0.0000000000
61757  38.581  -47.573  46.822 0.0000000000
61755  40.768  -47.635  47.282 0.0000000000
60549  42.175  -48.069  48.153 0.0000000000
90153  48.335  -24.721  37.499 0.0000000000
89007  48.367  -25.657  36.284 0.0000000000
86657  48.617  -27.607  35.872 0.0000000000
86648  47.379  -27.568  36.743 0.0000000000
85489  48.678  -28.228  36.273 0.0000000000
81875  43.888  -31.574  38.421 0.0000000000
79528  45.345  -33.335  37.971 0.0000000000
79530  43.699  -32.893  38.352 0.0000000000
79513  43.705  -33.739  38.304 0.0000000000
78232  43.247  -34.733  39.612 0.0000000000
78234  41.297  -33.567  39.502 0.0000000000
78233  42.084  -34.446  39.310 0.0000000000
78216  43.713  -35.338  40.541 0.0000000000
76839  43.674  -36.047  41.442 0.0000000000
75505  43.964  -37.171  41.382 0.0000000000
76840  37.783  -34.572  42.833 0.0000000000
76854  38.164  -35.871  41.254 0.0000000000
75521  39.069  -36.458  40.200 0.0000000000
73002  38.546  -38.584  40.136 0.0000000000
74216  39.864  -37.433  39.989 0.0000000000
74215  41.131  -37.500  39.993 0.0000000000
72998  42.594  -38.308  40.437 0.0000000000
53110  37.067  -54.016  44.976 0.0000000000
54398  38.260  -54.040  45.644 0.0000000000
51685  37.206  -55.265  46.162 0.0000000000
50202  38.040  -56.094  47.170 0.0000000000
81844  44.081  -29.568  40.488 0.0000000000
83011  43.351  -30.292  39.102 0.0000000000
43105  11.311  -60.713  50.404 0.0000000000
43080  10.482  -61.035  51.492 0.0000000000
43132  10.892  -61.527  49.899 0.0000000000
40264  10.173  -63.292  49.542 0.0000000000
38746  10.388  -64.418  49.139 0.0000000000
35660  10.501  -65.900  48.706 0.0000000000
37174  8.542  -65.100  50.030 0.0000000000
35647  8.908  -66.099  49.251 0.0000000000
34161  11.407  -67.715  49.174 0.0000000000
31194  10.630  -69.285  49.467 0.0000000000
31182  10.402  -70.023  50.809 0.0000000000
27887  7.639  -72.392  49.670 0.0000000000
31212  6.502  -69.930  49.156 0.0000000000
27903  7.115  -71.743  49.148 0.0000000000
26169  6.173  -72.640  49.353 0.0000000000
24400  5.423  -73.432  49.498 0.0000000000
26171  4.556  -72.586  49.681 0.0000000000
24377  3.931  -72.995  49.668 0.0000000000
26105  4.540  -71.558  52.101 0.0000000000
26130  3.849  -71.759  50.867 0.0000000000
24358  3.314  -72.546  50.558 0.0000000000
56941  37.313  -51.536  45.484 0.0000000000
56918  35.999  -51.241  46.196 0.0000000000
55669  36.298  -52.003  44.926 0.0000000000
54424  35.558  -52.796  44.946 0.0000000000
53113  34.054  -53.770  45.338 0.0000000000
53089  33.575  -54.551  45.776 0.0000000000
54428  31.728  -52.905  45.150 0.0000000000
53090  32.343  -54.438  45.792 0.0000000000
51664  32.541  -55.735  46.554 0.0000000000
56881  26.500  -50.462  47.989 0.0000000000
56927  26.839  -51.959  46.645 0.0000000000
54383  27.131  -53.711  46.711 0.0000000000
54385  25.578  -54.364  46.608 0.0000000000
53067  26.881  -54.686  47.174 0.0000000000
53044  28.388  -55.354  47.515 0.0000000000
79527  46.506  -33.706  38.208 0.0000000000
67849  33.343  -41.817  44.073 0.0000000000
66673  34.219  -42.499  42.483 0.0000000000
65413  35.055  -43.824  42.291 0.0000000000
61733  32.285  -47.405  49.490 0.0000000000
61763  32.259  -47.192  48.092 0.0000000000
62930  32.267  -46.357  46.288 0.0000000000
62927  35.611  -47.208  46.181 0.0000000000
62936  34.078  -46.884  45.247 0.0000000000
64132  33.607  -46.322  44.705 0.0000000000
64160  35.146  -45.488  43.281 0.0000000000
65389  36.158  -45.113  42.677 0.0000000000
65411  37.068  -44.514  42.309 0.0000000000
65409  39.046  -44.679  42.729 0.0000000000
53083  39.305  -54.146  46.265 0.0000000000
54378  40.664  -53.333  46.854 0.0000000000
54358  41.602  -53.138  47.839 0.0000000000
53023  42.159  -54.335  48.818 0.0000000000
55593  42.563  -52.201  48.468 0.0000000000
91382  51.998  -24.018  32.422 0.0000000000
90171  50.716  -24.784  35.793 0.0000000000
89025  51.430  -25.443  34.515 0.0000000000
86679  51.472  -27.461  34.047 0.0000000000
86693  51.685  -26.750  33.534 0.0000000000
89036  52.116  -25.374  33.446 0.0000000000
89055  52.628  -25.752  32.480 0.0000000000
89054  53.399  -25.983  31.948 0.0000000000
80727  47.254  -32.643  37.849 0.0000000000
55666  38.801  -51.711  45.570 0.0000000000
67882  36.528  -42.533  40.902 0.0000000000
67881  37.628  -42.851  40.990 0.0000000000
67869  38.494  -43.335  41.281 0.0000000000
67870  37.864  -43.396  41.371 0.0000000000
43130  12.492  -61.437  48.585 0.0000000000
43131  11.495  -61.478  49.205 0.0000000000
56879  28.996  -50.855  48.366 0.0000000000
56861  28.361  -50.622  49.641 0.0000000000
50143  22.155  -57.634  49.936 0.0000000000
62882  32.266  -46.840  51.737 0.0000000000
51649  18.247  -55.048  48.237 0.0000000000
53035  19.320  -53.396  49.400 0.0000000000
59338  37.280  -49.543  49.664 0.0000000000
58131  41.516  -50.544  46.719 0.0000000000
58130  42.078  -50.383  47.193 0.0000000000
56872  42.228  -51.294  47.785 0.0000000000
86634  45.693  -27.378  39.023 0.0000000000
87812  45.688  -26.466  39.538 0.0000000000
88987  45.543  -26.001  39.028 0.0000000000
88993  45.909  -25.967  38.622 0.0000000000
88992  46.631  -25.659  38.099 0.0000000000
87819  46.294  -26.454  38.076 0.0000000000
84263  50.443  -29.961  37.975 0.0000000000
24375  7.756  -73.606  50.450 0.0000000000
80702  41.203  -31.637  40.153 0.0000000000
75508  41.305  -36.097  40.305 0.0000000000
75478  37.215  -37.075  42.751 0.0000000000
75493  37.385  -36.994  42.126 0.0000000000
74188  37.039  -37.365  42.434 0.0000000000
70418  40.764  -41.073  40.412 0.0000000000
70417  41.611  -40.757  40.347 0.0000000000
51688  34.213  -55.349  46.266 0.0000000000
51662  34.884  -55.737  47.060 0.0000000000
81846  42.119  -30.581  40.163 0.0000000000
45982  17.463  -59.776  47.854 0.0000000000
45968  18.208  -60.447  48.460 0.0000000000
44577  17.738  -60.944  48.693 0.0000000000
35634  12.468  -67.088  50.441 0.0000000000
34147  12.234  -67.515  50.287 0.0000000000
38712  9.061  -63.599  51.403 0.0000000000
34164  7.551  -67.684  49.358 0.0000000000
29514  5.167  -69.605  52.158 0.0000000000
29533  4.760  -70.338  51.450 0.0000000000
56897  33.253  -51.020  47.229 0.0000000000
55623  33.902  -51.164  47.887 0.0000000000
56896  33.800  -50.897  47.204 0.0000000000
56920  33.900  -51.046  46.404 0.0000000000
56945  33.329  -51.403  45.443 0.0000000000
54403  29.114  -53.333  46.185 0.0000000000
54402  29.807  -53.660  46.000 0.0000000000
54380  29.406  -54.045  46.352 0.0000000000
53064  29.590  -54.943  46.798 0.0000000000
53043  28.949  -55.148  47.340 0.0000000000
55630  23.507  -51.971  47.301 0.0000000000
55629  24.428  -51.721  46.907 0.0000000000
55654  23.853  -52.458  46.657 0.0000000000
78231  44.358  -34.780  39.857 0.0000000000
78230  45.426  -34.819  40.105 0.0000000000
78214  45.615  -34.962  41.053 0.0000000000
65341  31.827  -44.441  46.321 0.0000000000
65355  31.927  -44.317  45.649 0.0000000000
65354  32.561  -44.289  44.917 0.0000000000
60569  35.700  -48.495  47.814 0.0000000000
65339  38.410  -45.462  46.778 0.0000000000
64129  38.117  -45.565  45.903 0.0000000000
65352  39.087  -45.419  46.189 0.0000000000
64128  39.160  -45.596  45.538 0.0000000000
87845  49.692  -26.336  35.114 0.0000000000
51580  18.360  -53.475  51.278 0.0000000000
51559  18.350  -53.484  52.292 0.0000000000
53013  18.883  -53.011  50.678 0.0000000000
79524  49.139  -33.080  38.742 0.0000000000
56890  38.249  -50.638  47.777 0.0000000000
58132  38.624  -50.189  47.252 0.0000000000
55640  40.512  -52.169  46.175 0.0000000000
55639  41.001  -51.820  46.441 0.0000000000
55616  40.671  -52.679  46.625 0.0000000000
81843  44.607  -29.394  40.423 0.0000000000
82994  45.087  -29.170  40.798 0.0000000000
81818  40.310  -31.068  43.077 0.0000000000
81819  39.942  -31.447  42.584 0.0000000000
80679  39.653  -31.785  43.182 0.0000000000
79475  38.911  -33.071  42.791 0.0000000000
79487  39.203  -32.969  42.188 0.0000000000
71715  37.034  -39.184  41.104 0.0000000000
71730  36.737  -40.008  40.635 0.0000000000
69087  38.967  -41.867  40.422 0.0000000000
69097  38.247  -41.278  40.234 0.0000000000
69086  40.118  -41.688  40.512 0.0000000000
69080  40.498  -42.356  41.181 0.0000000000
66666  41.050  -43.626  42.325 0.0000000000
65384  41.932  -44.892  43.696 0.0000000000
44603  15.020  -60.494  48.396 0.0000000000
43150  15.773  -61.163  48.298 0.0000000000
44578  14.741  -60.854  48.498 0.0000000000
41706  14.620  -62.673  48.665 0.0000000000
40244  14.248  -64.434  50.005 0.0000000000
40276  12.374  -64.022  48.473 0.0000000000
38744  12.847  -64.635  48.774 0.0000000000
38754  12.324  -64.299  48.532 0.0000000000
34133  7.001  -67.169  51.399 0.0000000000
32642  6.532  -67.866  52.237 0.0000000000
55605  31.121  -51.370  49.117 0.0000000000
56877  31.400  -51.256  48.337 0.0000000000
56876  32.006  -51.208  48.412 0.0000000000
56899  30.909  -51.115  47.330 0.0000000000
56901  28.568  -50.747  47.308 0.0000000000
58148  29.171  -50.916  46.702 0.0000000000
58149  28.943  -51.172  46.610 0.0000000000
55649  28.781  -52.432  46.254 0.0000000000
51670  22.194  -55.091  47.016 0.0000000000
51669  23.254  -55.359  46.916 0.0000000000
51646  22.848  -56.058  47.439 0.0000000000
65309  31.879  -44.912  48.567 0.0000000000
64102  31.823  -46.039  48.166 0.0000000000
62910  39.200  -46.615  47.670 0.0000000000
62911  38.256  -46.481  47.258 0.0000000000
62904  39.010  -46.285  47.974 0.0000000000
64065  39.805  -46.191  49.658 0.0000000000
64086  39.260  -46.092  48.565 0.0000000000
64099  39.170  -45.681  48.315 0.0000000000
74176  37.426  -37.159  44.130 0.0000000000
71709  35.791  -39.018  42.538 0.0000000000
70399  35.522  -39.860  43.347 0.0000000000
69073  35.024  -40.749  43.382 0.0000000000
70410  35.351  -40.571  42.649 0.0000000000
69081  34.894  -41.128  42.193 0.0000000000
69091  35.297  -41.633  41.498 0.0000000000
67872  34.706  -42.025  41.941 0.0000000000
50192  20.406  -57.251  47.995 0.0000000000
50193  19.733  -57.362  47.619 0.0000000000
48735  17.739  -56.762  47.598 0.0000000000
48734  18.492  -57.199  47.283 0.0000000000
47350  17.820  -57.509  47.578 0.0000000000
51605  17.271  -54.518  50.776 0.0000000000
50145  16.402  -55.210  50.466 0.0000000000
48696  15.467  -56.688  50.492 0.0000000000
48716  16.054  -56.721  49.132 0.0000000000
47336  16.127  -58.079  48.332 0.0000000000
47328  15.119  -58.253  49.177 0.0000000000
45960  13.450  -58.917  50.073 0.0000000000
45961  12.876  -59.576  49.947 0.0000000000
45951  12.590  -59.235  50.821 0.0000000000
55566  26.499  -50.444  50.754 0.0000000000
55568  23.593  -51.383  50.437 0.0000000000
54350  20.970  -52.947  48.639 0.0000000000
54349  21.617  -52.825  49.118 0.0000000000
54369  21.294  -52.891  47.853 0.0000000000
55610  21.921  -52.761  48.182 0.0000000000
53072  21.269  -53.868  46.823 0.0000000000
53049  20.726  -53.591  47.519 0.0000000000
50209  20.358  -56.203  47.292 0.0000000000
51672  20.438  -55.281  47.247 0.0000000000
60515  34.764  -48.906  51.169 0.0000000000
60529  35.402  -48.997  50.465 0.0000000000
60541  35.279  -48.777  49.580 0.0000000000
60567  37.824  -48.447  47.325 0.0000000000
59360  39.059  -49.561  46.761 0.0000000000
61756  39.694  -47.709  46.948 0.0000000000
60563  42.421  -48.777  47.893 0.0000000000
85439  45.898  -27.806  41.214 0.0000000000
91330  48.553  -24.098  38.694 0.0000000000
90142  48.058  -24.558  38.335 0.0000000000
88998  47.931  -25.262  36.949 0.0000000000
87835  47.967  -26.257  36.275 0.0000000000
87834  48.504  -26.455  35.837 0.0000000000
86658  47.959  -26.883  36.248 0.0000000000
85479  47.216  -28.613  37.302 0.0000000000
86649  46.912  -27.916  37.322 0.0000000000
85478  48.514  -28.595  36.813 0.0000000000
85488  49.441  -28.613  36.043 0.0000000000
81876  43.151  -31.454  38.575 0.0000000000
80730  44.182  -32.317  38.225 0.0000000000
80731  43.342  -32.194  38.526 0.0000000000
79515  41.827  -32.757  38.987 0.0000000000
78248  42.895  -34.173  38.731 0.0000000000
78247  43.980  -34.553  38.795 0.0000000000
78217  42.484  -35.208  40.098 0.0000000000
76849  43.780  -35.803  41.207 0.0000000000
74201  42.933  -37.199  40.752 0.0000000000
75506  43.541  -36.608  41.156 0.0000000000
78192  38.468  -34.136  43.912 0.0000000000
75509  37.686  -36.700  41.424 0.0000000000
76864  38.578  -35.802  40.703 0.0000000000
74218  38.003  -38.055  40.629 0.0000000000
73001  39.516  -38.439  39.730 0.0000000000
72999  41.859  -38.559  40.056 0.0000000000
53111  36.144  -53.861  45.161 0.0000000000
53086  36.685  -54.612  45.617 0.0000000000
50204  36.524  -56.502  47.240 0.0000000000
83012  42.709  -30.520  39.350 0.0000000000
83026  43.431  -30.915  38.576 0.0000000000
83025  44.001  -30.670  38.590 0.0000000000
47325  19.875  -59.062  49.438 0.0000000000
47314  20.210  -58.957  50.089 0.0000000000
47315  19.685  -59.458  50.304 0.0000000000
41704  16.465  -62.309  49.296 0.0000000000
35615  13.428  -66.236  51.233 0.0000000000
44547  11.772  -59.621  51.092 0.0000000000
41668  9.717  -62.140  51.516 0.0000000000
43062  10.132  -61.363  52.165 0.0000000000
41667  10.029  -61.623  50.996 0.0000000000
43106  10.607  -61.342  50.591 0.0000000000
41689  10.284  -61.889  50.188 0.0000000000
41709  10.866  -62.389  49.384 0.0000000000
41710  10.015  -62.552  49.960 0.0000000000
37187  10.020  -65.517  49.020 0.0000000000
37194  10.541  -65.661  48.773 0.0000000000
37161  8.046  -65.165  51.035 0.0000000000
37175  8.280  -65.133  50.708 0.0000000000
34177  9.285  -68.032  48.666 0.0000000000
34162  9.868  -67.546  48.621 0.0000000000
32673  10.622  -68.540  48.857 0.0000000000
32686  10.351  -68.750  48.767 0.0000000000
31195  10.400  -69.809  49.942 0.0000000000
27902  8.120  -71.425  49.006 0.0000000000
27886  8.331  -72.162  50.047 0.0000000000
26148  8.443  -72.806  50.575 0.0000000000
29569  5.893  -70.659  49.304 0.0000000000
26168  7.129  -72.806  49.566 0.0000000000
27889  4.467  -71.649  50.474 0.0000000000
26150  4.686  -72.090  49.871 0.0000000000
26151  4.252  -72.248  50.145 0.0000000000
27831  4.581  -70.898  53.037 0.0000000000
26083  4.644  -71.002  52.438 0.0000000000
26106  4.447  -71.527  51.876 0.0000000000
24343  3.434  -71.801  50.913 0.0000000000
56916  37.545  -51.244  46.342 0.0000000000
56919  34.989  -51.160  46.339 0.0000000000
56943  35.554  -51.443  45.354 0.0000000000
56942  36.526  -51.576  45.419 0.0000000000
54446  35.248  -52.291  44.816 0.0000000000
54426  33.457  -52.976  45.025 0.0000000000
53088  34.652  -54.566  45.779 0.0000000000
55673  31.856  -52.170  44.975 0.0000000000
55674  31.052  -52.451  45.384 0.0000000000
53091  31.096  -54.580  45.639 0.0000000000
54400  31.335  -53.535  45.467 0.0000000000
51690  32.610  -55.095  46.270 0.0000000000
51636  32.260  -56.451  47.195 0.0000000000
51665  31.479  -55.996  46.658 0.0000000000
56863  26.038  -50.879  49.003 0.0000000000
58118  25.972  -50.703  47.809 0.0000000000
55628  25.511  -52.345  46.498 0.0000000000
56903  26.362  -51.340  46.951 0.0000000000
55627  26.621  -52.600  46.573 0.0000000000
55626  27.322  -52.940  46.555 0.0000000000
51668  24.209  -55.460  47.209 0.0000000000
53069  25.056  -54.948  46.953 0.0000000000
53048  25.468  -55.501  47.604 0.0000000000
53032  26.840  -56.109  48.054 0.0000000000
53046  26.627  -55.575  47.707 0.0000000000
53045  27.501  -55.790  47.628 0.0000000000
53066  27.733  -54.565  47.278 0.0000000000
78262  45.563  -34.053  38.347 0.0000000000
69059  33.778  -41.012  44.613 0.0000000000
66625  32.944  -42.301  44.919 0.0000000000
65392  33.372  -43.726  43.562 0.0000000000
66658  33.603  -42.907  43.213 0.0000000000
65414  34.309  -43.291  42.459 0.0000000000
66672  34.957  -42.965  42.085 0.0000000000
61732  32.885  -47.940  49.604 0.0000000000
61745  33.599  -47.974  48.988 0.0000000000
61762  32.869  -47.512  47.978 0.0000000000
62923  32.331  -46.881  47.382 0.0000000000
62929  33.200  -47.063  46.188 0.0000000000
62920  36.202  -47.341  46.811 0.0000000000
64113  36.439  -46.638  46.460 0.0000000000
64131  35.886  -46.458  44.994 0.0000000000
62935  35.217  -46.963  45.485 0.0000000000
62945  34.395  -46.397  44.553 0.0000000000
64145  34.008  -45.837  43.953 0.0000000000
64144  35.335  -46.160  44.152 0.0000000000
64158  37.487  -45.800  43.739 0.0000000000
65410  38.141  -44.595  42.528 0.0000000000
65387  38.466  -45.265  43.338 0.0000000000
65367  40.137  -45.650  44.511 0.0000000000
53084  38.580  -54.578  46.199 0.0000000000
54397  38.823  -53.701  45.702 0.0000000000
53042  40.977  -54.796  47.786 0.0000000000
53058  40.714  -54.411  47.246 0.0000000000
53057  41.051  -53.877  47.308 0.0000000000
54377  41.184  -53.410  47.389 0.0000000000
54334  42.644  -53.270  48.962 0.0000000000
56857  42.996  -51.189  48.605 0.0000000000
91369  51.815  -24.064  33.589 0.0000000000
90223  52.643  -24.922  31.642 0.0000000000
90152  49.115  -24.475  37.299 0.0000000000
89015  51.141  -25.194  35.230 0.0000000000
86692  52.374  -27.267  33.471 0.0000000000
87867  51.628  -26.263  33.559 0.0000000000
89037  51.685  -25.738  33.777 0.0000000000
87866  52.193  -26.286  33.180 0.0000000000
87883  52.729  -26.322  32.706 0.0000000000
56939  38.518  -51.125  45.850 0.0000000000
54420  39.304  -52.374  45.642 0.0000000000
22760  4.647  -74.287  49.539 0.0000000000
79462  38.658  -33.366  43.392 0.0000000000
69099  36.831  -41.460  40.551 0.0000000000
69098  37.419  -41.392  40.434 0.0000000000
67868  39.667  -42.858  41.277 0.0000000000
66657  39.742  -44.351  42.585 0.0000000000
40263  11.358  -63.539  48.782 0.0000000000
50191  21.433  -56.632  47.692 0.0000000000
50190  22.546  -56.636  47.947 0.0000000000
50170  22.273  -56.950  48.923 0.0000000000
62895  32.102  -46.685  50.192 0.0000000000
61730  40.255  -46.947  48.834 0.0000000000
61718  40.627  -46.969  49.572 0.0000000000
69072  34.859  -39.662  44.150 0.0000000000
67848  33.760  -40.853  43.540 0.0000000000
51673  19.582  -55.284  47.349 0.0000000000
51674  18.629  -55.608  47.399 0.0000000000
50194  18.001  -55.833  47.914 0.0000000000
50195  17.393  -56.152  48.093 0.0000000000
50123  15.586  -55.714  51.195 0.0000000000
47316  15.201  -57.260  50.416 0.0000000000
47317  14.740  -57.683  50.319 0.0000000000
54322  23.134  -51.534  50.803 0.0000000000
53011  21.417  -52.320  49.926 0.0000000000
53034  20.385  -53.070  48.924 0.0000000000
53050  20.288  -53.842  47.896 0.0000000000
60539  36.809  -49.287  49.686 0.0000000000
59369  40.773  -50.032  46.380 0.0000000000
59357  42.331  -49.460  47.403 0.0000000000
59345  42.880  -49.449  48.225 0.0000000000
85453  45.766  -27.716  40.544 0.0000000000
87805  46.005  -26.235  40.621 0.0000000000
90154  47.527  -25.077  37.773 0.0000000000
84279  48.364  -29.268  37.277 0.0000000000
85476  50.731  -29.642  37.320 0.0000000000
81860  42.364  -30.951  39.115 0.0000000000
80732  42.752  -31.809  38.637 0.0000000000
80713  42.011  -31.749  39.038 0.0000000000
78250  41.551  -33.107  39.257 0.0000000000
78219  39.706  -33.866  40.830 0.0000000000
75476  37.612  -36.426  44.109 0.0000000000
76828  37.544  -36.027  43.361 0.0000000000
75492  37.375  -36.466  42.215 0.0000000000
74202  37.756  -37.189  41.014 0.0000000000
70427  39.235  -40.364  39.876 0.0000000000
71727  39.395  -39.479  39.798 0.0000000000
71725  41.313  -39.505  39.909 0.0000000000
71714  42.146  -39.652  40.277 0.0000000000
51686  36.271  -55.213  46.287 0.0000000000
51661  35.894  -55.826  46.868 0.0000000000
81816  42.491  -30.166  42.997 0.0000000000
81845  43.161  -29.677  40.600 0.0000000000
45958  19.085  -60.135  49.735 0.0000000000
44576  18.394  -60.563  49.265 0.0000000000
35643  13.199  -66.229  50.003 0.0000000000
35616  13.129  -66.567  51.478 0.0000000000
35617  12.514  -67.099  51.028 0.0000000000
34131  11.462  -68.190  51.792 0.0000000000
32652  11.226  -68.851  51.129 0.0000000000
40224  9.457  -62.778  51.259 0.0000000000
40245  9.471  -63.045  50.417 0.0000000000
38731  8.807  -64.385  50.369 0.0000000000
35648  7.832  -66.691  49.539 0.0000000000
32688  9.316  -68.578  48.687 0.0000000000
31224  9.846  -69.014  48.655 0.0000000000
31225  9.169  -69.044  48.724 0.0000000000
29566  9.220  -70.516  48.930 0.0000000000
27885  9.278  -71.370  49.749 0.0000000000
29567  8.126  -70.593  48.638 0.0000000000
29585  7.711  -71.056  48.780 0.0000000000
29531  5.585  -69.241  50.725 0.0000000000
31197  5.815  -69.597  49.862 0.0000000000
29570  5.240  -71.263  49.550 0.0000000000
27905  5.174  -71.765  49.523 0.0000000000
24344  3.360  -71.607  51.196 0.0000000000
55694  34.569  -52.110  44.949 0.0000000000
55671  33.864  -52.193  45.182 0.0000000000
55676  30.016  -52.584  45.838 0.0000000000
55646  30.709  -53.012  45.683 0.0000000000
55647  30.151  -53.018  45.754 0.0000000000
53092  30.251  -54.414  46.137 0.0000000000
53063  30.724  -55.274  46.286 0.0000000000
51666  30.493  -55.886  47.042 0.0000000000
56883  24.773  -50.945  48.123 0.0000000000
56905  24.617  -51.230  47.502 0.0000000000
54405  25.470  -53.172  46.326 0.0000000000
51621  25.552  -56.054  48.788 0.0000000000
51643  25.795  -55.675  48.094 0.0000000000
78261  46.039  -34.292  38.698 0.0000000000
66614  32.702  -42.977  46.656 0.0000000000
66626  32.390  -42.955  45.452 0.0000000000
66642  32.989  -43.352  44.389 0.0000000000
65369  33.187  -44.202  44.055 0.0000000000
64162  33.514  -44.456  43.437 0.0000000000
60555  34.312  -48.182  48.810 0.0000000000
60571  34.416  -48.117  48.364 0.0000000000
62921  34.860  -47.727  46.852 0.0000000000
64111  38.039  -45.888  47.368 0.0000000000
64120  36.955  -45.957  46.325 0.0000000000
64143  36.612  -46.035  44.412 0.0000000000
64157  38.375  -45.834  44.043 0.0000000000
64141  38.890  -45.750  44.812 0.0000000000
51658  38.699  -55.647  46.997 0.0000000000
51657  39.806  -55.312  47.074 0.0000000000
51632  40.592  -55.485  47.909 0.0000000000
51631  41.201  -55.015  48.003 0.0000000000
89005  49.870  -24.971  35.909 0.0000000000
89017  49.474  -25.656  35.588 0.0000000000
87844  50.239  -26.061  34.877 0.0000000000
87855  50.417  -26.416  34.551 0.0000000000
86691  53.447  -27.511  33.202 0.0000000000
86705  53.630  -26.902  32.586 0.0000000000
86704  54.413  -27.232  32.675 0.0000000000
53036  18.468  -53.710  49.776 0.0000000000
51624  18.067  -54.599  49.292 0.0000000000
51604  17.884  -53.927  50.399 0.0000000000
52989  21.148  -52.252  51.396 0.0000000000
83020  49.552  -30.980  38.161 0.0000000000
81856  49.829  -31.806  38.542 0.0000000000
80725  49.233  -32.646  38.586 0.0000000000
59346  38.224  -50.174  49.186 0.0000000000
58146  40.434  -50.539  46.132 0.0000000000
56912  40.822  -51.296  46.156 0.0000000000
56889  41.337  -51.359  46.665 0.0000000000
56873  41.641  -51.667  47.306 0.0000000000
82993  45.624  -28.855  41.357 0.0000000000
84237  45.577  -28.424  40.500 0.0000000000
85454  45.810  -27.978  39.975 0.0000000000
86640  46.422  -27.370  37.723 0.0000000000
85465  46.755  -28.780  37.674 0.0000000000
24376  7.168  -74.128  50.355 0.0000000000
81832  40.727  -31.049  41.712 0.0000000000
79486  39.506  -32.858  41.573 0.0000000000
76863  39.342  -35.661  40.360 0.0000000000
72990  36.458  -38.546  41.824 0.0000000000
74204  36.848  -38.051  41.628 0.0000000000
70429  37.498  -40.618  40.314 0.0000000000
70428  38.346  -40.454  40.020 0.0000000000
69095  39.718  -40.951  40.063 0.0000000000
69085  40.973  -41.344  40.664 0.0000000000
67867  40.769  -42.940  41.680 0.0000000000
66654  42.652  -43.603  43.142 0.0000000000
50206  34.628  -56.387  47.565 0.0000000000
50184  34.324  -56.857  48.047 0.0000000000
81817  41.375  -30.631  43.005 0.0000000000
43148  16.782  -61.083  48.320 0.0000000000
43149  16.459  -61.151  48.308 0.0000000000
43127  16.401  -61.896  48.744 0.0000000000
41705  15.853  -62.587  49.246 0.0000000000
40259  15.718  -63.054  49.858 0.0000000000
37173  13.646  -65.666  50.319 0.0000000000
38743  13.772  -64.914  49.662 0.0000000000
35644  12.499  -66.365  49.521 0.0000000000
35645  11.535  -66.431  48.873 0.0000000000
35619  7.575  -65.480  51.714 0.0000000000
35620  7.351  -66.277  51.168 0.0000000000
35637  7.320  -66.689  50.394 0.0000000000
32664  6.611  -68.230  49.798 0.0000000000
29513  5.430  -69.118  51.213 0.0000000000
56946  32.229  -51.482  45.452 0.0000000000
56922  31.597  -51.119  46.338 0.0000000000
56949  29.968  -52.220  45.934 0.0000000000
54404  28.448  -53.173  46.318 0.0000000000
53096  23.026  -53.344  46.462 0.0000000000
53095  23.536  -53.673  46.461 0.0000000000
50189  23.173  -56.504  47.979 0.0000000000
51623  23.971  -56.444  48.714 0.0000000000
51622  24.561  -56.260  48.992 0.0000000000
65325  31.842  -44.621  47.332 0.0000000000
64122  32.022  -45.354  46.386 0.0000000000
61758  37.463  -47.408  47.071 0.0000000000
61744  37.093  -46.990  47.536 0.0000000000
61743  37.458  -46.793  47.167 0.0000000000
62912  37.516  -46.571  47.262 0.0000000000
64101  37.574  -46.338  47.323 0.0000000000
62903  39.452  -46.432  48.597 0.0000000000
64100  38.422  -46.088  47.687 0.0000000000
65322  38.783  -45.398  47.484 0.0000000000
90169  52.081  -24.388  35.779 0.0000000000
85502  50.870  -28.983  35.449 0.0000000000
86664  50.308  -28.074  34.939 0.0000000000
22741  2.637  -74.485  49.798 0.0000000000
75475  38.160  -36.247  44.971 0.0000000000
74177  36.982  -37.291  43.334 0.0000000000
74178  36.581  -37.608  42.885 0.0000000000
72971  36.691  -37.932  43.631 0.0000000000
69090  36.097  -41.508  40.837 0.0000000000
67883  35.771  -42.256  41.252 0.0000000000
66685  36.098  -42.847  41.373 0.0000000000
48713  20.820  -58.047  49.526 0.0000000000
48722  20.395  -57.849  48.752 0.0000000000
47333  19.636  -58.737  48.557 0.0000000000
48733  19.265  -57.654  47.343 0.0000000000
47348  19.313  -58.348  47.766 0.0000000000
47334  18.920  -59.108  47.806 0.0000000000
45981  18.185  -59.353  47.862 0.0000000000
50174  16.154  -55.897  49.626 0.0000000000
48715  16.486  -56.537  48.730 0.0000000000
45983  16.167  -59.584  48.190 0.0000000000
45984  15.338  -59.685  48.401 0.0000000000
44604  14.500  -59.999  48.617 0.0000000000
45959  14.382  -58.581  49.709 0.0000000000
45970  14.096  -59.353  48.883 0.0000000000
44559  12.647  -59.833  49.556 0.0000000000
44560  12.200  -59.882  49.929 0.0000000000
56846  27.582  -50.704  50.245 0.0000000000
55584  26.223  -50.463  49.756 0.0000000000
56864  25.191  -50.780  48.866 0.0000000000
55631  22.634  -52.369  47.399 0.0000000000
54347  22.628  -52.071  50.146 0.0000000000
54324  22.097  -52.457  49.800 0.0000000000
55588  22.524  -52.266  49.193 0.0000000000
55609  22.414  -52.390  48.555 0.0000000000
55632  22.015  -52.711  47.738 0.0000000000
54386  22.694  -52.877  46.592 0.0000000000
53073  20.594  -54.401  47.255 0.0000000000
61708  32.838  -47.956  51.498 0.0000000000
61719  33.751  -48.305  50.548 0.0000000000
60542  34.437  -48.472  49.635 0.0000000000
60554  35.074  -48.561  48.723 0.0000000000
60551  38.121  -49.178  47.866 0.0000000000
62918  38.200  -47.017  46.841 0.0000000000
61742  39.251  -47.093  47.076 0.0000000000
61741  40.012  -46.988  47.635 0.0000000000
61754  41.495  -47.687  47.838 0.0000000000
61740  40.917  -47.204  48.179 0.0000000000
90141  48.814  -24.260  38.016 0.0000000000
90164  48.696  -24.951  36.753 0.0000000000
89018  48.861  -25.805  35.788 0.0000000000
86666  49.087  -26.821  35.472 0.0000000000
86656  49.322  -28.036  35.531 0.0000000000
86639  46.773  -27.201  37.161 0.0000000000
86647  48.259  -28.023  36.404 0.0000000000
85503  49.839  -28.311  35.326 0.0000000000
81885  44.561  -31.851  38.044 0.0000000000
80729  44.859  -32.283  37.802 0.0000000000
80745  44.518  -32.096  38.021 0.0000000000
79529  44.419  -33.139  38.100 0.0000000000
79498  41.217  -32.716  39.646 0.0000000000
78203  44.368  -35.631  41.084 0.0000000000
76838  44.438  -36.111  41.500 0.0000000000
75491  43.990  -36.340  41.531 0.0000000000
74203  37.407  -37.581  41.355 0.0000000000
74217  38.364  -37.384  40.435 0.0000000000
74214  42.202  -37.507  40.380 0.0000000000
74213  42.850  -37.851  40.751 0.0000000000
72988  42.542  -38.982  40.474 0.0000000000
72987  42.976  -38.652  41.160 0.0000000000
72986  43.777  -38.368  41.417 0.0000000000
54422  37.897  -53.334  45.049 0.0000000000
53085  37.684  -54.455  45.704 0.0000000000
51684  37.995  -55.194  46.323 0.0000000000
51659  37.717  -55.804  46.710 0.0000000000
81858  44.316  -29.571  40.089 0.0000000000
82996  43.619  -29.845  39.900 0.0000000000
82995  43.971  -29.778  39.984 0.0000000000
83010  44.142  -29.866  39.546 0.0000000000
81874  44.569  -31.483  38.135 0.0000000000
45948  18.938  -59.898  50.990 0.0000000000
45952  12.241  -59.524  50.530 0.0000000000
43079  11.265  -60.395  51.921 0.0000000000
37186  10.995  -65.504  48.696 0.0000000000
37159  8.891  -64.146  51.604 0.0000000000
37188  9.133  -65.319  49.387 0.0000000000
35635  8.394  -65.606  49.814 0.0000000000
35646  10.419  -66.480  48.628 0.0000000000
32663  11.123  -68.717  49.961 0.0000000000
31181  10.801  -69.384  50.492 0.0000000000
26127  8.216  -73.316  50.728 0.0000000000
24398  7.345  -73.465  49.912 0.0000000000
29568  7.150  -70.690  48.923 0.0000000000
24399  6.511  -73.660  49.609 0.0000000000
26170  5.029  -72.380  49.545 0.0000000000
24401  4.443  -73.163  49.487 0.0000000000
24402  3.868  -73.386  49.521 0.0000000000
24378  3.425  -73.386  49.950 0.0000000000
27850  4.849  -70.046  52.387 0.0000000000
27851  4.775  -70.898  52.101 0.0000000000
26128  4.436  -71.329  51.745 0.0000000000
26129  4.234  -71.495  51.246 0.0000000000
26152  3.659  -72.487  50.411 0.0000000000
56915  38.214  -51.044  46.292 0.0000000000
56917  36.844  -51.498  46.319 0.0000000000
56961  36.916  -51.738  45.131 0.0000000000
55668  37.162  -52.164  44.940 0.0000000000
54423  36.692  -53.023  45.051 0.0000000000
54447  34.966  -52.425  44.781 0.0000000000
53112  35.098  -53.785  45.255 0.0000000000
54427  32.470  -53.021  44.993 0.0000000000
54399  32.056  -53.525  45.331 0.0000000000
53115  32.474  -53.684  45.366 0.0000000000
51689  33.160  -55.160  46.367 0.0000000000
51635  32.947  -56.400  47.001 0.0000000000
56902  27.472  -51.006  47.295 0.0000000000
58135  26.074  -50.832  47.509 0.0000000000
56926  27.315  -51.724  46.696 0.0000000000
54382  27.974  -53.577  46.831 0.0000000000
53094  24.330  -54.025  46.556 0.0000000000
54406  25.044  -53.643  46.485 0.0000000000
53047  25.909  -55.392  47.524 0.0000000000
53068  26.098  -54.991  46.762 0.0000000000
53065  28.553  -54.582  47.096 0.0000000000
79510  47.218  -34.239  38.931 0.0000000000
79511  46.543  -34.274  38.761 0.0000000000
69042  34.178  -40.875  45.331 0.0000000000
66641  33.172  -42.717  44.050 0.0000000000
67863  33.687  -41.778  42.929 0.0000000000
67873  34.250  -41.927  42.516 0.0000000000
66671  35.922  -43.386  41.841 0.0000000000
61709  32.403  -47.470  51.012 0.0000000000
61721  32.366  -47.439  50.291 0.0000000000
62905  31.985  -46.630  49.380 0.0000000000
61746  32.960  -47.761  48.783 0.0000000000
61747  32.236  -47.339  48.686 0.0000000000
62913  31.939  -46.708  48.454 0.0000000000
62938  32.418  -45.839  45.617 0.0000000000
62928  34.427  -47.293  46.139 0.0000000000
62937  32.879  -46.590  45.290 0.0000000000
64133  32.834  -45.672  44.713 0.0000000000
64161  34.083  -45.017  43.219 0.0000000000
65390  35.069  -44.699  42.664 0.0000000000
65412  36.022  -44.297  42.179 0.0000000000
66670  36.845  -43.828  41.787 0.0000000000
66669  37.848  -43.843  41.855 0.0000000000
65386  39.726  -44.948  43.402 0.0000000000
65385  40.977  -44.912  43.629 0.0000000000
54396  39.819  -53.160  46.087 0.0000000000
53059  39.974  -54.421  46.698 0.0000000000
54379  40.277  -53.829  46.748 0.0000000000
55594  41.853  -52.264  47.827 0.0000000000
51614  41.607  -55.363  48.596 0.0000000000
54335  41.973  -53.581  48.403 0.0000000000
54357  42.104  -52.892  48.336 0.0000000000
90161  51.173  -24.478  36.460 0.0000000000
90170  51.501  -24.667  35.782 0.0000000000
89014  51.770  -24.870  35.131 0.0000000000
86680  50.494  -27.255  34.481 0.0000000000
87854  51.070  -26.347  33.974 0.0000000000
86678  52.219  -27.965  34.013 0.0000000000
89024  52.001  -25.105  34.373 0.0000000000
87882  53.241  -26.383  32.406 0.0000000000
89069  52.993  -25.586  31.854 0.0000000000
26149  7.882  -72.944  50.082 0.0000000000
27919  7.586  -71.425  49.057 0.0000000000
29586  7.454  -71.229  48.949 0.0000000000
31184  5.683  -69.347  50.471 0.0000000000
31208  10.344  -69.097  48.816 0.0000000000
31223  10.172  -68.868  48.683 0.0000000000
32674  10.040  -68.122  48.722 0.0000000000
32687  9.936  -68.474  48.685 0.0000000000
34146  12.421  -67.049  50.076 0.0000000000
35633  12.781  -66.729  50.370 0.0000000000
35659  10.846  -66.038  48.636 0.0000000000
37193  10.736  -65.794  48.701 0.0000000000
38753  12.574  -64.176  48.507 0.0000000000
40277  12.058  -64.007  48.479 0.0000000000
41649  9.807  -61.889  52.163 0.0000000000
43081  9.991  -61.581  51.681 0.0000000000
43104  16.800  -62.190  49.361 0.0000000000
45985  14.739  -59.703  48.578 0.0000000000
47297  13.113  -58.842  50.865 0.0000000000
47298  12.934  -58.995  50.915 0.0000000000
47318  13.190  -58.866  50.635 0.0000000000
47319  13.058  -59.099  50.566 0.0000000000
50207  33.996  -56.533  47.587 0.0000000000
50212  17.847  -56.271  47.704 0.0000000000
51603  18.370  -53.493  50.700 0.0000000000
53031  27.055  -56.095  47.843 0.0000000000
53061  32.338  -55.138  46.184 0.0000000000
54348  22.308  -52.383  49.463 0.0000000000
54407  24.124  -53.216  46.405 0.0000000000
55569  22.901  -51.631  50.286 0.0000000000
55651  27.167  -52.321  46.581 0.0000000000
55652  25.157  -52.938  46.218 0.0000000000
55655  23.170  -52.463  46.814 0.0000000000
55670  35.468  -51.979  44.851 0.0000000000
55675  30.367  -52.482  45.700 0.0000000000
55691  36.746  -51.870  44.994 0.0000000000
55692  36.517  -51.807  45.075 0.0000000000
55693  35.005  -51.991  44.791 0.0000000000
56962  36.680  -51.736  45.177 0.0000000000
56964  34.774  -51.754  44.969 0.0000000000
58119  25.741  -50.884  47.608 0.0000000000
58133  29.041  -50.691  46.915 0.0000000000
58134  28.798  -50.909  46.764 0.0000000000
58136  25.862  -51.059  47.339 0.0000000000
59349  37.161  -49.454  49.140 0.0000000000
59368  41.220  -50.211  46.513 0.0000000000
62902  39.751  -46.713  49.000 0.0000000000
64066  39.533  -46.291  49.068 0.0000000000
65323  38.235  -45.629  47.132 0.0000000000
66684  36.723  -43.257  41.258 0.0000000000
67884  35.289  -42.157  41.541 0.0000000000
70430  36.737  -40.899  40.559 0.0000000000
72989  37.085  -38.409  41.307 0.0000000000
76865  38.343  -35.986  40.873 0.0000000000
79516  41.526  -32.754  39.325 0.0000000000
80712  42.709  -32.204  38.642 0.0000000000
80744  44.697  -31.980  37.887 0.0000000000
81857  44.462  -29.536  39.892 0.0000000000
81859  42.867  -30.838  38.766 0.0000000000
81886  44.353  -31.875  38.177 0.0000000000
87856  50.077  -26.391  34.797 0.0000000000
89008  47.741  -25.845  36.599 0.0000000000
89053  53.937  -25.892  31.669 0.0000000000
