#!ascii label  , from subject 3059 vox2ras=TkReg
308
31997  50.122  -69.377  -4.654 0.0000000000
27258  46.841  -72.516  -14.043 0.0000000000
22088  53.265  -75.051  -3.958 0.0000000000
25349  49.092  -73.326  -7.580 0.0000000000
23770  52.755  -73.884  -11.762 0.0000000000
23713  53.767  -73.778  -7.853 0.0000000000
20631  50.114  -76.754  -9.438 0.0000000000
25424  47.690  -73.034  -10.545 0.0000000000
28852  44.435  -71.154  -8.631 0.0000000000
28765  51.421  -71.129  -4.007 0.0000000000
27072  53.558  -72.186  -5.500 0.0000000000
25396  52.231  -72.675  -9.214 0.0000000000
27208  51.435  -72.684  -12.571 0.0000000000
23801  52.524  -73.622  -14.337 0.0000000000
33493  45.931  -68.683  -4.495 0.0000000000
28787  48.692  -71.241  -4.323 0.0000000000
23635  48.879  -74.431  -4.353 0.0000000000
32037  46.993  -70.044  -6.859 0.0000000000
20607  50.443  -76.543  -7.894 0.0000000000
27211  47.721  -72.761  -12.784 0.0000000000
27193  46.319  -72.376  -11.601 0.0000000000
25250  52.352  -73.144  -3.822 0.0000000000
25268  54.564  -72.636  -5.015 0.0000000000
23734  53.192  -74.200  -9.296 0.0000000000
27124  53.974  -72.755  -8.213 0.0000000000
27168  53.300  -72.581  -9.986 0.0000000000
27171  51.519  -72.700  -11.224 0.0000000000
27188  52.754  -72.669  -11.497 0.0000000000
27268  52.139  -72.579  -15.612 0.0000000000
25275  47.157  -73.609  -4.622 0.0000000000
25273  49.319  -73.349  -4.494 0.0000000000
23636  47.897  -74.488  -4.468 0.0000000000
27076  49.708  -71.844  -5.808 0.0000000000
27101  47.851  -72.254  -6.697 0.0000000000
30562  42.830  -70.112  -9.681 0.0000000000
32078  43.751  -69.546  -8.548 0.0000000000
20587  52.351  -76.247  -4.956 0.0000000000
23662  53.214  -74.827  -5.732 0.0000000000
22127  51.877  -75.765  -6.379 0.0000000000
22154  51.411  -75.047  -8.875 0.0000000000
22176  51.256  -74.945  -9.996 0.0000000000
25375  48.245  -73.401  -8.720 0.0000000000
27118  46.930  -72.701  -8.131 0.0000000000
27147  46.461  -72.552  -9.842 0.0000000000
28886  43.815  -71.328  -10.579 0.0000000000
28961  46.478  -71.496  -16.383 0.0000000000
30472  51.015  -70.153  -4.398 0.0000000000
28811  52.230  -71.097  -5.408 0.0000000000
25327  51.801  -73.157  -6.485 0.0000000000
25325  54.396  -73.307  -6.561 0.0000000000
25345  53.000  -72.990  -7.360 0.0000000000
25372  51.348  -73.251  -8.402 0.0000000000
25398  50.046  -73.405  -9.640 0.0000000000
25442  49.317  -73.212  -11.628 0.0000000000
25502  49.109  -73.023  -13.653 0.0000000000
23785  52.553  -73.670  -13.251 0.0000000000
27229  52.526  -72.848  -13.708 0.0000000000
27254  51.092  -72.626  -14.355 0.0000000000
27271  49.275  -72.423  -15.184 0.0000000000
33514  47.840  -68.238  -5.255 0.0000000000
33491  48.441  -68.811  -4.817 0.0000000000
30475  47.785  -70.376  -4.382 0.0000000000
30474  48.880  -70.296  -4.216 0.0000000000
28786  49.751  -71.104  -4.202 0.0000000000
25272  50.594  -73.262  -4.232 0.0000000000
23633  51.245  -74.578  -4.256 0.0000000000
20573  49.208  -76.331  -4.250 0.0000000000
20572  50.463  -76.353  -4.403 0.0000000000
30533  45.809  -70.534  -7.476 0.0000000000
33512  49.481  -68.402  -5.308 0.0000000000
34980  49.473  -68.303  -5.640 0.0000000000
33511  49.911  -68.575  -5.631 0.0000000000
27234  47.371  -72.624  -13.244 0.0000000000
27235  46.677  -72.443  -13.135 0.0000000000
23601  53.013  -74.137  -3.976 0.0000000000
25249  53.353  -72.975  -3.945 0.0000000000
23631  53.661  -74.261  -4.421 0.0000000000
23754  52.996  -74.056  -10.401 0.0000000000
23753  53.416  -73.446  -9.748 0.0000000000
23769  53.249  -73.448  -10.765 0.0000000000
27187  53.162  -72.677  -10.736 0.0000000000
25440  53.182  -73.027  -11.341 0.0000000000
25544  52.232  -73.519  -16.283 0.0000000000
25329  49.572  -73.159  -6.649 0.0000000000
27100  48.756  -72.369  -6.378 0.0000000000
27116  48.556  -72.989  -6.983 0.0000000000
33570  42.913  -69.156  -8.771 0.0000000000
22112  52.287  -75.830  -5.584 0.0000000000
20596  51.059  -76.722  -6.702 0.0000000000
20616  50.336  -76.447  -8.450 0.0000000000
22155  50.687  -75.708  -8.250 0.0000000000
22177  50.563  -75.651  -9.205 0.0000000000
22198  50.322  -75.690  -10.281 0.0000000000
25400  47.958  -73.295  -9.681 0.0000000000
27146  47.109  -72.974  -9.708 0.0000000000
27172  46.948  -72.792  -10.574 0.0000000000
28884  45.027  -71.943  -11.315 0.0000000000
28898  43.981  -71.412  -11.410 0.0000000000
30591  42.981  -70.794  -11.164 0.0000000000
30471  51.931  -69.993  -4.692 0.0000000000
30448  52.456  -70.810  -4.522 0.0000000000
27074  51.828  -71.950  -5.558 0.0000000000
25300  52.314  -72.742  -5.912 0.0000000000
23679  53.562  -74.502  -6.327 0.0000000000
23678  54.189  -74.071  -6.323 0.0000000000
23690  53.995  -73.932  -7.109 0.0000000000
27125  53.480  -72.555  -8.600 0.0000000000
25370  53.181  -72.747  -8.098 0.0000000000
25395  52.894  -72.495  -8.743 0.0000000000
25371  52.418  -73.036  -8.122 0.0000000000
25397  51.166  -73.189  -9.461 0.0000000000
27190  51.040  -72.852  -11.689 0.0000000000
25441  50.296  -73.156  -11.295 0.0000000000
27191  50.271  -73.110  -11.877 0.0000000000
25460  49.324  -73.202  -12.648 0.0000000000
25459  50.072  -73.154  -12.919 0.0000000000
22280  48.552  -75.423  -15.031 0.0000000000
23824  51.289  -74.413  -14.557 0.0000000000
23825  49.768  -74.589  -14.315 0.0000000000
23802  52.005  -74.277  -13.875 0.0000000000
25480  52.843  -73.137  -13.963 0.0000000000
27253  52.063  -72.548  -14.562 0.0000000000
27270  50.403  -72.473  -15.121 0.0000000000
27288  49.974  -72.298  -15.651 0.0000000000
33515  46.795  -68.304  -5.258 0.0000000000
33492  47.329  -68.820  -4.723 0.0000000000
28788  47.591  -71.353  -4.566 0.0000000000
30476  46.630  -70.409  -4.273 0.0000000000
27051  49.622  -72.171  -4.310 0.0000000000
23634  50.007  -74.459  -4.412 0.0000000000
25271  51.593  -73.625  -4.047 0.0000000000
20590  48.076  -76.364  -4.499 0.0000000000
28850  46.016  -72.232  -8.643 0.0000000000
28841  46.284  -71.958  -7.636 0.0000000000
28842  45.117  -71.188  -7.916 0.0000000000
32077  44.585  -69.350  -7.996 0.0000000000
25462  47.722  -72.960  -11.819 0.0000000000
27192  46.833  -72.618  -11.285 0.0000000000
27035  51.880  -72.022  -3.713 0.0000000000
28764  52.330  -71.304  -3.984 0.0000000000
27033  53.568  -72.141  -4.015 0.0000000000
27071  54.240  -72.290  -5.427 0.0000000000
23714  53.271  -74.300  -8.280 0.0000000000
25369  54.182  -73.247  -8.068 0.0000000000
25394  53.679  -73.088  -8.907 0.0000000000
27143  53.546  -72.611  -9.145 0.0000000000
27144  53.080  -72.337  -9.474 0.0000000000
25420  51.799  -72.662  -10.026 0.0000000000
27169  52.918  -72.409  -10.440 0.0000000000
27207  52.293  -72.755  -12.628 0.0000000000
25500  52.666  -73.286  -14.907 0.0000000000
23860  52.323  -73.801  -15.711 0.0000000000
27267  52.461  -72.997  -15.837 0.0000000000
27053  47.389  -72.472  -4.704 0.0000000000
27052  48.488  -72.316  -4.583 0.0000000000
25274  48.197  -73.454  -4.616 0.0000000000
28830  47.859  -71.468  -6.458 0.0000000000
30516  47.328  -70.592  -6.594 0.0000000000
30560  43.892  -70.961  -8.995 0.0000000000
30547  44.041  -70.321  -8.505 0.0000000000
32089  43.382  -69.885  -8.945 0.0000000000
33569  43.367  -68.892  -8.641 0.0000000000
22089  52.488  -75.678  -4.377 0.0000000000
22110  53.271  -75.029  -4.588 0.0000000000
22111  52.906  -75.365  -5.201 0.0000000000
22126  52.731  -75.087  -6.168 0.0000000000
22136  52.460  -75.202  -7.034 0.0000000000
22137  51.537  -75.518  -7.573 0.0000000000
23692  52.563  -74.721  -7.711 0.0000000000
23715  52.381  -74.597  -8.567 0.0000000000
23735  52.302  -74.540  -9.697 0.0000000000
25350  48.545  -73.297  -8.116 0.0000000000
27117  47.813  -72.841  -7.514 0.0000000000
27126  47.374  -73.059  -8.743 0.0000000000
27127  46.557  -72.583  -8.832 0.0000000000
27128  46.021  -72.311  -9.247 0.0000000000
27173  46.340  -72.459  -10.714 0.0000000000
28867  45.002  -72.013  -10.289 0.0000000000
28868  44.186  -71.406  -9.702 0.0000000000
28869  43.647  -71.099  -10.016 0.0000000000
30579  42.785  -70.442  -10.263 0.0000000000
28949  46.994  -72.278  -15.137 0.0000000000
31996  50.958  -69.287  -5.094 0.0000000000
25302  50.792  -72.750  -5.815 0.0000000000
25328  50.704  -73.156  -6.352 0.0000000000
27096  53.972  -72.462  -6.449 0.0000000000
27123  54.408  -72.946  -7.715 0.0000000000
27115  53.711  -72.606  -7.541 0.0000000000
27097  53.237  -72.688  -6.370 0.0000000000
25346  52.278  -73.180  -7.204 0.0000000000
25347  51.491  -73.285  -7.350 0.0000000000
25348  50.382  -73.413  -7.470 0.0000000000
25374  49.168  -73.360  -8.722 0.0000000000
25399  48.952  -73.296  -9.666 0.0000000000
25423  48.625  -73.184  -10.580 0.0000000000
25421  50.990  -72.995  -10.614 0.0000000000
25422  49.711  -73.295  -10.588 0.0000000000
25443  48.160  -73.069  -11.367 0.0000000000
25461  48.268  -73.026  -12.381 0.0000000000
27233  48.113  -72.784  -13.279 0.0000000000
27257  47.749  -72.646  -13.988 0.0000000000
22197  51.121  -74.984  -11.013 0.0000000000
23786  51.893  -74.717  -12.713 0.0000000000
25458  52.861  -73.039  -12.640 0.0000000000
27230  51.768  -72.670  -13.541 0.0000000000
27252  52.581  -72.864  -14.759 0.0000000000
27231  50.672  -72.842  -13.359 0.0000000000
27255  49.905  -72.811  -14.139 0.0000000000
27256  48.770  -72.860  -14.050 0.0000000000
27272  48.104  -72.439  -14.745 0.0000000000
28948  48.479  -72.245  -15.623 0.0000000000
34983  47.209  -67.613  -5.858 0.0000000000
34982  48.350  -67.717  -5.677 0.0000000000
33513  48.793  -68.255  -5.211 0.0000000000
33490  49.382  -68.756  -4.857 0.0000000000
30477  45.809  -70.778  -4.156 0.0000000000
32000  46.889  -69.524  -4.294 0.0000000000
31999  48.070  -69.539  -4.486 0.0000000000
31998  49.137  -69.457  -4.473 0.0000000000
30473  49.916  -70.197  -4.274 0.0000000000
28785  50.578  -70.898  -4.152 0.0000000000
27050  50.752  -71.891  -3.927 0.0000000000
25251  51.439  -72.779  -3.851 0.0000000000
23602  52.204  -74.318  -3.926 0.0000000000
22061  52.068  -75.114  -4.022 0.0000000000
22091  50.521  -75.382  -4.321 0.0000000000
22090  51.439  -75.689  -4.301 0.0000000000
28840  47.300  -72.023  -6.940 0.0000000000
28831  46.994  -71.387  -6.809 0.0000000000
30517  46.577  -70.674  -7.002 0.0000000000
30534  44.980  -70.303  -7.638 0.0000000000
32059  45.428  -69.484  -7.720 0.0000000000
20606  50.525  -76.791  -7.677 0.0000000000
20617  50.385  -76.530  -8.125 0.0000000000
22059  53.151  -74.788  -3.837 0.0000000000
22060  52.777  -74.963  -3.808 0.0000000000
22138  50.593  -76.022  -7.647 0.0000000000
22139  50.488  -76.348  -7.781 0.0000000000
22156  50.356  -76.216  -7.987 0.0000000000
23600  53.310  -74.612  -4.013 0.0000000000
23632  53.368  -74.241  -4.136 0.0000000000
23660  54.415  -73.736  -5.900 0.0000000000
23661  53.762  -74.443  -5.406 0.0000000000
23677  54.364  -73.724  -6.390 0.0000000000
23689  54.271  -73.682  -6.774 0.0000000000
23691  53.247  -74.520  -7.234 0.0000000000
23733  53.622  -73.630  -8.700 0.0000000000
23822  52.480  -73.711  -15.083 0.0000000000
23823  52.162  -74.067  -14.811 0.0000000000
23840  52.426  -73.748  -15.425 0.0000000000
25248  53.759  -72.568  -4.186 0.0000000000
25269  54.054  -73.027  -4.448 0.0000000000
25270  53.492  -73.752  -4.179 0.0000000000
25301  51.380  -72.779  -5.779 0.0000000000
25326  52.564  -73.022  -6.646 0.0000000000
25330  48.921  -73.065  -6.803 0.0000000000
25343  54.312  -73.332  -7.410 0.0000000000
25344  54.139  -73.536  -7.648 0.0000000000
25368  54.381  -73.185  -7.798 0.0000000000
25373  50.192  -73.387  -8.562 0.0000000000
25419  53.515  -72.871  -9.653 0.0000000000
25439  53.425  -72.957  -10.414 0.0000000000
25444  47.414  -72.837  -11.299 0.0000000000
25481  50.114  -73.025  -13.330 0.0000000000
25482  49.588  -73.053  -13.424 0.0000000000
25483  48.834  -73.037  -13.246 0.0000000000
25501  49.330  -72.962  -13.836 0.0000000000
25522  52.454  -73.525  -15.529 0.0000000000
25545  51.792  -73.767  -16.790 0.0000000000
27034  52.865  -72.103  -3.698 0.0000000000
27048  54.537  -72.048  -4.928 0.0000000000
27095  54.263  -72.739  -6.450 0.0000000000
27098  50.489  -72.686  -5.913 0.0000000000
27099  49.964  -72.572  -6.101 0.0000000000
27113  54.373  -72.966  -7.147 0.0000000000
27114  54.190  -72.704  -7.315 0.0000000000
27145  52.478  -72.432  -10.006 0.0000000000
27148  45.784  -72.276  -9.995 0.0000000000
27170  52.092  -72.607  -10.799 0.0000000000
27174  45.684  -72.196  -10.981 0.0000000000
27189  51.913  -72.593  -11.751 0.0000000000
27194  45.618  -72.075  -11.939 0.0000000000
27209  50.616  -72.980  -12.447 0.0000000000
27210  49.931  -73.146  -12.291 0.0000000000
27212  47.167  -72.661  -12.225 0.0000000000
27213  46.261  -72.323  -12.457 0.0000000000
27232  50.082  -72.952  -13.579 0.0000000000
27236  46.050  -72.313  -13.200 0.0000000000
27269  51.414  -72.456  -15.340 0.0000000000
27273  47.405  -72.503  -14.499 0.0000000000
28808  54.387  -71.845  -4.975 0.0000000000
28843  44.576  -70.631  -8.072 0.0000000000
28851  45.244  -71.984  -8.935 0.0000000000
28885  44.402  -71.670  -10.842 0.0000000000
28940  46.539  -72.410  -14.458 0.0000000000
30449  51.871  -70.634  -4.300 0.0000000000
30535  44.507  -70.078  -7.863 0.0000000000
30548  43.619  -70.119  -8.823 0.0000000000
30561  43.432  -70.530  -9.437 0.0000000000
30578  43.320  -70.945  -10.416 0.0000000000
30590  43.483  -71.185  -11.102 0.0000000000
32060  44.836  -69.788  -7.714 0.0000000000
32076  45.144  -69.038  -7.895 0.0000000000
32079  43.238  -69.443  -8.782 0.0000000000
32090  42.907  -69.655  -9.194 0.0000000000
33488  50.391  -68.892  -5.365 0.0000000000
33489  50.112  -68.768  -5.104 0.0000000000
33580  42.599  -68.586  -9.069 0.0000000000
