#!ascii label  , from subject 3059 vox2ras=TkReg
508
88471  26.488  -26.575  -10.987 0.1428571492
87313  25.892  -27.425  -10.994 0.1428571492
89630  26.236  -25.471  -11.719 0.1428571492
88470  27.316  -26.578  -10.534 0.1428571492
89608  26.893  -25.681  -10.857 0.2857142985
89607  27.921  -25.792  -10.636 0.1428571492
90797  27.377  -24.288  -11.483 0.5714285970
89627  28.637  -25.198  -11.145 0.1428571492
90794  30.051  -24.259  -10.705 0.2857142985
90795  29.155  -24.312  -11.066 0.2857142985
90776  31.314  -23.845  -10.569 0.1428571492
90793  30.804  -24.071  -10.588 0.2857142985
94439  31.162  -21.570  -11.334 0.2857142985
93220  31.263  -22.600  -10.889 0.2857142985
96833  32.238  -19.399  -11.338 0.2857142985
94437  32.416  -20.727  -11.171 0.2857142985
98010  32.508  -18.568  -11.413 0.2857142985
99231  32.768  -17.653  -11.108 0.2857142985
101373  32.132  -15.707  -11.121 0.8571428657
100333  32.707  -16.641  -10.729 0.4285714328
98009  33.227  -18.663  -10.863 0.2857142985
102380  32.666  -14.663  -10.073 0.7142857313
101361  32.732  -15.674  -10.415 0.7142857313
103337  33.696  -13.684  -9.157 0.8571428657
102379  33.485  -14.623  -9.524 0.5714285970
103358  32.885  -13.645  -9.796 0.8571428657
102394  32.099  -14.744  -10.819 0.7142857313
104328  34.933  -12.744  -8.036 0.4285714328
104347  33.146  -12.914  -9.358 0.7142857313
105372  35.632  -11.755  -8.132 0.2857142985
106476  35.101  -10.776  -8.184 0.5714285970
104329  33.723  -12.634  -8.570 0.8571428657
105373  34.426  -11.600  -8.378 0.7142857313
106475  36.285  -10.830  -8.220 0.1428571492
105374  33.406  -11.373  -9.034 0.8571428657
108745  36.122  -7.906  -7.986 0.1428571492
107632  37.044  -10.051  -8.318 0.1428571492
106457  35.707  -10.083  -8.018 0.4285714328
109910  36.472  -7.042  -7.891 0.1428571492
108744  37.123  -8.109  -8.096 0.1428571492
107615  35.879  -9.085  -8.007 0.1428571492
107616  34.999  -9.027  -8.228 0.4285714328
106458  34.734  -9.803  -8.245 0.5714285970
106477  33.888  -10.252  -8.693 0.7142857313
105375  32.703  -11.296  -9.880 0.8571428657
111044  35.966  -5.949  -7.599 0.1428571492
109911  35.187  -6.762  -8.037 0.1428571492
108746  34.964  -8.008  -8.238 0.5714285970
106459  34.179  -9.588  -8.521 0.8571428657
112107  36.285  -5.190  -7.960 0.1428571492
112108  35.340  -5.274  -8.067 0.2857142985
109912  34.752  -6.663  -8.033 0.8571428657
108747  34.680  -8.568  -8.370 0.8571428657
107617  34.420  -9.059  -8.423 0.7142857313
108760  34.214  -8.197  -8.644 0.8571428657
113169  34.476  -4.628  -8.635 0.1428571492
114207  35.143  -3.857  -8.700 0.1428571492
112109  34.669  -5.468  -8.301 0.4285714328
111063  33.869  -6.371  -8.582 0.8571428657
111062  34.449  -6.440  -8.188 0.8571428657
108761  33.293  -8.331  -9.321 0.8571428657
109928  33.488  -7.373  -8.913 0.8571428657
113190  33.924  -4.065  -9.101 0.1428571492
114225  33.426  -3.468  -9.386 0.2857142985
113191  33.341  -4.507  -8.978 0.8571428657
113170  33.894  -5.078  -8.859 0.8571428657
112134  33.491  -5.571  -8.843 0.8571428657
111064  32.977  -6.492  -8.965 0.8571428657
115162  33.193  -3.021  -9.821 0.2857142985
112135  32.668  -5.468  -8.937 0.8571428657
112136  31.956  -5.328  -9.031 0.8571428657
114226  32.565  -3.400  -9.327 0.8571428657
113192  32.329  -4.479  -9.098 0.8571428657
113193  31.687  -4.499  -8.847 0.7142857313
114227  31.899  -3.666  -9.082 0.8571428657
115164  31.809  -2.785  -8.834 0.8571428657
114208  31.446  -3.670  -8.455 0.7142857313
116180  32.050  -2.185  -9.926 0.7142857313
115172  31.976  -2.540  -9.599 0.8571428657
116176  31.995  -1.749  -9.344 0.8571428657
116166  31.877  -1.795  -8.010 0.8571428657
117178  31.914  -0.365  -8.593 0.7142857313
118214  32.251  0.556  -11.523 0.1428571492
117191  31.981  -1.017  -8.538 0.8571428657
117190  32.162  -0.637  -9.233 0.7142857313
118176  32.089  -0.034  -8.909 0.7142857313
119184  32.178  1.607  -11.929 0.1428571492
118189  32.299  0.437  -9.365 0.5714285970
119155  32.146  1.284  -9.467 0.5714285970
120073  31.646  1.986  -9.397 0.5714285970
120083  32.157  1.857  -10.193 0.1428571492
120105  32.081  2.953  -12.394 0.1428571492
120074  30.708  2.602  -9.202 0.5714285970
120934  31.654  4.024  -11.710 0.1428571492
120084  31.740  2.650  -10.300 0.1428571492
120943  32.396  4.437  -13.064 0.1428571492
121683  30.959  4.855  -11.092 0.1428571492
121706  31.509  5.582  -12.550 0.1428571492
87312  26.802  -27.384  -10.561 0.1428571492
86108  26.398  -28.315  -10.351 0.1428571492
89606  28.921  -25.996  -10.724 0.1428571492
89626  29.630  -25.237  -10.697 0.2857142985
94430  31.533  -22.112  -10.788 0.2857142985
99232  31.933  -17.635  -11.653 0.2857142985
100350  31.978  -16.717  -11.277 0.5714285970
103336  34.537  -13.696  -8.547 0.2857142985
102395  31.543  -14.769  -11.418 0.7142857313
104348  32.541  -12.427  -10.158 0.8571428657
109926  34.803  -7.509  -8.209 0.8571428657
107634  33.057  -9.309  -9.352 0.8571428657
116175  32.275  -1.163  -9.782 0.8571428657
119167  32.531  1.215  -9.970 0.2857142985
120949  32.275  4.198  -14.152 0.1428571492
86109  25.285  -28.300  -10.745 0.1428571492
91981  29.643  -23.404  -11.033 0.2857142985
90796  28.254  -24.330  -11.391 0.4285714328
91984  27.192  -23.691  -11.834 0.2857142985
91979  30.984  -23.339  -10.810 0.1428571492
94428  32.811  -21.337  -10.858 0.2857142985
95634  32.660  -20.270  -11.083 0.2857142985
95636  31.368  -20.359  -11.448 0.2857142985
95637  30.558  -20.450  -11.798 0.2857142985
95635  32.032  -20.194  -11.216 0.2857142985
101374  31.559  -15.732  -11.758 0.7142857313
111043  36.883  -6.128  -8.053 0.1428571492
113168  35.608  -4.478  -8.303 0.1428571492
107635  32.420  -9.369  -10.092 1.0000000000
114224  34.400  -3.571  -9.282 0.1428571492
115161  33.709  -2.822  -9.796 0.1428571492
114236  32.553  -3.003  -9.954 0.2857142985
116179  32.250  -1.617  -10.471 0.5714285970
118201  32.510  0.402  -10.506 0.4285714328
117205  32.324  -0.571  -11.219 0.2857142985
119179  32.282  1.300  -10.856 0.1428571492
120095  32.210  2.186  -11.030 0.1428571492
120915  30.406  3.693  -9.678 0.2857142985
120104  32.145  2.413  -11.763 0.1428571492
120924  31.334  3.797  -10.420 0.1428571492
120925  30.529  4.601  -10.340 0.1428571492
121707  31.054  5.593  -12.213 0.1428571492
121696  30.755  5.653  -11.657 0.1428571492
115171  32.257  -2.600  -10.096 0.4285714328
117197  32.497  -0.549  -10.084 0.5714285970
89609  26.477  -26.001  -11.280 0.1428571492
87314  24.855  -27.521  -11.284 0.1428571492
89629  26.894  -24.927  -11.334 0.4285714328
88489  26.209  -26.281  -11.575 0.2857142985
89628  27.683  -25.086  -11.258 0.5714285970
91980  30.383  -23.529  -10.816 0.1428571492
94438  32.018  -21.023  -11.259 0.2857142985
103375  31.488  -14.173  -10.992 0.7142857313
107614  36.832  -8.930  -8.009 0.1428571492
111045  34.970  -5.964  -7.785 0.5714285970
107633  33.752  -9.133  -8.746 0.8571428657
109927  34.397  -7.193  -8.335 0.8571428657
112110  34.135  -5.518  -8.629 0.8571428657
115163  31.961  -3.065  -9.488 0.8571428657
118221  32.056  0.764  -12.469 0.1428571492
120062  31.432  1.540  -8.877 0.5714285970
120112  31.721  3.003  -13.858 0.1428571492
120914  31.260  3.023  -9.665 0.4285714328
120096  31.835  3.004  -11.258 0.1428571492
121695  31.391  5.049  -12.061 0.1428571492
93212  32.580  -22.483  -10.565 0.1428571492
91983  27.890  -23.649  -11.724 0.4285714328
96835  30.912  -19.516  -11.747 0.5714285970
96850  29.562  -19.609  -12.522 0.5714285970
96865  28.461  -19.673  -13.285 0.5714285970
96867  27.263  -19.574  -13.485 0.2857142985
98030  29.768  -18.763  -12.671 0.5714285970
98050  29.035  -18.724  -13.231 0.5714285970
94475  27.305  -21.009  -13.265 0.4285714328
98031  29.354  -19.179  -12.839 0.5714285970
96868  26.456  -19.416  -13.403 0.2857142985
98052  27.028  -18.614  -13.652 0.4285714328
99246  30.831  -17.595  -12.596 0.4285714328
99247  30.121  -17.814  -13.003 0.5714285970
99263  28.492  -17.669  -13.699 0.5714285970
99277  27.286  -16.950  -14.095 0.4285714328
100365  30.301  -16.828  -12.807 0.5714285970
100382  29.064  -16.958  -13.635 0.4285714328
101390  29.738  -15.971  -12.833 0.7142857313
101406  29.169  -15.945  -13.588 0.4285714328
101389  30.287  -15.972  -12.393 0.4285714328
98051  27.945  -18.831  -13.497 0.4285714328
98053  26.179  -18.411  -13.591 0.2857142985
99276  27.910  -17.056  -14.007 0.4285714328
100364  30.978  -16.719  -12.522 0.7142857313
102410  30.452  -15.135  -12.425 0.7142857313
103406  28.492  -13.683  -13.527 0.4285714328
103388  30.118  -13.120  -13.261 0.7142857313
104396  29.503  -12.950  -13.344 0.5714285970
104378  29.639  -12.601  -12.962 0.2857142985
102409  31.043  -14.700  -12.200 0.5714285970
103403  30.428  -14.125  -12.870 0.7142857313
103376  31.253  -13.531  -11.666 0.7142857313
105423  29.998  -11.920  -12.561 0.7142857313
105422  30.498  -11.900  -12.480 0.7142857313
105424  29.333  -12.160  -12.282 0.4285714328
105407  29.752  -11.449  -12.192 0.4285714328
103359  31.980  -13.529  -10.716 0.5714285970
104365  31.390  -12.285  -11.764 0.5714285970
105405  30.887  -11.554  -12.098 0.7142857313
105390  31.427  -11.356  -11.417 0.7142857313
106487  31.555  -10.401  -10.945 0.7142857313
106500  30.523  -11.286  -11.927 0.7142857313
106501  30.187  -11.132  -11.837 0.5714285970
106489  30.094  -10.632  -11.277 0.5714285970
104330  33.108  -12.129  -9.398 0.7142857313
104349  31.638  -12.259  -10.908 0.5714285970
105389  32.035  -11.305  -10.671 0.7142857313
107644  31.837  -9.407  -10.651 0.7142857313
107645  31.233  -9.563  -10.969 0.7142857313
107646  30.558  -9.901  -10.840 0.5714285970
106479  32.276  -10.312  -10.385 0.8571428657
108774  31.644  -8.606  -10.773 0.7142857313
109943  31.497  -7.976  -10.593 0.2857142985
106478  32.886  -10.311  -9.540 0.7142857313
108773  32.179  -8.557  -10.597 0.7142857313
109930  31.725  -7.330  -10.103 0.7142857313
109942  32.066  -7.861  -10.708 0.8571428657
111065  31.996  -6.474  -9.064 0.8571428657
111066  31.183  -6.878  -9.438 0.7142857313
109941  32.374  -8.043  -10.431 0.8571428657
109929  32.564  -7.512  -9.817 0.8571428657
111047  31.691  -5.809  -8.875 0.8571428657
115148  31.349  -2.789  -7.789 0.7142857313
114209  30.787  -3.680  -7.846 0.7142857313
116167  30.706  -1.755  -7.091 0.7142857313
116150  30.160  -2.443  -7.020 0.7142857313
117180  30.121  -0.356  -7.364 0.7142857313
117181  28.797  -0.377  -7.995 0.7142857313
116168  29.273  -1.321  -7.455 0.5714285970
117179  31.427  -0.587  -7.852 0.7142857313
118179  29.520  0.652  -7.978 0.4285714328
117182  27.619  -0.648  -8.785 0.5714285970
118178  30.774  0.499  -7.962 0.5714285970
116169  28.045  -1.316  -8.178 0.5714285970
118180  28.167  0.513  -8.803 0.5714285970
117183  26.458  -1.189  -9.408 0.5714285970
116170  27.233  -1.322  -8.714 0.4285714328
118181  26.963  -0.174  -9.662 0.5714285970
119144  29.076  1.573  -8.890 0.5714285970
118182  26.156  -0.797  -10.445 0.4285714328
116153  26.823  -2.089  -8.481 0.4285714328
117199  25.220  0.288  -10.702 0.4285714328
118204  25.519  0.587  -11.020 0.2857142985
117192  25.217  -0.611  -10.651 0.4285714328
117185  24.636  -0.906  -9.365 0.2857142985
95653  28.661  -20.428  -12.893 0.5714285970
94474  27.744  -20.852  -13.262 0.5714285970
98029  30.751  -18.573  -12.287 0.2857142985
96866  27.867  -19.811  -13.509 0.5714285970
98011  31.623  -18.530  -11.884 0.2857142985
98028  31.144  -18.052  -12.253 0.5714285970
95673  26.790  -20.341  -13.291 0.2857142985
99264  27.565  -17.785  -13.826 0.4285714328
100383  28.506  -16.601  -13.991 0.4285714328
99278  26.722  -16.763  -14.008 0.2857142985
102429  29.684  -14.855  -13.188 0.5714285970
101338  34.158  -15.469  -9.536 0.2857142985
104398  28.105  -12.853  -13.407 0.2857142985
108762  32.597  -8.498  -9.951 0.8571428657
113171  31.159  -4.565  -8.222 0.7142857313
118177  31.720  0.375  -8.603 0.5714285970
119142  31.218  1.161  -8.510 0.5714285970
119143  30.313  1.381  -8.338 0.5714285970
119145  28.176  1.204  -9.215 0.5714285970
118191  27.299  1.058  -9.846 0.2857142985
101419  27.767  -15.592  -14.377 0.4285714328
96834  31.563  -19.467  -11.535 0.2857142985
100351  31.450  -16.707  -11.945 0.5714285970
101388  30.905  -15.825  -12.139 0.5714285970
112111  31.469  -5.311  -8.678 0.7142857313
96849  30.180  -19.502  -12.107 0.5714285970
96851  29.071  -19.658  -12.917 0.5714285970
95672  27.509  -20.362  -13.402 0.5714285970
99262  29.373  -17.719  -13.402 0.5714285970
94456  28.047  -21.445  -12.789 0.5714285970
99265  26.799  -17.613  -13.855 0.4285714328
100366  29.672  -16.872  -13.276 0.5714285970
102430  28.721  -14.741  -13.559 0.4285714328
102411  29.978  -15.286  -12.600 0.5714285970
102428  30.232  -14.620  -12.848 0.7142857313
103405  29.463  -13.607  -13.363 0.5714285970
103387  30.623  -13.569  -12.676 0.7142857313
104377  30.320  -12.532  -12.769 0.7142857313
103360  31.411  -12.869  -11.197 0.7142857313
104376  30.960  -12.489  -12.420 0.7142857313
105406  30.323  -11.447  -12.306 0.7142857313
106488  30.812  -10.725  -11.463 0.7142857313
106490  29.666  -10.631  -11.180 0.2857142985
108775  30.984  -8.747  -10.559 0.5714285970
118192  26.248  0.182  -10.524 0.5714285970
117184  25.259  -1.337  -10.174 0.4285714328
100396  26.215  -16.253  -13.902 0.1428571492
101434  27.122  -15.616  -14.485 0.4285714328
90799  25.897  -24.825  -12.101 0.4285714328
96832  32.955  -19.482  -10.997 0.1428571492
99212  33.381  -17.315  -10.691 0.1428571492
96822  33.746  -19.567  -10.624 0.1428571492
100331  34.476  -17.219  -10.078 0.1428571492
99230  33.497  -18.009  -10.706 0.1428571492
97996  34.026  -18.695  -10.505 0.1428571492
100332  33.722  -16.569  -10.274 0.1428571492
102357  34.354  -14.605  -9.097 0.1428571492
144038  30.462  7.097  -11.978 0.1428571492
111048  31.236  -6.066  -8.939 0.4285714328
144033  29.793  7.642  -11.926 0.1428571492
114187  30.061  -3.684  -7.328 0.4285714328
121675  28.191  4.353  -10.302 0.2857142985
119168  28.188  2.602  -9.725 0.2857142985
119158  28.112  1.679  -9.427 0.2857142985
120085  28.609  2.817  -9.567 0.2857142985
113152  28.745  -4.230  -7.302 0.1428571492
115149  30.514  -2.879  -7.325 0.5714285970
120087  27.298  3.050  -11.010 0.2857142985
120064  30.153  2.028  -8.899 0.4285714328
114188  29.207  -3.557  -7.363 0.4285714328
116151  29.509  -2.206  -7.128 0.5714285970
119169  27.687  2.161  -10.152 0.2857142985
115133  27.603  -2.918  -7.664 0.4285714328
119171  25.877  1.770  -11.361 0.1428571492
118202  27.065  1.585  -10.511 0.1428571492
119170  26.752  2.070  -10.939 0.1428571492
118205  25.251  0.711  -10.813 0.1428571492
120088  26.319  2.773  -11.363 0.1428571492
115134  26.365  -3.408  -8.218 0.2857142985
118194  25.166  0.610  -10.495 0.2857142985
118168  24.912  -0.007  -8.527 0.1428571492
119172  25.373  1.461  -10.941 0.1428571492
120089  25.701  2.836  -11.242 0.1428571492
119160  25.590  1.469  -9.917 0.1428571492
119146  26.337  1.715  -8.871 0.1428571492
90798  26.514  -24.318  -11.902 0.4285714328
92006  25.928  -23.300  -12.512 0.2857142985
95629  33.376  -20.440  -10.725 0.1428571492
100309  33.976  -16.045  -9.799 0.1428571492
118190  31.986  0.649  -8.956 0.4285714328
120075  29.474  2.777  -9.318 0.2857142985
120097  26.588  3.496  -11.370 0.2857142985
120917  28.490  3.858  -10.012 0.2857142985
120099  25.806  3.635  -11.482 0.2857142985
92007  25.043  -23.368  -12.308 0.2857142985
91966  31.590  -23.305  -10.612 0.1428571492
94427  33.793  -21.445  -10.360 0.1428571492
101360  33.396  -15.546  -9.848 0.1428571492
114190  27.265  -3.675  -7.547 0.1428571492
116152  28.334  -2.092  -7.621 0.5714285970
120063  30.978  1.867  -8.732 0.4285714328
120927  27.085  4.076  -11.167 0.2857142985
120926  27.820  3.912  -10.557 0.2857142985
120916  29.284  3.845  -9.718 0.2857142985
121674  28.672  4.609  -10.091 0.2857142985
121685  28.703  5.643  -10.617 0.1428571492
144026  28.714  6.821  -11.204 0.1428571492
121684  30.044  5.858  -10.777 0.1428571492
120078  25.747  2.434  -10.661 0.2857142985
120935  26.354  4.045  -11.490 0.2857142985
144027  29.632  7.162  -11.572 0.1428571492
121673  29.651  4.701  -10.155 0.1428571492
121686  27.606  5.075  -10.511 0.2857142985
118193  25.544  -0.475  -10.845 0.4285714328
117193  24.965  -0.286  -10.384 0.2857142985
118203  26.404  1.187  -10.819 0.2857142985
96821  34.564  -19.601  -10.181 0.1428571492
113172  30.205  -4.586  -7.835 0.2857142985
120086  28.112  3.101  -10.063 0.2857142985
119157  28.510  2.278  -9.442 0.2857142985
115131  29.734  -2.939  -7.184 0.4285714328
115132  28.802  -2.860  -7.422 0.4285714328
114189  28.242  -3.541  -7.296 0.2857142985
90817  25.595  -24.210  -12.286 0.2857142985
100308  34.743  -16.482  -9.718 0.1428571492
112112  30.770  -5.486  -8.350 0.2857142985
121676  26.827  5.210  -10.442 0.1428571492
121687  26.558  4.721  -11.083 0.1428571492
144017  26.547  6.148  -9.548 0.1428571492
120066  26.889  2.705  -8.959 0.1428571492
121663  26.946  4.997  -9.251 0.1428571492
121688  26.078  4.538  -11.065 0.1428571492
120908  26.749  3.590  -9.437 0.1428571492
121677  26.286  4.137  -10.536 0.1428571492
120907  27.465  4.007  -8.495 0.1428571492
121678  25.709  3.772  -10.908 0.1428571492
121664  26.551  4.010  -9.863 0.1428571492
120896  27.845  3.852  -7.396 0.1428571492
121652  27.304  5.419  -7.375 0.1428571492
144022  25.791  7.073  -9.513 0.1428571492
121698  25.906  4.228  -11.593 0.1428571492
122415  26.630  6.241  -10.649 0.1428571492
99245  31.336  -17.549  -12.185 0.4285714328
94441  28.813  -21.778  -12.041 0.4285714328
93221  30.397  -22.623  -11.212 0.1428571492
94455  29.021  -20.999  -12.387 0.2857142985
94440  29.921  -21.454  -12.067 0.1428571492
94454  29.557  -20.792  -12.370 0.2857142985
93223  28.576  -22.557  -11.966 0.2857142985
94442  28.354  -22.056  -12.267 0.4285714328
93222  29.325  -22.508  -11.574 0.1428571492
95651  29.873  -20.371  -12.295 0.2857142985
93239  26.456  -22.486  -12.745 0.2857142985
92005  26.766  -23.371  -12.403 0.2857142985
93238  27.344  -22.486  -12.691 0.2857142985
94457  27.005  -21.716  -13.034 0.2857142985
101407  28.408  -15.680  -14.132 0.2857142985
102446  28.084  -14.985  -14.190 0.2857142985
102431  28.067  -14.349  -13.799 0.2857142985
104379  28.727  -12.516  -12.784 0.1428571492
105425  28.389  -12.187  -12.155 0.1428571492
106502  29.421  -10.935  -11.587 0.1428571492
108776  30.122  -9.299  -10.140 0.1428571492
108763  30.477  -8.508  -9.798 0.1428571492
109931  30.989  -7.733  -9.959 0.1428571492
111067  30.744  -7.249  -9.346 0.1428571492
113173  29.316  -4.946  -7.401 0.1428571492
117168  25.319  -1.976  -9.564 0.1428571492
115135  25.739  -3.145  -8.275 0.1428571492
116171  25.061  -1.988  -9.513 0.1428571492
116155  24.755  -2.101  -8.719 0.1428571492
92003  28.219  -23.102  -12.063 0.1428571492
111049  30.430  -6.602  -8.761 0.1428571492
113151  29.533  -4.199  -7.406 0.1428571492
89645  25.102  -24.569  -12.303 0.2857142985
100393  27.762  -16.304  -14.299 0.2857142985
102459  27.596  -15.135  -14.387 0.2857142985
103423  27.071  -14.368  -14.375 0.2857142985
105409  27.916  -11.719  -11.719 0.1428571492
107660  29.391  -10.619  -11.127 0.1428571492
107647  29.542  -10.179  -10.697 0.1428571492
108777  28.985  -9.143  -10.187 0.1428571492
108764  29.595  -8.625  -9.544 0.1428571492
109932  30.243  -7.811  -9.150 0.1428571492
116154  25.544  -2.685  -9.202 0.1428571492
103437  26.655  -14.912  -14.409 0.2857142985
92004  27.602  -23.166  -12.243 0.2857142985
105408  28.948  -11.738  -11.744 0.1428571492
101420  26.744  -15.873  -14.396 0.1428571492
103408  26.505  -13.893  -13.974 0.1428571492
89646  24.729  -24.601  -12.154 0.1428571492
90818  24.952  -24.155  -12.221 0.1428571492
90801  23.546  -24.240  -11.401 0.1428571492
94458  26.157  -21.485  -12.756 0.1428571492
103335  35.588  -13.689  -8.400 0.1428571492
115179  32.205  -2.120  -11.495 0.1428571492
88490  25.505  -26.330  -11.892 0.1428571492
93241  24.676  -22.284  -12.269 0.1428571492
93240  25.574  -22.400  -12.551 0.1428571492
94476  26.707  -21.079  -13.129 0.1428571492
95674  26.007  -20.144  -13.216 0.1428571492
115170  32.861  -2.675  -10.411 0.1428571492
96869  25.473  -19.422  -13.373 0.1428571492
89631  25.179  -25.225  -12.278 0.1428571492
95654  26.287  -20.732  -12.989 0.1428571492
99266  26.037  -17.172  -13.773 0.1428571492
90816  26.200  -23.820  -12.303 0.1428571492
90800  24.434  -23.971  -11.809 0.1428571492
95655  25.671  -20.691  -12.840 0.1428571492
88472  25.960  -26.786  -11.472 0.1428571492
93237  28.042  -22.488  -12.379 0.2857142985
95652  29.293  -20.304  -12.560 0.5714285970
95671  28.083  -20.473  -13.318 0.5714285970
98012  31.239  -18.996  -11.886 0.2857142985
98049  29.612  -18.249  -13.142 0.5714285970
99279  26.438  -16.571  -13.918 0.1428571492
100394  27.066  -16.226  -14.429 0.1428571492
100395  26.600  -16.217  -14.168 0.1428571492
100405  27.397  -15.919  -14.480 0.4285714328
100406  27.175  -15.865  -14.523 0.4285714328
101421  26.367  -15.681  -14.191 0.1428571492
101433  27.352  -15.534  -14.473 0.4285714328
101435  26.655  -15.500  -14.400 0.4285714328
102427  30.538  -14.424  -12.579 0.7142857313
102432  26.345  -14.582  -14.166 0.2857142985
102447  27.599  -14.576  -14.220 0.2857142985
102448  26.379  -15.063  -14.328 0.2857142985
102460  27.188  -15.026  -14.458 0.2857142985
102461  26.787  -15.164  -14.456 0.2857142985
103389  29.752  -12.985  -13.361 0.5714285970
103404  30.153  -13.953  -13.155 0.5714285970
103424  26.639  -14.594  -14.323 0.2857142985
103436  26.870  -14.797  -14.446 0.2857142985
104397  29.021  -12.942  -13.322 0.2857142985
107661  28.779  -10.603  -10.988 0.1428571492
108759  34.605  -7.756  -8.378 0.8571428657
111046  34.376  -5.940  -8.260 0.8571428657
114235  32.881  -3.097  -9.759 0.2857142985
116172  24.845  -1.642  -9.521 0.1428571492
117167  25.790  -1.971  -9.506 0.1428571492
117198  25.331  -0.124  -10.687 0.4285714328
119156  31.833  1.090  -8.978 0.4285714328
119185  32.004  2.226  -12.235 0.1428571492
120072  32.152  1.601  -9.742 0.5714285970
120076  28.788  3.299  -9.635 0.2857142985
120098  26.027  3.519  -11.613 0.2857142985
120106  25.998  3.789  -11.721 0.2857142985
120107  25.823  3.901  -11.664 0.2857142985
120919  25.693  3.341  -10.867 0.1428571492
120928  25.602  3.591  -11.170 0.1428571492
120936  26.002  4.036  -11.730 0.1428571492
120937  25.710  3.918  -11.432 0.1428571492
120944  25.849  4.005  -11.887 0.1428571492
120945  25.848  4.131  -11.684 0.1428571492
121689  25.735  4.040  -10.964 0.1428571492
121697  26.172  4.266  -11.556 0.1428571492
121699  25.801  4.199  -11.393 0.1428571492
121708  25.933  4.256  -11.851 0.1428571492
121709  25.845  4.186  -11.651 0.1428571492
