#!ascii label  , from subject 3105 vox2ras=TkReg
1423
59476  -38.664  -28.761  27.413 0.0000000000
71697  -52.040  -18.469  22.939 0.0000000000
66106  -45.335  -23.624  25.156 0.0000000000
37099  -14.005  -48.052  46.520 0.0000000000
56077  -36.582  -32.858  32.123 0.0000000000
38310  -28.543  -47.196  44.262 0.0000000000
45532  -35.116  -41.622  42.554 0.0000000000
48056  -39.346  -39.550  35.635 0.0000000000
52725  -39.791  -35.542  35.831 0.0000000000
38366  -20.688  -47.918  40.412 0.0000000000
35945  -24.925  -49.477  44.728 0.0000000000
39611  -24.393  -45.583  39.577 0.0000000000
46790  -30.292  -40.905  39.695 0.0000000000
44424  -35.033  -42.937  37.605 0.0000000000
60523  -40.700  -28.505  33.951 0.0000000000
62851  -43.486  -27.134  31.161 0.0000000000
69305  -48.245  -20.793  24.370 0.0000000000
62921  -41.762  -26.422  25.329 0.0000000000
74118  -49.513  -16.846  18.829 0.0000000000
37057  -9.753  -48.986  48.885 0.0000000000
57037  -39.437  -31.909  36.384 0.0000000000
59398  -37.277  -30.000  30.440 0.0000000000
45547  -26.715  -41.328  39.856 0.0000000000
44298  -30.802  -42.973  42.758 0.0000000000
61727  -47.115  -27.493  29.421 0.0000000000
76357  -56.616  -14.453  15.405 0.0000000000
48053  -36.591  -39.666  35.190 0.0000000000
50438  -37.869  -38.009  34.386 0.0000000000
38386  -22.107  -46.565  40.139 0.0000000000
45636  -32.476  -41.468  36.337 0.0000000000
45682  -35.003  -41.387  34.677 0.0000000000
45639  -37.927  -42.070  36.209 0.0000000000
60566  -39.311  -28.646  30.151 0.0000000000
61647  -41.829  -27.946  32.706 0.0000000000
61721  -41.002  -27.930  29.369 0.0000000000
70451  -50.434  -19.518  24.006 0.0000000000
70417  -50.372  -19.770  26.880 0.0000000000
74066  -54.430  -16.652  22.769 0.0000000000
38300  -11.712  -48.053  43.961 0.0000000000
37076  -12.401  -48.121  47.620 0.0000000000
54983  -38.296  -34.006  34.144 0.0000000000
54944  -39.449  -33.522  36.159 0.0000000000
57073  -38.283  -32.123  33.618 0.0000000000
59355  -38.610  -30.525  33.353 0.0000000000
58194  -37.015  -31.151  31.592 0.0000000000
37128  -26.939  -48.914  44.897 0.0000000000
34741  -26.023  -50.074  46.765 0.0000000000
37086  -28.041  -48.198  46.134 0.0000000000
39491  -29.470  -46.496  46.475 0.0000000000
45613  -25.515  -40.834  37.884 0.0000000000
48014  -26.244  -39.021  38.119 0.0000000000
44329  -32.204  -42.549  40.661 0.0000000000
45528  -30.077  -41.621  41.219 0.0000000000
45485  -32.618  -42.415  43.524 0.0000000000
43088  -33.148  -43.870  45.271 0.0000000000
34838  -16.579  -50.331  42.271 0.0000000000
33572  -18.554  -52.138  44.281 0.0000000000
32372  -18.707  -52.849  46.771 0.0000000000
63965  -43.475  -25.231  25.238 0.0000000000
61763  -44.607  -27.322  27.649 0.0000000000
63943  -46.132  -25.426  27.436 0.0000000000
77502  -58.231  -13.512  13.986 0.0000000000
37045  -14.237  -48.218  49.582 0.0000000000
48020  -42.175  -39.728  37.671 0.0000000000
50352  -41.670  -37.025  37.934 0.0000000000
50394  -39.950  -37.545  36.171 0.0000000000
51607  -38.783  -36.063  34.040 0.0000000000
35967  -20.309  -49.539  42.748 0.0000000000
35931  -22.401  -50.583  44.898 0.0000000000
37170  -22.408  -48.578  42.667 0.0000000000
38338  -24.806  -47.936  42.361 0.0000000000
38356  -26.399  -46.925  41.461 0.0000000000
48016  -28.403  -39.293  37.362 0.0000000000
46832  -30.454  -40.506  37.354 0.0000000000
44402  -32.151  -42.627  38.241 0.0000000000
44380  -35.519  -42.516  39.739 0.0000000000
46811  -37.262  -41.319  39.040 0.0000000000
46834  -39.921  -40.818  38.054 0.0000000000
37215  -18.304  -48.222  39.905 0.0000000000
59311  -41.208  -29.353  36.595 0.0000000000
60463  -42.783  -28.190  38.595 0.0000000000
61615  -42.067  -28.065  36.100 0.0000000000
62793  -43.104  -26.594  34.687 0.0000000000
68227  -46.584  -21.877  24.322 0.0000000000
66088  -47.358  -23.376  27.491 0.0000000000
68202  -49.047  -21.357  26.933 0.0000000000
30073  -5.717  -53.819  51.268 0.0000000000
61777  -39.939  -27.753  26.603 0.0000000000
65038  -40.927  -24.709  23.040 0.0000000000
68251  -44.148  -21.568  22.761 0.0000000000
70482  -45.646  -20.214  22.151 0.0000000000
70484  -47.255  -19.507  22.173 0.0000000000
71713  -49.405  -18.268  21.341 0.0000000000
74088  -50.475  -16.935  20.743 0.0000000000
72999  -48.431  -17.576  19.226 0.0000000000
37010  -11.691  -48.684  51.462 0.0000000000
35858  -9.485  -49.725  51.640 0.0000000000
32301  -8.140  -52.137  52.079 0.0000000000
54887  -43.056  -33.454  40.271 0.0000000000
52648  -41.282  -35.614  38.597 0.0000000000
54912  -41.383  -33.481  38.334 0.0000000000
57012  -40.246  -31.382  38.022 0.0000000000
59324  -39.538  -30.105  35.379 0.0000000000
59385  -39.306  -29.777  31.199 0.0000000000
59419  -37.882  -29.253  29.109 0.0000000000
33518  -23.898  -51.659  46.779 0.0000000000
42027  -25.494  -44.218  38.955 0.0000000000
41995  -27.812  -44.367  41.135 0.0000000000
47954  -28.391  -39.885  39.852 0.0000000000
45501  -28.744  -42.611  41.424 0.0000000000
41937  -29.898  -44.961  44.077 0.0000000000
41906  -31.668  -45.400  45.050 0.0000000000
37154  -13.697  -48.115  43.796 0.0000000000
37166  -14.848  -48.093  42.861 0.0000000000
37123  -15.942  -48.867  45.777 0.0000000000
61745  -43.179  -27.797  28.441 0.0000000000
61698  -45.330  -27.480  30.367 0.0000000000
61659  -47.492  -27.169  32.544 0.0000000000
63925  -48.914  -25.509  29.218 0.0000000000
74107  -52.969  -16.514  19.738 0.0000000000
75181  -54.353  -15.961  19.143 0.0000000000
76310  -56.695  -14.274  18.633 0.0000000000
76335  -54.374  -14.428  16.675 0.0000000000
77452  -58.235  -13.402  17.205 0.0000000000
46909  -35.462  -39.931  33.980 0.0000000000
48095  -36.141  -39.169  33.774 0.0000000000
48094  -35.420  -39.410  33.397 0.0000000000
46896  -33.821  -41.080  34.659 0.0000000000
46897  -34.595  -41.014  34.330 0.0000000000
46871  -36.212  -41.028  34.850 0.0000000000
60587  -39.334  -28.535  29.292 0.0000000000
61693  -40.690  -28.304  29.925 0.0000000000
61741  -40.126  -28.224  28.847 0.0000000000
70467  -50.867  -19.029  23.540 0.0000000000
70452  -51.357  -19.409  24.186 0.0000000000
71667  -52.575  -18.878  24.397 0.0000000000
72952  -53.502  -17.810  23.879 0.0000000000
74064  -52.794  -17.594  22.407 0.0000000000
37137  -12.506  -48.188  44.679 0.0000000000
37119  -12.211  -48.164  45.743 0.0000000000
37098  -12.885  -48.136  46.636 0.0000000000
56068  -36.962  -32.962  33.096 0.0000000000
56059  -38.109  -32.690  34.435 0.0000000000
57072  -37.164  -32.189  33.308 0.0000000000
58160  -37.655  -31.712  33.108 0.0000000000
57100  -36.225  -31.951  31.760 0.0000000000
32391  -20.583  -52.838  45.720 0.0000000000
38309  -27.547  -48.076  44.139 0.0000000000
38276  -27.059  -48.313  45.792 0.0000000000
38293  -28.348  -47.680  45.144 0.0000000000
38258  -28.715  -47.375  46.114 0.0000000000
39519  -29.254  -46.887  45.318 0.0000000000
44331  -33.832  -42.889  41.617 0.0000000000
44314  -32.762  -42.521  42.207 0.0000000000
44301  -33.620  -42.096  43.273 0.0000000000
45487  -34.134  -41.818  43.818 0.0000000000
34811  -19.722  -51.156  43.166 0.0000000000
33573  -19.574  -52.222  44.261 0.0000000000
31262  -19.868  -53.458  45.195 0.0000000000
55988  -43.822  -32.118  40.468 0.0000000000
65026  -44.657  -24.266  25.322 0.0000000000
63955  -45.224  -25.218  26.441 0.0000000000
65017  -45.628  -24.683  26.127 0.0000000000
46876  -40.470  -39.915  36.096 0.0000000000
49206  -41.039  -38.803  36.640 0.0000000000
49234  -39.631  -38.799  35.858 0.0000000000
51584  -38.170  -37.385  34.241 0.0000000000
51617  -37.387  -36.001  33.306 0.0000000000
53916  -37.272  -35.172  32.596 0.0000000000
37180  -20.564  -48.695  41.756 0.0000000000
37169  -21.459  -48.903  42.650 0.0000000000
37200  -21.269  -48.020  41.032 0.0000000000
39594  -23.408  -46.338  40.349 0.0000000000
38353  -23.390  -47.555  41.306 0.0000000000
38370  -24.239  -47.149  40.392 0.0000000000
38339  -25.628  -47.818  42.217 0.0000000000
39580  -25.776  -46.727  40.823 0.0000000000
46848  -29.410  -39.805  36.184 0.0000000000
44442  -33.687  -42.455  36.686 0.0000000000
44421  -32.570  -41.933  37.345 0.0000000000
44422  -33.131  -42.502  37.435 0.0000000000
44378  -33.302  -43.324  39.217 0.0000000000
44405  -35.352  -42.808  38.678 0.0000000000
44381  -36.277  -41.928  39.821 0.0000000000
44425  -36.327  -42.605  37.697 0.0000000000
45662  -38.149  -41.266  35.937 0.0000000000
45618  -38.754  -41.485  37.562 0.0000000000
46853  -39.758  -40.906  36.438 0.0000000000
46854  -40.704  -40.468  36.904 0.0000000000
38383  -19.589  -47.711  39.961 0.0000000000
60507  -40.536  -28.784  35.094 0.0000000000
60488  -41.607  -28.670  36.621 0.0000000000
60508  -41.113  -28.366  34.529 0.0000000000
61657  -42.688  -27.489  32.275 0.0000000000
61648  -42.275  -27.306  33.292 0.0000000000
62815  -43.527  -27.028  32.672 0.0000000000
62803  -43.872  -26.472  33.828 0.0000000000
62832  -44.277  -26.953  31.883 0.0000000000
69304  -47.301  -21.341  24.419 0.0000000000
68213  -47.765  -21.665  25.461 0.0000000000
68214  -48.647  -21.384  26.016 0.0000000000
70406  -50.974  -19.045  28.109 0.0000000000
69336  -44.540  -21.168  22.547 0.0000000000
69350  -44.257  -20.481  21.910 0.0000000000
70507  -46.022  -19.457  20.897 0.0000000000
71710  -46.967  -18.635  21.086 0.0000000000
70500  -48.271  -18.676  21.675 0.0000000000
72986  -47.953  -18.156  20.098 0.0000000000
72987  -48.791  -17.779  20.228 0.0000000000
37095  -9.830  -48.954  47.047 0.0000000000
35888  -9.038  -49.532  48.745 0.0000000000
38192  -14.215  -47.897  51.984 0.0000000000
37027  -13.435  -48.007  50.641 0.0000000000
36993  -12.849  -48.459  52.295 0.0000000000
34677  -10.896  -50.218  51.924 0.0000000000
33476  -9.592  -50.984  51.323 0.0000000000
34688  -8.787  -50.546  51.542 0.0000000000
32317  -8.965  -52.467  50.561 0.0000000000
31179  -8.319  -53.242  50.876 0.0000000000
51520  -40.380  -36.630  37.071 0.0000000000
51480  -41.128  -36.231  38.428 0.0000000000
53828  -40.590  -35.745  37.472 0.0000000000
56030  -39.026  -32.713  36.073 0.0000000000
54946  -40.881  -33.381  36.901 0.0000000000
56014  -39.895  -32.217  37.148 0.0000000000
56007  -40.855  -32.090  37.988 0.0000000000
57020  -39.953  -31.523  37.360 0.0000000000
58128  -40.038  -30.435  36.375 0.0000000000
58127  -39.557  -30.774  36.015 0.0000000000
59383  -37.707  -30.561  31.416 0.0000000000
59356  -39.028  -29.907  33.254 0.0000000000
59384  -38.569  -30.283  31.060 0.0000000000
60565  -38.373  -28.888  30.184 0.0000000000
59418  -37.245  -29.429  29.426 0.0000000000
35943  -23.149  -49.839  44.752 0.0000000000
34787  -23.237  -50.630  45.950 0.0000000000
35921  -24.429  -50.551  46.336 0.0000000000
46788  -26.166  -40.819  39.133 0.0000000000
44399  -25.072  -42.449  38.494 0.0000000000
44348  -26.754  -43.002  39.029 0.0000000000
42010  -26.778  -44.183  39.734 0.0000000000
44349  -27.199  -42.745  39.478 0.0000000000
47977  -29.114  -39.682  38.633 0.0000000000
47976  -28.378  -39.473  39.045 0.0000000000
47955  -29.048  -39.784  39.512 0.0000000000
45483  -30.766  -42.193  43.034 0.0000000000
45527  -29.286  -41.875  41.263 0.0000000000
44312  -29.608  -42.738  42.307 0.0000000000
43142  -29.396  -43.296  42.079 0.0000000000
43102  -30.091  -43.849  43.921 0.0000000000
43084  -30.016  -44.076  44.633 0.0000000000
44267  -30.833  -43.773  44.364 0.0000000000
46771  -38.010  -40.479  40.630 0.0000000000
35979  -15.674  -49.338  42.170 0.0000000000
34808  -16.199  -49.737  44.007 0.0000000000
37140  -15.446  -48.590  44.167 0.0000000000
32356  -19.305  -52.936  48.116 0.0000000000
62902  -41.308  -26.971  25.778 0.0000000000
61760  -41.389  -27.886  27.536 0.0000000000
61780  -42.511  -26.944  26.590 0.0000000000
61748  -46.364  -27.325  28.371 0.0000000000
61747  -45.222  -27.797  28.492 0.0000000000
61726  -45.919  -27.677  29.440 0.0000000000
61699  -46.474  -27.792  30.772 0.0000000000
60568  -47.212  -28.071  31.138 0.0000000000
67153  -47.973  -23.047  27.930 0.0000000000
64996  -47.825  -24.624  27.892 0.0000000000
64998  -49.198  -24.351  28.857 0.0000000000
74105  -50.590  -16.692  19.826 0.0000000000
74089  -51.421  -16.912  20.681 0.0000000000
74119  -50.635  -16.205  18.751 0.0000000000
75195  -52.916  -15.542  18.321 0.0000000000
75196  -53.865  -15.606  18.464 0.0000000000
75198  -55.409  -15.306  18.729 0.0000000000
75208  -54.422  -15.303  17.963 0.0000000000
76373  -54.526  -14.725  14.973 0.0000000000
77484  -53.238  -14.092  15.326 0.0000000000
76356  -55.529  -14.579  15.715 0.0000000000
76323  -56.436  -14.060  17.345 0.0000000000
77451  -57.255  -13.528  16.811 0.0000000000
77487  -58.860  -13.495  15.435 0.0000000000
77527  -59.681  -13.648  13.913 0.0000000000
46873  -37.730  -40.419  35.737 0.0000000000
49232  -38.247  -38.775  35.166 0.0000000000
48080  -37.107  -38.984  34.868 0.0000000000
50456  -36.354  -38.171  33.367 0.0000000000
38367  -21.554  -47.542  40.664 0.0000000000
45656  -32.532  -41.273  35.095 0.0000000000
45657  -33.387  -41.571  35.269 0.0000000000
44458  -35.236  -42.249  35.863 0.0000000000
44445  -36.497  -42.458  36.619 0.0000000000
44459  -36.020  -41.997  35.994 0.0000000000
45661  -37.374  -41.481  35.634 0.0000000000
60541  -40.590  -28.841  32.094 0.0000000000
60534  -41.116  -28.500  32.986 0.0000000000
60551  -40.791  -28.623  31.252 0.0000000000
61673  -41.851  -28.260  30.820 0.0000000000
61695  -42.336  -28.016  30.208 0.0000000000
69306  -49.211  -20.249  24.211 0.0000000000
69291  -49.312  -20.681  25.523 0.0000000000
70439  -50.537  -19.867  25.026 0.0000000000
70430  -51.548  -19.138  26.321 0.0000000000
74078  -54.496  -16.360  21.679 0.0000000000
37096  -10.811  -48.284  46.911 0.0000000000
38249  -11.140  -48.074  48.528 0.0000000000
53888  -39.266  -34.814  34.975 0.0000000000
52726  -40.166  -34.844  35.738 0.0000000000
53867  -38.385  -33.779  35.202 0.0000000000
56049  -38.392  -32.829  35.322 0.0000000000
57052  -39.056  -32.386  35.389 0.0000000000
58149  -39.118  -31.074  34.446 0.0000000000
58161  -38.299  -31.290  33.328 0.0000000000
59368  -37.696  -30.720  32.172 0.0000000000
58221  -37.206  -30.763  30.889 0.0000000000
37126  -25.695  -49.388  45.260 0.0000000000
37083  -25.425  -49.739  46.222 0.0000000000
37106  -26.457  -48.901  45.958 0.0000000000
35909  -27.143  -49.334  46.489 0.0000000000
37088  -29.965  -47.693  46.029 0.0000000000
48013  -25.819  -39.319  38.128 0.0000000000
47993  -26.297  -40.217  38.789 0.0000000000
45552  -31.402  -41.806  39.932 0.0000000000
46769  -30.298  -41.004  40.234 0.0000000000
45530  -31.544  -42.130  40.891 0.0000000000
45484  -31.763  -42.569  42.795 0.0000000000
45468  -31.540  -42.998  43.107 0.0000000000
44286  -31.800  -42.664  44.188 0.0000000000
45453  -32.940  -42.110  44.556 0.0000000000
35996  -17.566  -49.649  40.601 0.0000000000
33617  -17.744  -51.125  41.757 0.0000000000
33554  -17.942  -51.342  44.728 0.0000000000
33541  -18.300  -52.081  46.328 0.0000000000
32390  -18.540  -52.945  45.866 0.0000000000
63964  -42.451  -25.733  25.232 0.0000000000
62889  -43.174  -26.820  26.906 0.0000000000
63954  -44.430  -25.737  26.263 0.0000000000
62892  -45.710  -26.179  27.494 0.0000000000
62880  -46.901  -26.565  27.908 0.0000000000
76307  -49.174  -14.860  17.768 0.0000000000
75192  -49.763  -15.658  18.159 0.0000000000
76308  -49.899  -15.007  17.513 0.0000000000
76374  -55.650  -14.927  14.564 0.0000000000
76376  -57.472  -14.240  14.227 0.0000000000
76395  -56.641  -14.584  13.515 0.0000000000
76409  -56.995  -14.294  12.516 0.0000000000
37079  -15.752  -48.614  47.880 0.0000000000
37062  -15.009  -48.300  48.657 0.0000000000
49163  -42.882  -38.619  38.677 0.0000000000
49182  -41.801  -38.584  37.097 0.0000000000
50371  -40.656  -37.221  37.091 0.0000000000
51539  -40.118  -36.847  36.449 0.0000000000
50418  -38.770  -38.100  35.420 0.0000000000
51585  -39.077  -36.787  34.515 0.0000000000
51586  -39.547  -35.971  35.163 0.0000000000
52765  -38.390  -35.405  34.051 0.0000000000
54994  -37.106  -34.051  32.957 0.0000000000
35955  -20.328  -50.064  43.373 0.0000000000
34796  -21.501  -50.623  44.601 0.0000000000
35956  -20.907  -49.318  43.950 0.0000000000
37141  -22.511  -49.364  44.250 0.0000000000
37159  -23.329  -48.784  43.432 0.0000000000
38352  -22.505  -47.701  41.330 0.0000000000
37183  -23.365  -48.149  41.825 0.0000000000
37160  -24.374  -48.541  43.395 0.0000000000
38327  -25.499  -47.943  43.084 0.0000000000
38328  -26.549  -48.030  43.137 0.0000000000
38341  -27.507  -47.179  42.266 0.0000000000
46831  -29.658  -39.980  37.073 0.0000000000
46809  -30.488  -40.944  38.521 0.0000000000
46850  -31.255  -40.811  36.397 0.0000000000
46833  -31.303  -41.014  37.687 0.0000000000
44400  -30.755  -41.990  38.954 0.0000000000
44377  -32.215  -43.182  39.240 0.0000000000
44352  -33.843  -43.351  40.596 0.0000000000
43186  -34.617  -42.777  41.158 0.0000000000
45533  -35.636  -41.305  42.010 0.0000000000
44355  -36.179  -41.463  40.216 0.0000000000
46770  -36.942  -40.486  40.067 0.0000000000
46792  -37.789  -40.586  39.613 0.0000000000
45617  -37.693  -42.120  37.451 0.0000000000
45597  -38.196  -41.432  38.322 0.0000000000
46814  -39.541  -40.470  38.715 0.0000000000
46815  -40.553  -40.234  38.986 0.0000000000
35997  -18.515  -49.370  40.545 0.0000000000
58103  -41.441  -30.307  38.425 0.0000000000
59285  -41.709  -29.377  38.173 0.0000000000
60471  -42.566  -28.205  37.667 0.0000000000
61616  -43.114  -27.591  36.653 0.0000000000
61641  -41.548  -27.968  33.866 0.0000000000
61634  -42.536  -27.285  35.445 0.0000000000
67174  -45.714  -22.830  25.128 0.0000000000
66107  -46.510  -23.649  25.474 0.0000000000
66108  -47.253  -22.967  25.565 0.0000000000
67158  -47.885  -22.457  27.325 0.0000000000
68190  -48.912  -21.962  28.554 0.0000000000
68203  -49.578  -20.754  26.706 0.0000000000
68196  -50.036  -21.040  27.789 0.0000000000
60651  -38.364  -28.325  25.901 0.0000000000
60640  -39.538  -28.127  26.711 0.0000000000
61793  -38.699  -27.718  25.306 0.0000000000
62919  -39.977  -26.536  25.255 0.0000000000
62920  -40.820  -26.414  24.971 0.0000000000
63977  -41.409  -25.590  23.640 0.0000000000
65040  -42.567  -24.912  23.290 0.0000000000
66121  -43.489  -23.755  24.027 0.0000000000
66122  -44.115  -23.074  24.441 0.0000000000
67192  -44.596  -22.585  23.929 0.0000000000
68241  -45.510  -22.141  23.308 0.0000000000
69322  -46.517  -21.216  23.286 0.0000000000
69323  -47.373  -20.796  23.427 0.0000000000
70497  -45.697  -19.665  21.469 0.0000000000
70483  -46.458  -19.805  22.210 0.0000000000
69324  -48.245  -20.272  23.319 0.0000000000
70464  -48.585  -19.669  22.687 0.0000000000
71677  -50.102  -18.745  22.719 0.0000000000
71695  -50.469  -18.462  22.161 0.0000000000
72975  -51.489  -17.834  21.939 0.0000000000
72973  -50.019  -17.930  20.834 0.0000000000
73000  -49.238  -17.480  19.610 0.0000000000
73007  -48.852  -17.245  18.767 0.0000000000
75203  -48.007  -15.473  18.073 0.0000000000
37060  -12.813  -47.992  48.547 0.0000000000
37043  -11.934  -48.262  49.457 0.0000000000
37042  -11.018  -48.507  49.577 0.0000000000
35840  -11.550  -49.204  52.496 0.0000000000
36999  -10.509  -49.048  51.959 0.0000000000
35868  -10.093  -49.536  50.235 0.0000000000
35867  -9.322  -49.521  50.774 0.0000000000
35856  -7.869  -49.978  51.336 0.0000000000
33463  -7.192  -51.254  51.972 0.0000000000
31170  -7.223  -52.829  51.700 0.0000000000
55986  -42.692  -32.164  39.666 0.0000000000
52649  -42.006  -35.521  39.180 0.0000000000
53829  -40.556  -35.151  37.203 0.0000000000
53797  -41.412  -34.741  38.589 0.0000000000
54901  -41.763  -33.439  39.050 0.0000000000
55998  -42.159  -32.504  39.015 0.0000000000
57004  -42.443  -31.587  39.220 0.0000000000
58102  -40.564  -30.539  38.037 0.0000000000
59310  -40.582  -29.773  36.130 0.0000000000
60506  -39.722  -29.511  34.741 0.0000000000
59341  -39.242  -30.305  34.276 0.0000000000
60521  -39.475  -29.578  33.918 0.0000000000
60540  -40.146  -29.833  32.157 0.0000000000
60550  -40.078  -29.256  31.021 0.0000000000
60586  -38.538  -28.874  29.397 0.0000000000
59456  -38.440  -28.872  27.827 0.0000000000
57122  -35.619  -32.052  30.618 0.0000000000
58219  -34.886  -30.874  30.607 0.0000000000
58250  -35.428  -30.337  29.937 0.0000000000
59417  -36.078  -29.745  29.551 0.0000000000
59434  -35.230  -29.374  28.183 0.0000000000
60622  -36.120  -28.734  27.448 0.0000000000
60623  -36.932  -28.985  27.114 0.0000000000
60638  -37.583  -28.706  26.466 0.0000000000
34757  -25.096  -50.647  46.606 0.0000000000
42025  -23.626  -44.319  38.812 0.0000000000
43224  -24.396  -43.294  38.093 0.0000000000
40839  -25.061  -45.097  39.208 0.0000000000
40825  -26.034  -45.528  39.588 0.0000000000
40807  -27.277  -45.186  40.850 0.0000000000
39565  -28.533  -45.914  41.903 0.0000000000
49173  -27.479  -38.785  37.700 0.0000000000
47975  -27.586  -39.852  39.129 0.0000000000
46766  -27.523  -40.999  40.184 0.0000000000
46768  -29.476  -40.722  40.232 0.0000000000
46746  -28.241  -41.368  40.205 0.0000000000
45525  -27.888  -42.464  40.384 0.0000000000
43140  -28.112  -43.233  41.259 0.0000000000
41957  -29.201  -44.307  41.934 0.0000000000
40743  -28.967  -45.459  43.504 0.0000000000
41938  -29.844  -45.508  44.614 0.0000000000
40711  -30.158  -46.028  46.410 0.0000000000
38301  -12.370  -47.973  43.811 0.0000000000
37138  -13.567  -48.178  44.675 0.0000000000
38337  -15.244  -47.961  41.736 0.0000000000
38335  -13.807  -47.060  42.579 0.0000000000
37155  -14.557  -48.162  43.505 0.0000000000
37139  -14.581  -48.223  44.495 0.0000000000
37100  -15.084  -48.472  46.308 0.0000000000
35903  -16.350  -49.170  47.238 0.0000000000
33527  -18.656  -51.883  47.618 0.0000000000
60626  -40.666  -28.301  27.777 0.0000000000
61744  -42.122  -27.605  28.491 0.0000000000
61723  -42.750  -27.809  29.416 0.0000000000
61762  -43.639  -27.423  27.588 0.0000000000
60588  -44.191  -27.979  29.248 0.0000000000
61697  -44.360  -27.568  30.389 0.0000000000
62833  -45.165  -26.657  31.855 0.0000000000
65006  -46.652  -24.630  27.371 0.0000000000
63933  -48.014  -25.487  27.704 0.0000000000
62882  -48.226  -26.188  28.703 0.0000000000
74076  -52.314  -17.410  21.808 0.0000000000
74077  -53.483  -16.870  21.763 0.0000000000
74091  -53.687  -16.552  20.742 0.0000000000
74120  -51.475  -15.904  18.608 0.0000000000
74108  -53.997  -16.300  19.845 0.0000000000
74093  -55.502  -15.975  20.517 0.0000000000
75171  -55.965  -15.479  20.268 0.0000000000
76299  -56.539  -14.665  19.905 0.0000000000
76334  -53.368  -14.558  16.529 0.0000000000
76322  -55.426  -14.966  17.727 0.0000000000
77441  -57.481  -13.787  17.869 0.0000000000
78576  -59.103  -12.960  14.841 0.0000000000
46908  -35.004  -40.355  33.659 0.0000000000
46898  -35.699  -40.420  34.592 0.0000000000
60624  -38.941  -28.461  27.799 0.0000000000
60607  -39.578  -28.420  28.515 0.0000000000
71679  -51.579  -18.651  23.332 0.0000000000
71666  -52.078  -19.178  23.872 0.0000000000
71680  -52.456  -18.677  23.412 0.0000000000
71681  -52.991  -18.448  23.911 0.0000000000
72951  -52.995  -18.246  23.337 0.0000000000
72964  -53.132  -17.877  23.160 0.0000000000
72963  -52.594  -18.090  22.638 0.0000000000
37120  -13.274  -48.052  45.626 0.0000000000
57071  -36.849  -32.436  33.123 0.0000000000
57083  -36.648  -32.280  32.789 0.0000000000
57084  -36.863  -31.714  32.748 0.0000000000
33542  -20.821  -52.321  46.158 0.0000000000
33556  -20.904  -51.918  45.437 0.0000000000
38294  -28.960  -47.316  45.021 0.0000000000
39505  -28.783  -47.182  45.803 0.0000000000
38311  -29.144  -47.055  44.800 0.0000000000
44316  -34.688  -41.960  42.583 0.0000000000
44315  -33.970  -42.263  42.690 0.0000000000
45508  -34.688  -41.738  43.173 0.0000000000
32407  -20.162  -52.901  44.871 0.0000000000
66105  -44.329  -23.728  24.707 0.0000000000
65042  -45.931  -24.204  24.790 0.0000000000
46875  -40.033  -40.272  35.823 0.0000000000
48057  -40.158  -39.397  35.806 0.0000000000
51616  -36.716  -36.540  32.948 0.0000000000
37199  -20.684  -48.320  40.998 0.0000000000
39610  -23.385  -45.600  39.742 0.0000000000
39595  -24.674  -46.411  40.087 0.0000000000
39579  -25.002  -47.065  40.812 0.0000000000
43253  -34.507  -42.932  37.054 0.0000000000
44423  -34.149  -42.846  37.383 0.0000000000
44404  -34.264  -42.948  38.449 0.0000000000
46874  -38.967  -40.691  35.795 0.0000000000
46852  -39.220  -41.170  36.392 0.0000000000
37198  -19.760  -48.514  40.723 0.0000000000
61632  -41.099  -28.416  35.570 0.0000000000
61675  -43.168  -27.393  31.489 0.0000000000
61658  -43.295  -27.362  32.059 0.0000000000
62831  -43.645  -27.220  31.718 0.0000000000
69290  -48.124  -21.197  25.164 0.0000000000
131726  -51.297  -19.337  28.389 0.0000000000
71727  -47.289  -18.443  20.505 0.0000000000
72985  -47.060  -18.372  19.744 0.0000000000
37073  -9.489  -48.806  48.026 0.0000000000
37072  -9.150  -49.019  48.285 0.0000000000
38175  -13.647  -47.961  52.468 0.0000000000
38163  -13.730  -48.549  52.739 0.0000000000
33489  -9.319  -51.553  50.791 0.0000000000
31187  -8.759  -53.369  50.159 0.0000000000
52701  -40.072  -36.165  36.608 0.0000000000
52685  -40.465  -36.073  37.292 0.0000000000
52686  -40.392  -35.737  37.023 0.0000000000
57036  -39.236  -32.394  35.958 0.0000000000
56031  -39.616  -32.756  36.621 0.0000000000
58111  -39.965  -31.062  36.780 0.0000000000
57053  -39.662  -31.619  35.463 0.0000000000
60564  -37.732  -29.168  30.167 0.0000000000
35944  -24.127  -49.723  44.746 0.0000000000
35933  -24.022  -50.433  45.510 0.0000000000
35934  -25.023  -49.956  45.309 0.0000000000
45570  -26.529  -41.687  39.305 0.0000000000
44373  -26.146  -42.577  38.740 0.0000000000
44374  -26.816  -42.427  39.066 0.0000000000
45571  -27.091  -42.150  39.305 0.0000000000
46789  -29.708  -40.302  39.129 0.0000000000
45503  -29.980  -42.147  42.386 0.0000000000
45482  -30.338  -42.394  43.009 0.0000000000
44297  -30.250  -43.223  42.946 0.0000000000
44284  -30.366  -43.707  44.120 0.0000000000
44285  -31.051  -43.341  43.651 0.0000000000
46772  -38.674  -40.315  40.540 0.0000000000
34782  -17.485  -50.630  45.244 0.0000000000
61779  -41.780  -27.278  26.612 0.0000000000
62903  -42.117  -26.764  25.973 0.0000000000
61700  -47.601  -27.715  30.522 0.0000000000
66083  -49.389  -23.602  28.694 0.0000000000
75207  -53.442  -15.195  17.782 0.0000000000
76321  -53.990  -14.701  17.347 0.0000000000
76337  -56.414  -14.070  16.332 0.0000000000
77466  -57.208  -13.716  15.875 0.0000000000
77467  -58.039  -13.466  16.153 0.0000000000
77485  -57.242  -14.001  15.367 0.0000000000
48054  -37.256  -39.410  35.329 0.0000000000
49261  -35.966  -38.560  33.368 0.0000000000
49262  -36.576  -38.614  33.745 0.0000000000
45679  -32.390  -41.240  34.243 0.0000000000
46870  -34.246  -41.207  34.945 0.0000000000
46869  -33.963  -41.362  35.097 0.0000000000
45658  -34.392  -41.794  35.411 0.0000000000
45638  -33.997  -42.266  36.133 0.0000000000
45659  -35.615  -41.579  35.101 0.0000000000
46872  -36.626  -40.409  35.342 0.0000000000
61671  -40.241  -28.438  30.501 0.0000000000
61672  -41.107  -28.517  30.596 0.0000000000
61694  -41.499  -28.288  29.989 0.0000000000
70450  -49.698  -19.599  23.710 0.0000000000
69307  -49.935  -19.889  24.379 0.0000000000
71655  -51.917  -18.888  25.925 0.0000000000
70419  -51.681  -19.038  26.863 0.0000000000
71647  -52.558  -18.347  26.738 0.0000000000
37097  -11.836  -48.215  46.751 0.0000000000
37118  -11.209  -48.298  45.876 0.0000000000
37075  -11.435  -48.182  47.729 0.0000000000
53887  -38.564  -34.465  34.753 0.0000000000
53868  -38.553  -33.976  35.326 0.0000000000
53886  -38.369  -33.932  35.036 0.0000000000
56070  -38.215  -32.463  33.910 0.0000000000
57060  -38.421  -32.435  35.044 0.0000000000
57051  -38.559  -32.540  35.232 0.0000000000
57061  -38.554  -32.119  34.530 0.0000000000
58148  -38.721  -31.527  34.132 0.0000000000
58175  -37.492  -31.256  32.573 0.0000000000
37127  -26.433  -49.106  45.154 0.0000000000
37107  -27.327  -48.242  46.136 0.0000000000
37085  -26.820  -48.902  46.463 0.0000000000
38259  -29.356  -47.239  46.424 0.0000000000
37087  -29.144  -47.951  45.934 0.0000000000
38260  -30.232  -47.375  46.916 0.0000000000
44350  -31.870  -42.545  40.058 0.0000000000
44299  -32.476  -42.472  42.867 0.0000000000
44313  -32.168  -42.372  42.474 0.0000000000
45469  -32.137  -42.418  43.802 0.0000000000
45470  -32.808  -42.081  44.135 0.0000000000
45472  -34.132  -41.984  44.285 0.0000000000
35982  -18.446  -50.081  41.147 0.0000000000
35981  -17.416  -50.143  41.216 0.0000000000
34840  -18.286  -50.868  41.706 0.0000000000
33590  -18.282  -51.724  43.238 0.0000000000
33555  -18.293  -52.170  45.300 0.0000000000
32405  -18.725  -52.823  45.108 0.0000000000
31226  -19.827  -53.661  46.315 0.0000000000
31245  -19.500  -53.637  45.627 0.0000000000
63953  -43.224  -25.797  25.930 0.0000000000
63942  -45.216  -25.617  27.044 0.0000000000
62893  -46.636  -26.182  27.389 0.0000000000
76393  -54.566  -14.567  13.853 0.0000000000
75240  -56.127  -14.960  13.868 0.0000000000
76394  -55.708  -14.522  13.440 0.0000000000
38194  -16.105  -47.668  52.321 0.0000000000
49183  -42.478  -38.642  37.972 0.0000000000
49205  -40.284  -38.463  36.248 0.0000000000
49181  -40.890  -38.034  36.817 0.0000000000
50370  -40.250  -37.151  36.690 0.0000000000
49252  -37.939  -38.476  34.672 0.0000000000
50439  -38.484  -37.890  34.793 0.0000000000
51606  -37.895  -36.511  33.711 0.0000000000
52745  -39.177  -35.496  34.562 0.0000000000
53906  -37.581  -34.690  32.967 0.0000000000
34813  -21.073  -50.240  43.787 0.0000000000
37158  -22.320  -49.017  43.521 0.0000000000
37142  -23.282  -49.255  44.170 0.0000000000
38368  -22.457  -47.129  40.663 0.0000000000
37184  -24.111  -48.002  41.780 0.0000000000
37172  -24.174  -48.266  42.477 0.0000000000
38326  -24.800  -48.039  43.079 0.0000000000
38355  -25.642  -47.189  41.538 0.0000000000
38340  -26.674  -47.515  42.123 0.0000000000
38329  -27.679  -47.526  43.098 0.0000000000
39563  -27.086  -46.937  41.722 0.0000000000
46849  -30.183  -40.272  36.328 0.0000000000
46808  -29.873  -39.982  38.089 0.0000000000
46851  -31.901  -41.018  35.568 0.0000000000
45594  -32.082  -41.798  37.743 0.0000000000
45593  -31.570  -41.639  38.170 0.0000000000
44401  -31.220  -42.152  38.725 0.0000000000
44376  -31.473  -42.444  39.305 0.0000000000
43207  -32.370  -43.203  38.670 0.0000000000
44379  -34.513  -42.946  39.546 0.0000000000
44353  -34.771  -42.684  40.617 0.0000000000
43185  -34.420  -43.142  40.998 0.0000000000
44354  -35.655  -41.854  40.672 0.0000000000
45595  -36.917  -41.712  39.195 0.0000000000
45574  -36.482  -41.098  39.769 0.0000000000
46791  -37.029  -40.856  39.289 0.0000000000
46812  -37.720  -41.188  39.036 0.0000000000
44446  -37.261  -42.330  36.511 0.0000000000
44426  -36.973  -42.477  37.066 0.0000000000
45619  -39.549  -41.071  37.758 0.0000000000
45598  -38.943  -41.120  38.301 0.0000000000
46835  -40.437  -40.741  38.105 0.0000000000
46855  -41.463  -40.083  37.378 0.0000000000
46836  -41.417  -40.472  38.091 0.0000000000
36009  -18.242  -48.834  39.827 0.0000000000
59284  -41.207  -29.919  37.861 0.0000000000
59294  -41.391  -29.303  37.363 0.0000000000
60489  -42.241  -28.261  36.921 0.0000000000
62802  -42.898  -26.821  33.626 0.0000000000
61642  -42.259  -27.241  34.351 0.0000000000
62784  -43.392  -26.670  35.647 0.0000000000
62794  -44.154  -26.033  35.044 0.0000000000
62804  -45.193  -26.446  34.088 0.0000000000
67194  -46.098  -22.268  24.679 0.0000000000
67175  -46.596  -22.710  25.129 0.0000000000
67176  -47.319  -22.381  25.172 0.0000000000
68201  -48.241  -21.858  26.784 0.0000000000
67165  -47.683  -22.412  26.133 0.0000000000
68194  -48.248  -22.040  27.385 0.0000000000
67159  -48.337  -22.483  27.880 0.0000000000
68195  -48.674  -21.858  27.884 0.0000000000
70428  -50.015  -19.875  25.926 0.0000000000
69278  -49.815  -20.199  26.478 0.0000000000
31169  -6.124  -53.096  51.874 0.0000000000
31168  -5.230  -53.181  51.599 0.0000000000
62932  -39.593  -26.054  24.698 0.0000000000
65023  -42.095  -25.946  23.789 0.0000000000
65039  -41.793  -24.717  23.556 0.0000000000
66120  -42.266  -23.767  23.683 0.0000000000
67190  -42.697  -22.900  23.866 0.0000000000
67210  -43.972  -22.294  23.474 0.0000000000
68225  -45.283  -22.341  23.633 0.0000000000
68240  -44.758  -22.117  22.960 0.0000000000
69337  -45.614  -20.840  22.691 0.0000000000
69321  -45.682  -21.726  23.055 0.0000000000
69338  -46.441  -20.419  22.818 0.0000000000
70498  -46.576  -19.216  21.535 0.0000000000
69339  -47.233  -20.077  22.798 0.0000000000
69340  -47.881  -19.887  22.554 0.0000000000
70485  -48.064  -19.394  22.059 0.0000000000
70501  -49.001  -18.751  21.528 0.0000000000
71694  -49.719  -18.933  21.886 0.0000000000
71714  -50.121  -18.412  21.475 0.0000000000
72974  -50.788  -18.066  21.477 0.0000000000
73008  -49.032  -17.376  19.037 0.0000000000
34730  -8.232  -49.855  48.767 0.0000000000
37061  -13.915  -48.220  48.565 0.0000000000
37026  -12.416  -48.521  50.513 0.0000000000
37044  -13.140  -48.167  49.548 0.0000000000
38222  -11.372  -48.221  49.284 0.0000000000
37025  -11.365  -48.735  50.544 0.0000000000
35841  -12.283  -49.702  52.509 0.0000000000
34676  -10.115  -49.967  51.999 0.0000000000
35849  -10.343  -49.371  51.990 0.0000000000
37008  -10.126  -49.174  51.627 0.0000000000
37024  -10.351  -49.091  50.707 0.0000000000
37023  -9.741  -49.275  51.277 0.0000000000
33474  -8.459  -51.402  51.727 0.0000000000
34675  -8.225  -50.658  51.764 0.0000000000
33464  -7.927  -51.318  52.128 0.0000000000
34674  -7.681  -50.430  51.814 0.0000000000
32300  -7.549  -52.100  52.038 0.0000000000
32309  -7.099  -52.238  51.826 0.0000000000
31166  -7.785  -52.466  51.880 0.0000000000
30079  -8.021  -54.301  50.511 0.0000000000
54872  -43.301  -32.560  40.124 0.0000000000
55987  -42.938  -32.700  39.861 0.0000000000
50353  -42.412  -37.657  38.318 0.0000000000
52647  -40.932  -35.980  38.276 0.0000000000
51481  -41.648  -36.446  38.949 0.0000000000
53845  -39.755  -33.995  35.886 0.0000000000
53846  -40.267  -34.321  36.142 0.0000000000
54925  -41.048  -33.502  37.592 0.0000000000
54911  -40.982  -34.138  38.175 0.0000000000
53782  -41.644  -34.511  39.062 0.0000000000
54900  -41.410  -34.103  38.970 0.0000000000
54885  -41.647  -34.041  39.519 0.0000000000
56008  -41.563  -32.655  38.393 0.0000000000
57013  -41.410  -31.475  38.519 0.0000000000
59309  -39.646  -29.974  36.062 0.0000000000
59325  -39.880  -29.577  35.555 0.0000000000
59340  -38.835  -30.961  33.909 0.0000000000
59370  -38.977  -29.541  32.259 0.0000000000
60532  -39.713  -29.560  33.150 0.0000000000
60585  -37.895  -28.991  29.738 0.0000000000
59437  -38.176  -29.148  28.473 0.0000000000
57123  -36.274  -31.678  30.926 0.0000000000
59416  -34.782  -29.766  29.106 0.0000000000
58251  -36.071  -30.240  30.095 0.0000000000
60604  -35.247  -28.985  27.797 0.0000000000
59435  -36.359  -29.273  28.401 0.0000000000
60621  -35.140  -28.778  27.293 0.0000000000
34797  -22.111  -50.541  44.831 0.0000000000
34769  -21.792  -51.316  46.043 0.0000000000
34786  -22.287  -50.829  45.539 0.0000000000
34738  -23.773  -51.593  46.777 0.0000000000
35893  -25.807  -50.083  46.921 0.0000000000
35907  -25.274  -50.161  46.605 0.0000000000
34740  -25.682  -50.222  46.653 0.0000000000
43225  -25.394  -43.345  38.610 0.0000000000
40840  -26.049  -44.753  39.373 0.0000000000
41994  -27.356  -44.299  40.359 0.0000000000
39582  -28.006  -45.880  41.201 0.0000000000
39583  -28.395  -45.494  41.547 0.0000000000
48015  -27.955  -39.269  37.799 0.0000000000
47953  -27.536  -40.252  39.908 0.0000000000
45550  -30.408  -41.228  40.611 0.0000000000
45502  -29.233  -42.445  41.641 0.0000000000
45526  -28.380  -42.146  40.749 0.0000000000
45549  -28.005  -41.593  40.002 0.0000000000
44328  -27.903  -42.682  40.886 0.0000000000
44310  -28.353  -42.888  41.310 0.0000000000
43121  -29.728  -43.724  42.558 0.0000000000
43120  -29.393  -44.029  42.182 0.0000000000
41958  -29.394  -44.601  42.817 0.0000000000
40744  -29.376  -45.791  44.299 0.0000000000
41923  -30.874  -44.895  45.066 0.0000000000
41905  -30.576  -45.882  45.242 0.0000000000
44269  -32.638  -42.788  44.785 0.0000000000
43087  -32.146  -43.792  45.114 0.0000000000
45534  -36.314  -40.863  41.528 0.0000000000
37153  -12.970  -48.110  44.016 0.0000000000
35980  -16.358  -49.772  41.639 0.0000000000
37178  -15.999  -49.176  40.954 0.0000000000
37167  -15.267  -48.531  42.372 0.0000000000
38336  -14.678  -47.603  42.265 0.0000000000
38320  -14.351  -47.642  42.910 0.0000000000
35928  -15.867  -49.274  45.183 0.0000000000
37122  -15.457  -48.810  45.298 0.0000000000
37101  -15.706  -48.665  46.013 0.0000000000
35918  -15.655  -48.670  46.400 0.0000000000
35919  -16.150  -48.908  46.324 0.0000000000
32355  -19.104  -52.863  47.480 0.0000000000
59277  -43.396  -29.167  38.978 0.0000000000
61758  -39.908  -28.106  26.954 0.0000000000
61759  -40.419  -28.070  27.088 0.0000000000
62890  -44.078  -26.897  26.932 0.0000000000
61725  -44.866  -27.873  29.475 0.0000000000
60611  -44.652  -28.126  28.905 0.0000000000
62853  -44.763  -27.006  31.074 0.0000000000
62854  -45.585  -27.031  31.114 0.0000000000
61676  -46.869  -27.629  31.842 0.0000000000
62834  -46.089  -26.877  31.799 0.0000000000
62818  -46.693  -26.811  32.915 0.0000000000
66096  -46.959  -23.942  26.850 0.0000000000
66087  -46.918  -23.940  27.807 0.0000000000
64997  -48.706  -24.438  28.517 0.0000000000
63934  -48.447  -25.472  28.507 0.0000000000
74075  -51.160  -17.445  21.224 0.0000000000
74090  -52.578  -16.850  20.702 0.0000000000
75180  -53.422  -16.100  18.992 0.0000000000
74109  -54.930  -16.141  19.829 0.0000000000
74110  -55.510  -15.690  19.860 0.0000000000
76309  -55.823  -14.608  19.091 0.0000000000
76298  -55.988  -14.711  19.533 0.0000000000
76300  -57.626  -14.295  19.641 0.0000000000
76355  -54.507  -14.311  15.884 0.0000000000
76354  -53.518  -14.316  15.843 0.0000000000
77442  -58.527  -13.727  18.381 0.0000000000
77503  -58.706  -13.103  14.581 0.0000000000
46899  -36.268  -39.859  35.055 0.0000000000
48079  -36.527  -39.267  34.596 0.0000000000
48078  -35.838  -39.637  34.096 0.0000000000
45680  -33.104  -41.311  34.366 0.0000000000
61692  -39.884  -28.177  29.816 0.0000000000
61720  -40.327  -28.052  29.349 0.0000000000
61742  -40.624  -28.056  28.806 0.0000000000
70453  -52.079  -19.358  24.530 0.0000000000
72939  -53.733  -17.914  24.889 0.0000000000
72953  -53.951  -17.569  24.468 0.0000000000
74058  -54.342  -17.130  24.040 0.0000000000
74065  -53.376  -17.401  22.893 0.0000000000
37136  -11.515  -48.255  44.878 0.0000000000
54995  -37.879  -33.645  33.706 0.0000000000
54982  -38.261  -33.564  34.711 0.0000000000
56069  -37.727  -32.647  33.723 0.0000000000
57101  -36.849  -31.494  32.227 0.0000000000
58193  -36.535  -31.477  31.156 0.0000000000
31227  -20.439  -53.263  46.265 0.0000000000
37146  -27.090  -48.682  44.423 0.0000000000
38291  -26.953  -48.722  45.421 0.0000000000
38292  -27.501  -48.459  45.143 0.0000000000
38277  -27.942  -47.844  45.806 0.0000000000
37108  -27.989  -47.865  46.090 0.0000000000
39490  -28.923  -46.746  46.178 0.0000000000
39506  -29.183  -46.437  45.905 0.0000000000
44330  -32.800  -42.748  41.123 0.0000000000
45506  -32.171  -42.342  41.488 0.0000000000
44300  -33.148  -42.368  43.101 0.0000000000
45486  -33.395  -42.003  43.727 0.0000000000
45507  -33.968  -41.870  43.391 0.0000000000
33591  -19.244  -51.634  43.492 0.0000000000
32406  -19.255  -52.788  44.754 0.0000000000
31246  -20.140  -53.449  45.580 0.0000000000
65025  -43.813  -24.378  24.750 0.0000000000
63966  -44.257  -24.915  25.514 0.0000000000
65016  -44.973  -24.909  25.823 0.0000000000
65005  -45.810  -24.954  26.901 0.0000000000
48035  -41.374  -39.543  36.958 0.0000000000
48034  -40.722  -39.426  36.370 0.0000000000
49204  -39.612  -38.230  35.949 0.0000000000
50458  -37.415  -37.656  33.962 0.0000000000
51605  -37.020  -37.126  33.540 0.0000000000
52764  -37.845  -35.458  33.417 0.0000000000
52777  -37.314  -35.593  32.931 0.0000000000
37168  -20.723  -49.135  42.424 0.0000000000
35968  -21.077  -49.338  42.987 0.0000000000
37181  -21.481  -48.243  41.846 0.0000000000
39609  -22.361  -45.931  39.921 0.0000000000
39593  -22.702  -46.541  40.427 0.0000000000
38369  -23.460  -47.146  40.635 0.0000000000
38354  -24.535  -47.451  41.422 0.0000000000
44441  -33.045  -42.094  36.766 0.0000000000
44403  -33.232  -43.096  38.208 0.0000000000
43226  -32.667  -43.208  38.498 0.0000000000
44406  -36.302  -42.413  38.962 0.0000000000
45616  -37.009  -42.214  38.418 0.0000000000
45640  -38.671  -41.602  36.554 0.0000000000
45641  -39.398  -41.371  36.952 0.0000000000
45642  -40.009  -41.124  37.115 0.0000000000
45620  -40.148  -40.908  37.597 0.0000000000
37197  -18.856  -48.677  40.336 0.0000000000
37179  -19.817  -48.966  41.443 0.0000000000
60487  -41.262  -28.950  35.854 0.0000000000
61614  -41.209  -28.160  36.016 0.0000000000
61633  -41.550  -28.057  35.141 0.0000000000
61656  -41.993  -28.104  31.728 0.0000000000
62814  -42.787  -27.049  32.958 0.0000000000
62816  -44.603  -26.496  32.807 0.0000000000
68228  -47.265  -21.951  24.664 0.0000000000
70418  -51.297  -19.457  27.230 0.0000000000
69269  -50.732  -19.809  27.895 0.0000000000
69259  -50.983  -19.331  28.134 0.0000000000
76283  -57.072  -14.564  21.851 0.0000000000
66119  -41.334  -23.716  23.593 0.0000000000
68250  -43.580  -21.264  22.478 0.0000000000
69320  -45.047  -21.736  22.731 0.0000000000
70481  -44.943  -20.498  22.191 0.0000000000
70508  -46.388  -19.050  20.823 0.0000000000
70499  -47.456  -18.864  21.668 0.0000000000
71711  -47.762  -18.127  21.221 0.0000000000
72971  -48.402  -17.831  20.892 0.0000000000
72972  -49.103  -17.769  20.968 0.0000000000
35887  -8.644  -49.473  48.292 0.0000000000
34718  -8.782  -49.903  49.279 0.0000000000
37028  -14.571  -48.043  50.482 0.0000000000
38209  -13.966  -47.837  51.209 0.0000000000
37012  -13.198  -47.903  51.247 0.0000000000
37001  -11.973  -48.600  52.150 0.0000000000
34691  -11.161  -50.810  51.571 0.0000000000
34690  -10.259  -50.677  51.594 0.0000000000
34689  -9.502  -50.478  51.594 0.0000000000
33475  -9.022  -51.126  51.465 0.0000000000
33488  -8.729  -51.712  51.123 0.0000000000
32310  -8.394  -52.286  51.338 0.0000000000
31171  -7.954  -52.776  51.590 0.0000000000
30088  -8.425  -53.805  50.338 0.0000000000
51521  -40.743  -36.677  37.472 0.0000000000
51504  -41.088  -36.483  37.950 0.0000000000
51503  -40.710  -36.312  37.652 0.0000000000
52668  -40.722  -35.972  37.879 0.0000000000
53811  -40.830  -35.581  37.753 0.0000000000
54945  -40.249  -33.472  36.568 0.0000000000
56032  -40.502  -32.825  36.832 0.0000000000
56033  -41.251  -32.880  36.968 0.0000000000
56016  -41.291  -32.809  37.672 0.0000000000
56015  -40.612  -32.452  37.406 0.0000000000
57021  -40.237  -31.902  37.637 0.0000000000
57011  -40.011  -31.277  37.746 0.0000000000
58101  -40.002  -31.015  37.658 0.0000000000
59369  -38.263  -30.125  32.390 0.0000000000
58195  -38.822  -30.336  30.704 0.0000000000
58223  -39.197  -29.979  30.644 0.0000000000
59399  -38.233  -29.502  30.481 0.0000000000
35932  -22.897  -50.513  45.135 0.0000000000
34772  -23.660  -50.807  46.419 0.0000000000
34756  -24.308  -50.968  46.668 0.0000000000
33534  -26.476  -50.679  46.396 0.0000000000
33533  -25.633  -50.813  46.458 0.0000000000
45591  -25.636  -41.492  38.541 0.0000000000
43205  -26.338  -43.536  39.194 0.0000000000
42028  -26.232  -44.138  39.478 0.0000000000
43206  -26.567  -43.844  39.598 0.0000000000
43184  -27.196  -43.578  39.805 0.0000000000
43161  -27.720  -43.544  41.030 0.0000000000
47997  -29.058  -39.714  37.671 0.0000000000
47996  -28.386  -39.547  38.121 0.0000000000
45504  -30.848  -41.983  42.159 0.0000000000
44311  -29.153  -42.958  41.789 0.0000000000
44296  -29.552  -43.113  42.434 0.0000000000
43122  -30.295  -43.858  43.195 0.0000000000
43101  -30.004  -44.240  43.510 0.0000000000
41921  -29.947  -44.456  44.613 0.0000000000
43085  -30.583  -44.341  44.626 0.0000000000
41940  -31.164  -44.516  44.730 0.0000000000
34824  -16.458  -50.358  42.937 0.0000000000
35965  -16.135  -49.811  42.520 0.0000000000
35953  -16.115  -49.759  43.191 0.0000000000
35964  -15.781  -49.198  42.888 0.0000000000
37156  -15.344  -48.617  43.253 0.0000000000
35952  -16.032  -49.270  43.757 0.0000000000
35938  -16.008  -49.405  44.670 0.0000000000
35929  -16.317  -49.302  45.505 0.0000000000
31209  -19.127  -53.249  46.963 0.0000000000
61778  -40.699  -27.453  26.462 0.0000000000
61761  -42.549  -27.399  27.449 0.0000000000
61764  -45.526  -27.067  27.702 0.0000000000
60567  -46.865  -28.041  31.376 0.0000000000
60554  -47.119  -27.941  31.508 0.0000000000
66081  -47.350  -23.794  28.065 0.0000000000
66082  -48.287  -23.643  28.278 0.0000000000
64986  -49.068  -24.934  29.015 0.0000000000
74106  -51.707  -16.469  19.589 0.0000000000
75182  -55.165  -15.681  19.276 0.0000000000
75197  -54.725  -15.623  18.604 0.0000000000
75209  -55.042  -15.403  18.207 0.0000000000
77501  -53.208  -13.924  14.695 0.0000000000
76372  -53.693  -14.407  15.213 0.0000000000
76336  -55.479  -14.425  16.623 0.0000000000
77525  -58.489  -13.584  12.974 0.0000000000
77526  -59.108  -13.154  13.680 0.0000000000
48055  -38.360  -39.552  35.631 0.0000000000
49231  -37.552  -38.860  34.902 0.0000000000
49251  -37.298  -38.552  34.416 0.0000000000
49250  -36.881  -38.711  34.151 0.0000000000
49263  -37.066  -38.323  33.869 0.0000000000
50457  -36.767  -37.830  33.474 0.0000000000
38384  -20.591  -47.171  39.838 0.0000000000
39625  -22.959  -45.028  39.164 0.0000000000
46867  -31.250  -40.716  35.210 0.0000000000
45637  -33.499  -41.915  36.118 0.0000000000
44443  -34.523  -42.666  36.468 0.0000000000
44444  -35.542  -42.762  36.685 0.0000000000
44460  -36.858  -42.179  35.867 0.0000000000
45660  -36.518  -41.543  35.278 0.0000000000
60533  -40.359  -29.005  33.084 0.0000000000
60542  -41.326  -28.429  32.020 0.0000000000
60552  -41.430  -28.400  31.276 0.0000000000
61674  -42.554  -27.788  31.187 0.0000000000
69292  -49.807  -20.237  24.897 0.0000000000
70438  -49.909  -20.164  25.369 0.0000000000
70429  -50.905  -19.605  26.137 0.0000000000
71620  -51.975  -18.738  28.147 0.0000000000
74067  -55.333  -15.953  22.520 0.0000000000
37117  -10.277  -48.527  45.994 0.0000000000
37074  -10.482  -48.498  48.099 0.0000000000
52746  -39.618  -35.188  35.172 0.0000000000
52702  -40.238  -35.337  36.425 0.0000000000
53869  -39.456  -34.324  35.571 0.0000000000
54968  -39.142  -33.596  35.916 0.0000000000
54942  -38.559  -33.213  35.673 0.0000000000
54943  -38.862  -33.214  36.031 0.0000000000
56050  -38.732  -32.736  35.672 0.0000000000
58138  -39.394  -31.723  34.695 0.0000000000
58176  -38.090  -30.771  32.771 0.0000000000
37105  -25.593  -49.492  45.898 0.0000000000
37084  -25.927  -49.392  46.454 0.0000000000
38275  -26.740  -48.731  45.689 0.0000000000
34758  -26.559  -50.072  46.711 0.0000000000
46830  -25.465  -40.074  37.822 0.0000000000
46807  -25.852  -40.389  38.432 0.0000000000
46764  -26.302  -40.988  39.876 0.0000000000
45572  -30.825  -41.538  39.398 0.0000000000
45551  -30.973  -41.132  40.355 0.0000000000
45529  -31.011  -41.364  41.306 0.0000000000
45505  -31.776  -41.951  41.985 0.0000000000
44287  -32.480  -42.324  44.349 0.0000000000
45471  -33.461  -41.933  44.263 0.0000000000
45454  -33.456  -42.224  44.657 0.0000000000
44270  -33.552  -42.799  44.936 0.0000000000
35995  -16.703  -49.593  40.791 0.0000000000
34839  -17.158  -50.743  41.742 0.0000000000
33604  -17.573  -51.281  42.145 0.0000000000
34825  -16.902  -50.994  42.521 0.0000000000
34783  -18.083  -51.236  45.701 0.0000000000
31244  -18.942  -53.391  45.484 0.0000000000
31225  -18.984  -53.638  46.330 0.0000000000
62922  -42.299  -26.314  25.666 0.0000000000
62904  -42.752  -26.258  26.136 0.0000000000
63952  -42.797  -25.884  25.826 0.0000000000
62905  -43.659  -26.346  26.438 0.0000000000
62906  -44.263  -26.357  26.680 0.0000000000
63941  -44.813  -25.889  26.855 0.0000000000
62891  -44.806  -26.346  27.143 0.0000000000
61765  -46.257  -26.754  27.676 0.0000000000
61749  -47.218  -26.910  28.500 0.0000000000
75191  -48.590  -15.611  18.202 0.0000000000
76392  -53.714  -14.530  14.387 0.0000000000
76358  -57.212  -14.262  14.941 0.0000000000
76375  -56.622  -14.685  14.376 0.0000000000
76396  -57.687  -14.094  13.282 0.0000000000
76408  -56.186  -14.283  12.786 0.0000000000
37078  -14.709  -48.342  47.489 0.0000000000
38193  -15.134  -47.670  52.167 0.0000000000
50373  -42.066  -37.823  37.634 0.0000000000
49233  -38.971  -38.653  35.751 0.0000000000
50419  -39.352  -37.794  35.700 0.0000000000
51562  -39.009  -37.457  35.303 0.0000000000
51563  -39.672  -36.786  35.708 0.0000000000
53907  -38.156  -34.514  33.816 0.0000000000
54996  -38.192  -34.030  33.846 0.0000000000
34795  -21.029  -51.388  44.772 0.0000000000
35941  -21.487  -49.991  44.121 0.0000000000
35942  -22.069  -49.914  44.536 0.0000000000
37157  -21.396  -48.925  43.558 0.0000000000
35957  -21.748  -49.104  44.095 0.0000000000
37143  -24.239  -49.128  44.122 0.0000000000
38351  -21.848  -47.909  41.379 0.0000000000
37182  -22.498  -48.230  41.904 0.0000000000
37171  -23.360  -48.447  42.612 0.0000000000
37144  -25.358  -49.020  44.330 0.0000000000
37161  -25.402  -48.444  43.592 0.0000000000
37145  -26.318  -48.806  44.224 0.0000000000
37162  -26.069  -48.265  43.605 0.0000000000
38308  -26.728  -48.426  43.865 0.0000000000
38330  -28.377  -46.878  43.342 0.0000000000
48033  -28.864  -39.306  36.083 0.0000000000
48017  -28.992  -39.511  36.814 0.0000000000
45615  -32.188  -41.531  37.252 0.0000000000
45635  -31.807  -41.259  37.074 0.0000000000
46810  -31.130  -41.251  38.286 0.0000000000
45592  -30.941  -41.613  38.666 0.0000000000
45573  -31.193  -41.943  39.528 0.0000000000
43208  -32.683  -43.356  38.845 0.0000000000
44351  -32.690  -42.975  40.166 0.0000000000
43163  -34.165  -43.237  41.179 0.0000000000
43164  -34.385  -42.904  41.328 0.0000000000
44332  -34.871  -42.259  41.705 0.0000000000
44333  -35.480  -41.660  41.407 0.0000000000
45553  -35.819  -41.271  41.238 0.0000000000
45554  -36.275  -41.004  40.614 0.0000000000
46749  -37.018  -40.607  41.018 0.0000000000
46793  -38.799  -40.209  39.884 0.0000000000
45596  -37.519  -41.740  38.622 0.0000000000
46813  -38.515  -40.855  39.008 0.0000000000
46794  -39.763  -40.319  39.882 0.0000000000
36008  -17.507  -49.197  39.825 0.0000000000
35998  -19.326  -49.092  40.887 0.0000000000
35983  -19.391  -49.539  41.701 0.0000000000
34812  -20.337  -51.017  43.846 0.0000000000
58104  -42.239  -30.029  38.464 0.0000000000
60470  -41.853  -28.680  37.549 0.0000000000
60462  -42.193  -28.682  38.179 0.0000000000
61595  -43.234  -27.650  37.904 0.0000000000
62769  -43.877  -27.181  36.060 0.0000000000
66097  -47.339  -23.169  26.479 0.0000000000
67154  -48.847  -22.584  28.298 0.0000000000
67155  -49.560  -22.695  28.667 0.0000000000
68215  -49.204  -21.128  26.277 0.0000000000
69268  -49.940  -20.182  27.228 0.0000000000
68191  -49.854  -21.885  28.780 0.0000000000
33461  -6.054  -51.087  52.059 0.0000000000
60639  -38.826  -28.594  26.829 0.0000000000
60652  -39.164  -28.119  26.058 0.0000000000
61794  -39.722  -27.434  25.796 0.0000000000
62918  -39.150  -26.849  25.006 0.0000000000
61795  -40.508  -26.997  25.623 0.0000000000
63976  -40.445  -25.622  24.107 0.0000000000
63962  -40.918  -26.184  24.442 0.0000000000
63963  -41.473  -26.210  24.400 0.0000000000
65024  -42.576  -25.614  24.124 0.0000000000
63978  -42.912  -25.328  24.266 0.0000000000
65041  -43.480  -24.563  23.587 0.0000000000
66104  -43.926  -23.995  24.466 0.0000000000
67191  -43.628  -22.725  24.034 0.0000000000
67173  -44.867  -22.978  24.744 0.0000000000
67193  -45.422  -22.515  24.310 0.0000000000
68226  -45.781  -21.908  23.950 0.0000000000
69302  -45.946  -21.811  23.620 0.0000000000
69303  -46.280  -21.614  23.821 0.0000000000
70496  -44.652  -19.848  21.640 0.0000000000
69325  -49.029  -19.783  23.381 0.0000000000
70465  -49.413  -19.190  22.892 0.0000000000
70486  -48.910  -19.374  21.929 0.0000000000
70466  -50.187  -19.016  23.345 0.0000000000
71678  -50.710  -18.268  23.118 0.0000000000
72961  -51.004  -17.845  22.546 0.0000000000
72962  -51.713  -18.216  22.587 0.0000000000
74074  -50.382  -17.440  20.980 0.0000000000
72988  -49.529  -17.605  20.401 0.0000000000
74104  -49.970  -17.231  20.040 0.0000000000
74117  -48.308  -16.551  18.702 0.0000000000
76316  -47.997  -15.306  17.864 0.0000000000
37077  -13.477  -48.119  47.562 0.0000000000
37059  -11.858  -47.954  48.493 0.0000000000
38234  -10.932  -48.023  49.044 0.0000000000
37058  -10.513  -48.439  49.009 0.0000000000
35835  -12.999  -49.442  52.622 0.0000000000
36992  -12.470  -48.847  52.455 0.0000000000
36991  -11.682  -48.851  52.451 0.0000000000
35850  -10.833  -49.526  52.219 0.0000000000
37000  -11.056  -48.903  52.245 0.0000000000
37009  -10.781  -48.903  51.521 0.0000000000
37041  -10.410  -49.192  49.640 0.0000000000
35880  -9.777  -49.630  49.725 0.0000000000
35879  -8.972  -49.847  49.771 0.0000000000
35857  -8.432  -49.983  51.446 0.0000000000
32299  -6.445  -51.608  51.997 0.0000000000
32308  -6.535  -52.148  51.919 0.0000000000
30074  -6.630  -53.741  51.401 0.0000000000
31178  -7.628  -53.501  51.165 0.0000000000
30075  -7.192  -53.643  51.410 0.0000000000
54873  -43.549  -32.410  40.291 0.0000000000
55977  -43.188  -31.868  39.983 0.0000000000
50354  -42.930  -37.866  38.723 0.0000000000
50338  -41.864  -36.953  38.555 0.0000000000
53812  -41.202  -35.061  37.880 0.0000000000
54924  -40.629  -34.162  37.309 0.0000000000
52633  -41.664  -35.020  38.763 0.0000000000
52634  -42.010  -34.917  38.944 0.0000000000
54886  -42.369  -33.475  39.695 0.0000000000
58093  -42.329  -30.858  38.737 0.0000000000
59293  -40.863  -29.886  37.202 0.0000000000
58112  -40.353  -30.476  37.022 0.0000000000
60522  -39.914  -28.961  34.013 0.0000000000
58139  -39.767  -30.948  34.955 0.0000000000
59400  -39.163  -29.574  30.362 0.0000000000
60606  -38.818  -28.685  28.561 0.0000000000
56085  -36.291  -32.778  31.560 0.0000000000
58220  -36.372  -30.960  30.498 0.0000000000
59397  -36.419  -30.140  30.227 0.0000000000
59436  -37.383  -29.312  28.449 0.0000000000
59454  -36.889  -29.245  27.752 0.0000000000
59455  -37.701  -29.229  27.550 0.0000000000
59475  -38.324  -29.054  27.146 0.0000000000
33557  -21.362  -51.550  45.861 0.0000000000
34771  -22.885  -50.940  46.330 0.0000000000
35922  -24.969  -50.056  46.002 0.0000000000
35906  -24.727  -50.589  46.562 0.0000000000
40854  -23.043  -44.552  38.704 0.0000000000
40838  -23.778  -44.919  39.196 0.0000000000
40824  -25.213  -45.825  39.671 0.0000000000
39596  -25.861  -46.092  40.271 0.0000000000
39581  -26.909  -46.349  40.972 0.0000000000
40826  -26.847  -44.951  39.775 0.0000000000
39597  -26.613  -45.676  40.282 0.0000000000
39564  -27.936  -46.651  41.814 0.0000000000
39547  -28.069  -46.958  42.655 0.0000000000
39548  -28.604  -46.279  42.793 0.0000000000
49155  -26.889  -39.113  37.974 0.0000000000
47995  -27.593  -39.462  38.272 0.0000000000
47994  -26.683  -39.617  38.407 0.0000000000
47974  -26.892  -40.309  39.235 0.0000000000
47952  -26.846  -40.533  40.016 0.0000000000
46765  -26.780  -41.033  40.139 0.0000000000
46748  -29.406  -41.483  40.771 0.0000000000
46747  -28.817  -41.369  40.598 0.0000000000
46767  -28.308  -40.708  40.151 0.0000000000
45548  -27.526  -41.856  39.741 0.0000000000
44327  -27.571  -42.847  40.425 0.0000000000
43162  -28.170  -43.945  41.356 0.0000000000
43141  -28.861  -43.620  41.604 0.0000000000
41976  -28.585  -44.432  41.525 0.0000000000
40763  -28.860  -45.403  42.536 0.0000000000
39530  -28.798  -46.316  43.849 0.0000000000
39531  -29.170  -46.541  44.610 0.0000000000
40728  -29.776  -46.166  45.072 0.0000000000
40710  -29.775  -46.058  45.946 0.0000000000
41922  -30.069  -45.139  45.033 0.0000000000
41904  -30.043  -46.000  45.561 0.0000000000
44268  -31.590  -43.327  44.554 0.0000000000
43086  -31.345  -44.176  44.638 0.0000000000
43071  -31.917  -44.579  44.855 0.0000000000
37121  -14.360  -48.189  45.487 0.0000000000
38319  -13.816  -47.469  43.264 0.0000000000
35902  -15.612  -48.716  46.947 0.0000000000
33528  -19.141  -52.417  48.005 0.0000000000
60625  -39.751  -28.318  27.505 0.0000000000
60608  -40.276  -28.345  28.303 0.0000000000
60609  -40.833  -28.261  28.308 0.0000000000
61743  -41.285  -27.927  28.579 0.0000000000
61722  -41.779  -27.719  29.382 0.0000000000
61696  -43.332  -27.642  30.576 0.0000000000
61746  -44.218  -27.911  28.441 0.0000000000
61724  -43.946  -27.966  29.387 0.0000000000
62852  -43.908  -26.976  31.055 0.0000000000
62817  -45.696  -26.367  32.771 0.0000000000
65028  -46.098  -24.346  25.460 0.0000000000
65018  -46.310  -24.417  26.403 0.0000000000
64995  -46.984  -24.240  27.999 0.0000000000
65007  -47.136  -24.730  27.701 0.0000000000
63944  -47.256  -25.483  27.445 0.0000000000
62894  -47.275  -26.272  27.392 0.0000000000
62881  -47.779  -26.239  27.967 0.0000000000
62870  -47.801  -26.656  29.003 0.0000000000
62871  -48.718  -26.262  29.522 0.0000000000
61728  -47.917  -26.996  29.853 0.0000000000
72976  -52.047  -17.960  22.159 0.0000000000
74079  -55.391  -15.955  21.467 0.0000000000
75179  -52.393  -16.006  18.879 0.0000000000
74092  -54.720  -16.399  20.669 0.0000000000
75162  -56.071  -15.554  21.131 0.0000000000
75172  -56.448  -15.153  20.670 0.0000000000
76291  -57.071  -14.793  21.065 0.0000000000
75183  -55.770  -15.069  19.607 0.0000000000
75184  -56.166  -15.090  20.095 0.0000000000
76292  -57.603  -14.342  20.652 0.0000000000
76320  -52.984  -14.952  17.038 0.0000000000
76311  -57.747  -13.919  18.822 0.0000000000
77486  -57.904  -13.685  15.099 0.0000000000
78595  -59.286  -13.213  14.398 0.0000000000
31165  -7.544  -52.460  51.826 0.0000000000
31260  -19.087  -53.077  45.127 0.0000000000
31261  -19.468  -53.261  45.140 0.0000000000
32298  -6.071  -51.558  52.050 0.0000000000
32347  -24.028  -51.676  46.792 0.0000000000
33472  -6.735  -51.599  51.934 0.0000000000
33473  -7.031  -51.867  51.880 0.0000000000
33519  -24.154  -51.475  46.746 0.0000000000
33520  -25.869  -50.355  46.608 0.0000000000
33521  -26.107  -50.385  46.586 0.0000000000
34731  -8.622  -49.907  49.067 0.0000000000
34739  -23.914  -51.468  46.736 0.0000000000
34753  -22.012  -51.495  46.538 0.0000000000
34784  -21.180  -51.525  45.193 0.0000000000
34785  -21.476  -51.305  45.361 0.0000000000
34788  -23.833  -50.618  46.143 0.0000000000
35847  -7.979  -50.158  51.532 0.0000000000
35848  -8.095  -50.322  51.681 0.0000000000
35889  -9.417  -49.538  49.247 0.0000000000
35894  -25.909  -49.894  46.828 0.0000000000
35900  -9.007  -49.101  47.870 0.0000000000
35901  -9.420  -48.978  47.549 0.0000000000
35908  -26.163  -49.693  46.836 0.0000000000
36986  -13.066  -49.011  52.472 0.0000000000
36987  -13.570  -49.092  52.568 0.0000000000
36994  -13.991  -48.148  53.296 0.0000000000
37002  -12.626  -48.387  52.129 0.0000000000
37011  -12.688  -48.278  51.488 0.0000000000
37013  -14.886  -48.001  51.330 0.0000000000
37056  -9.308  -49.015  48.487 0.0000000000
38162  -13.338  -48.768  52.484 0.0000000000
38164  -13.847  -48.272  53.145 0.0000000000
38165  -13.003  -48.736  52.408 0.0000000000
38166  -13.269  -48.386  52.435 0.0000000000
38174  -13.067  -48.176  52.192 0.0000000000
38178  -16.256  -47.819  53.034 0.0000000000
38190  -12.895  -48.148  51.921 0.0000000000
38191  -13.359  -47.976  51.719 0.0000000000
38208  -13.456  -47.837  51.188 0.0000000000
38221  -11.154  -48.139  49.188 0.0000000000
38235  -11.371  -47.951  49.032 0.0000000000
38248  -10.791  -48.253  48.688 0.0000000000
39518  -28.861  -47.280  45.412 0.0000000000
40694  -29.774  -46.049  46.587 0.0000000000
40695  -29.811  -46.070  46.909 0.0000000000
40786  -28.630  -44.987  41.620 0.0000000000
40787  -28.740  -45.348  41.830 0.0000000000
40808  -28.146  -45.065  41.337 0.0000000000
40809  -28.474  -45.223  41.563 0.0000000000
40841  -26.486  -44.490  39.553 0.0000000000
41924  -31.383  -44.719  44.853 0.0000000000
41939  -31.083  -44.702  44.873 0.0000000000
41977  -29.180  -44.938  41.907 0.0000000000
43083  -29.894  -44.213  44.345 0.0000000000
43089  -33.803  -43.198  44.922 0.0000000000
43103  -30.896  -44.574  44.781 0.0000000000
43104  -30.973  -44.385  44.637 0.0000000000
43183  -26.864  -43.251  39.390 0.0000000000
43227  -32.972  -43.330  38.675 0.0000000000
43238  -34.408  -42.879  37.269 0.0000000000
43239  -34.642  -42.944  37.281 0.0000000000
43254  -34.846  -43.108  36.978 0.0000000000
44266  -30.337  -43.909  44.494 0.0000000000
44309  -27.804  -43.015  41.094 0.0000000000
44375  -30.981  -42.117  39.208 0.0000000000
44461  -37.415  -42.153  35.953 0.0000000000
45531  -32.168  -42.420  41.047 0.0000000000
45614  -31.822  -41.414  37.614 0.0000000000
45681  -34.560  -41.327  34.853 0.0000000000
47951  -26.489  -40.706  40.032 0.0000000000
47962  -38.763  -40.546  40.931 0.0000000000
47973  -26.433  -40.552  39.580 0.0000000000
47983  -39.013  -40.171  40.526 0.0000000000
49154  -26.479  -39.065  38.012 0.0000000000
49174  -27.979  -39.003  37.513 0.0000000000
50351  -41.116  -36.966  37.540 0.0000000000
50372  -41.347  -37.575  37.323 0.0000000000
50395  -40.369  -37.656  36.598 0.0000000000
51479  -40.895  -36.164  38.075 0.0000000000
51505  -41.399  -36.618  38.448 0.0000000000
52669  -41.015  -35.711  38.113 0.0000000000
53870  -40.019  -34.475  35.741 0.0000000000
53905  -37.213  -34.476  32.765 0.0000000000
54888  -43.837  -33.081  40.394 0.0000000000
54966  -38.405  -33.559  35.319 0.0000000000
54967  -38.779  -33.618  35.673 0.0000000000
55978  -43.481  -31.932  40.277 0.0000000000
56029  -38.655  -32.940  35.795 0.0000000000
56060  -38.341  -32.338  34.090 0.0000000000
56996  -43.659  -31.650  40.588 0.0000000000
58196  -39.027  -30.173  30.812 0.0000000000
58222  -38.854  -30.129  30.457 0.0000000000
59453  -35.035  -29.039  27.681 0.0000000000
60553  -46.887  -27.913  31.595 0.0000000000
60589  -44.428  -27.996  29.228 0.0000000000
60605  -35.611  -28.921  27.892 0.0000000000
60610  -44.283  -28.052  29.029 0.0000000000
60627  -41.144  -28.265  28.038 0.0000000000
60653  -39.596  -27.849  26.307 0.0000000000
61719  -39.850  -28.280  29.191 0.0000000000
62933  -40.196  -26.052  24.875 0.0000000000
63979  -43.427  -25.016  24.086 0.0000000000
63989  -43.035  -25.268  23.548 0.0000000000
63990  -43.496  -25.077  23.215 0.0000000000
64000  -43.038  -25.304  23.092 0.0000000000
64001  -43.077  -24.939  22.755 0.0000000000
65027  -45.532  -24.293  25.373 0.0000000000
65043  -46.018  -24.448  24.975 0.0000000000
65054  -42.668  -25.206  23.224 0.0000000000
65055  -42.979  -24.642  23.092 0.0000000000
65064  -42.706  -25.160  22.810 0.0000000000
65065  -42.558  -24.858  22.996 0.0000000000
66080  -47.000  -23.958  28.087 0.0000000000
66123  -45.925  -23.891  24.908 0.0000000000
66124  -46.249  -24.138  24.920 0.0000000000
67195  -46.842  -22.330  24.633 0.0000000000
69289  -47.716  -21.424  25.014 0.0000000000
69335  -43.885  -21.038  22.394 0.0000000000
70394  -51.356  -18.962  28.332 0.0000000000
71619  -51.452  -18.871  28.086 0.0000000000
71633  -51.361  -19.015  27.789 0.0000000000
71634  -51.864  -18.764  27.400 0.0000000000
71646  -51.996  -18.738  26.469 0.0000000000
71696  -51.778  -18.393  22.982 0.0000000000
71712  -48.609  -18.008  21.454 0.0000000000
72949  -51.279  -18.029  23.042 0.0000000000
72950  -51.564  -18.273  23.018 0.0000000000
74057  -53.764  -17.444  23.584 0.0000000000
74073  -50.091  -17.430  20.914 0.0000000000
74087  -49.991  -17.259  20.798 0.0000000000
75202  -47.790  -15.371  17.999 0.0000000000
75241  -56.416  -14.793  13.863 0.0000000000
75256  -56.060  -14.721  13.554 0.0000000000
75257  -56.273  -14.747  13.676 0.0000000000
77524  -55.699  -14.013  12.747 0.0000000000
78594  -59.073  -12.926  14.386 0.0000000000
