#!ascii label  , from subject 3105 vox2ras=TkReg
454
14756  -39.980  -68.298  -32.369 0.0000000000
17006  -35.427  -66.016  -40.237 0.0000000000
16905  -37.668  -66.494  -31.482 0.0000000000
15862  -38.280  -67.243  -37.465 0.0000000000
19191  -34.356  -64.352  -35.429 0.0000000000
14688  -43.523  -67.560  -26.948 0.0000000000
16820  -37.736  -65.609  -25.521 0.0000000000
22512  -40.763  -61.857  -24.522 0.0000000000
19146  -34.332  -64.535  -30.061 0.0000000000
16922  -35.419  -65.832  -33.214 0.0000000000
20266  -33.314  -62.967  -31.826 0.0000000000
15724  -40.378  -66.790  -26.092 0.0000000000
17910  -41.947  -65.297  -23.543 0.0000000000
22544  -40.489  -61.755  -27.096 0.0000000000
22518  -38.605  -61.865  -25.863 0.0000000000
13731  -36.264  -69.892  -34.284 0.0000000000
16996  -37.471  -66.507  -39.978 0.0000000000
12682  -35.320  -70.121  -39.092 0.0000000000
13772  -33.941  -69.562  -40.920 0.0000000000
16927  -40.951  -66.253  -32.667 0.0000000000
15838  -39.869  -66.893  -34.951 0.0000000000
18058  -36.864  -65.407  -37.070 0.0000000000
20319  -36.690  -63.810  -39.567 0.0000000000
15778  -41.118  -66.401  -29.735 0.0000000000
16876  -37.396  -66.470  -29.010 0.0000000000
19127  -34.842  -64.227  -27.410 0.0000000000
21351  -42.062  -62.902  -22.942 0.0000000000
20206  -38.487  -63.899  -23.979 0.0000000000
20223  -35.811  -63.671  -25.450 0.0000000000
22524  -33.425  -61.198  -26.696 0.0000000000
14791  -36.013  -69.372  -36.381 0.0000000000
21472  -34.451  -62.266  -38.594 0.0000000000
18070  -32.910  -65.599  -37.223 0.0000000000
16988  -29.220  -66.559  -38.343 0.0000000000
20254  -32.967  -63.125  -29.456 0.0000000000
19154  -33.608  -63.823  -31.418 0.0000000000
13726  -38.026  -69.134  -33.186 0.0000000000
17007  -36.326  -66.047  -41.326 0.0000000000
15890  -35.751  -67.853  -40.473 0.0000000000
15889  -34.923  -67.770  -40.418 0.0000000000
14836  -32.955  -69.021  -39.745 0.0000000000
15887  -32.974  -67.841  -38.883 0.0000000000
16906  -39.349  -66.543  -31.740 0.0000000000
16924  -37.521  -66.367  -32.827 0.0000000000
19184  -34.010  -64.747  -34.249 0.0000000000
18034  -36.239  -65.648  -35.304 0.0000000000
18043  -35.877  -65.535  -36.181 0.0000000000
18074  -36.682  -64.991  -38.015 0.0000000000
19202  -35.361  -64.719  -37.239 0.0000000000
15779  -42.047  -66.177  -29.807 0.0000000000
16855  -42.604  -66.590  -28.003 0.0000000000
16822  -39.415  -66.517  -25.627 0.0000000000
16852  -39.120  -66.899  -27.448 0.0000000000
16850  -37.028  -65.962  -26.774 0.0000000000
17974  -35.665  -65.251  -27.968 0.0000000000
17964  -35.922  -65.094  -26.861 0.0000000000
22513  -40.944  -62.219  -23.806 0.0000000000
20208  -40.648  -63.381  -23.631 0.0000000000
21366  -40.323  -62.541  -24.410 0.0000000000
22517  -37.329  -61.459  -25.966 0.0000000000
21363  -36.890  -62.279  -25.154 0.0000000000
22515  -35.529  -61.648  -26.161 0.0000000000
21379  -34.461  -62.509  -26.360 0.0000000000
15850  -38.545  -67.263  -36.571 0.0000000000
14782  -37.797  -68.162  -36.127 0.0000000000
14792  -36.950  -68.753  -37.310 0.0000000000
12667  -34.726  -70.884  -38.364 0.0000000000
22649  -33.412  -61.502  -37.347 0.0000000000
20308  -33.302  -63.589  -37.964 0.0000000000
18067  -29.790  -65.252  -37.354 0.0000000000
17996  -36.007  -65.386  -30.347 0.0000000000
18018  -36.559  -65.940  -32.023 0.0000000000
18009  -34.838  -65.166  -31.664 0.0000000000
19174  -34.093  -64.620  -33.112 0.0000000000
19173  -33.553  -63.809  -33.575 0.0000000000
16841  -42.536  -66.599  -26.707 0.0000000000
16806  -41.119  -66.350  -24.728 0.0000000000
17926  -39.576  -65.732  -24.360 0.0000000000
22520  -40.565  -61.946  -25.630 0.0000000000
21375  -40.160  -62.209  -25.350 0.0000000000
22530  -39.256  -61.773  -26.886 0.0000000000
22529  -38.085  -61.490  -27.041 0.0000000000
22528  -36.927  -61.114  -27.273 0.0000000000
15892  -37.619  -67.035  -38.917 0.0000000000
15871  -37.167  -67.878  -38.395 0.0000000000
14820  -36.035  -68.265  -39.878 0.0000000000
13774  -34.990  -69.770  -40.354 0.0000000000
11670  -33.583  -71.100  -40.761 0.0000000000
131060  -31.944  -71.002  -40.782 0.0000000000
13790  -31.503  -70.289  -40.424 0.0000000000
14853  -29.918  -68.956  -40.409 0.0000000000
15817  -41.826  -66.800  -32.283 0.0000000000
14770  -39.681  -67.887  -33.265 0.0000000000
16963  -40.275  -65.856  -35.526 0.0000000000
16962  -39.473  -65.756  -36.018 0.0000000000
16938  -37.418  -66.268  -33.810 0.0000000000
18045  -38.016  -65.650  -35.879 0.0000000000
16968  -38.606  -65.821  -37.373 0.0000000000
18076  -38.383  -65.960  -38.774 0.0000000000
18098  -37.329  -65.198  -40.605 0.0000000000
18104  -37.072  -64.540  -42.077 0.0000000000
16881  -42.338  -66.382  -31.004 0.0000000000
15789  -40.958  -66.261  -30.434 0.0000000000
16888  -38.776  -66.753  -30.646 0.0000000000
15751  -40.615  -66.917  -28.069 0.0000000000
15776  -39.020  -66.893  -28.847 0.0000000000
16887  -37.652  -66.304  -30.135 0.0000000000
17984  -35.770  -65.425  -29.173 0.0000000000
19139  -34.498  -64.422  -29.159 0.0000000000
20248  -33.670  -63.383  -28.483 0.0000000000
20209  -41.792  -63.602  -23.271 0.0000000000
19080  -39.960  -64.458  -23.693 0.0000000000
19096  -38.178  -64.817  -24.357 0.0000000000
21365  -38.987  -62.702  -24.715 0.0000000000
20215  -37.123  -63.470  -24.878 0.0000000000
19108  -36.600  -64.488  -25.335 0.0000000000
20232  -35.304  -63.745  -25.987 0.0000000000
20230  -33.977  -62.948  -27.011 0.0000000000
14775  -37.597  -68.488  -34.521 0.0000000000
13730  -36.073  -69.705  -35.006 0.0000000000
13744  -35.798  -69.577  -37.570 0.0000000000
12652  -34.516  -70.763  -36.941 0.0000000000
20310  -35.825  -63.464  -38.198 0.0000000000
20327  -37.119  -62.554  -40.830 0.0000000000
19231  -35.942  -63.716  -40.964 0.0000000000
19222  -34.015  -64.323  -38.785 0.0000000000
18072  -34.175  -66.131  -39.042 0.0000000000
16991  -32.509  -67.160  -38.211 0.0000000000
15884  -29.901  -67.498  -38.609 0.0000000000
20258  -32.586  -62.558  -29.945 0.0000000000
13709  -38.408  -69.461  -32.365 0.0000000000
14755  -39.207  -68.657  -32.765 0.0000000000
16994  -35.574  -66.951  -40.703 0.0000000000
15888  -33.933  -67.826  -39.663 0.0000000000
16993  -34.384  -66.673  -39.717 0.0000000000
16925  -38.796  -66.525  -32.758 0.0000000000
18033  -35.082  -65.435  -34.998 0.0000000000
18042  -34.947  -65.223  -36.291 0.0000000000
18056  -35.089  -65.022  -36.908 0.0000000000
19201  -34.928  -64.421  -36.681 0.0000000000
14687  -42.716  -68.433  -26.768 0.0000000000
15755  -43.478  -67.161  -27.576 0.0000000000
16868  -43.143  -66.759  -28.335 0.0000000000
16842  -43.275  -66.760  -27.316 0.0000000000
16821  -38.315  -65.942  -25.445 0.0000000000
16838  -38.616  -66.473  -26.344 0.0000000000
16837  -37.489  -65.798  -26.080 0.0000000000
17954  -36.519  -65.354  -26.074 0.0000000000
23667  -40.177  -61.054  -24.387 0.0000000000
22507  -40.574  -61.582  -23.503 0.0000000000
21367  -40.880  -62.348  -24.040 0.0000000000
22516  -36.252  -61.328  -26.284 0.0000000000
23670  -35.384  -61.160  -26.399 0.0000000000
14793  -37.814  -67.816  -37.000 0.0000000000
20307  -32.754  -64.055  -37.260 0.0000000000
18068  -30.645  -65.483  -37.195 0.0000000000
19208  -30.252  -64.567  -37.046 0.0000000000
17995  -35.086  -64.934  -30.709 0.0000000000
18010  -35.811  -65.364  -31.377 0.0000000000
19165  -34.138  -64.578  -32.056 0.0000000000
19164  -33.644  -63.828  -32.461 0.0000000000
16805  -39.974  -66.390  -24.807 0.0000000000
17909  -40.543  -65.320  -23.795 0.0000000000
23672  -40.494  -61.226  -25.599 0.0000000000
22532  -40.740  -61.849  -26.307 0.0000000000
22531  -40.275  -61.975  -26.607 0.0000000000
12637  -35.947  -70.565  -34.372 0.0000000000
15891  -36.587  -67.514  -39.567 0.0000000000
15906  -35.125  -68.568  -40.845 0.0000000000
14839  -35.057  -69.262  -40.924 0.0000000000
13773  -34.381  -69.866  -40.910 0.0000000000
12707  -33.670  -70.604  -40.837 0.0000000000
11669  -32.670  -71.483  -41.138 0.0000000000
14835  -32.084  -69.037  -39.524 0.0000000000
13769  -31.923  -69.567  -40.046 0.0000000000
14834  -31.118  -69.007  -39.529 0.0000000000
13789  -30.507  -69.847  -40.503 0.0000000000
14854  -30.610  -69.379  -40.018 0.0000000000
16928  -41.530  -66.488  -32.403 0.0000000000
16942  -40.939  -66.393  -33.297 0.0000000000
18046  -38.912  -65.440  -35.631 0.0000000000
16923  -36.312  -66.184  -33.079 0.0000000000
15829  -36.068  -66.242  -33.490 0.0000000000
18035  -37.224  -65.756  -35.284 0.0000000000
18044  -37.014  -65.547  -36.071 0.0000000000
18060  -38.713  -65.766  -36.425 0.0000000000
18059  -37.890  -65.685  -36.829 0.0000000000
16978  -38.558  -65.764  -37.822 0.0000000000
19214  -36.534  -64.529  -38.967 0.0000000000
18087  -37.224  -65.147  -39.238 0.0000000000
19224  -37.073  -64.354  -39.950 0.0000000000
17018  -37.342  -65.154  -41.684 0.0000000000
19233  -37.342  -63.934  -40.854 0.0000000000
16879  -41.615  -66.015  -30.360 0.0000000000
16889  -40.175  -66.590  -30.867 0.0000000000
16878  -39.524  -66.812  -30.099 0.0000000000
16840  -40.887  -66.745  -26.449 0.0000000000
16854  -41.438  -66.644  -27.504 0.0000000000
16853  -40.275  -66.784  -27.304 0.0000000000
16866  -38.449  -66.808  -28.310 0.0000000000
16867  -38.947  -67.073  -28.051 0.0000000000
16877  -38.600  -66.809  -29.499 0.0000000000
17985  -36.658  -65.893  -29.639 0.0000000000
17975  -36.436  -65.919  -28.507 0.0000000000
19134  -35.091  -64.676  -27.924 0.0000000000
19140  -35.079  -64.863  -28.716 0.0000000000
19133  -34.450  -64.364  -28.244 0.0000000000
19132  -34.032  -64.066  -28.710 0.0000000000
20249  -33.997  -63.935  -28.255 0.0000000000
21359  -42.132  -63.255  -23.136 0.0000000000
20207  -39.472  -63.755  -23.824 0.0000000000
19079  -38.664  -64.589  -24.086 0.0000000000
19078  -38.232  -64.316  -24.137 0.0000000000
21374  -39.495  -62.341  -25.317 0.0000000000
22511  -38.248  -62.261  -25.399 0.0000000000
21362  -36.342  -62.504  -25.178 0.0000000000
20224  -36.446  -63.660  -25.155 0.0000000000
19094  -37.123  -64.137  -24.943 0.0000000000
19107  -35.954  -64.288  -25.576 0.0000000000
22525  -34.097  -61.531  -26.516 0.0000000000
21378  -33.799  -62.258  -26.735 0.0000000000
21385  -33.359  -62.332  -27.347 0.0000000000
15830  -39.488  -67.526  -34.001 0.0000000000
14769  -38.581  -68.385  -33.466 0.0000000000
14776  -38.834  -67.669  -34.463 0.0000000000
14781  -36.745  -68.783  -35.757 0.0000000000
14780  -36.024  -69.406  -35.432 0.0000000000
15860  -35.184  -69.578  -35.429 0.0000000000
13742  -34.533  -69.237  -35.816 0.0000000000
14803  -36.036  -68.596  -38.732 0.0000000000
13745  -36.167  -69.070  -37.901 0.0000000000
13751  -35.628  -69.513  -38.640 0.0000000000
12666  -33.976  -71.198  -38.415 0.0000000000
20309  -35.230  -63.492  -37.201 0.0000000000
21464  -35.602  -62.937  -37.703 0.0000000000
21485  -36.650  -62.334  -40.393 0.0000000000
19232  -36.717  -63.193  -41.241 0.0000000000
20326  -36.442  -62.942  -40.521 0.0000000000
19211  -33.239  -64.699  -37.892 0.0000000000
18085  -33.849  -65.007  -38.611 0.0000000000
18071  -33.861  -65.687  -38.218 0.0000000000
16975  -33.171  -66.466  -37.686 0.0000000000
16989  -30.333  -66.904  -38.063 0.0000000000
17005  -29.288  -67.244  -38.956 0.0000000000
19155  -34.228  -64.530  -31.048 0.0000000000
19145  -33.565  -63.900  -30.359 0.0000000000
20259  -32.884  -63.015  -30.718 0.0000000000
22543  -39.872  -61.969  -27.662 0.0000000000
13725  -37.264  -69.745  -33.256 0.0000000000
16995  -36.497  -66.832  -40.720 0.0000000000
15905  -34.488  -68.496  -40.373 0.0000000000
13771  -33.323  -69.473  -40.401 0.0000000000
15904  -33.945  -68.477  -39.863 0.0000000000
14818  -33.373  -68.475  -39.490 0.0000000000
14817  -32.476  -68.486  -39.103 0.0000000000
16926  -40.051  -66.293  -32.757 0.0000000000
16940  -39.660  -65.962  -33.675 0.0000000000
16939  -38.522  -66.204  -33.731 0.0000000000
18026  -34.666  -65.450  -33.706 0.0000000000
16936  -35.562  -66.005  -34.079 0.0000000000
16949  -35.834  -65.695  -34.737 0.0000000000
18057  -35.727  -65.205  -37.236 0.0000000000
18073  -36.110  -64.896  -37.713 0.0000000000
19213  -35.942  -64.505  -37.958 0.0000000000
15753  -42.260  -66.353  -28.656 0.0000000000
15765  -41.855  -66.117  -29.062 0.0000000000
15723  -40.006  -66.760  -26.037 0.0000000000
16839  -39.777  -66.747  -26.475 0.0000000000
16851  -37.950  -66.386  -27.135 0.0000000000
16865  -37.217  -66.271  -27.844 0.0000000000
17965  -36.394  -65.708  -27.333 0.0000000000
19128  -35.454  -64.610  -27.233 0.0000000000
22508  -41.030  -62.257  -23.303 0.0000000000
21358  -41.352  -62.735  -23.570 0.0000000000
21357  -40.777  -62.785  -23.781 0.0000000000
20217  -39.253  -63.240  -24.223 0.0000000000
22510  -37.792  -62.096  -25.465 0.0000000000
21372  -36.562  -61.723  -25.610 0.0000000000
21371  -35.890  -62.320  -25.480 0.0000000000
20222  -35.094  -63.057  -25.850 0.0000000000
21370  -35.160  -62.264  -26.065 0.0000000000
22526  -34.907  -61.650  -26.328 0.0000000000
15837  -38.716  -67.438  -35.464 0.0000000000
12668  -35.292  -70.256  -38.379 0.0000000000
21462  -32.965  -62.043  -37.345 0.0000000000
21463  -33.516  -62.494  -37.818 0.0000000000
21455  -33.091  -63.027  -37.414 0.0000000000
18069  -31.863  -65.760  -36.898 0.0000000000
18054  -32.503  -65.832  -36.859 0.0000000000
16972  -29.894  -66.119  -37.457 0.0000000000
18011  -36.563  -65.781  -31.159 0.0000000000
18017  -35.618  -65.571  -32.323 0.0000000000
18016  -34.758  -65.215  -32.666 0.0000000000
19183  -33.562  -63.981  -34.621 0.0000000000
15742  -43.475  -66.954  -26.457 0.0000000000
16824  -41.933  -66.638  -25.543 0.0000000000
16823  -40.517  -66.656  -25.597 0.0000000000
16804  -39.049  -66.094  -24.880 0.0000000000
22519  -39.788  -61.903  -25.917 0.0000000000
22527  -36.352  -60.862  -26.897 0.0000000000
15873  -38.456  -66.695  -38.068 0.0000000000
15861  -37.589  -67.751  -37.638 0.0000000000
14802  -35.647  -69.148  -39.270 0.0000000000
13759  -35.387  -69.615  -39.540 0.0000000000
12694  -33.981  -71.591  -40.380 0.0000000000
13791  -32.482  -70.195  -40.523 0.0000000000
12705  -30.805  -70.750  -40.794 0.0000000000
13812  -29.822  -69.781  -41.181 0.0000000000
15816  -41.168  -67.228  -32.853 0.0000000000
15815  -40.388  -67.609  -33.136 0.0000000000
15831  -40.399  -67.068  -33.881 0.0000000000
15839  -40.624  -66.201  -34.674 0.0000000000
15852  -40.295  -66.281  -35.426 0.0000000000
15851  -39.472  -66.401  -36.031 0.0000000000
15863  -38.811  -66.553  -37.181 0.0000000000
16950  -36.431  -65.933  -34.671 0.0000000000
16951  -37.362  -66.032  -34.598 0.0000000000
16969  -39.024  -66.047  -36.844 0.0000000000
16979  -38.696  -66.030  -37.943 0.0000000000
16997  -38.237  -66.310  -38.884 0.0000000000
18088  -37.853  -65.861  -39.494 0.0000000000
17009  -37.560  -65.875  -40.349 0.0000000000
17008  -37.143  -65.928  -41.109 0.0000000000
17017  -36.993  -65.449  -41.829 0.0000000000
18097  -36.617  -65.158  -41.649 0.0000000000
15800  -41.859  -67.224  -31.869 0.0000000000
16910  -42.125  -66.628  -32.059 0.0000000000
16908  -41.541  -66.056  -31.923 0.0000000000
16880  -42.097  -65.999  -30.643 0.0000000000
16890  -41.382  -65.906  -31.081 0.0000000000
16907  -40.648  -66.248  -31.855 0.0000000000
15752  -41.622  -66.472  -28.379 0.0000000000
15764  -40.803  -66.656  -28.867 0.0000000000
15750  -39.865  -66.991  -27.801 0.0000000000
15763  -39.494  -67.034  -28.395 0.0000000000
15777  -39.840  -66.845  -29.378 0.0000000000
17997  -36.860  -65.979  -30.554 0.0000000000
19147  -35.158  -64.877  -29.715 0.0000000000
19138  -33.765  -63.989  -29.367 0.0000000000
19081  -41.274  -64.411  -23.447 0.0000000000
17908  -39.257  -65.119  -24.037 0.0000000000
17925  -38.336  -65.291  -24.587 0.0000000000
17944  -37.889  -65.541  -25.195 0.0000000000
20216  -38.200  -63.331  -24.426 0.0000000000
21364  -37.961  -62.575  -24.940 0.0000000000
19095  -37.684  -64.462  -24.557 0.0000000000
19109  -37.184  -64.721  -25.071 0.0000000000
17942  -36.733  -65.078  -25.514 0.0000000000
19120  -36.187  -64.863  -25.786 0.0000000000
19119  -35.702  -64.521  -26.144 0.0000000000
19118  -35.245  -64.202  -26.885 0.0000000000
20231  -34.777  -63.650  -26.610 0.0000000000
20239  -34.162  -63.680  -27.656 0.0000000000
20238  -33.734  -62.997  -27.718 0.0000000000
21396  -33.440  -62.679  -28.042 0.0000000000
14768  -37.782  -68.850  -33.536 0.0000000000
13732  -36.852  -69.259  -34.176 0.0000000000
14774  -36.546  -69.153  -34.815 0.0000000000
13735  -35.774  -69.938  -35.204 0.0000000000
12653  -35.163  -70.368  -37.534 0.0000000000
13743  -34.910  -69.658  -36.406 0.0000000000
21416  -33.026  -62.008  -31.321 0.0000000000
20280  -33.549  -62.871  -33.545 0.0000000000
20287  -33.623  -63.146  -34.234 0.0000000000
19190  -33.782  -63.812  -35.123 0.0000000000
20293  -34.133  -63.338  -35.408 0.0000000000
19212  -35.384  -64.158  -37.467 0.0000000000
20311  -36.317  -63.850  -38.839 0.0000000000
20318  -36.638  -62.903  -39.530 0.0000000000
20328  -37.136  -63.326  -40.356 0.0000000000
20345  -37.288  -63.083  -41.261 0.0000000000
18103  -36.438  -64.437  -41.517 0.0000000000
18096  -35.737  -64.983  -40.748 0.0000000000
20316  -34.449  -63.178  -38.915 0.0000000000
20317  -35.538  -63.111  -39.999 0.0000000000
19223  -34.919  -64.088  -39.890 0.0000000000
18086  -34.431  -65.349  -39.489 0.0000000000
16977  -34.082  -66.408  -39.216 0.0000000000
16992  -33.462  -67.061  -38.823 0.0000000000
15886  -31.945  -67.828  -38.567 0.0000000000
15885  -30.881  -67.830  -38.514 0.0000000000
14815  -30.969  -68.338  -39.034 0.0000000000
14833  -30.141  -68.631  -39.639 0.0000000000
11657  -33.646  -71.455  -40.674 0.0000000000
12639  -34.925  -70.188  -35.595 0.0000000000
12640  -35.571  -70.729  -34.868 0.0000000000
12641  -35.814  -70.368  -34.853 0.0000000000
13734  -34.591  -69.612  -35.838 0.0000000000
13736  -35.974  -70.207  -34.738 0.0000000000
13752  -35.935  -69.242  -38.183 0.0000000000
13770  -32.606  -69.484  -40.157 0.0000000000
13794  -33.789  -70.055  -41.092 0.0000000000
14689  -43.536  -67.321  -27.245 0.0000000000
14704  -43.243  -67.587  -27.646 0.0000000000
14705  -43.457  -67.427  -27.404 0.0000000000
14773  -36.180  -69.516  -34.876 0.0000000000
14789  -34.738  -69.438  -35.600 0.0000000000
14790  -35.160  -69.248  -35.715 0.0000000000
14837  -33.868  -69.021  -40.163 0.0000000000
14838  -34.558  -69.114  -40.956 0.0000000000
15739  -39.922  -66.812  -26.265 0.0000000000
15740  -40.175  -66.809  -26.270 0.0000000000
15741  -43.064  -66.763  -26.388 0.0000000000
15743  -43.568  -67.091  -27.199 0.0000000000
15754  -43.359  -67.166  -27.883 0.0000000000
15762  -38.924  -66.965  -28.542 0.0000000000
15788  -40.313  -66.578  -30.096 0.0000000000
15799  -41.218  -67.563  -32.042 0.0000000000
15813  -35.598  -66.070  -33.558 0.0000000000
15814  -35.803  -66.141  -33.360 0.0000000000
15828  -35.844  -66.201  -33.675 0.0000000000
15849  -35.632  -69.483  -35.442 0.0000000000
15872  -37.939  -67.262  -38.182 0.0000000000
15893  -38.151  -66.834  -38.532 0.0000000000
15903  -30.423  -68.188  -39.080 0.0000000000
16836  -36.985  -65.727  -26.304 0.0000000000
16843  -43.494  -66.916  -27.530 0.0000000000
16856  -43.367  -66.887  -27.927 0.0000000000
16857  -43.480  -66.987  -27.749 0.0000000000
16869  -43.293  -66.898  -28.206 0.0000000000
16891  -42.104  -65.944  -31.427 0.0000000000
16892  -42.295  -66.525  -31.631 0.0000000000
16909  -42.063  -66.228  -32.013 0.0000000000
16929  -41.946  -66.496  -32.165 0.0000000000
16937  -36.406  -66.260  -33.939 0.0000000000
16966  -32.546  -66.171  -37.076 0.0000000000
16967  -32.948  -66.078  -37.118 0.0000000000
16974  -32.043  -66.486  -37.617 0.0000000000
16976  -33.886  -66.425  -38.739 0.0000000000
17907  -38.722  -65.017  -24.222 0.0000000000
17924  -37.698  -65.046  -24.728 0.0000000000
17943  -37.302  -65.218  -25.274 0.0000000000
17953  -35.998  -65.026  -26.353 0.0000000000
17955  -37.058  -65.514  -25.786 0.0000000000
18055  -32.775  -65.911  -36.934 0.0000000000
18089  -38.300  -65.998  -39.070 0.0000000000
18099  -37.541  -65.681  -40.170 0.0000000000
18105  -37.335  -64.286  -41.513 0.0000000000
19244  -36.684  -63.809  -41.652 0.0000000000
19245  -37.186  -63.467  -41.557 0.0000000000
19246  -37.332  -63.512  -41.292 0.0000000000
20214  -36.351  -62.969  -25.080 0.0000000000
20218  -39.945  -63.169  -23.965 0.0000000000
20292  -33.746  -63.367  -34.853 0.0000000000
20346  -37.352  -63.159  -40.999 0.0000000000
21350  -41.438  -62.493  -22.732 0.0000000000
21373  -38.666  -62.392  -25.274 0.0000000000
21395  -32.919  -62.172  -27.943 0.0000000000
22500  -40.826  -62.047  -22.841 0.0000000000
22521  -40.746  -61.763  -25.938 0.0000000000
22539  -33.415  -61.816  -26.803 0.0000000000
23673  -40.793  -61.606  -26.124 0.0000000000
131124  -35.262  -69.847  -35.382 0.0000000000
131125  -35.903  -69.609  -35.330 0.0000000000
