#!ascii label  , from subject 3105 vox2ras=TkReg
1313
107336  41.157  22.828  16.165 0.0000000000
111831  43.893  31.938  20.089 0.0000000000
107252  47.008  22.896  26.581 0.0000000000
106643  37.170  22.352  18.414 0.0000000000
105963  39.909  20.541  20.457 0.0000000000
128619  46.050  30.999  15.842 0.0000000000
112283  39.230  32.314  26.010 0.0000000000
114401  43.834  35.906  26.375 0.0000000000
105220  49.569  19.696  28.957 0.0000000000
103822  48.403  17.384  24.455 0.0000000000
110435  44.960  27.432  17.578 0.0000000000
108491  41.960  24.409  21.527 0.0000000000
109912  43.153  27.389  23.878 0.0000000000
108411  44.890  23.903  28.051 0.0000000000
115480  41.326  38.220  20.199 0.0000000000
112841  46.087  34.081  18.629 0.0000000000
104568  43.468  18.981  23.454 0.0000000000
107330  38.656  22.456  17.243 0.0000000000
105974  38.097  21.218  19.659 0.0000000000
106640  38.985  22.374  18.803 0.0000000000
109084  43.586  25.552  14.682 0.0000000000
109540  40.861  25.797  16.979 0.0000000000
128801  39.665  33.513  28.821 0.0000000000
103018  48.697  16.035  30.671 0.0000000000
102270  52.328  16.240  27.420 0.0000000000
101452  51.108  14.801  28.232 0.0000000000
115532  41.497  38.681  16.393 0.0000000000
128642  44.835  29.891  18.823 0.0000000000
109932  43.512  27.461  21.440 0.0000000000
110405  43.245  28.730  22.694 0.0000000000
108965  39.749  24.848  25.811 0.0000000000
108963  42.349  25.343  26.213 0.0000000000
107235  42.874  22.268  27.396 0.0000000000
106534  45.100  21.450  29.634 0.0000000000
112802  43.948  34.126  23.097 0.0000000000
114426  44.199  36.094  23.421 0.0000000000
112830  47.483  33.377  20.654 0.0000000000
111870  47.794  31.782  18.114 0.0000000000
107886  44.547  23.858  23.763 0.0000000000
106600  42.020  21.745  23.817 0.0000000000
105922  44.189  20.856  26.276 0.0000000000
104614  38.123  19.096  21.912 0.0000000000
103855  39.770  17.460  22.356 0.0000000000
113431  46.488  34.602  14.981 0.0000000000
128622  43.133  31.428  16.430 0.0000000000
111803  41.786  32.215  23.510 0.0000000000
128669  42.265  29.901  23.110 0.0000000000
113866  37.516  35.456  25.342 0.0000000000
114416  40.327  36.320  24.288 0.0000000000
113321  41.929  34.496  26.168 0.0000000000
106581  49.512  21.872  27.338 0.0000000000
104537  46.553  18.672  27.398 0.0000000000
103046  49.395  17.004  27.249 0.0000000000
103830  52.599  17.207  23.248 0.0000000000
108545  43.822  25.346  17.182 0.0000000000
108519  41.702  24.540  19.173 0.0000000000
108503  43.216  25.714  20.048 0.0000000000
109478  42.710  26.110  22.557 0.0000000000
108992  47.427  25.619  23.970 0.0000000000
110369  42.669  28.032  24.962 0.0000000000
109430  45.602  26.481  26.553 0.0000000000
108423  47.447  24.384  27.360 0.0000000000
107782  48.047  22.376  29.892 0.0000000000
103785  45.994  18.482  30.050 0.0000000000
115972  39.480  38.939  17.872 0.0000000000
115986  43.630  39.417  18.074 0.0000000000
115477  44.204  38.687  20.506 0.0000000000
114491  45.636  35.899  17.305 0.0000000000
113428  49.532  33.861  14.375 0.0000000000
109082  46.462  27.752  15.377 0.0000000000
107278  40.470  22.316  21.287 0.0000000000
105280  41.519  19.516  21.879 0.0000000000
103084  42.832  16.319  22.495 0.0000000000
104554  46.168  18.304  23.795 0.0000000000
107949  40.172  23.079  17.291 0.0000000000
106648  39.181  22.105  18.204 0.0000000000
107317  40.018  22.471  18.289 0.0000000000
108564  42.766  24.241  15.003 0.0000000000
109547  41.892  26.291  15.633 0.0000000000
108566  41.057  24.330  16.005 0.0000000000
108559  39.734  23.837  16.973 0.0000000000
102228  49.028  14.753  31.836 0.0000000000
102239  51.130  14.664  30.194 0.0000000000
100592  50.128  13.824  31.218 0.0000000000
102329  39.341  15.372  21.709 0.0000000000
128631  44.910  31.466  19.065 0.0000000000
128644  43.958  29.879  20.024 0.0000000000
111341  43.281  30.811  20.597 0.0000000000
107858  40.202  23.290  26.440 0.0000000000
108428  41.572  23.783  26.670 0.0000000000
112818  43.499  33.552  21.277 0.0000000000
129166  44.612  33.996  21.304 0.0000000000
112324  45.078  33.025  19.824 0.0000000000
111860  46.768  31.906  18.922 0.0000000000
107260  45.699  23.323  25.622 0.0000000000
106594  43.903  21.984  25.268 0.0000000000
106589  45.062  21.875  26.247 0.0000000000
107295  36.301  21.966  19.962 0.0000000000
106628  37.068  21.651  20.232 0.0000000000
105964  39.101  20.910  20.655 0.0000000000
105950  38.412  20.363  21.378 0.0000000000
105949  39.414  20.156  21.214 0.0000000000
104589  39.237  18.307  22.260 0.0000000000
105265  40.139  19.089  22.022 0.0000000000
112394  46.596  32.728  15.561 0.0000000000
111885  44.511  32.294  16.011 0.0000000000
128617  44.603  30.563  15.967 0.0000000000
107940  37.399  23.374  17.807 0.0000000000
107928  35.834  22.811  18.184 0.0000000000
112287  40.665  32.686  24.683 0.0000000000
110828  41.055  31.038  24.873 0.0000000000
111797  39.546  31.332  25.057 0.0000000000
112791  39.910  33.296  27.443 0.0000000000
128809  41.424  34.196  27.746 0.0000000000
113322  40.930  34.056  25.807 0.0000000000
112804  41.573  33.614  24.138 0.0000000000
106549  50.259  20.797  28.363 0.0000000000
105236  49.781  19.589  27.947 0.0000000000
104533  50.262  18.625  28.171 0.0000000000
103063  53.293  15.644  25.448 0.0000000000
103058  52.268  16.328  25.598 0.0000000000
103073  52.979  16.664  23.673 0.0000000000
109520  45.013  26.314  17.915 0.0000000000
109040  43.405  25.889  19.075 0.0000000000
109510  44.201  26.664  18.745 0.0000000000
109923  43.485  27.514  22.743 0.0000000000
109934  41.948  27.338  22.157 0.0000000000
109474  42.788  26.702  23.192 0.0000000000
108999  44.940  25.549  23.125 0.0000000000
109463  45.026  27.313  23.674 0.0000000000
110386  40.912  28.542  24.630 0.0000000000
110398  42.090  28.839  23.711 0.0000000000
110370  41.941  27.937  24.857 0.0000000000
108949  44.070  24.989  27.361 0.0000000000
109431  44.406  26.452  26.512 0.0000000000
108948  45.477  24.997  27.651 0.0000000000
108947  46.918  25.078  27.273 0.0000000000
108409  46.763  23.956  27.783 0.0000000000
107820  47.780  24.244  28.896 0.0000000000
107802  46.419  23.250  28.806 0.0000000000
105211  44.946  19.828  31.734 0.0000000000
128498  46.322  19.864  31.399 0.0000000000
115961  40.692  39.089  18.856 0.0000000000
116482  41.655  40.097  18.177 0.0000000000
115959  42.229  39.406  19.416 0.0000000000
114957  41.836  37.119  25.151 0.0000000000
114969  41.956  37.172  23.631 0.0000000000
114956  42.991  37.636  24.527 0.0000000000
113901  44.128  35.215  20.667 0.0000000000
114976  43.913  37.340  22.149 0.0000000000
113358  42.706  34.535  19.973 0.0000000000
113375  44.065  36.360  18.791 0.0000000000
113933  45.306  35.211  17.746 0.0000000000
113951  46.635  35.110  16.107 0.0000000000
112867  46.671  33.291  16.651 0.0000000000
128666  46.058  29.345  16.963 0.0000000000
111883  47.806  29.986  16.748 0.0000000000
128600  46.537  27.793  16.459 0.0000000000
109073  46.521  25.768  15.958 0.0000000000
107912  41.352  23.982  20.664 0.0000000000
107913  40.489  23.569  20.132 0.0000000000
107894  40.846  23.133  21.624 0.0000000000
105931  42.412  20.633  23.940 0.0000000000
105935  41.939  20.463  22.931 0.0000000000
105263  42.562  19.414  22.932 0.0000000000
103880  42.013  17.570  22.174 0.0000000000
104610  43.516  17.788  22.602 0.0000000000
103816  47.359  17.362  25.370 0.0000000000
103812  45.849  17.984  26.009 0.0000000000
103823  47.044  17.898  24.169 0.0000000000
107319  37.758  22.451  17.516 0.0000000000
106636  37.627  21.520  19.410 0.0000000000
105980  38.093  21.451  19.005 0.0000000000
106635  38.645  21.915  19.250 0.0000000000
105972  39.612  21.219  19.958 0.0000000000
109544  45.042  28.263  15.575 0.0000000000
107939  38.179  23.165  17.610 0.0000000000
103782  50.092  17.768  29.812 0.0000000000
103793  51.069  18.121  29.411 0.0000000000
103034  51.355  16.752  29.689 0.0000000000
101451  51.860  15.074  28.295 0.0000000000
128629  45.007  29.222  18.361 0.0000000000
109938  44.394  27.468  19.651 0.0000000000
110414  44.348  28.492  19.615 0.0000000000
110409  43.717  28.384  21.009 0.0000000000
110397  43.498  27.806  23.386 0.0000000000
108980  40.466  25.715  25.590 0.0000000000
109447  41.246  26.614  25.417 0.0000000000
108964  40.822  25.095  26.115 0.0000000000
108427  42.289  24.021  26.949 0.0000000000
107838  43.553  23.214  27.474 0.0000000000
106553  45.215  22.250  28.994 0.0000000000
107217  43.864  21.714  28.181 0.0000000000
106535  44.118  21.048  29.632 0.0000000000
105874  43.400  20.585  31.542 0.0000000000
114481  40.226  36.894  20.118 0.0000000000
113878  44.568  35.244  24.946 0.0000000000
114413  44.825  36.363  24.577 0.0000000000
113329  45.371  35.080  23.082 0.0000000000
129168  45.011  34.054  21.091 0.0000000000
112839  47.276  33.579  19.748 0.0000000000
112369  47.168  32.551  17.261 0.0000000000
111858  47.872  31.932  18.699 0.0000000000
111869  46.839  30.807  17.865 0.0000000000
107891  43.088  23.908  22.907 0.0000000000
107889  41.774  23.151  22.784 0.0000000000
107265  43.234  22.794  24.419 0.0000000000
106595  43.023  21.562  25.373 0.0000000000
104550  43.462  19.083  24.842 0.0000000000
104580  49.481  18.360  21.721 0.0000000000
104581  48.325  18.416  21.998 0.0000000000
105269  36.577  19.357  21.969 0.0000000000
105966  37.566  21.500  20.892 0.0000000000
105284  37.697  19.484  21.725 0.0000000000
103857  37.591  17.664  22.314 0.0000000000
103856  38.655  17.511  22.342 0.0000000000
103088  39.132  16.357  22.218 0.0000000000
102315  40.787  15.744  22.299 0.0000000000
112887  44.622  33.930  15.524 0.0000000000
112372  43.155  33.108  16.407 0.0000000000
112307  42.497  32.321  21.918 0.0000000000
128650  42.554  30.675  21.959 0.0000000000
128661  42.187  31.319  23.634 0.0000000000
110406  41.132  29.834  24.679 0.0000000000
110387  39.635  28.864  24.618 0.0000000000
109900  38.803  27.283  24.839 0.0000000000
108981  39.234  25.288  25.148 0.0000000000
113882  38.784  35.853  24.458 0.0000000000
113863  39.918  36.076  25.621 0.0000000000
128832  42.303  36.305  27.210 0.0000000000
113861  43.922  35.246  27.066 0.0000000000
113331  43.551  34.318  24.484 0.0000000000
112812  42.981  33.341  22.680 0.0000000000
107250  48.183  22.552  26.729 0.0000000000
105917  46.658  21.231  27.109 0.0000000000
105909  47.865  20.456  27.762 0.0000000000
103804  48.158  17.700  27.407 0.0000000000
103815  48.682  16.883  25.839 0.0000000000
103807  51.098  17.122  27.371 0.0000000000
103067  50.812  16.898  25.170 0.0000000000
103832  49.507  17.520  23.426 0.0000000000
109066  42.174  24.202  16.270 0.0000000000
107315  41.273  23.310  17.885 0.0000000000
108532  42.683  24.791  18.110 0.0000000000
108518  42.799  25.131  19.383 0.0000000000
109016  41.494  25.733  21.244 0.0000000000
109484  43.743  26.906  21.107 0.0000000000
109487  41.015  26.570  21.829 0.0000000000
109008  42.347  25.634  22.105 0.0000000000
109006  44.074  25.225  22.719 0.0000000000
108472  45.941  24.450  24.071 0.0000000000
107872  47.689  23.891  25.269 0.0000000000
128662  42.622  29.543  22.753 0.0000000000
110384  42.654  27.986  24.024 0.0000000000
110383  43.320  27.868  24.459 0.0000000000
109445  42.997  26.600  25.633 0.0000000000
109895  43.530  27.622  25.636 0.0000000000
109910  44.609  27.749  24.596 0.0000000000
109441  47.545  26.599  25.874 0.0000000000
108438  48.484  25.053  26.026 0.0000000000
107836  47.718  23.492  26.625 0.0000000000
107230  48.461  23.156  27.400 0.0000000000
107798  49.000  22.671  29.005 0.0000000000
105871  48.269  20.854  29.271 0.0000000000
106515  45.965  21.582  30.159 0.0000000000
105873  46.866  20.129  30.147 0.0000000000
104520  47.968  18.737  29.483 0.0000000000
103766  47.901  17.050  30.289 0.0000000000
115990  40.128  39.159  17.443 0.0000000000
115523  42.664  38.876  17.098 0.0000000000
115034  44.424  38.373  17.155 0.0000000000
115447  44.316  38.301  23.671 0.0000000000
115950  43.388  39.673  20.814 0.0000000000
115966  43.885  39.799  19.619 0.0000000000
115020  44.625  38.295  17.937 0.0000000000
129193  46.116  36.941  16.232 0.0000000000
113969  46.267  34.898  15.179 0.0000000000
113430  47.558  34.306  14.736 0.0000000000
112392  47.615  32.370  14.860 0.0000000000
112864  49.071  32.310  16.145 0.0000000000
112381  47.962  31.498  15.972 0.0000000000
128602  46.414  28.858  14.983 0.0000000000
109083  44.869  26.509  15.032 0.0000000000
109075  44.414  25.285  15.130 0.0000000000
107926  39.944  23.386  18.784 0.0000000000
107305  39.846  22.398  19.649 0.0000000000
105962  40.525  20.712  20.704 0.0000000000
107269  41.215  22.357  22.537 0.0000000000
106611  41.238  21.135  22.207 0.0000000000
105947  40.944  20.275  21.542 0.0000000000
104613  41.054  18.306  21.811 0.0000000000
103853  41.620  17.169  22.426 0.0000000000
105243  44.878  19.829  26.967 0.0000000000
104548  45.079  18.192  25.003 0.0000000000
104567  44.390  18.369  23.330 0.0000000000
104583  46.444  18.294  22.635 0.0000000000
104584  44.542  17.667  22.832 0.0000000000
101443  49.229  13.994  28.727 0.0000000000
101476  49.424  14.902  25.679 0.0000000000
107328  40.670  22.990  17.257 0.0000000000
107963  41.970  23.473  15.503 0.0000000000
108565  41.712  24.256  15.052 0.0000000000
107964  41.218  23.392  15.587 0.0000000000
107957  40.511  23.397  16.584 0.0000000000
101395  49.958  14.190  31.444 0.0000000000
111830  44.272  31.661  19.711 0.0000000000
128637  44.300  30.638  19.398 0.0000000000
112317  43.322  32.709  20.630 0.0000000000
112834  44.367  33.055  20.193 0.0000000000
112338  44.684  32.376  19.698 0.0000000000
111848  44.860  32.143  19.225 0.0000000000
107257  46.045  23.115  26.360 0.0000000000
107258  45.064  22.840  25.994 0.0000000000
106588  46.003  22.310  26.668 0.0000000000
107308  36.249  22.460  18.959 0.0000000000
106637  37.008  21.869  19.182 0.0000000000
105282  39.832  19.482  21.682 0.0000000000
128618  45.602  31.651  15.793 0.0000000000
107320  36.686  22.738  17.937 0.0000000000
112282  39.702  32.655  25.409 0.0000000000
111786  40.676  32.004  24.917 0.0000000000
111787  39.799  31.747  25.010 0.0000000000
112792  39.109  32.471  26.861 0.0000000000
112790  39.940  33.175  25.297 0.0000000000
105228  50.031  19.712  28.346 0.0000000000
105219  50.194  19.410  28.767 0.0000000000
103065  52.351  16.151  24.666 0.0000000000
109965  44.920  26.431  17.181 0.0000000000
109957  45.036  27.019  18.344 0.0000000000
109924  42.642  27.265  23.119 0.0000000000
109465  43.446  26.943  23.926 0.0000000000
109464  44.203  26.972  24.046 0.0000000000
110371  41.188  28.080  25.002 0.0000000000
109898  41.096  27.411  25.272 0.0000000000
108425  44.399  24.126  27.629 0.0000000000
108424  45.218  24.346  27.896 0.0000000000
108937  45.695  24.500  27.862 0.0000000000
108410  45.709  24.053  28.083 0.0000000000
107822  45.989  23.434  28.380 0.0000000000
115005  40.203  37.549  19.565 0.0000000000
115489  39.849  38.446  18.941 0.0000000000
115488  40.993  38.459  19.547 0.0000000000
115960  41.408  39.283  19.068 0.0000000000
115487  41.588  39.015  19.553 0.0000000000
114942  42.954  36.741  25.804 0.0000000000
114955  43.927  37.004  24.867 0.0000000000
129164  45.230  34.757  19.511 0.0000000000
113909  43.705  34.901  20.484 0.0000000000
113366  44.284  34.864  19.302 0.0000000000
113367  43.631  34.704  19.101 0.0000000000
113372  44.990  34.230  18.597 0.0000000000
113403  45.323  34.149  16.750 0.0000000000
112356  46.094  33.629  17.421 0.0000000000
128667  45.791  29.077  17.036 0.0000000000
128624  45.882  28.641  16.824 0.0000000000
128604  45.444  27.230  16.672 0.0000000000
109537  46.024  26.413  17.075 0.0000000000
107900  41.450  23.767  21.374 0.0000000000
105257  42.637  19.419  23.644 0.0000000000
105934  42.463  20.022  23.317 0.0000000000
105262  43.084  19.097  23.001 0.0000000000
104611  42.593  18.143  22.551 0.0000000000
104585  43.377  18.645  22.785 0.0000000000
103833  48.034  17.998  23.242 0.0000000000
107331  38.141  22.069  17.079 0.0000000000
106642  37.850  21.793  18.361 0.0000000000
106649  38.696  21.912  17.835 0.0000000000
106634  39.252  22.072  19.603 0.0000000000
109545  43.870  26.968  15.399 0.0000000000
109982  43.823  27.923  15.983 0.0000000000
109546  42.861  26.378  15.446 0.0000000000
109549  41.035  25.666  16.410 0.0000000000
109538  41.121  26.798  15.979 0.0000000000
107950  39.652  23.320  17.268 0.0000000000
108550  38.912  23.922  17.550 0.0000000000
107951  38.789  23.423  17.392 0.0000000000
107318  38.271  22.868  17.189 0.0000000000
103765  49.187  17.155  30.312 0.0000000000
103035  50.861  17.145  30.172 0.0000000000
103016  50.786  16.290  30.043 0.0000000000
100640  51.366  13.977  29.538 0.0000000000
101440  51.370  14.589  29.289 0.0000000000
101473  52.082  14.762  26.636 0.0000000000
101463  51.145  14.661  27.280 0.0000000000
116013  39.899  38.981  16.686 0.0000000000
129208  39.555  39.169  16.338 0.0000000000
128636  45.074  29.744  18.246 0.0000000000
110410  43.423  29.208  20.953 0.0000000000
128647  43.871  29.217  20.292 0.0000000000
110404  43.593  27.967  22.502 0.0000000000
107839  42.555  23.115  27.137 0.0000000000
108426  43.352  24.039  27.089 0.0000000000
107234  43.883  22.344  27.665 0.0000000000
106555  43.461  21.231  28.810 0.0000000000
106536  43.016  20.417  29.812 0.0000000000
105888  44.131  20.639  30.660 0.0000000000
113330  44.554  34.635  23.647 0.0000000000
113877  45.529  35.586  24.034 0.0000000000
129157  46.263  33.330  21.000 0.0000000000
129160  45.701  33.820  21.353 0.0000000000
129159  46.191  33.836  21.456 0.0000000000
113365  45.729  34.593  20.319 0.0000000000
112838  48.045  33.407  20.189 0.0000000000
112850  47.998  33.187  19.258 0.0000000000
112335  48.011  32.607  19.410 0.0000000000
128656  45.346  30.737  18.736 0.0000000000
111366  47.222  31.577  18.437 0.0000000000
128657  45.633  30.526  18.342 0.0000000000
128630  45.587  29.998  17.763 0.0000000000
108480  43.642  24.319  23.053 0.0000000000
107887  43.426  23.642  23.641 0.0000000000
107882  44.035  23.145  24.041 0.0000000000
106590  44.095  21.480  25.807 0.0000000000
106598  43.300  22.196  24.909 0.0000000000
105923  43.507  20.652  25.675 0.0000000000
105927  43.341  20.352  25.243 0.0000000000
105248  44.028  19.969  25.914 0.0000000000
105936  36.652  19.950  21.718 0.0000000000
106627  37.658  21.318  20.138 0.0000000000
105965  38.150  21.211  20.669 0.0000000000
105283  38.773  19.477  21.981 0.0000000000
104615  37.801  18.942  21.932 0.0000000000
104590  38.269  18.585  22.213 0.0000000000
102316  39.993  15.866  22.023 0.0000000000
103087  40.350  16.575  22.355 0.0000000000
113432  46.119  35.401  14.975 0.0000000000
113420  45.534  34.847  15.270 0.0000000000
111383  43.959  31.702  15.968 0.0000000000
112385  44.227  32.984  15.899 0.0000000000
111871  43.476  32.321  16.374 0.0000000000
128641  41.751  31.669  16.834 0.0000000000
111810  42.096  31.949  22.796 0.0000000000
128664  41.535  30.458  24.619 0.0000000000
110400  40.567  29.543  24.522 0.0000000000
110388  38.699  28.192  24.729 0.0000000000
109449  39.098  26.429  25.049 0.0000000000
113894  38.142  35.630  23.809 0.0000000000
113883  37.871  35.511  24.490 0.0000000000
113850  40.063  35.943  26.074 0.0000000000
114393  40.073  36.115  27.055 0.0000000000
114392  40.895  36.335  26.669 0.0000000000
128814  41.916  34.728  27.036 0.0000000000
128818  42.272  34.850  27.761 0.0000000000
128823  43.657  35.135  28.406 0.0000000000
113320  43.505  34.765  27.255 0.0000000000
113879  43.676  34.679  25.780 0.0000000000
113332  42.399  34.768  25.147 0.0000000000
112291  41.454  32.826  24.029 0.0000000000
112290  42.075  32.896  23.345 0.0000000000
112298  42.534  32.964  22.528 0.0000000000
107249  48.763  22.461  26.982 0.0000000000
106583  48.343  21.777  26.876 0.0000000000
106568  48.558  21.213  27.398 0.0000000000
104534  49.482  18.526  27.870 0.0000000000
104535  48.557  18.493  27.734 0.0000000000
103803  48.979  17.523  27.549 0.0000000000
103809  48.473  17.039  26.975 0.0000000000
103054  49.106  16.566  26.775 0.0000000000
103045  52.263  17.114  28.404 0.0000000000
103801  51.207  17.529  28.360 0.0000000000
103806  51.875  17.131  27.633 0.0000000000
103066  51.594  16.647  24.740 0.0000000000
103059  51.278  16.606  25.796 0.0000000000
103820  50.914  17.009  24.605 0.0000000000
103821  49.903  16.889  24.783 0.0000000000
103831  51.222  17.247  23.675 0.0000000000
103848  50.573  18.037  22.246 0.0000000000
103847  52.188  17.781  22.490 0.0000000000
108546  42.682  24.713  16.774 0.0000000000
108531  43.465  25.076  17.818 0.0000000000
108517  43.176  25.660  19.780 0.0000000000
108504  42.858  25.617  20.073 0.0000000000
108505  41.972  25.030  20.416 0.0000000000
109030  41.700  26.062  20.959 0.0000000000
109931  44.217  27.686  20.617 0.0000000000
109483  43.989  27.040  20.339 0.0000000000
109475  41.837  26.834  23.031 0.0000000000
109486  41.820  26.872  21.632 0.0000000000
109003  41.633  26.473  22.452 0.0000000000
109009  41.691  26.391  21.559 0.0000000000
109007  43.326  25.578  22.323 0.0000000000
108998  46.431  25.673  23.209 0.0000000000
108997  46.957  25.224  23.525 0.0000000000
108471  46.776  24.449  24.237 0.0000000000
108470  47.862  24.615  24.398 0.0000000000
128663  42.484  30.140  22.147 0.0000000000
110385  41.905  28.368  24.395 0.0000000000
128660  42.495  28.490  23.738 0.0000000000
110368  43.333  28.143  25.212 0.0000000000
108978  42.292  26.097  25.611 0.0000000000
109446  42.165  26.673  25.390 0.0000000000
109444  43.956  26.999  25.935 0.0000000000
109443  44.995  27.181  26.069 0.0000000000
109894  44.351  27.739  25.468 0.0000000000
109893  45.422  27.512  25.227 0.0000000000
109442  46.186  27.054  25.964 0.0000000000
108959  47.723  26.162  27.278 0.0000000000
108439  48.095  24.468  26.636 0.0000000000
107855  47.883  23.945  26.820 0.0000000000
107231  48.164  23.368  26.954 0.0000000000
107835  47.859  23.967  27.265 0.0000000000
107800  47.975  23.597  29.547 0.0000000000
108389  48.834  23.975  29.383 0.0000000000
107196  48.125  22.280  29.119 0.0000000000
106532  48.609  21.411  28.741 0.0000000000
106512  47.920  21.382  29.428 0.0000000000
106533  45.684  22.198  29.575 0.0000000000
128496  46.047  19.437  31.160 0.0000000000
128495  46.447  19.982  30.905 0.0000000000
103795  46.311  19.447  29.884 0.0000000000
105222  47.498  19.610  29.561 0.0000000000
104521  46.849  18.922  29.459 0.0000000000
103784  47.146  17.800  29.428 0.0000000000
115504  39.034  38.625  18.482 0.0000000000
115974  37.646  39.170  18.009 0.0000000000
115973  38.597  39.063  17.976 0.0000000000
116481  42.213  39.848  18.213 0.0000000000
116489  42.017  40.029  17.820 0.0000000000
115987  42.582  39.319  17.736 0.0000000000
115522  43.521  38.641  16.910 0.0000000000
115521  44.257  39.091  17.712 0.0000000000
114966  44.440  36.761  23.686 0.0000000000
114954  44.426  37.446  23.944 0.0000000000
114967  44.253  37.316  23.204 0.0000000000
115470  44.121  38.567  21.487 0.0000000000
115940  44.405  39.360  21.865 0.0000000000
116462  44.832  40.302  20.709 0.0000000000
116470  44.589  40.385  20.121 0.0000000000
115956  44.533  39.599  20.115 0.0000000000
113935  44.558  36.269  18.199 0.0000000000
115004  44.041  37.633  18.917 0.0000000000
115022  44.792  36.957  17.334 0.0000000000
115021  44.766  37.457  17.540 0.0000000000
129194  45.793  36.987  16.738 0.0000000000
113952  46.134  35.810  16.033 0.0000000000
113967  48.851  34.907  14.989 0.0000000000
113968  47.590  34.920  15.219 0.0000000000
113991  49.153  34.966  13.349 0.0000000000
112900  47.661  33.380  14.747 0.0000000000
112899  48.474  33.304  14.420 0.0000000000
112368  48.163  32.209  17.417 0.0000000000
112367  48.754  31.474  16.682 0.0000000000
111893  47.164  29.376  16.463 0.0000000000
111894  46.974  29.633  15.920 0.0000000000
128595  46.806  28.981  15.036 0.0000000000
128594  46.138  28.505  15.162 0.0000000000
108554  44.501  25.470  16.532 0.0000000000
109074  45.279  25.657  15.694 0.0000000000
108555  43.976  24.940  15.965 0.0000000000
108556  42.730  24.378  15.773 0.0000000000
108533  41.577  24.153  18.457 0.0000000000
107937  40.989  23.609  18.378 0.0000000000
107925  40.741  23.949  19.226 0.0000000000
107901  40.554  23.339  21.001 0.0000000000
107292  40.163  22.510  20.330 0.0000000000
106626  40.427  21.544  20.489 0.0000000000
107267  41.680  22.584  23.412 0.0000000000
106602  41.444  21.509  23.186 0.0000000000
105946  41.514  20.193  22.170 0.0000000000
105281  40.740  19.193  21.689 0.0000000000
104612  41.787  18.601  21.891 0.0000000000
103108  42.570  16.864  22.310 0.0000000000
103109  42.000  16.944  22.483 0.0000000000
103077  41.670  15.959  23.111 0.0000000000
102313  42.599  15.692  22.710 0.0000000000
105240  46.300  19.515  27.488 0.0000000000
105918  45.882  20.682  27.047 0.0000000000
104538  45.867  18.853  27.134 0.0000000000
104547  45.775  18.169  24.467 0.0000000000
103818  45.510  18.079  25.634 0.0000000000
104556  44.248  18.496  24.179 0.0000000000
104555  45.201  18.298  23.925 0.0000000000
104608  47.885  18.127  21.576 0.0000000000
104582  47.175  18.323  22.133 0.0000000000
103851  47.146  17.686  21.683 0.0000000000
107329  39.604  22.494  17.588 0.0000000000
109085  42.483  25.270  15.319 0.0000000000
109087  41.345  25.206  16.242 0.0000000000
109078  40.911  24.986  16.687 0.0000000000
109067  40.161  25.072  17.121 0.0000000000
108558  40.149  24.247  16.724 0.0000000000
107958  40.020  23.661  16.884 0.0000000000
102241  49.566  15.455  31.087 0.0000000000
102240  50.667  15.161  30.583 0.0000000000
102226  50.377  14.573  31.232 0.0000000000
100612  50.742  13.720  30.571 0.0000000000
101432  50.822  13.910  29.372 0.0000000000
128655  44.377  30.009  19.277 0.0000000000
128653  43.480  29.588  20.742 0.0000000000
128652  43.290  29.675  21.366 0.0000000000
108443  40.046  24.069  26.036 0.0000000000
108442  41.111  24.203  26.421 0.0000000000
107857  40.947  23.395  26.685 0.0000000000
107236  41.786  22.237  27.597 0.0000000000
112811  43.576  33.659  22.044 0.0000000000
113342  44.301  33.930  21.892 0.0000000000
129165  43.964  33.723  21.232 0.0000000000
112315  45.706  33.351  20.457 0.0000000000
112323  46.335  32.931  19.850 0.0000000000
111828  46.854  32.494  19.493 0.0000000000
112336  46.105  32.631  19.322 0.0000000000
111357  45.742  31.747  18.826 0.0000000000
107881  44.735  23.433  24.426 0.0000000000
107261  44.778  22.939  25.231 0.0000000000
106593  44.513  22.250  25.756 0.0000000000
105973  38.721  21.487  19.886 0.0000000000
105267  38.947  18.878  22.363 0.0000000000
105266  39.560  19.006  22.223 0.0000000000
104588  40.233  18.421  22.105 0.0000000000
112901  46.809  33.478  15.210 0.0000000000
112886  45.532  33.767  15.527 0.0000000000
112383  45.915  32.798  15.710 0.0000000000
111381  44.490  31.679  15.955 0.0000000000
107941  36.159  23.600  17.852 0.0000000000
107309  35.187  22.714  18.969 0.0000000000
107296  35.403  22.157  19.951 0.0000000000
111795  41.335  32.142  24.511 0.0000000000
111312  41.538  31.468  24.569 0.0000000000
111303  41.042  31.421  24.879 0.0000000000
110829  40.647  31.041  24.852 0.0000000000
128804  40.998  34.189  28.344 0.0000000000
113311  41.265  33.953  26.769 0.0000000000
113333  41.417  35.128  24.724 0.0000000000
112798  40.388  33.565  24.865 0.0000000000
106566  50.085  21.487  27.736 0.0000000000
105907  49.617  20.465  27.714 0.0000000000
105906  50.206  20.467  27.927 0.0000000000
102269  52.566  15.833  26.786 0.0000000000
103051  51.864  16.298  26.879 0.0000000000
103057  53.112  16.218  25.438 0.0000000000
103074  52.141  16.590  23.842 0.0000000000
109063  44.948  25.700  17.110 0.0000000000
109064  44.197  25.465  17.465 0.0000000000
109050  44.249  26.033  18.337 0.0000000000
109039  43.802  26.393  18.869 0.0000000000
109497  43.757  26.413  19.897 0.0000000000
109927  43.215  27.799  21.995 0.0000000000
109933  42.642  27.298  21.846 0.0000000000
109928  42.646  27.407  22.458 0.0000000000
109925  42.013  27.236  23.130 0.0000000000
109477  43.247  26.247  22.717 0.0000000000
109001  43.621  26.046  22.738 0.0000000000
109473  43.722  26.521  23.228 0.0000000000
109472  44.611  26.475  23.405 0.0000000000
109470  46.563  26.575  23.623 0.0000000000
110399  41.613  29.512  24.193 0.0000000000
108962  43.523  25.881  27.093 0.0000000000
109432  43.460  26.240  26.252 0.0000000000
108961  44.885  25.856  27.148 0.0000000000
109429  46.829  26.451  26.570 0.0000000000
108960  46.258  25.861  27.088 0.0000000000
108936  46.370  24.526  27.723 0.0000000000
107821  47.184  23.727  28.280 0.0000000000
107801  47.079  23.357  29.173 0.0000000000
107784  47.365  22.846  29.588 0.0000000000
105223  44.927  20.550  30.869 0.0000000000
106516  45.391  20.945  30.456 0.0000000000
128511  45.652  20.503  31.219 0.0000000000
128506  46.023  19.791  31.735 0.0000000000
115490  38.773  38.191  19.112 0.0000000000
115503  39.666  38.745  18.328 0.0000000000
115971  40.273  39.168  18.198 0.0000000000
115969  41.909  39.749  18.668 0.0000000000
115968  42.858  39.515  18.716 0.0000000000
114958  41.105  36.328  24.989 0.0000000000
114415  41.187  36.573  24.116 0.0000000000
114439  43.620  35.441  21.715 0.0000000000
114427  43.544  36.643  22.847 0.0000000000
114440  43.871  35.528  20.794 0.0000000000
114450  43.776  36.350  20.864 0.0000000000
114463  44.161  36.897  20.470 0.0000000000
114993  44.244  37.722  20.054 0.0000000000
113929  42.769  35.796  19.699 0.0000000000
113374  44.215  35.643  18.820 0.0000000000
113934  45.131  35.973  18.057 0.0000000000
113940  46.078  35.440  16.924 0.0000000000
113939  46.166  34.884  16.712 0.0000000000
113950  47.231  34.568  15.935 0.0000000000
112884  47.885  33.655  15.965 0.0000000000
128608  47.268  29.833  17.319 0.0000000000
128615  47.522  29.643  17.032 0.0000000000
128625  46.868  28.390  16.293 0.0000000000
128591  47.406  27.485  15.972 0.0000000000
109081  47.310  26.596  15.992 0.0000000000
128592  46.901  26.495  16.445 0.0000000000
109062  46.335  25.827  16.828 0.0000000000
107924  41.289  24.167  19.923 0.0000000000
105932  41.824  21.044  23.549 0.0000000000
105264  42.048  19.660  22.310 0.0000000000
104587  41.974  19.196  22.051 0.0000000000
104586  42.375  18.957  22.424 0.0000000000
103879  42.959  17.379  22.351 0.0000000000
104540  46.878  18.131  26.858 0.0000000000
104541  46.167  18.379  26.600 0.0000000000
103811  46.610  17.723  26.122 0.0000000000
103817  46.075  17.627  25.104 0.0000000000
104553  46.802  18.230  23.488 0.0000000000
106641  38.509  21.850  18.644 0.0000000000
105979  38.382  21.520  19.254 0.0000000000
128603  43.928  28.828  16.645 0.0000000000
128601  43.257  28.305  16.425 0.0000000000
109984  42.296  26.976  15.682 0.0000000000
108549  39.459  24.273  17.438 0.0000000000
108535  39.044  24.478  17.796 0.0000000000
128802  39.790  32.127  29.557 0.0000000000
128808  39.463  32.217  28.656 0.0000000000
104519  49.214  18.704  29.275 0.0000000000
104518  50.337  18.791  29.297 0.0000000000
103794  50.947  17.759  29.954 0.0000000000
103042  51.267  17.446  29.712 0.0000000000
102266  52.189  16.755  28.723 0.0000000000
102258  51.056  15.866  29.541 0.0000000000
102261  51.553  15.510  28.935 0.0000000000
102264  52.271  15.803  27.486 0.0000000000
101472  52.334  15.221  26.833 0.0000000000
102277  52.243  14.861  25.715 0.0000000000
110425  44.559  28.044  18.219 0.0000000000
110408  44.261  28.230  20.491 0.0000000000
110415  44.216  29.108  19.894 0.0000000000
110396  44.077  27.693  22.944 0.0000000000
109448  40.171  26.529  25.337 0.0000000000
108979  41.573  25.872  25.591 0.0000000000
108951  42.413  24.634  26.632 0.0000000000
108950  42.953  24.851  26.983 0.0000000000
107837  44.385  23.291  27.858 0.0000000000
107216  45.157  22.856  28.596 0.0000000000
107233  44.580  22.696  28.159 0.0000000000
106571  44.461  21.975  27.975 0.0000000000
106554  44.477  21.596  28.719 0.0000000000
105183  44.929  19.983  32.497 0.0000000000
114996  41.007  37.478  20.346 0.0000000000
114414  44.517  36.013  25.514 0.0000000000
113876  45.217  35.837  23.314 0.0000000000
113328  44.717  35.370  22.769 0.0000000000
113338  44.569  34.439  22.238 0.0000000000
129167  44.344  34.612  21.709 0.0000000000
129169  44.579  34.685  20.577 0.0000000000
112840  46.503  33.636  19.192 0.0000000000
112852  46.484  33.484  18.346 0.0000000000
112851  47.245  33.185  18.836 0.0000000000
112353  47.818  32.560  18.362 0.0000000000
111859  47.281  31.854  18.857 0.0000000000
111365  47.487  31.573  18.254 0.0000000000
128665  46.348  30.197  17.704 0.0000000000
128623  45.506  29.123  17.450 0.0000000000
107892  42.328  23.930  22.492 0.0000000000
107888  42.384  23.433  23.276 0.0000000000
107266  42.381  22.825  24.068 0.0000000000
107262  43.997  22.707  24.679 0.0000000000
106599  42.507  21.846  24.712 0.0000000000
105928  42.818  20.684  25.122 0.0000000000
105253  43.124  19.780  24.443 0.0000000000
104569  43.075  19.033  23.874 0.0000000000
103849  49.021  18.134  22.514 0.0000000000
103850  48.272  18.276  22.565 0.0000000000
104592  36.092  18.539  22.241 0.0000000000
105951  37.306  20.506  21.418 0.0000000000
105285  37.026  19.660  21.597 0.0000000000
105268  37.102  19.280  21.797 0.0000000000
104591  37.197  18.699  22.087 0.0000000000
112888  43.426  33.595  15.673 0.0000000000
128613  42.530  29.916  17.075 0.0000000000
111342  43.233  31.754  20.799 0.0000000000
111818  42.493  31.399  21.960 0.0000000000
128670  42.327  30.453  23.188 0.0000000000
109899  40.029  27.605  25.076 0.0000000000
114418  38.900  36.133  24.000 0.0000000000
113865  38.592  35.446  25.334 0.0000000000
113864  39.470  35.941  25.367 0.0000000000
114402  40.285  36.222  25.397 0.0000000000
114943  41.039  36.211  25.507 0.0000000000
114933  41.973  36.412  26.459 0.0000000000
128830  42.892  35.866  26.937 0.0000000000
128822  42.936  36.295  28.309 0.0000000000
128829  43.756  35.717  27.742 0.0000000000
113862  44.328  35.241  26.297 0.0000000000
112797  43.915  34.088  23.665 0.0000000000
113339  42.240  33.931  24.415 0.0000000000
112803  42.806  33.532  23.458 0.0000000000
112297  42.962  33.293  21.970 0.0000000000
112306  43.016  33.073  21.444 0.0000000000
107251  47.546  22.610  26.650 0.0000000000
106585  46.581  21.853  26.777 0.0000000000
106584  47.424  21.686  26.936 0.0000000000
105910  46.881  20.547  27.349 0.0000000000
105239  47.156  19.497  27.723 0.0000000000
105908  48.809  20.419  27.702 0.0000000000
105238  48.159  19.457  27.845 0.0000000000
104536  47.496  18.377  27.587 0.0000000000
103810  47.620  17.536  26.613 0.0000000000
104527  50.736  18.831  28.715 0.0000000000
103808  50.486  17.162  27.095 0.0000000000
103052  50.861  17.008  26.569 0.0000000000
103053  49.910  17.046  26.734 0.0000000000
103814  49.560  16.718  25.650 0.0000000000
107956  42.060  23.528  16.069 0.0000000000
107335  41.522  23.071  16.591 0.0000000000
107948  41.833  23.877  16.923 0.0000000000
107935  42.166  24.365  17.878 0.0000000000
109052  43.265  25.008  18.320 0.0000000000
108492  41.615  24.831  21.258 0.0000000000
109948  44.170  27.188  18.887 0.0000000000
109496  43.957  26.791  19.803 0.0000000000
109014  43.457  26.058  21.088 0.0000000000
109485  42.894  26.604  21.453 0.0000000000
109498  42.648  26.148  21.252 0.0000000000
109029  42.647  25.872  20.808 0.0000000000
109031  41.142  26.054  21.145 0.0000000000
108486  42.094  24.885  21.775 0.0000000000
108485  42.567  24.693  21.891 0.0000000000
108484  43.359  24.617  22.506 0.0000000000
108479  44.291  24.408  23.316 0.0000000000
108478  45.379  24.656  23.412 0.0000000000
107885  45.338  23.973  24.011 0.0000000000
107880  45.908  23.789  24.756 0.0000000000
107873  46.936  23.631  25.627 0.0000000000
128648  43.062  30.073  21.790 0.0000000000
109911  43.777  27.558  24.373 0.0000000000
109897  42.001  27.370  25.164 0.0000000000
109896  42.805  27.457  25.330 0.0000000000
110367  43.845  28.086  25.363 0.0000000000
110382  43.910  28.162  24.815 0.0000000000
109909  45.726  27.443  24.087 0.0000000000
109908  46.452  27.082  24.009 0.0000000000
109461  47.133  26.554  24.372 0.0000000000
109428  47.460  26.656  26.751 0.0000000000
108977  48.305  26.360  26.570 0.0000000000
109459  48.454  26.030  25.037 0.0000000000
108458  48.239  24.364  25.410 0.0000000000
108440  47.531  23.668  25.901 0.0000000000
107232  47.887  23.230  26.660 0.0000000000
107229  48.732  22.731  27.698 0.0000000000
108422  48.514  24.316  28.349 0.0000000000
107819  49.032  23.486  28.492 0.0000000000
107228  49.292  22.372  27.874 0.0000000000
106531  49.332  21.653  28.568 0.0000000000
106551  49.408  21.182  28.652 0.0000000000
105221  48.578  19.591  29.281 0.0000000000
107215  45.725  22.899  28.923 0.0000000000
107177  46.295  22.295  29.766 0.0000000000
107176  46.878  22.199  30.096 0.0000000000
128512  45.929  20.897  30.665 0.0000000000
106514  46.525  20.897  30.438 0.0000000000
106513  47.413  21.127  30.032 0.0000000000
105872  47.637  20.653  29.655 0.0000000000
103783  48.582  17.816  29.655 0.0000000000
116012  40.790  39.175  16.905 0.0000000000
116491  41.248  40.021  17.749 0.0000000000
115988  41.811  39.691  17.511 0.0000000000
116011  41.613  39.236  17.049 0.0000000000
115037  44.912  37.885  15.372 0.0000000000
114988  41.003  37.167  21.081 0.0000000000
114994  42.119  38.446  20.626 0.0000000000
115448  44.173  38.215  24.213 0.0000000000
115462  44.161  38.420  22.440 0.0000000000
115471  43.092  38.740  21.459 0.0000000000
115951  42.707  39.319  20.123 0.0000000000
115958  43.314  40.059  19.718 0.0000000000
115967  43.892  39.921  19.201 0.0000000000
115985  44.161  39.526  18.534 0.0000000000
115501  44.396  38.906  18.517 0.0000000000
113984  46.402  35.369  14.978 0.0000000000
113983  47.226  34.882  14.926 0.0000000000
112393  47.112  32.579  15.358 0.0000000000
128626  47.004  31.438  15.513 0.0000000000
112866  47.755  33.057  16.445 0.0000000000
113399  49.064  32.793  15.794 0.0000000000
112898  48.810  32.774  14.912 0.0000000000
112391  47.739  31.327  14.940 0.0000000000
128632  46.371  29.461  15.543 0.0000000000
108563  43.658  24.618  15.135 0.0000000000
107962  42.408  23.809  15.575 0.0000000000
107316  40.925  22.840  17.952 0.0000000000
107938  40.500  22.991  18.380 0.0000000000
107306  39.410  22.836  19.226 0.0000000000
107914  39.952  23.568  19.503 0.0000000000
107293  39.882  22.914  20.020 0.0000000000
106633  40.106  21.717  19.750 0.0000000000
105971  40.324  20.986  19.975 0.0000000000
107893  41.418  23.347  22.130 0.0000000000
107270  41.019  22.627  21.853 0.0000000000
107277  41.076  21.969  21.759 0.0000000000
106612  40.784  21.299  21.284 0.0000000000
105948  40.262  20.009  21.126 0.0000000000
103854  41.010  17.533  22.287 0.0000000000
103881  41.482  17.957  21.887 0.0000000000
106586  45.661  21.512  26.696 0.0000000000
105919  44.888  20.847  26.778 0.0000000000
105244  43.886  20.194  26.971 0.0000000000
104542  45.104  18.594  26.410 0.0000000000
104543  44.194  19.351  26.453 0.0000000000
104549  44.010  18.885  25.343 0.0000000000
104563  47.768  18.331  22.554 0.0000000000
104564  47.123  18.319  22.930 0.0000000000
104565  46.421  18.359  23.125 0.0000000000
103081  46.814  16.994  22.297 0.0000000000
103852  46.054  17.750  22.431 0.0000000000
104566  45.558  18.254  22.980 0.0000000000
103878  43.711  17.262  22.347 0.0000000000
100642  49.363  13.656  29.428 0.0000000000
101453  50.158  14.737  28.069 0.0000000000
101454  49.062  14.778  27.761 0.0000000000
101464  50.140  14.963  27.001 0.0000000000
100611  51.393  13.918  30.171 0.0000000000
100630  51.597  14.002  29.666 0.0000000000
100631  51.095  13.793  29.786 0.0000000000
100632  50.109  13.743  29.769 0.0000000000
100639  51.408  14.189  29.408 0.0000000000
100641  49.734  13.861  29.216 0.0000000000
101411  51.113  14.295  30.474 0.0000000000
101412  50.737  14.211  31.140 0.0000000000
101430  51.425  14.373  29.951 0.0000000000
101431  51.175  13.940  29.429 0.0000000000
101441  51.250  14.263  29.046 0.0000000000
101442  50.341  14.184  28.938 0.0000000000
101450  52.229  15.593  27.808 0.0000000000
101461  52.139  15.426  27.391 0.0000000000
101462  51.903  14.864  27.456 0.0000000000
102227  49.857  14.699  31.381 0.0000000000
102242  48.889  15.386  31.310 0.0000000000
102257  51.152  15.111  29.750 0.0000000000
102262  51.739  16.401  29.004 0.0000000000
102265  52.329  16.121  28.097 0.0000000000
102268  53.300  16.055  26.266 0.0000000000
102275  53.363  15.767  26.066 0.0000000000
102276  52.910  15.193  26.189 0.0000000000
102284  53.279  15.551  25.698 0.0000000000
102285  52.876  15.328  25.428 0.0000000000
102291  42.166  16.177  23.415 0.0000000000
102292  42.176  15.749  23.693 0.0000000000
102295  53.110  16.445  23.081 0.0000000000
102301  42.412  16.036  23.202 0.0000000000
102302  42.077  15.597  23.171 0.0000000000
102314  41.628  15.494  22.720 0.0000000000
103017  49.963  16.509  30.308 0.0000000000
103041  51.729  17.244  29.096 0.0000000000
103044  52.417  16.826  27.709 0.0000000000
103047  48.919  16.858  27.276 0.0000000000
103049  53.474  16.170  25.934 0.0000000000
103050  52.978  16.428  26.214 0.0000000000
103056  53.459  15.877  25.555 0.0000000000
103060  50.249  16.786  25.842 0.0000000000
103061  49.493  16.680  26.176 0.0000000000
103064  53.101  15.810  25.112 0.0000000000
103068  41.806  16.133  23.432 0.0000000000
103069  41.736  15.723  23.390 0.0000000000
103076  41.975  16.230  23.089 0.0000000000
103085  42.283  16.396  22.710 0.0000000000
103086  41.461  16.484  22.669 0.0000000000
103764  49.769  17.162  30.145 0.0000000000
103781  50.577  18.278  29.569 0.0000000000
103800  52.176  17.401  28.005 0.0000000000
103802  50.087  17.476  27.653 0.0000000000
103824  46.289  18.086  24.428 0.0000000000
103834  47.248  18.131  23.456 0.0000000000
104544  43.552  19.323  24.978 0.0000000000
104545  43.631  19.523  25.016 0.0000000000
104551  43.386  19.404  24.782 0.0000000000
104557  43.547  18.849  24.281 0.0000000000
104558  43.017  19.004  24.432 0.0000000000
104559  42.774  19.064  24.207 0.0000000000
104570  42.887  18.938  24.079 0.0000000000
104609  43.969  17.571  22.535 0.0000000000
105210  47.471  20.157  29.635 0.0000000000
105229  49.922  19.798  28.545 0.0000000000
105237  49.113  19.505  27.819 0.0000000000
105241  45.587  19.556  27.246 0.0000000000
105245  43.722  19.586  25.129 0.0000000000
105246  43.796  19.411  25.145 0.0000000000
105249  43.605  19.783  25.124 0.0000000000
105250  43.598  19.760  24.960 0.0000000000
105252  43.307  20.235  24.922 0.0000000000
105254  42.850  19.262  24.263 0.0000000000
105256  42.862  19.179  23.130 0.0000000000
105258  42.791  19.237  24.021 0.0000000000
105884  49.618  20.398  28.673 0.0000000000
105885  48.990  20.526  28.877 0.0000000000
105886  48.096  20.209  29.438 0.0000000000
105887  44.702  20.922  30.244 0.0000000000
105895  50.247  20.504  28.250 0.0000000000
105896  50.008  20.420  28.528 0.0000000000
105897  49.720  20.817  28.696 0.0000000000
105911  46.131  20.073  27.310 0.0000000000
105924  42.998  21.014  25.633 0.0000000000
106550  50.049  21.332  28.514 0.0000000000
106552  45.656  22.565  29.232 0.0000000000
106565  50.339  20.953  28.154 0.0000000000
106567  49.334  21.219  27.410 0.0000000000
106569  47.789  21.238  27.400 0.0000000000
106570  44.860  22.222  28.379 0.0000000000
106582  49.051  21.792  26.954 0.0000000000
106591  43.452  21.344  25.642 0.0000000000
106650  38.195  21.925  17.477 0.0000000000
107174  47.808  21.840  29.808 0.0000000000
107175  47.451  21.887  30.148 0.0000000000
107195  48.838  21.862  28.642 0.0000000000
107197  46.810  22.590  29.477 0.0000000000
107198  46.216  22.756  29.294 0.0000000000
107214  49.394  22.087  28.371 0.0000000000
107248  49.136  22.279  27.296 0.0000000000
107294  39.615  23.205  19.516 0.0000000000
107307  39.500  23.195  19.264 0.0000000000
107327  41.336  23.235  17.388 0.0000000000
107339  41.796  22.882  15.917 0.0000000000
107340  41.553  23.000  15.645 0.0000000000
107783  47.761  22.693  29.889 0.0000000000
107799  48.598  23.048  29.693 0.0000000000
107818  48.990  22.969  28.594 0.0000000000
107823  45.038  23.434  28.325 0.0000000000
107832  48.783  23.237  28.170 0.0000000000
107833  48.717  23.570  28.153 0.0000000000
107834  48.301  24.133  27.921 0.0000000000
107856  47.416  23.489  26.282 0.0000000000
107871  47.977  24.053  25.191 0.0000000000
107878  47.844  24.108  24.961 0.0000000000
107879  47.203  23.952  24.784 0.0000000000
107899  42.042  23.923  21.783 0.0000000000
107915  39.649  23.394  19.334 0.0000000000
107927  39.444  23.268  19.062 0.0000000000
107936  41.825  23.856  17.858 0.0000000000
107947  42.135  24.417  17.537 0.0000000000
107955  42.303  23.897  15.788 0.0000000000
108388  49.135  23.447  29.110 0.0000000000
108390  48.327  24.216  29.246 0.0000000000
108406  49.162  23.536  28.752 0.0000000000
108407  49.161  23.984  28.719 0.0000000000
108408  48.594  24.385  28.725 0.0000000000
108421  48.725  24.182  28.357 0.0000000000
108437  48.509  25.245  25.860 0.0000000000
108441  41.955  24.386  26.548 0.0000000000
108457  48.448  25.172  25.606 0.0000000000
108459  47.739  23.761  25.783 0.0000000000
108460  47.333  23.622  25.809 0.0000000000
108469  48.331  25.090  25.060 0.0000000000
108476  47.230  24.834  23.743 0.0000000000
108477  46.483  24.861  23.639 0.0000000000
108482  44.683  24.882  23.030 0.0000000000
108483  44.077  24.831  22.939 0.0000000000
108506  39.831  23.596  19.149 0.0000000000
108507  39.594  23.535  19.155 0.0000000000
108520  41.185  24.116  18.717 0.0000000000
108521  39.744  23.491  18.964 0.0000000000
108522  39.577  23.360  18.986 0.0000000000
108534  41.219  23.972  18.501 0.0000000000
108536  38.494  24.120  17.851 0.0000000000
108544  44.454  25.500  16.943 0.0000000000
108547  42.083  24.081  16.438 0.0000000000
108548  39.857  24.543  17.023 0.0000000000
108557  42.175  24.038  16.014 0.0000000000
108957  48.500  25.502  25.909 0.0000000000
108958  48.493  25.638  26.542 0.0000000000
108975  48.441  25.738  25.357 0.0000000000
108976  48.332  26.045  25.959 0.0000000000
108991  48.198  25.575  24.695 0.0000000000
108993  46.896  26.097  23.788 0.0000000000
109000  43.986  25.784  23.047 0.0000000000
109002  41.980  26.177  22.686 0.0000000000
109005  44.481  25.107  22.879 0.0000000000
109010  40.481  26.393  22.130 0.0000000000
109011  40.084  26.310  22.300 0.0000000000
109013  43.819  26.486  20.524 0.0000000000
109015  42.938  26.082  21.235 0.0000000000
109017  40.653  26.207  21.577 0.0000000000
109018  40.292  26.390  22.288 0.0000000000
109027  43.802  26.430  20.227 0.0000000000
109028  43.474  25.996  20.162 0.0000000000
109041  43.213  25.192  18.635 0.0000000000
109051  43.721  25.370  18.037 0.0000000000
109061  46.577  26.066  16.703 0.0000000000
109065  42.396  24.401  16.283 0.0000000000
109072  46.773  26.193  16.314 0.0000000000
109076  42.291  24.279  16.090 0.0000000000
109077  42.041  23.883  16.184 0.0000000000
109086  41.698  25.173  15.742 0.0000000000
109439  48.474  26.019  25.261 0.0000000000
109440  48.332  26.208  25.374 0.0000000000
109460  47.963  26.214  24.802 0.0000000000
109462  45.526  27.250  23.650 0.0000000000
109471  45.720  26.800  23.353 0.0000000000
109479  41.422  26.798  22.267 0.0000000000
109480  40.827  26.495  22.137 0.0000000000
109481  40.330  26.401  22.289 0.0000000000
109488  40.407  26.602  22.086 0.0000000000
109499  42.135  26.272  21.274 0.0000000000
109500  41.320  26.378  21.327 0.0000000000
109511  43.740  26.450  19.505 0.0000000000
109527  46.635  26.272  16.624 0.0000000000
109528  46.396  26.176  16.904 0.0000000000
109529  45.737  26.175  17.173 0.0000000000
109536  46.554  26.580  16.692 0.0000000000
109539  40.932  26.315  16.424 0.0000000000
109548  41.213  25.909  15.921 0.0000000000
109892  46.451  27.120  24.929 0.0000000000
109921  46.252  26.962  23.593 0.0000000000
109922  46.064  27.141  23.706 0.0000000000
109929  41.915  27.293  22.764 0.0000000000
109964  45.168  26.656  16.692 0.0000000000
109974  45.757  26.449  17.057 0.0000000000
110366  44.091  28.036  25.406 0.0000000000
110381  44.229  28.106  25.137 0.0000000000
110444  44.684  26.995  16.994 0.0000000000
110857  41.062  30.057  24.787 0.0000000000
111304  40.616  31.376  24.863 0.0000000000
111311  41.844  31.687  23.919 0.0000000000
111313  40.171  31.167  24.802 0.0000000000
111367  46.301  31.544  18.665 0.0000000000
111373  46.908  29.372  16.848 0.0000000000
111380  47.484  29.530  16.846 0.0000000000
111382  44.247  31.976  16.016 0.0000000000
111794  41.618  31.873  24.149 0.0000000000
111796  39.759  31.284  24.917 0.0000000000
111804  41.530  32.205  24.076 0.0000000000
111817  43.021  32.221  21.247 0.0000000000
111820  43.669  32.369  20.272 0.0000000000
111821  43.313  32.198  20.631 0.0000000000
111827  47.572  32.463  19.605 0.0000000000
111829  46.380  32.565  19.380 0.0000000000
111832  43.471  32.041  20.378 0.0000000000
111845  47.763  32.106  19.213 0.0000000000
111846  47.151  32.158  19.172 0.0000000000
111847  46.075  32.175  19.021 0.0000000000
111849  44.471  32.000  19.718 0.0000000000
111882  47.303  29.352  16.663 0.0000000000
111884  45.059  31.974  16.103 0.0000000000
111886  44.008  32.341  15.990 0.0000000000
112281  40.076  32.669  24.745 0.0000000000
112292  40.464  34.210  24.858 0.0000000000
112314  46.950  33.033  20.514 0.0000000000
112316  43.886  32.821  20.305 0.0000000000
112321  47.790  32.815  20.230 0.0000000000
112322  47.186  32.627  20.023 0.0000000000
112325  44.300  32.562  20.072 0.0000000000
112337  45.512  32.625  19.379 0.0000000000
112354  46.902  32.972  17.963 0.0000000000
112355  46.314  33.406  17.677 0.0000000000
112370  46.377  33.062  17.308 0.0000000000
112371  46.125  33.397  17.340 0.0000000000
112382  46.397  32.018  15.643 0.0000000000
112384  44.965  32.901  15.677 0.0000000000
112386  43.715  32.891  16.167 0.0000000000
112796  44.198  34.284  23.484 0.0000000000
112805  40.997  34.012  24.276 0.0000000000
112806  40.839  34.625  24.403 0.0000000000
112810  44.064  33.740  21.536 0.0000000000
112813  41.663  33.944  24.249 0.0000000000
112825  47.009  33.512  20.951 0.0000000000
112826  43.793  33.389  20.620 0.0000000000
112827  42.418  34.402  19.753 0.0000000000
112828  42.121  34.495  19.719 0.0000000000
112831  46.982  34.202  20.996 0.0000000000
112832  46.504  34.111  19.923 0.0000000000
112833  44.726  33.528  20.269 0.0000000000
112835  42.480  34.604  19.519 0.0000000000
112836  42.221  34.920  19.530 0.0000000000
112853  46.097  34.103  17.720 0.0000000000
112854  45.295  34.156  17.686 0.0000000000
112865  48.633  32.629  16.234 0.0000000000
112868  45.770  33.619  17.154 0.0000000000
112869  44.902  33.838  17.271 0.0000000000
112882  49.111  32.273  15.693 0.0000000000
112883  48.400  33.485  15.844 0.0000000000
112885  46.154  33.805  15.360 0.0000000000
112908  49.228  33.585  14.078 0.0000000000
112909  49.065  33.846  13.722 0.0000000000
113340  41.643  34.350  24.414 0.0000000000
113347  43.542  34.623  20.337 0.0000000000
113348  43.286  34.649  20.346 0.0000000000
113357  43.681  34.555  19.989 0.0000000000
113359  41.862  34.927  19.990 0.0000000000
113368  42.905  35.243  19.189 0.0000000000
113369  42.159  35.407  19.541 0.0000000000
113371  45.822  34.336  19.418 0.0000000000
113373  44.611  35.106  18.638 0.0000000000
113384  46.054  34.656  16.810 0.0000000000
113385  45.670  34.576  17.243 0.0000000000
113386  45.005  34.443  17.143 0.0000000000
113400  48.881  33.278  15.659 0.0000000000
113401  47.328  33.876  16.175 0.0000000000
113402  46.310  34.334  16.582 0.0000000000
113404  44.697  34.123  16.806 0.0000000000
113416  49.133  33.382  15.203 0.0000000000
113417  48.942  34.038  15.425 0.0000000000
113418  48.035  34.202  15.542 0.0000000000
113419  45.932  34.270  15.254 0.0000000000
113429  48.237  34.126  14.262 0.0000000000
113435  49.502  34.226  13.553 0.0000000000
113436  48.798  34.369  13.662 0.0000000000
113851  39.411  35.497  26.246 0.0000000000
113880  42.913  34.492  26.229 0.0000000000
113881  39.291  36.074  24.781 0.0000000000
113910  42.982  34.967  20.678 0.0000000000
113918  44.417  34.799  19.933 0.0000000000
113919  43.946  34.653  20.201 0.0000000000
113920  42.469  35.359  20.335 0.0000000000
113921  41.925  35.633  19.988 0.0000000000
113930  42.094  35.780  19.610 0.0000000000
113941  45.016  36.651  17.587 0.0000000000
113966  49.421  34.309  14.850 0.0000000000
113981  49.536  34.874  14.137 0.0000000000
113982  48.455  34.880  14.178 0.0000000000
113985  46.165  35.707  14.997 0.0000000000
113992  48.775  34.844  13.586 0.0000000000
114384  41.951  35.893  27.575 0.0000000000
114391  43.607  35.466  26.953 0.0000000000
114400  43.835  35.372  26.931 0.0000000000
114403  39.583  36.192  24.983 0.0000000000
114412  44.962  36.561  23.794 0.0000000000
114417  39.458  36.181  24.375 0.0000000000
114428  41.162  36.597  23.249 0.0000000000
114429  40.435  36.279  23.377 0.0000000000
114451  43.476  35.624  20.777 0.0000000000
114452  42.886  35.529  20.734 0.0000000000
114464  43.918  36.268  20.364 0.0000000000
114465  43.102  36.024  20.390 0.0000000000
114479  44.247  36.929  19.896 0.0000000000
114480  44.014  36.231  19.678 0.0000000000
114492  45.622  36.579  17.091 0.0000000000
114493  45.332  37.131  16.835 0.0000000000
114495  46.077  36.201  16.774 0.0000000000
114953  44.409  36.996  23.839 0.0000000000
114985  44.010  37.309  21.036 0.0000000000
114995  41.711  38.070  20.626 0.0000000000
115033  44.486  38.731  17.764 0.0000000000
115449  43.724  38.037  24.560 0.0000000000
115456  44.325  38.464  23.135 0.0000000000
115478  42.605  38.823  20.676 0.0000000000
115479  41.850  38.775  20.140 0.0000000000
115486  44.196  38.769  19.572 0.0000000000
115502  44.574  36.730  17.849 0.0000000000
115534  40.168  38.682  16.196 0.0000000000
115947  45.060  39.858  20.535 0.0000000000
115948  44.818  39.667  20.865 0.0000000000
115955  45.098  39.954  20.310 0.0000000000
115957  43.808  40.135  19.542 0.0000000000
115965  45.059  39.967  19.721 0.0000000000
115970  41.132  39.738  18.394 0.0000000000
115989  41.008  39.814  17.621 0.0000000000
116010  42.203  39.179  17.181 0.0000000000
116454  44.661  40.149  21.496 0.0000000000
116461  45.091  40.121  20.546 0.0000000000
116463  44.133  40.527  20.868 0.0000000000
116464  43.704  40.247  20.215 0.0000000000
116469  45.028  40.307  20.166 0.0000000000
116471  44.027  40.258  19.819 0.0000000000
116472  43.716  40.216  19.901 0.0000000000
116478  44.742  40.275  19.717 0.0000000000
116479  44.370  40.223  19.612 0.0000000000
116480  44.172  40.204  19.480 0.0000000000
116483  41.282  40.138  17.960 0.0000000000
116490  41.497  40.063  17.799 0.0000000000
128493  45.755  18.943  30.764 0.0000000000
128494  46.060  19.386  30.497 0.0000000000
128497  46.429  19.833  30.345 0.0000000000
128499  46.497  19.843  30.106 0.0000000000
128500  46.435  20.092  31.300 0.0000000000
128501  46.267  20.280  31.243 0.0000000000
128503  46.629  19.723  29.944 0.0000000000
128504  46.602  20.017  30.377 0.0000000000
128505  46.452  20.152  31.081 0.0000000000
128507  46.014  20.637  30.953 0.0000000000
128508  46.480  20.310  30.637 0.0000000000
128509  46.345  20.334  30.957 0.0000000000
128510  46.810  19.554  29.783 0.0000000000
128590  47.467  27.038  16.217 0.0000000000
128593  47.355  27.249  16.290 0.0000000000
128596  47.170  26.926  16.464 0.0000000000
128597  46.671  27.201  16.579 0.0000000000
128598  45.928  26.815  16.807 0.0000000000
128599  46.750  27.672  16.435 0.0000000000
128605  46.454  28.592  15.142 0.0000000000
128606  47.092  27.551  16.364 0.0000000000
128607  46.725  27.919  16.369 0.0000000000
128611  44.912  27.545  16.945 0.0000000000
128612  45.603  27.827  16.869 0.0000000000
128614  46.958  27.867  16.329 0.0000000000
128616  46.283  27.716  16.549 0.0000000000
128643  44.516  30.245  19.180 0.0000000000
128646  44.186  29.516  19.717 0.0000000000
128654  41.938  31.741  23.487 0.0000000000
128658  46.421  29.821  17.409 0.0000000000
128659  44.966  27.985  17.621 0.0000000000
128668  45.289  27.990  17.244 0.0000000000
128671  45.246  28.384  17.487 0.0000000000
128815  41.223  33.933  27.282 0.0000000000
128819  42.980  35.028  28.245 0.0000000000
128824  43.612  35.889  28.124 0.0000000000
128825  42.631  34.565  26.673 0.0000000000
128826  42.947  36.275  27.811 0.0000000000
128827  44.360  35.243  28.041 0.0000000000
128828  44.110  35.708  27.908 0.0000000000
128831  41.172  36.236  26.004 0.0000000000
128833  44.256  35.096  27.446 0.0000000000
128834  43.974  35.495  27.442 0.0000000000
128835  41.539  36.371  25.635 0.0000000000
128836  40.660  34.865  25.148 0.0000000000
128837  41.447  34.698  25.431 0.0000000000
128838  41.885  34.035  24.313 0.0000000000
129145  46.637  33.040  20.467 0.0000000000
129146  46.587  32.951  20.303 0.0000000000
129147  46.490  33.173  20.588 0.0000000000
129148  46.361  33.125  20.377 0.0000000000
129149  46.928  33.679  21.197 0.0000000000
129150  45.879  33.330  20.854 0.0000000000
129151  45.617  33.498  20.912 0.0000000000
129152  46.727  33.543  21.196 0.0000000000
129153  46.539  33.773  21.445 0.0000000000
129154  45.079  33.774  20.710 0.0000000000
129155  45.180  33.818  21.007 0.0000000000
129156  45.517  33.698  21.133 0.0000000000
129158  44.410  33.758  20.771 0.0000000000
129161  46.017  33.966  21.571 0.0000000000
129162  45.171  35.028  20.065 0.0000000000
129163  45.553  34.751  19.822 0.0000000000
