#!ascii label  , from subject 3105 vox2ras=TkReg
725
36953  25.027  -47.402  47.442 0.0000000000
55170  43.390  -31.343  38.294 0.0000000000
58493  51.073  -28.133  36.932 0.0000000000
44285  41.559  -40.956  42.117 0.0000000000
35828  30.011  -48.537  42.198 0.0000000000
33305  28.115  -50.353  45.463 0.0000000000
57355  47.339  -29.418  39.060 0.0000000000
53117  46.341  -33.400  40.069 0.0000000000
40625  38.069  -44.324  43.843 0.0000000000
33365  33.956  -50.782  42.474 0.0000000000
71586  53.173  -16.229  33.869 0.0000000000
65106  50.928  -22.622  36.317 0.0000000000
48928  38.245  -37.586  42.922 0.0000000000
52102  42.794  -34.638  43.220 0.0000000000
38137  28.521  -47.184  45.773 0.0000000000
36986  26.646  -47.893  46.467 0.0000000000
56280  45.074  -30.881  38.419 0.0000000000
56241  47.059  -31.115  39.771 0.0000000000
55113  45.446  -31.748  41.055 0.0000000000
35863  38.707  -48.606  39.834 0.0000000000
32152  31.279  -51.443  44.328 0.0000000000
34624  31.418  -50.203  41.716 0.0000000000
30986  32.893  -52.291  42.858 0.0000000000
71569  51.914  -16.643  34.368 0.0000000000
69493  52.199  -18.295  33.412 0.0000000000
69449  51.844  -19.290  35.042 0.0000000000
60765  49.505  -26.267  37.563 0.0000000000
64089  49.180  -24.028  35.908 0.0000000000
61975  50.585  -25.235  36.702 0.0000000000
63063  50.781  -24.577  34.395 0.0000000000
60807  50.300  -26.924  34.983 0.0000000000
43084  39.433  -42.620  43.180 0.0000000000
45427  37.943  -40.170  44.011 0.0000000000
46615  39.902  -39.413  44.204 0.0000000000
51057  39.858  -36.106  43.327 0.0000000000
47802  42.094  -38.706  43.151 0.0000000000
48925  44.496  -37.530  41.679 0.0000000000
45491  43.570  -40.526  40.686 0.0000000000
34565  30.132  -49.367  44.844 0.0000000000
60768  46.828  -27.158  37.108 0.0000000000
58460  49.673  -28.782  38.765 0.0000000000
55149  49.090  -30.969  38.739 0.0000000000
53139  47.946  -33.207  38.605 0.0000000000
37026  36.094  -47.831  42.486 0.0000000000
38209  37.725  -46.888  41.896 0.0000000000
39435  40.099  -45.683  41.788 0.0000000000
40689  41.913  -44.759  40.138 0.0000000000
41925  42.381  -43.208  39.258 0.0000000000
35845  34.688  -48.422  41.480 0.0000000000
33363  36.001  -49.989  41.902 0.0000000000
72587  52.677  -15.747  31.834 0.0000000000
67185  50.637  -20.477  35.335 0.0000000000
66157  52.358  -21.507  35.076 0.0000000000
65171  49.792  -23.051  32.835 0.0000000000
54103  42.895  -32.818  41.464 0.0000000000
52124  44.577  -34.649  41.866 0.0000000000
50058  45.690  -36.650  39.830 0.0000000000
36971  25.121  -47.831  46.774 0.0000000000
36970  25.976  -47.477  46.689 0.0000000000
35757  25.534  -48.136  46.210 0.0000000000
56281  44.105  -31.086  38.212 0.0000000000
56244  45.341  -31.333  39.727 0.0000000000
55132  44.270  -31.481  39.694 0.0000000000
32168  31.673  -51.536  43.635 0.0000000000
70548  50.117  -17.281  34.135 0.0000000000
70531  52.126  -17.662  34.422 0.0000000000
69461  50.799  -18.772  34.837 0.0000000000
60746  50.544  -26.822  37.866 0.0000000000
61976  49.925  -25.224  36.831 0.0000000000
60763  50.835  -26.487  37.115 0.0000000000
62007  51.083  -25.540  35.659 0.0000000000
44307  40.551  -42.276  42.295 0.0000000000
44265  39.708  -40.830  43.549 0.0000000000
45446  40.511  -40.044  42.797 0.0000000000
47789  40.868  -38.412  43.773 0.0000000000
45467  41.237  -39.316  41.962 0.0000000000
46634  42.580  -39.320  41.883 0.0000000000
44283  42.823  -40.673  41.328 0.0000000000
37002  29.396  -48.017  45.297 0.0000000000
34545  29.496  -49.520  45.539 0.0000000000
33323  30.289  -51.048  45.421 0.0000000000
57386  46.604  -29.049  37.214 0.0000000000
58513  46.129  -28.289  36.052 0.0000000000
58487  47.135  -28.492  37.543 0.0000000000
59651  48.330  -27.514  37.811 0.0000000000
58475  48.210  -28.628  38.598 0.0000000000
57340  49.985  -29.576  39.195 0.0000000000
57342  47.756  -29.973  39.345 0.0000000000
54112  46.597  -32.436  40.117 0.0000000000
55129  47.759  -32.008  39.656 0.0000000000
53128  47.376  -33.645  39.194 0.0000000000
53140  47.344  -34.001  38.611 0.0000000000
52152  47.126  -34.469  39.170 0.0000000000
35807  36.656  -48.813  42.269 0.0000000000
38192  36.877  -46.825  42.462 0.0000000000
35844  36.988  -48.191  40.965 0.0000000000
37038  39.608  -47.298  41.338 0.0000000000
39434  40.882  -45.842  41.173 0.0000000000
33387  32.895  -50.445  42.007 0.0000000000
33406  33.374  -50.246  41.453 0.0000000000
34645  34.470  -49.319  41.303 0.0000000000
34600  35.229  -49.277  42.048 0.0000000000
33364  35.052  -50.186  42.200 0.0000000000
73577  52.418  -14.922  34.204 0.0000000000
72576  53.018  -15.906  32.522 0.0000000000
68339  51.799  -19.613  33.149 0.0000000000
64088  49.812  -23.505  36.145 0.0000000000
64110  48.863  -23.496  34.515 0.0000000000
65127  50.393  -22.595  35.361 0.0000000000
67196  49.881  -20.799  34.205 0.0000000000
66158  50.874  -21.457  35.223 0.0000000000
66151  51.516  -21.476  35.728 0.0000000000
65104  51.941  -22.030  36.452 0.0000000000
63078  49.966  -24.832  33.452 0.0000000000
64120  50.261  -23.692  33.449 0.0000000000
40627  37.048  -44.616  43.717 0.0000000000
43054  37.256  -42.933  43.697 0.0000000000
47805  38.250  -39.014  43.700 0.0000000000
45448  37.844  -40.030  43.013 0.0000000000
51056  41.041  -35.600  43.299 0.0000000000
52116  40.596  -35.141  41.924 0.0000000000
52114  41.945  -34.160  42.587 0.0000000000
53108  42.098  -34.006  41.394 0.0000000000
53095  42.511  -33.830  42.610 0.0000000000
54089  43.921  -33.214  42.129 0.0000000000
52112  43.976  -34.474  42.471 0.0000000000
47833  44.619  -38.493  40.497 0.0000000000
48954  45.394  -37.248  40.996 0.0000000000
48968  45.050  -37.943  39.975 0.0000000000
50076  44.764  -36.409  38.862 0.0000000000
36968  27.752  -47.491  46.512 0.0000000000
34547  27.618  -49.472  45.681 0.0000000000
33306  27.367  -50.081  45.052 0.0000000000
34548  26.636  -49.387  45.210 0.0000000000
56278  46.349  -29.864  38.631 0.0000000000
57343  46.716  -30.053  39.408 0.0000000000
57344  46.246  -30.574  39.371 0.0000000000
56225  45.910  -31.478  40.359 0.0000000000
54099  46.166  -32.447  40.648 0.0000000000
34603  30.351  -49.695  43.052 0.0000000000
34625  30.590  -49.445  42.114 0.0000000000
33388  30.970  -50.579  42.408 0.0000000000
32167  32.539  -51.546  43.335 0.0000000000
32166  33.276  -51.501  42.905 0.0000000000
32164  34.631  -51.242  42.291 0.0000000000
30994  33.446  -52.541  42.009 0.0000000000
72553  52.801  -16.052  34.277 0.0000000000
71587  52.853  -16.748  33.643 0.0000000000
70546  52.605  -17.457  33.967 0.0000000000
69474  52.420  -18.732  34.424 0.0000000000
68323  52.517  -19.884  34.354 0.0000000000
61998  47.833  -25.830  35.900 0.0000000000
61996  49.433  -24.968  36.490 0.0000000000
63036  50.080  -24.208  36.619 0.0000000000
63026  50.839  -24.310  36.731 0.0000000000
64086  51.350  -23.535  35.928 0.0000000000
63049  51.304  -24.545  35.827 0.0000000000
62019  50.773  -25.405  34.924 0.0000000000
41870  38.628  -43.555  43.555 0.0000000000
44246  38.058  -41.901  43.663 0.0000000000
44245  38.631  -41.863  44.173 0.0000000000
46605  38.454  -39.495  44.581 0.0000000000
48896  38.532  -38.072  44.873 0.0000000000
50019  38.980  -36.660  43.050 0.0000000000
48894  39.885  -37.675  44.455 0.0000000000
48911  41.575  -37.482  43.578 0.0000000000
50002  42.596  -36.628  43.497 0.0000000000
50017  43.474  -36.396  42.986 0.0000000000
48926  43.641  -37.446  42.303 0.0000000000
46632  43.962  -38.691  41.347 0.0000000000
46688  43.878  -39.519  39.920 0.0000000000
37004  28.565  -47.056  44.638 0.0000000000
37016  29.608  -48.039  44.355 0.0000000000
35810  30.072  -49.177  43.490 0.0000000000
33342  30.919  -50.479  44.533 0.0000000000
30976  30.529  -51.804  44.432 0.0000000000
60766  48.550  -26.815  37.283 0.0000000000
60748  49.224  -27.052  38.231 0.0000000000
58473  50.351  -28.425  38.053 0.0000000000
57354  50.312  -29.470  38.458 0.0000000000
55167  50.014  -30.706  37.802 0.0000000000
55181  48.834  -31.751  37.719 0.0000000000
56260  47.645  -31.055  39.428 0.0000000000
55169  48.741  -31.722  38.512 0.0000000000
38194  35.036  -46.758  42.353 0.0000000000
39414  36.264  -46.124  42.805 0.0000000000
39395  36.938  -45.554  43.229 0.0000000000
39394  37.978  -45.451  43.427 0.0000000000
37053  38.555  -47.569  40.991 0.0000000000
38190  39.066  -46.271  42.362 0.0000000000
39392  39.190  -45.240  43.083 0.0000000000
40655  39.581  -44.566  42.373 0.0000000000
41898  40.664  -44.085  41.557 0.0000000000
43101  41.787  -42.567  41.409 0.0000000000
43119  42.832  -42.482  40.287 0.0000000000
40688  42.271  -44.015  39.669 0.0000000000
37027  35.381  -47.680  42.369 0.0000000000
35808  36.249  -48.729  42.485 0.0000000000
33383  36.815  -49.969  41.568 0.0000000000
32176  34.887  -51.691  41.586 0.0000000000
33384  35.968  -50.530  41.131 0.0000000000
73604  53.996  -14.691  31.773 0.0000000000
69462  50.051  -19.017  34.569 0.0000000000
68302  50.874  -19.812  35.647 0.0000000000
67184  52.275  -20.657  35.027 0.0000000000
66183  52.100  -21.082  33.801 0.0000000000
65133  51.508  -22.612  34.580 0.0000000000
65146  51.335  -22.449  33.779 0.0000000000
65193  50.655  -22.228  32.818 0.0000000000
44267  37.777  -41.582  43.158 0.0000000000
54124  42.391  -32.830  39.806 0.0000000000
55154  43.023  -32.303  39.395 0.0000000000
55114  44.412  -31.742  40.730 0.0000000000
54101  44.635  -32.548  41.497 0.0000000000
53118  45.770  -33.656  40.703 0.0000000000
50032  44.758  -35.948  41.667 0.0000000000
51074  45.393  -35.617  41.279 0.0000000000
51085  46.277  -35.323  39.881 0.0000000000
50074  46.330  -36.014  39.344 0.0000000000
43118  43.473  -42.067  39.914 0.0000000000
44351  43.104  -40.865  39.344 0.0000000000
35739  24.381  -48.044  47.152 0.0000000000
36954  24.054  -47.772  48.052 0.0000000000
56264  44.158  -31.401  38.878 0.0000000000
55153  43.690  -31.674  38.980 0.0000000000
70533  50.615  -17.970  34.452 0.0000000000
69475  50.291  -18.305  34.370 0.0000000000
59635  50.790  -27.485  37.760 0.0000000000
59650  51.194  -27.401  37.105 0.0000000000
60785  51.252  -26.661  36.290 0.0000000000
59664  51.160  -27.590  36.543 0.0000000000
44306  41.159  -41.956  41.981 0.0000000000
44286  40.143  -41.350  42.776 0.0000000000
45445  41.046  -40.157  42.333 0.0000000000
45468  40.823  -39.456  42.451 0.0000000000
45444  41.899  -39.850  41.735 0.0000000000
44284  42.405  -40.721  41.506 0.0000000000
34546  28.538  -49.647  46.005 0.0000000000
35774  28.936  -48.707  46.182 0.0000000000
33324  28.360  -51.164  45.297 0.0000000000
57370  46.652  -29.171  37.985 0.0000000000
58477  47.158  -28.879  38.166 0.0000000000
59639  47.848  -28.320  38.033 0.0000000000
58462  47.887  -29.079  38.957 0.0000000000
53116  47.073  -33.049  39.638 0.0000000000
52135  46.710  -34.263  39.646 0.0000000000
35825  37.026  -48.791  41.709 0.0000000000
35824  37.345  -48.975  41.350 0.0000000000
33386  33.629  -50.404  42.096 0.0000000000
33405  34.055  -50.038  41.496 0.0000000000
33385  34.485  -49.891  41.963 0.0000000000
72561  53.161  -15.771  34.125 0.0000000000
73576  53.153  -15.027  34.117 0.0000000000
72568  53.405  -15.600  33.699 0.0000000000
72575  53.445  -15.567  33.040 0.0000000000
71595  53.283  -16.192  33.502 0.0000000000
64078  50.235  -23.150  36.440 0.0000000000
65118  50.495  -22.866  36.168 0.0000000000
65126  50.792  -22.217  35.839 0.0000000000
65117  50.836  -22.405  36.194 0.0000000000
66144  51.320  -21.919  36.316 0.0000000000
65105  51.527  -22.275  36.238 0.0000000000
62032  49.748  -25.375  33.391 0.0000000000
63095  49.630  -24.578  33.039 0.0000000000
41856  37.411  -43.796  44.076 0.0000000000
41857  36.697  -43.848  43.725 0.0000000000
47804  38.176  -38.433  43.317 0.0000000000
47821  38.115  -37.994  41.820 0.0000000000
51055  42.148  -35.554  43.521 0.0000000000
52104  41.364  -34.972  42.890 0.0000000000
52103  41.910  -34.547  43.150 0.0000000000
53085  42.687  -34.129  43.121 0.0000000000
53094  43.290  -33.944  42.803 0.0000000000
52113  43.349  -34.772  42.972 0.0000000000
47846  44.502  -38.671  40.159 0.0000000000
48969  44.266  -37.868  39.665 0.0000000000
36969  26.942  -47.487  46.783 0.0000000000
35756  27.002  -48.049  46.612 0.0000000000
35755  27.508  -48.082  46.525 0.0000000000
35776  26.904  -48.668  46.267 0.0000000000
56296  44.670  -30.782  37.973 0.0000000000
57372  45.392  -30.081  37.308 0.0000000000
56295  45.221  -30.583  37.822 0.0000000000
56294  45.649  -30.188  37.802 0.0000000000
56279  45.908  -30.293  38.344 0.0000000000
56261  46.346  -30.154  38.941 0.0000000000
56262  45.695  -30.800  39.096 0.0000000000
56226  45.482  -31.492  40.300 0.0000000000
57329  45.760  -31.257  39.917 0.0000000000
55112  46.271  -31.886  40.643 0.0000000000
33368  30.909  -50.624  43.442 0.0000000000
33389  30.630  -50.099  42.719 0.0000000000
30987  32.038  -52.515  43.248 0.0000000000
33366  32.931  -50.733  42.777 0.0000000000
30985  33.418  -52.068  42.715 0.0000000000
71582  50.669  -16.337  34.044 0.0000000000
71581  51.273  -16.425  34.270 0.0000000000
72563  51.930  -15.704  34.336 0.0000000000
70530  52.640  -16.856  34.098 0.0000000000
69459  51.996  -18.966  34.908 0.0000000000
61978  48.649  -26.049  36.816 0.0000000000
61997  48.517  -25.448  36.170 0.0000000000
61977  49.064  -25.739  36.969 0.0000000000
63027  50.452  -24.264  36.715 0.0000000000
63035  51.132  -24.419  36.453 0.0000000000
61994  51.066  -25.495  36.383 0.0000000000
60806  50.682  -26.494  35.300 0.0000000000
60824  50.477  -25.892  34.733 0.0000000000
60836  49.896  -25.831  33.701 0.0000000000
60825  50.050  -26.348  34.359 0.0000000000
43069  39.063  -42.441  43.869 0.0000000000
45425  39.522  -40.410  44.014 0.0000000000
45413  39.079  -40.695  44.426 0.0000000000
46604  39.074  -39.628  44.711 0.0000000000
47777  38.500  -38.725  45.038 0.0000000000
46587  39.407  -38.646  45.295 0.0000000000
48895  39.234  -37.628  44.759 0.0000000000
47775  40.057  -38.371  44.617 0.0000000000
47803  41.374  -38.648  43.219 0.0000000000
47788  41.765  -38.175  43.378 0.0000000000
48910  42.236  -37.549  43.302 0.0000000000
48927  42.897  -37.360  43.010 0.0000000000
47801  42.811  -38.522  42.426 0.0000000000
46653  43.697  -39.924  41.101 0.0000000000
46633  43.457  -39.156  41.553 0.0000000000
46652  44.221  -39.036  40.982 0.0000000000
46672  43.920  -39.801  40.516 0.0000000000
38156  28.447  -46.878  45.256 0.0000000000
38157  27.863  -46.557  44.839 0.0000000000
35788  29.854  -48.642  45.018 0.0000000000
35811  29.910  -48.446  43.336 0.0000000000
35796  29.929  -49.023  44.123 0.0000000000
35795  30.099  -49.275  43.835 0.0000000000
34583  30.240  -49.454  44.386 0.0000000000
59665  46.709  -27.538  36.789 0.0000000000
60788  46.851  -26.887  36.640 0.0000000000
60767  47.420  -27.048  37.118 0.0000000000
60730  48.742  -27.802  38.428 0.0000000000
60749  48.643  -27.402  38.163 0.0000000000
59618  49.197  -27.933  38.542 0.0000000000
59637  49.764  -27.392  38.369 0.0000000000
58474  49.853  -27.972  38.342 0.0000000000
58459  50.222  -29.162  38.743 0.0000000000
56258  49.563  -30.293  39.014 0.0000000000
55148  49.878  -30.604  38.519 0.0000000000
55168  49.440  -31.223  38.146 0.0000000000
57326  47.252  -30.700  39.580 0.0000000000
53127  47.764  -32.816  39.340 0.0000000000
54123  48.044  -32.267  39.446 0.0000000000
54133  48.353  -32.412  38.972 0.0000000000
54147  48.403  -32.501  38.151 0.0000000000
53159  48.167  -33.141  38.030 0.0000000000
39415  35.574  -45.925  42.638 0.0000000000
38193  35.869  -46.848  42.511 0.0000000000
38174  37.560  -46.073  43.153 0.0000000000
38173  37.911  -45.990  43.237 0.0000000000
35842  38.715  -48.202  40.489 0.0000000000
38207  39.959  -46.735  41.632 0.0000000000
37039  39.293  -47.317  41.402 0.0000000000
38189  39.494  -46.221  42.211 0.0000000000
39412  38.615  -45.805  42.950 0.0000000000
39411  39.400  -45.594  42.524 0.0000000000
40639  39.090  -44.659  43.103 0.0000000000
40671  39.817  -45.095  41.951 0.0000000000
39433  41.381  -45.304  40.460 0.0000000000
40669  41.231  -44.647  40.893 0.0000000000
41897  41.489  -43.558  41.162 0.0000000000
40668  42.050  -43.929  40.484 0.0000000000
34649  30.929  -49.287  40.994 0.0000000000
35846  34.179  -48.533  40.861 0.0000000000
37056  34.389  -47.577  41.102 0.0000000000
37041  34.716  -47.593  41.949 0.0000000000
34599  35.797  -49.359  42.277 0.0000000000
34598  36.568  -49.404  42.145 0.0000000000
33404  35.900  -51.072  40.225 0.0000000000
72586  53.297  -15.188  32.301 0.0000000000
72603  53.228  -15.060  31.530 0.0000000000
72604  52.635  -15.337  30.839 0.0000000000
70557  52.435  -17.536  33.517 0.0000000000
63050  48.711  -24.460  35.630 0.0000000000
63065  47.910  -24.415  34.551 0.0000000000
63064  48.394  -24.033  35.203 0.0000000000
67186  50.223  -20.641  34.884 0.0000000000
68324  49.483  -20.357  34.044 0.0000000000
68310  49.746  -19.870  34.360 0.0000000000
68311  49.220  -19.452  34.224 0.0000000000
68309  50.424  -19.758  34.935 0.0000000000
66150  51.996  -21.481  35.659 0.0000000000
67177  51.775  -20.500  35.350 0.0000000000
67195  52.338  -20.852  34.554 0.0000000000
66165  52.141  -21.588  34.298 0.0000000000
64097  51.397  -23.618  35.236 0.0000000000
65125  51.595  -22.708  35.413 0.0000000000
64107  51.123  -23.706  34.540 0.0000000000
65147  50.712  -22.984  33.587 0.0000000000
65170  50.308  -22.872  33.125 0.0000000000
65169  51.145  -22.388  33.082 0.0000000000
45426  38.215  -40.873  43.483 0.0000000000
51058  39.339  -36.441  43.157 0.0000000000
54104  42.364  -33.127  41.180 0.0000000000
54125  42.136  -33.203  40.112 0.0000000000
55135  42.555  -32.567  40.752 0.0000000000
55134  42.735  -32.449  40.441 0.0000000000
55133  43.486  -31.853  40.111 0.0000000000
55115  43.208  -32.150  40.997 0.0000000000
53107  44.619  -33.649  41.720 0.0000000000
53106  45.335  -33.594  41.222 0.0000000000
52123  45.358  -34.466  41.322 0.0000000000
50016  44.511  -36.683  42.155 0.0000000000
51065  44.313  -35.515  42.312 0.0000000000
48967  45.595  -37.289  40.403 0.0000000000
50046  45.796  -36.215  40.491 0.0000000000
51086  46.092  -35.083  40.861 0.0000000000
50045  46.295  -35.954  40.142 0.0000000000
51101  46.734  -35.586  39.504 0.0000000000
50057  46.301  -36.020  39.892 0.0000000000
51120  45.236  -36.045  38.457 0.0000000000
43135  42.794  -42.534  39.606 0.0000000000
43099  43.082  -41.793  40.466 0.0000000000
36951  26.416  -47.187  47.079 0.0000000000
36987  26.257  -48.024  46.112 0.0000000000
57358  44.055  -30.801  37.752 0.0000000000
56263  44.699  -31.272  39.048 0.0000000000
70547  50.862  -16.911  34.054 0.0000000000
70532  51.170  -17.530  34.430 0.0000000000
69460  51.525  -18.580  34.840 0.0000000000
60764  50.245  -26.173  37.397 0.0000000000
43083  40.035  -42.771  42.484 0.0000000000
44287  39.614  -42.003  43.582 0.0000000000
45424  39.954  -40.157  43.363 0.0000000000
46635  40.660  -39.138  43.089 0.0000000000
46656  41.244  -38.898  42.503 0.0000000000
47818  42.039  -39.103  42.699 0.0000000000
47817  42.254  -39.021  42.232 0.0000000000
46654  42.039  -39.139  41.837 0.0000000000
45443  42.943  -40.167  41.415 0.0000000000
45465  43.377  -40.465  41.093 0.0000000000
36985  29.101  -47.727  46.032 0.0000000000
36984  29.376  -48.017  45.686 0.0000000000
35773  29.382  -48.421  45.639 0.0000000000
34544  30.044  -50.063  45.063 0.0000000000
33303  29.895  -50.542  45.436 0.0000000000
58497  45.818  -29.047  36.221 0.0000000000
58496  46.390  -28.734  36.557 0.0000000000
58495  46.837  -28.255  36.896 0.0000000000
59653  47.109  -27.684  37.158 0.0000000000
59652  47.848  -27.860  37.524 0.0000000000
59638  48.271  -28.081  38.188 0.0000000000
59619  48.624  -28.258  38.513 0.0000000000
58461  48.633  -28.921  38.749 0.0000000000
57341  49.054  -29.716  38.894 0.0000000000
56259  48.585  -30.591  39.115 0.0000000000
55131  46.704  -32.049  40.158 0.0000000000
55130  47.183  -31.757  39.846 0.0000000000
54111  47.308  -32.365  39.739 0.0000000000
53115  47.468  -32.632  39.560 0.0000000000
52166  47.082  -34.631  38.771 0.0000000000
51140  46.877  -35.023  38.696 0.0000000000
37025  36.516  -48.173  42.159 0.0000000000
37040  36.745  -47.738  41.645 0.0000000000
38226  37.477  -46.896  41.102 0.0000000000
35862  39.172  -48.123  40.173 0.0000000000
38206  40.556  -46.394  41.126 0.0000000000
38223  40.655  -46.382  40.469 0.0000000000
39456  41.167  -45.795  40.286 0.0000000000
34601  32.194  -50.467  42.307 0.0000000000
34623  32.331  -50.232  41.569 0.0000000000
33407  32.853  -50.297  41.492 0.0000000000
34668  33.137  -49.251  40.326 0.0000000000
34646  33.684  -49.442  40.831 0.0000000000
34622  34.951  -49.126  41.672 0.0000000000
73585  53.512  -14.639  33.308 0.0000000000
69485  52.226  -19.000  33.367 0.0000000000
64099  49.115  -23.841  35.446 0.0000000000
64098  49.609  -23.191  35.132 0.0000000000
64109  49.440  -22.966  34.585 0.0000000000
65135  49.790  -22.450  34.666 0.0000000000
66159  50.123  -21.589  34.765 0.0000000000
67179  50.982  -20.793  35.535 0.0000000000
66152  51.063  -21.602  35.930 0.0000000000
65124  52.157  -22.163  35.653 0.0000000000
64108  50.633  -23.749  33.983 0.0000000000
63077  50.341  -24.571  33.751 0.0000000000
64139  49.885  -23.697  33.026 0.0000000000
40642  36.235  -44.758  43.179 0.0000000000
46637  38.078  -39.099  43.100 0.0000000000
46658  38.412  -38.969  41.982 0.0000000000
51068  40.336  -35.356  42.513 0.0000000000
51067  41.083  -35.187  42.725 0.0000000000
52115  41.395  -34.728  42.149 0.0000000000
52125  41.386  -34.470  40.911 0.0000000000
54092  42.318  -33.605  41.634 0.0000000000
54090  43.176  -33.371  42.027 0.0000000000
53093  43.940  -33.761  42.337 0.0000000000
48940  44.857  -37.768  41.160 0.0000000000
48939  45.016  -37.308  41.477 0.0000000000
48955  45.054  -37.856  40.652 0.0000000000
50059  44.931  -36.994  39.470 0.0000000000
38138  27.905  -46.678  45.830 0.0000000000
38118  28.083  -47.129  46.259 0.0000000000
36967  28.382  -47.523  46.311 0.0000000000
35754  28.335  -48.045  46.421 0.0000000000
35775  27.991  -48.808  46.294 0.0000000000
35777  26.025  -48.630  45.714 0.0000000000
57387  45.931  -29.452  36.864 0.0000000000
57357  46.331  -29.666  38.330 0.0000000000
57356  46.795  -29.451  38.698 0.0000000000
57327  46.722  -30.761  39.727 0.0000000000
56243  45.909  -30.894  39.526 0.0000000000
57314  46.163  -31.057  39.913 0.0000000000
57313  46.386  -31.157  39.964 0.0000000000
54113  46.032  -32.867  40.474 0.0000000000
34644  37.738  -49.467  40.558 0.0000000000
35827  30.146  -49.033  42.811 0.0000000000
34602  31.627  -50.559  42.370 0.0000000000
33367  31.858  -50.863  42.953 0.0000000000
32165  33.873  -51.719  42.558 0.0000000000
32177  34.318  -52.035  42.079 0.0000000000
32189  34.173  -52.139  41.194 0.0000000000
72562  52.689  -15.568  34.313 0.0000000000
72552  53.024  -16.139  34.197 0.0000000000
71580  52.898  -16.645  33.901 0.0000000000
69484  52.533  -18.688  33.804 0.0000000000
68338  52.458  -19.769  33.592 0.0000000000
67213  52.021  -20.560  33.432 0.0000000000
62008  48.409  -25.015  35.360 0.0000000000
63038  49.231  -24.412  36.158 0.0000000000
64087  49.985  -23.762  36.560 0.0000000000
64077  50.327  -23.409  36.535 0.0000000000
64076  51.001  -23.397  36.430 0.0000000000
63062  51.125  -24.576  35.100 0.0000000000
62020  50.433  -25.358  34.299 0.0000000000
41854  38.413  -43.483  43.966 0.0000000000
43053  37.929  -42.884  44.205 0.0000000000
43052  38.449  -43.018  44.045 0.0000000000
45414  38.446  -40.585  44.248 0.0000000000
44266  39.465  -41.407  43.943 0.0000000000
45415  38.171  -40.046  44.426 0.0000000000
46617  38.222  -39.334  44.232 0.0000000000
47790  38.399  -38.753  44.242 0.0000000000
50006  38.727  -37.140  43.230 0.0000000000
48914  38.709  -37.742  43.923 0.0000000000
49995  39.571  -37.322  44.165 0.0000000000
50004  40.191  -36.832  44.024 0.0000000000
48912  40.666  -37.558  44.050 0.0000000000
50003  41.371  -36.607  43.604 0.0000000000
50001  43.187  -36.234  43.526 0.0000000000
51054  43.121  -35.598  43.449 0.0000000000
50018  43.055  -36.816  43.289 0.0000000000
47800  43.744  -38.243  41.678 0.0000000000
47799  44.354  -38.279  41.284 0.0000000000
46671  44.277  -39.130  40.351 0.0000000000
37003  29.004  -47.424  45.072 0.0000000000
37028  29.556  -47.786  43.545 0.0000000000
34582  30.390  -49.670  43.937 0.0000000000
33322  30.454  -50.485  45.169 0.0000000000
32140  30.649  -51.328  45.007 0.0000000000
60787  47.784  -26.434  36.371 0.0000000000
60747  49.988  -26.791  38.096 0.0000000000
59636  50.262  -27.446  38.140 0.0000000000
58484  50.884  -28.018  37.544 0.0000000000
58494  50.690  -28.679  36.649 0.0000000000
58485  50.671  -28.686  37.319 0.0000000000
57369  50.398  -29.379  37.749 0.0000000000
56293  50.221  -30.045  37.453 0.0000000000
57339  50.348  -29.565  38.894 0.0000000000
56277  50.308  -30.095  38.178 0.0000000000
55151  47.728  -31.621  39.558 0.0000000000
55150  48.325  -31.592  39.281 0.0000000000
39416  34.762  -45.858  42.169 0.0000000000
39396  36.141  -45.514  42.982 0.0000000000
39377  37.500  -45.026  43.516 0.0000000000
40626  37.791  -44.603  43.736 0.0000000000
35843  37.728  -48.605  40.909 0.0000000000
37054  37.628  -47.552  40.713 0.0000000000
38225  38.096  -47.045  41.231 0.0000000000
38208  38.718  -46.942  41.843 0.0000000000
38191  38.089  -46.232  42.760 0.0000000000
39413  38.255  -45.885  43.140 0.0000000000
39393  38.821  -45.281  43.254 0.0000000000
40640  38.294  -44.506  43.589 0.0000000000
41884  39.329  -43.638  42.695 0.0000000000
40654  40.127  -44.530  41.951 0.0000000000
41883  40.114  -43.781  42.197 0.0000000000
43102  40.761  -42.971  41.775 0.0000000000
44305  42.106  -41.577  41.500 0.0000000000
41896  42.265  -43.012  40.742 0.0000000000
41910  42.549  -43.250  40.017 0.0000000000
40710  41.841  -44.630  39.281 0.0000000000
40709  41.952  -43.852  38.958 0.0000000000
34650  30.436  -49.152  41.426 0.0000000000
34648  31.862  -49.816  40.886 0.0000000000
38211  34.519  -46.658  41.570 0.0000000000
35826  35.085  -48.447  42.045 0.0000000000
35809  35.630  -48.572  42.399 0.0000000000
34621  37.001  -49.428  41.791 0.0000000000
33382  37.217  -49.828  41.346 0.0000000000
32163  35.327  -50.831  41.743 0.0000000000
32175  35.369  -51.265  40.946 0.0000000000
36934  24.460  -47.138  48.257 0.0000000000
73619  53.450  -14.434  30.697 0.0000000000
69451  51.286  -19.252  35.200 0.0000000000
69450  51.665  -19.255  35.122 0.0000000000
67178  51.268  -20.675  35.571 0.0000000000
68308  52.148  -19.736  34.866 0.0000000000
67212  52.376  -20.641  33.982 0.0000000000
65116  51.532  -22.615  35.984 0.0000000000
65132  52.192  -22.228  34.994 0.0000000000
65134  50.955  -23.032  34.133 0.0000000000
66166  51.738  -22.067  34.011 0.0000000000
66184  51.699  -21.571  33.502 0.0000000000
66223  50.501  -21.900  32.752 0.0000000000
55171  42.596  -31.700  38.112 0.0000000000
44247  37.373  -42.191  43.348 0.0000000000
53119  42.056  -33.765  40.435 0.0000000000
54134  42.602  -32.706  38.769 0.0000000000
54102  43.699  -32.608  41.518 0.0000000000
54100  45.599  -32.754  41.106 0.0000000000
51066  43.665  -35.326  42.889 0.0000000000
51075  44.851  -35.237  41.657 0.0000000000
50031  45.165  -36.612  41.432 0.0000000000
52137  45.865  -34.381  40.793 0.0000000000
52136  46.170  -34.350  40.295 0.0000000000
51084  46.588  -34.882  39.657 0.0000000000
51118  46.994  -35.099  39.126 0.0000000000
51119  46.699  -35.528  38.973 0.0000000000
50075  45.671  -36.196  38.881 0.0000000000
50091  46.013  -35.665  38.532 0.0000000000
43100  42.590  -42.121  40.954 0.0000000000
44331  43.530  -41.266  40.319 0.0000000000
43148  42.884  -41.805  39.097 0.0000000000
44350  43.347  -41.274  39.572 0.0000000000
45507  43.669  -40.498  40.089 0.0000000000
45508  43.332  -40.388  39.623 0.0000000000
33302  30.161  -50.352  45.238 0.0000000000
33362  36.475  -49.767  41.913 0.0000000000
34564  30.423  -49.886  44.681 0.0000000000
35841  39.112  -47.993  40.494 0.0000000000
37052  39.402  -47.626  40.768 0.0000000000
37055  36.829  -47.376  40.888 0.0000000000
37063  37.306  -47.085  40.450 0.0000000000
37064  36.717  -46.850  40.627 0.0000000000
38117  28.532  -47.369  46.113 0.0000000000
38210  36.957  -46.866  41.537 0.0000000000
38227  36.969  -46.756  41.139 0.0000000000
38238  37.214  -46.689  40.792 0.0000000000
38239  36.929  -46.612  40.906 0.0000000000
39376  37.764  -45.011  43.524 0.0000000000
40641  38.009  -44.857  43.579 0.0000000000
40643  35.771  -45.310  42.879 0.0000000000
40670  40.455  -45.003  41.550 0.0000000000
40725  41.658  -43.672  38.580 0.0000000000
41855  38.165  -43.834  44.054 0.0000000000
41871  38.326  -43.970  43.763 0.0000000000
43134  43.068  -41.958  39.351 0.0000000000
44304  43.002  -41.068  41.054 0.0000000000
44366  43.041  -41.608  39.263 0.0000000000
45466  41.683  -39.216  41.808 0.0000000000
46588  39.171  -38.879  45.285 0.0000000000
46589  38.777  -39.085  45.120 0.0000000000
46603  39.594  -38.950  45.030 0.0000000000
46606  38.074  -39.721  44.319 0.0000000000
46616  39.347  -40.025  44.356 0.0000000000
46618  38.031  -39.484  43.818 0.0000000000
46655  41.724  -38.908  42.125 0.0000000000
46687  44.292  -39.049  40.058 0.0000000000
47761  39.583  -38.470  45.136 0.0000000000
47762  39.281  -38.289  45.362 0.0000000000
47763  38.839  -38.564  45.382 0.0000000000
47776  39.631  -38.058  44.975 0.0000000000
47787  42.323  -38.066  43.002 0.0000000000
47791  38.285  -39.154  43.993 0.0000000000
47816  44.672  -38.313  40.918 0.0000000000
47819  41.519  -38.931  42.975 0.0000000000
47847  44.330  -38.673  39.866 0.0000000000
48883  38.825  -38.056  45.371 0.0000000000
48884  38.660  -38.348  45.254 0.0000000000
48913  39.254  -37.485  44.113 0.0000000000
48924  44.831  -37.343  41.648 0.0000000000
48929  37.950  -37.216  42.428 0.0000000000
48941  38.043  -37.658  42.302 0.0000000000
49994  39.720  -37.428  44.336 0.0000000000
50005  39.329  -36.960  43.644 0.0000000000
50015  44.884  -37.126  41.758 0.0000000000
50090  46.288  -35.786  38.804 0.0000000000
51100  46.770  -34.976  39.500 0.0000000000
51141  46.386  -35.184  38.461 0.0000000000
53084  42.951  -34.174  43.158 0.0000000000
53096  42.095  -33.879  42.092 0.0000000000
54091  42.571  -33.442  41.837 0.0000000000
54110  47.684  -32.403  39.555 0.0000000000
54114  42.472  -32.669  40.344 0.0000000000
54115  42.339  -32.828  40.565 0.0000000000
55116  42.580  -32.508  41.016 0.0000000000
55117  42.445  -32.686  40.905 0.0000000000
55152  44.187  -31.468  39.188 0.0000000000
56224  46.239  -31.389  40.206 0.0000000000
56242  46.605  -31.455  40.020 0.0000000000
56257  50.342  -30.060  38.907 0.0000000000
57315  45.950  -31.237  40.051 0.0000000000
57328  46.132  -30.879  39.704 0.0000000000
57371  46.044  -29.679  37.719 0.0000000000
58472  50.674  -27.949  37.776 0.0000000000
58476  47.629  -28.784  38.501 0.0000000000
58486  47.527  -28.464  37.967 0.0000000000
58508  50.883  -28.084  36.414 0.0000000000
58512  46.536  -28.045  36.490 0.0000000000
60729  48.941  -27.513  38.443 0.0000000000
60786  48.428  -26.220  36.653 0.0000000000
61995  49.841  -24.643  36.591 0.0000000000
62031  50.106  -25.374  33.776 0.0000000000
63037  49.757  -24.215  36.461 0.0000000000
63094  50.017  -24.293  33.311 0.0000000000
65107  50.543  -22.960  36.395 0.0000000000
65115  52.052  -22.085  36.227 0.0000000000
66143  51.800  -21.817  36.280 0.0000000000
66145  50.930  -22.098  36.243 0.0000000000
68300  51.820  -19.593  35.145 0.0000000000
68301  51.491  -19.808  35.484 0.0000000000
70545  52.785  -16.841  33.915 0.0000000000
71567  52.814  -16.367  34.174 0.0000000000
71568  52.471  -16.578  34.251 0.0000000000
71579  53.100  -16.459  33.963 0.0000000000
72554  52.189  -15.963  34.352 0.0000000000
73575  53.445  -15.254  33.926 0.0000000000
