#!ascii label  , from subject 3105 vox2ras=TkReg
801
92352  21.326  3.324  -27.110 0.2500000000
91391  22.037  2.474  -27.271 0.7500000000
94959  21.070  6.041  -27.044 0.2500000000
94151  21.309  5.588  -27.331 0.1250000000
93288  20.966  4.749  -26.991 0.2500000000
93273  21.096  4.032  -26.769 0.2500000000
92367  22.286  3.439  -27.797 0.7500000000
91390  22.745  2.189  -27.653 0.8750000000
91402  22.483  2.719  -27.819 0.8750000000
91389  23.149  2.100  -28.081 0.8750000000
93287  21.590  4.428  -27.450 0.3750000000
93286  22.430  4.448  -28.111 0.8750000000
91412  23.646  3.191  -29.397 1.0000000000
92379  23.425  3.735  -28.992 1.0000000000
92366  22.864  3.898  -28.435 0.8750000000
91400  23.394  2.568  -28.722 1.0000000000
92380  22.825  3.170  -28.458 0.8750000000
90351  23.915  1.751  -28.589 1.0000000000
94970  21.278  6.613  -27.280 0.2500000000
94161  22.200  6.242  -28.478 0.7500000000
94160  22.762  5.767  -28.712 0.8750000000
94149  22.651  4.962  -28.606 0.8750000000
94150  22.135  5.440  -28.007 0.7500000000
92387  24.266  3.576  -29.822 1.0000000000
92388  23.557  3.775  -30.037 1.0000000000
93305  23.351  4.416  -29.553 1.0000000000
91398  25.043  2.520  -28.927 1.0000000000
91399  24.163  2.652  -29.267 1.0000000000
94960  21.169  6.644  -27.045 0.1250000000
94969  21.652  6.472  -27.959 0.6250000000
94980  23.571  6.154  -29.536 1.0000000000
94159  23.058  5.014  -28.990 1.0000000000
92386  24.930  3.911  -29.662 1.0000000000
92396  24.570  4.150  -30.054 1.0000000000
92398  23.817  4.305  -30.189 1.0000000000
94167  23.642  5.111  -29.585 1.0000000000
92377  25.536  3.514  -29.048 1.0000000000
92378  24.786  3.207  -29.407 1.0000000000
91388  26.711  2.391  -28.026 1.0000000000
91397  25.890  2.517  -28.528 1.0000000000
99325  20.388  11.888  -27.201 0.2500000000
95794  21.133  7.540  -27.279 0.2500000000
95809  21.456  7.656  -27.675 0.3750000000
95793  21.464  7.150  -27.627 0.5000000000
95807  22.242  7.550  -29.080 1.0000000000
95808  21.724  7.526  -28.219 0.6250000000
94981  22.732  6.719  -28.881 1.0000000000
94979  23.961  6.432  -30.243 1.0000000000
93298  25.371  4.562  -29.344 1.0000000000
93304  24.977  4.602  -29.922 1.0000000000
94985  24.914  6.138  -30.045 1.0000000000
93297  25.958  4.522  -28.638 1.0000000000
92376  26.506  3.521  -28.369 1.0000000000
93296  26.798  4.635  -28.243 1.0000000000
92375  27.222  3.968  -28.025 1.0000000000
99340  20.710  11.622  -27.986 0.5000000000
98380  20.950  11.018  -26.866 0.3750000000
97474  21.058  9.663  -27.419 0.3750000000
97485  21.443  9.512  -28.327 0.5000000000
98390  21.417  10.177  -28.703 0.5000000000
96634  22.413  9.242  -29.450 0.8750000000
96626  22.698  8.406  -29.525 1.0000000000
96633  22.928  9.131  -29.927 1.0000000000
95815  24.300  6.602  -30.299 1.0000000000
95806  23.220  7.456  -29.502 1.0000000000
94978  25.372  6.296  -29.525 1.0000000000
94156  27.146  5.603  -28.053 1.0000000000
94157  26.270  5.504  -28.369 1.0000000000
100256  20.692  12.577  -27.511 0.5000000000
98402  21.319  10.611  -28.690 0.5000000000
99354  21.260  11.154  -28.657 0.6250000000
98400  22.437  11.093  -29.734 0.6250000000
97499  22.842  9.879  -29.812 1.0000000000
97484  21.761  9.676  -29.129 0.7500000000
97483  24.374  8.982  -30.366 1.0000000000
96621  26.390  8.279  -28.216 1.0000000000
96622  25.476  8.250  -28.679 1.0000000000
96623  25.226  8.108  -29.700 1.0000000000
96624  24.570  8.119  -30.400 1.0000000000
95802  25.941  7.342  -28.293 1.0000000000
94977  25.784  6.379  -28.681 1.0000000000
95803  25.089  7.220  -28.969 1.0000000000
94968  27.509  6.615  -28.083 0.8750000000
94976  26.534  6.465  -28.072 1.0000000000
99339  21.332  11.879  -28.523 0.5000000000
99352  22.204  11.905  -29.960 0.8750000000
99349  24.767  10.598  -29.526 1.0000000000
98398  24.167  10.270  -29.970 1.0000000000
97481  25.213  9.174  -29.178 1.0000000000
98387  26.333  9.651  -28.380 1.0000000000
95791  27.634  7.479  -27.481 1.0000000000
95792  26.832  7.420  -27.879 1.0000000000
97479  26.727  9.164  -28.123 1.0000000000
96615  27.083  8.363  -27.598 1.0000000000
100268  21.622  12.646  -28.795 0.5000000000
100281  21.985  12.416  -29.608 0.8750000000
100292  23.298  12.235  -30.500 1.0000000000
99324  25.229  12.050  -29.302 1.0000000000
99350  24.321  11.136  -29.881 1.0000000000
99361  24.032  11.592  -30.409 1.0000000000
99321  26.732  11.205  -27.310 1.0000000000
98379  25.982  10.562  -28.390 1.0000000000
98377  27.635  10.372  -27.384 1.0000000000
98378  26.570  10.209  -28.009 1.0000000000
96614  27.900  8.422  -27.165 1.0000000000
103468  25.443  15.316  -27.846 1.0000000000
102731  24.939  14.761  -27.985 0.3750000000
103477  25.018  15.528  -28.480 0.8750000000
101144  25.489  13.460  -28.762 1.0000000000
100252  26.098  11.981  -27.431 1.0000000000
103457  25.653  16.125  -27.398 0.8750000000
103467  26.049  15.665  -27.375 1.0000000000
102730  25.343  14.994  -28.356 1.0000000000
102729  25.808  15.110  -27.757 1.0000000000
100250  27.986  11.901  -26.481 1.0000000000
102719  26.267  15.854  -27.342 1.0000000000
102728  26.593  15.002  -26.936 1.0000000000
101131  27.095  13.793  -26.435 1.0000000000
101142  27.209  13.959  -27.011 1.0000000000
101132  26.567  13.429  -27.011 1.0000000000
102718  26.656  15.709  -26.688 1.0000000000
101961  26.987  14.515  -26.744 1.0000000000
106835  26.477  22.086  -25.105 0.1250000000
106827  26.453  22.636  -24.148 0.1250000000
106849  25.111  21.780  -26.279 0.2500000000
106837  24.763  21.917  -26.187 0.1250000000
106193  25.722  21.744  -26.801 0.3750000000
128550  24.733  23.165  -26.699 0.2500000000
106192  26.271  21.513  -26.437 0.5000000000
107513  25.861  22.374  -26.635 0.2500000000
106848  26.850  21.525  -26.104 0.3750000000
108685  24.604  23.790  -25.060 0.2500000000
128548  25.278  23.179  -26.990 0.2500000000
108706  25.651  23.805  -26.148 0.2500000000
108705  26.429  24.536  -25.448 0.2500000000
107505  26.291  22.692  -26.205 0.2500000000
107491  27.884  23.500  -25.544 0.2500000000
107504  27.257  22.859  -25.464 0.3750000000
108117  26.220  23.844  -25.716 0.2500000000
106846  29.117  21.857  -26.090 0.3750000000
107503  28.651  23.168  -25.602 0.2500000000
92353  20.684  3.273  -26.308 0.1250000000
90349  25.248  1.802  -28.236 1.0000000000
98408  23.101  10.941  -30.111 0.8750000000
99336  25.692  10.707  -28.604 1.0000000000
91380  20.681  2.496  -26.057 0.1250000000
90341  22.536  1.608  -27.134 0.6250000000
89330  23.545  0.719  -27.862 0.7500000000
94137  20.842  5.430  -26.734 0.1250000000
92338  20.647  3.444  -25.955 0.1250000000
89342  24.192  0.873  -28.238 1.0000000000
90339  26.028  1.645  -28.014 1.0000000000
95785  20.762  7.752  -26.812 0.3750000000
97465  20.587  9.823  -26.533 0.2500000000
94147  28.118  5.686  -28.032 0.8750000000
93284  27.685  4.724  -28.101 0.8750000000
94967  28.220  6.614  -27.473 0.8750000000
102732  24.056  14.558  -28.567 0.1250000000
101137  21.631  13.252  -28.234 0.3750000000
101147  22.806  13.773  -29.816 0.6250000000
97473  27.420  9.336  -27.573 1.0000000000
103458  25.429  15.377  -27.568 0.5000000000
102746  24.398  15.403  -29.570 0.8750000000
99320  27.787  11.315  -26.883 1.0000000000
100229  27.779  13.374  -26.351 1.0000000000
103443  26.606  17.063  -26.173 0.8750000000
103455  26.825  16.400  -26.331 1.0000000000
102706  27.271  15.796  -25.858 1.0000000000
101111  27.644  13.982  -26.024 1.0000000000
106162  26.728  20.866  -23.512 0.1250000000
105511  25.786  19.724  -24.781 0.1250000000
105533  26.224  19.756  -25.787 0.6250000000
106181  26.470  20.857  -26.178 0.6250000000
106180  27.733  20.629  -25.780 0.5000000000
128542  25.285  22.995  -25.495 0.2500000000
106847  28.079  21.817  -25.100 0.5000000000
108097  25.107  23.868  -23.878 0.2500000000
108693  25.777  24.631  -24.870 0.2500000000
109204  26.545  25.091  -25.018 0.1250000000
108116  27.170  23.903  -25.602 0.2500000000
108128  29.727  23.902  -26.441 0.2500000000
108127  30.736  23.147  -26.839 0.2500000000
108704  27.988  24.834  -25.401 0.1250000000
91379  21.347  2.537  -26.475 0.3750000000
90342  21.943  1.690  -26.650 0.5000000000
90340  23.108  1.485  -27.631 0.7500000000
91401  22.801  2.569  -28.214 0.8750000000
89343  23.811  1.229  -28.220 1.0000000000
93299  23.258  4.456  -28.970 1.0000000000
90350  24.521  1.805  -28.489 1.0000000000
94982  21.984  6.865  -28.635 0.8750000000
94176  24.423  5.234  -29.935 1.0000000000
94986  24.297  5.969  -30.038 1.0000000000
96616  20.795  8.664  -27.052 0.3750000000
96628  21.460  8.454  -27.750 0.5000000000
96627  21.871  8.598  -28.846 0.8750000000
95805  23.903  7.155  -30.376 1.0000000000
94165  25.258  5.394  -29.775 1.0000000000
94166  24.867  5.600  -30.059 1.0000000000
94158  25.670  5.445  -29.054 1.0000000000
98401  21.689  10.632  -29.188 0.6250000000
96625  23.607  8.525  -30.183 1.0000000000
97497  23.618  9.987  -29.989 1.0000000000
95804  24.752  7.013  -29.994 1.0000000000
92363  27.825  3.841  -27.463 0.8750000000
98407  23.640  10.644  -30.082 1.0000000000
97490  24.501  9.594  -30.019 1.0000000000
99337  25.120  10.922  -29.029 1.0000000000
99351  23.961  10.764  -30.185 1.0000000000
98389  25.082  10.108  -29.346 1.0000000000
97489  24.881  9.608  -29.697 1.0000000000
97480  26.037  9.106  -28.580 1.0000000000
97482  24.963  8.964  -30.071 1.0000000000
98388  25.764  10.063  -28.679 1.0000000000
100267  22.088  13.064  -29.581 0.6250000000
100280  22.577  12.641  -30.152 0.7500000000
101162  23.628  12.468  -30.221 1.0000000000
100290  24.124  11.827  -30.137 1.0000000000
101152  24.393  12.524  -29.731 1.0000000000
99338  25.001  11.722  -29.495 1.0000000000
100265  25.321  12.987  -29.195 1.0000000000
100253  25.487  12.438  -28.641 1.0000000000
99323  25.322  11.784  -28.986 1.0000000000
99322  25.828  11.231  -28.281 1.0000000000
103469  24.664  15.251  -28.233 0.7500000000
102745  24.945  15.238  -29.085 1.0000000000
103478  24.244  15.814  -28.854 0.7500000000
101145  24.716  13.431  -29.452 1.0000000000
101977  24.489  14.642  -29.671 1.0000000000
101976  25.266  14.385  -29.005 1.0000000000
103456  26.216  16.375  -26.919 0.8750000000
101963  26.158  13.968  -27.973 1.0000000000
101133  26.179  13.249  -28.019 1.0000000000
100251  27.183  12.415  -26.577 1.0000000000
101962  26.621  14.058  -27.273 1.0000000000
101942  27.275  14.755  -26.066 1.0000000000
106163  26.820  20.839  -24.617 0.1250000000
106172  26.294  20.643  -25.412 0.1250000000
105510  26.380  20.146  -24.695 0.1250000000
128541  25.092  23.284  -24.243 0.2500000000
106867  24.841  22.497  -27.776 0.2500000000
106182  25.867  21.170  -26.256 0.5000000000
108115  28.131  23.925  -25.579 0.2500000000
107502  29.977  22.632  -26.133 0.2500000000
91352  21.545  1.834  -25.576 0.1250000000
90332  21.195  1.961  -25.876 0.1250000000
89332  22.278  1.123  -26.845 0.6250000000
101148  21.872  13.600  -29.063 0.6250000000
101154  23.323  13.041  -30.177 0.8750000000
101979  23.192  14.370  -29.539 0.7500000000
101146  23.758  13.780  -29.643 0.8750000000
103471  23.177  15.006  -28.900 0.7500000000
102747  23.412  14.737  -29.672 0.8750000000
101978  23.680  14.621  -29.827 1.0000000000
103442  27.606  16.790  -25.811 1.0000000000
101927  27.732  15.082  -25.437 1.0000000000
105522  25.401  19.576  -25.466 0.3750000000
104868  26.419  19.403  -25.977 0.7500000000
105532  26.841  19.836  -26.027 0.7500000000
106845  30.125  21.460  -25.997 0.3750000000
85351  23.228  -3.361  -26.657 0.7500000000
85349  25.145  -2.984  -26.365 0.7500000000
86312  22.796  -2.445  -26.515 0.7500000000
85350  24.014  -2.917  -25.966 0.7500000000
86311  23.663  -2.466  -26.876 0.7500000000
86309  25.522  -2.246  -26.777 0.7500000000
86310  24.597  -2.364  -26.783 0.7500000000
87320  24.194  -1.728  -27.299 0.7500000000
88326  22.536  -0.525  -27.234 0.7500000000
89331  22.642  0.613  -27.250 0.6250000000
87332  24.005  -1.022  -27.674 0.8750000000
87333  23.272  -0.707  -27.544 0.8750000000
87319  25.020  -1.595  -27.019 0.7500000000
88336  24.439  -0.109  -28.009 0.8750000000
89329  23.932  0.284  -28.106 0.8750000000
87318  25.901  -1.366  -26.888 0.7500000000
87330  25.312  -0.954  -27.180 0.7500000000
88335  25.282  -0.295  -27.612 0.8750000000
88347  24.619  0.520  -28.156 0.8750000000
88334  26.023  0.045  -27.383 0.7500000000
88345  25.580  0.372  -27.741 0.8750000000
89340  25.431  1.020  -27.885 0.8750000000
89318  26.721  0.593  -27.116 0.8750000000
89328  26.050  0.867  -27.566 0.8750000000
90330  26.633  1.538  -27.438 0.8750000000
91376  28.653  2.427  -26.442 0.3750000000
91377  27.795  2.325  -26.660 0.6250000000
91378  27.033  2.364  -27.138 0.7500000000
92350  28.239  3.169  -26.846 0.7500000000
91374  30.128  3.073  -25.764 0.1250000000
92349  29.040  3.321  -26.551 0.3750000000
92362  28.642  4.004  -27.036 0.6250000000
93283  28.308  4.792  -27.468 0.6250000000
92347  30.627  3.652  -25.424 0.1250000000
92348  29.822  3.731  -26.122 0.1250000000
93272  29.675  4.789  -26.429 0.1250000000
94146  28.490  5.668  -27.101 0.6250000000
93271  30.337  4.701  -25.742 0.1250000000
94135  30.983  5.602  -25.645 0.1250000000
94958  29.622  6.607  -26.287 0.1250000000
94966  28.749  6.567  -26.689 0.5000000000
95790  28.280  7.476  -26.857 0.7500000000
93270  31.405  4.655  -25.375 0.1250000000
95784  29.111  7.525  -26.454 0.5000000000
103444  25.813  16.684  -26.113 0.6250000000
104184  25.682  18.108  -25.492 0.5000000000
96604  29.447  8.479  -26.397 0.6250000000
97459  28.877  9.791  -26.541 0.6250000000
97472  28.343  9.428  -27.022 0.8750000000
96603  30.165  8.688  -26.082 0.5000000000
97471  28.981  9.124  -26.559 0.6250000000
104183  26.283  17.937  -25.692 0.7500000000
98364  28.534  10.503  -26.886 0.8750000000
100228  28.517  12.523  -26.154 0.8750000000
101110  28.310  13.883  -25.753 0.8750000000
97457  30.289  9.553  -25.757 0.3750000000
97458  29.542  9.501  -26.211 0.5000000000
98362  29.776  10.360  -25.662 0.5000000000
99300  29.187  11.361  -25.700 0.6250000000
97456  30.900  9.704  -25.500 0.2500000000
100227  29.666  12.353  -25.653 0.7500000000
98361  30.565  10.303  -25.515 0.3750000000
99299  30.316  11.299  -25.512 0.5000000000
101108  30.058  13.120  -25.526 0.7500000000
104855  25.559  18.967  -26.154 0.6250000000
104182  27.258  17.864  -25.820 0.8750000000
102705  28.134  15.865  -25.316 0.8750000000
104181  28.466  17.725  -25.399 0.7500000000
101925  29.605  14.804  -25.132 0.7500000000
99270  31.081  11.039  -25.375 0.2500000000
99271  30.842  11.858  -25.492 0.5000000000
98338  31.299  10.252  -25.303 0.2500000000
104869  26.145  19.221  -25.956 0.5000000000
104854  26.730  18.920  -26.058 0.6250000000
104853  28.026  18.698  -25.499 0.7500000000
103441  28.859  16.718  -25.518 0.7500000000
104852  29.441  18.689  -24.640 0.7500000000
102704  29.256  15.736  -25.375 0.7500000000
103440  29.979  16.628  -25.280 0.7500000000
101924  30.580  14.630  -25.248 0.5000000000
100202  31.296  12.714  -25.197 0.2500000000
101093  30.861  13.531  -25.248 0.3750000000
101923  31.592  14.487  -25.317 0.3750000000
105520  27.666  19.583  -25.683 0.6250000000
105519  28.641  19.457  -25.231 0.7500000000
104180  29.732  17.599  -25.216 0.7500000000
103439  30.904  16.543  -25.156 0.6250000000
102701  32.153  15.317  -25.462 0.3750000000
102689  31.048  15.835  -24.967 0.3750000000
100201  33.051  12.712  -25.583 0.1250000000
101921  33.546  14.340  -25.905 0.1250000000
101922  32.664  14.430  -25.308 0.2500000000
104179  30.880  17.470  -25.464 0.3750000000
103437  32.656  15.981  -25.838 0.2500000000
103428  31.339  15.927  -25.132 0.3750000000
102690  30.882  16.098  -24.829 0.6250000000
101940  34.325  14.322  -26.899 0.1250000000
101091  33.256  13.485  -25.526 0.1250000000
106169  28.797  20.286  -25.179 0.6250000000
105508  30.372  19.345  -25.233 0.3750000000
105518  29.756  19.566  -25.081 0.3750000000
104851  30.857  18.364  -24.794 0.3750000000
104192  32.227  17.351  -26.893 0.2500000000
104178  31.236  16.963  -25.857 0.3750000000
102727  33.846  15.452  -27.416 0.1250000000
103438  31.689  16.263  -25.515 0.3750000000
101939  34.512  13.661  -27.204 0.1250000000
103436  33.157  15.723  -26.064 0.1250000000
106178  29.482  21.222  -25.806 0.3750000000
105517  30.592  19.464  -25.443 0.3750000000
104866  31.633  18.892  -26.480 0.3750000000
104850  31.562  18.986  -25.530 0.3750000000
104193  31.536  17.784  -26.442 0.3750000000
104867  31.265  18.194  -25.802 0.3750000000
102743  33.881  15.771  -29.267 0.1250000000
104191  32.841  17.037  -27.008 0.1250000000
101960  34.551  14.823  -28.023 0.1250000000
106177  30.575  20.270  -26.581 0.2500000000
105530  31.323  19.428  -26.444 0.2500000000
105531  30.880  19.824  -26.208 0.3750000000
106167  30.472  20.242  -26.001 0.3750000000
104877  31.691  18.591  -27.630 0.1250000000
105516  31.413  19.557  -25.889 0.3750000000
104205  31.784  17.660  -27.693 0.1250000000
103476  33.030  16.815  -29.427 0.1250000000
106834  30.318  20.748  -26.060 0.3750000000
105544  30.801  19.779  -26.877 0.2500000000
105551  31.670  19.373  -28.933 0.1250000000
104883  31.982  18.204  -28.677 0.1250000000
103487  33.284  16.931  -29.708 0.1250000000
104888  32.763  18.340  -30.540 0.1250000000
106190  31.726  20.242  -27.990 0.1250000000
104882  32.323  18.500  -30.153 0.1250000000
127918  33.021  19.534  -30.516 0.1250000000
104901  33.444  17.819  -30.889 0.1250000000
104226  33.590  17.284  -30.642 0.1250000000
88346  25.061  0.375  -28.057 0.8750000000
90329  27.287  1.426  -26.769 0.6250000000
99301  28.519  11.340  -26.386 0.8750000000
99298  30.824  10.717  -25.393 0.3750000000
101926  28.554  14.821  -25.305 0.7500000000
101094  29.884  13.873  -25.192 0.7500000000
103466  32.747  16.611  -28.760 0.1250000000
105543  31.392  19.549  -27.406 0.2500000000
127911  33.233  18.307  -31.025 0.1250000000
93282  29.083  4.836  -27.074 0.5000000000
95783  29.966  7.631  -26.010 0.3750000000
96602  30.669  8.843  -25.632 0.2500000000
101109  29.250  13.319  -25.601 0.7500000000
104208  31.966  17.488  -28.410 0.1250000000
96587  31.184  9.058  -25.332 0.1250000000
85336  23.688  -4.065  -26.188 0.7500000000
85337  22.803  -4.163  -26.219 0.7500000000
85352  22.350  -3.413  -26.361 0.7500000000
85335  24.749  -3.875  -25.793 0.7500000000
85334  25.834  -3.305  -25.755 0.7500000000
87321  23.155  -1.555  -27.261 0.7500000000
85348  25.998  -2.708  -26.350 0.6250000000
87317  26.702  -1.386  -26.441 0.6250000000
88324  26.529  -0.430  -26.730 0.6250000000
89317  27.574  0.309  -26.453 0.5000000000
89316  28.135  0.616  -26.042 0.3750000000
90327  28.996  1.859  -26.290 0.1250000000
91375  29.613  2.483  -26.145 0.1250000000
92336  31.282  3.121  -25.274 0.1250000000
93253  31.866  4.102  -25.302 0.1250000000
94957  30.354  6.570  -25.588 0.1250000000
95765  30.472  7.474  -25.454 0.1250000000
95782  30.447  8.133  -25.682 0.2500000000
98337  32.151  9.938  -25.164 0.1250000000
97442  31.965  10.165  -25.215 0.2500000000
99269  33.013  11.359  -25.306 0.1250000000
100200  33.726  12.678  -25.763 0.1250000000
101089  34.391  12.601  -26.581 0.1250000000
105521  25.755  19.484  -25.728 0.3750000000
127462  34.411  12.977  -27.276 0.1250000000
127461  34.634  13.786  -27.912 0.1250000000
99359  34.289  12.674  -28.919 0.1250000000
102757  33.687  15.295  -29.585 0.1250000000
102764  34.506  14.826  -30.959 0.1250000000
107484  25.740  23.225  -23.701 0.1250000000
106856  30.856  21.409  -27.342 0.2500000000
106855  31.469  21.136  -27.882 0.1250000000
127910  32.175  20.756  -28.851 0.1250000000
127924  32.821  18.349  -31.859 0.1250000000
103494  34.227  16.305  -30.946 0.1250000000
127928  33.149  17.582  -32.262 0.1250000000
103445  25.132  16.019  -26.905 0.3750000000
88338  23.143  -0.054  -27.671 0.7500000000
88337  23.712  -0.162  -27.840 0.8750000000
89341  24.816  1.050  -28.141 0.8750000000
92364  27.072  3.220  -27.617 0.7500000000
101941  27.978  14.307  -25.646 0.8750000000
106179  28.851  21.087  -25.495 0.3750000000
107501  30.754  22.036  -26.883 0.1250000000
89319  22.276  0.083  -26.883 0.6250000000
87331  24.696  -0.958  -27.458 0.8750000000
88325  25.772  -0.590  -27.104 0.7500000000
90328  28.231  1.417  -26.159 0.2500000000
92351  27.528  3.036  -27.042 0.7500000000
92361  29.238  4.141  -26.625 0.3750000000
92346  31.437  3.796  -25.281 0.1250000000
94136  30.119  5.667  -26.178 0.1250000000
94145  29.312  5.690  -26.657 0.5000000000
96613  28.635  8.416  -26.638 0.6250000000
98363  28.887  10.391  -26.021 0.6250000000
101095  29.063  14.104  -25.251 0.7500000000
100226  30.536  12.467  -25.511 0.5000000000
102703  30.422  15.709  -25.120 0.6250000000
102702  31.252  15.446  -25.275 0.3750000000
101092  32.135  13.573  -25.196 0.1250000000
102700  33.117  15.274  -25.537 0.1250000000
103454  31.759  16.973  -26.263 0.3750000000
104194  31.111  17.821  -25.979 0.3750000000
103452  33.146  16.201  -26.755 0.2500000000
101090  34.130  13.276  -26.274 0.1250000000
102717  33.593  15.253  -26.360 0.1250000000
103453  32.391  16.667  -26.351 0.2500000000
103465  33.212  16.266  -27.990 0.1250000000
106168  29.781  20.487  -25.663 0.3750000000
102744  33.872  15.475  -28.631 0.1250000000
103475  33.545  16.243  -29.108 0.1250000000
103486  33.405  16.250  -29.983 0.1250000000
104203  32.939  16.686  -27.419 0.1250000000
104204  32.279  16.860  -27.904 0.1250000000
127452  33.954  14.193  -28.996 0.1250000000
127447  33.719  14.197  -30.100 0.1250000000
106191  30.875  20.436  -27.367 0.2500000000
106844  30.507  20.974  -26.656 0.2500000000
104216  33.115  17.443  -29.813 0.1250000000
104207  32.493  17.518  -29.158 0.1250000000
104227  33.344  17.437  -30.219 0.1250000000
103495  33.907  16.115  -30.801 0.1250000000
84372  23.096  -4.817  -25.780 0.7500000000
84371  24.006  -4.758  -25.670 0.7500000000
87322  22.201  -1.351  -26.400 0.5000000000
94956  31.185  6.330  -25.507 0.1250000000
102765  33.946  14.865  -30.590 0.1250000000
85338  22.146  -4.135  -25.922 0.7500000000
86313  21.805  -2.558  -26.056 0.5000000000
83414  23.992  -5.402  -25.399 0.6250000000
84359  24.433  -5.005  -25.237 0.6250000000
84357  25.961  -4.276  -24.402 0.3750000000
85320  24.993  -4.257  -25.292 0.6250000000
85318  26.947  -3.503  -24.827 0.2500000000
104856  24.817  18.669  -25.427 0.2500000000
105534  26.165  19.938  -25.586 0.2500000000
85333  26.513  -2.716  -25.801 0.5000000000
86307  26.763  -2.096  -26.114 0.5000000000
84342  25.533  -4.928  -24.181 0.5000000000
84358  25.041  -4.708  -24.827 0.6250000000
88323  27.381  -0.721  -26.342 0.5000000000
82429  23.727  -6.105  -24.799 0.6250000000
86314  21.429  -2.971  -25.590 0.3750000000
85339  21.857  -4.040  -25.284 0.3750000000
83400  23.546  -5.795  -25.109 0.6250000000
83415  23.357  -5.436  -25.526 0.6250000000
84373  22.255  -4.928  -26.054 0.6250000000
83383  25.600  -5.698  -23.887 0.3750000000
83384  24.803  -5.968  -24.256 0.5000000000
87311  21.162  -2.325  -25.163 0.2500000000
84341  26.226  -4.845  -23.819 0.3750000000
84356  26.686  -4.238  -24.110 0.2500000000
89320  21.875  0.650  -26.524 0.3750000000
87316  27.395  -1.535  -26.004 0.2500000000
89307  27.859  -0.328  -26.248 0.2500000000
89306  28.385  0.027  -26.102 0.2500000000
101138  21.132  13.316  -27.543 0.2500000000
90319  28.569  0.755  -25.828 0.2500000000
102733  23.191  14.297  -28.907 0.3750000000
101967  21.787  13.835  -28.164 0.2500000000
98370  19.865  10.786  -26.347 0.1250000000
102749  22.639  14.205  -28.704 0.3750000000
86308  26.316  -2.128  -26.645 0.5000000000
85353  21.709  -3.486  -25.881 0.5000000000
84370  24.628  -4.505  -25.351 0.6250000000
85319  25.554  -3.928  -25.116 0.5000000000
87310  21.534  -1.711  -25.395 0.3750000000
83399  24.354  -5.632  -24.836 0.6250000000
83398  25.058  -5.370  -24.374 0.5000000000
85298  27.112  -4.039  -24.033 0.2500000000
85354  21.449  -3.417  -25.347 0.3750000000
86299  27.227  -2.297  -25.463 0.2500000000
88316  28.043  -0.818  -25.862 0.2500000000
96608  20.663  8.850  -26.331 0.1250000000
82446  21.772  -6.556  -25.542 0.5000000000
82415  24.928  -6.563  -23.751 0.2500000000
81481  23.379  -7.490  -24.228 0.3750000000
82416  23.958  -6.556  -24.345 0.5000000000
82431  22.458  -6.568  -25.409 0.5000000000
81508  21.881  -7.396  -25.484 0.3750000000
83417  21.462  -5.715  -25.395 0.5000000000
83416  22.499  -5.758  -25.686 0.5000000000
84374  21.785  -4.718  -25.636 0.3750000000
80513  20.483  -8.553  -24.339 0.1250000000
81509  21.155  -7.255  -25.363 0.3750000000
84360  21.405  -4.873  -25.102 0.2500000000
79504  20.181  -9.689  -24.355 0.1250000000
80512  21.107  -8.750  -24.555 0.2500000000
80526  21.793  -8.230  -25.156 0.3750000000
81480  24.187  -7.433  -23.694 0.2500000000
80510  22.741  -8.203  -24.397 0.3750000000
81494  22.761  -7.424  -24.740 0.5000000000
80514  19.776  -9.272  -23.928 0.1250000000
80527  21.111  -8.068  -25.191 0.3750000000
80525  22.399  -8.152  -24.957 0.3750000000
82432  21.318  -6.527  -24.129 0.1250000000
83403  21.117  -5.613  -24.741 0.1250000000
83401  22.946  -5.976  -25.302 0.5000000000
82430  23.023  -6.455  -24.789 0.5000000000
85340  21.559  -3.568  -24.833 0.2500000000
81507  22.308  -7.694  -25.221 0.5000000000
81495  22.483  -7.112  -25.165 0.5000000000
82417  23.261  -6.955  -24.502 0.3750000000
81521  20.947  -7.177  -25.332 0.2500000000
83418  20.841  -5.811  -25.093 0.1250000000
83402  21.155  -5.392  -25.208 0.1250000000
80498  20.522  -8.279  -23.541 0.1250000000
80528  20.740  -7.797  -25.102 0.2500000000
81496  20.848  -7.450  -24.250 0.1250000000
81510  20.547  -7.256  -25.081 0.1250000000
80496  23.352  -8.411  -23.708 0.2500000000
82448  20.746  -6.516  -24.773 0.1250000000
79503  21.146  -9.621  -24.372 0.2500000000
80497  22.623  -8.975  -24.150 0.2500000000
88317  21.538  -0.301  -25.843 0.2500000000
80511  21.962  -8.792  -24.547 0.2500000000
79502  21.977  -9.666  -24.125 0.1250000000
103430  25.713  16.708  -25.241 0.1250000000
104169  25.696  17.766  -24.729 0.1250000000
104174  25.523  17.845  -25.214 0.1250000000
105523  24.674  19.376  -24.849 0.1250000000
102709  25.311  15.805  -26.474 0.1250000000
104173  25.392  18.076  -24.902 0.1250000000
104839  25.517  18.292  -24.655 0.1250000000
104836  26.501  18.627  -23.786 0.1250000000
102721  25.793  15.281  -27.004 0.1250000000
101948  21.172  13.472  -27.557 0.1250000000
86293  21.490  -3.041  -24.496 0.1250000000
87302  21.469  -1.732  -24.666 0.1250000000
101965  23.307  13.853  -28.624 0.1250000000
102708  25.581  15.445  -26.025 0.1250000000
102685  26.114  15.913  -24.293 0.1250000000
104165  26.359  17.809  -24.259 0.1250000000
105506  26.017  19.230  -24.034 0.1250000000
90331  21.376  1.666  -26.142 0.1250000000
89308  21.406  0.810  -25.836 0.1250000000
88327  21.989  -0.317  -26.629 0.1250000000
104857  24.528  18.811  -24.843 0.1250000000
101966  22.495  14.053  -28.017 0.1250000000
88304  21.717  -0.686  -24.963 0.1250000000
103425  26.059  16.717  -24.428 0.1250000000
105507  25.293  19.014  -24.015 0.1250000000
104835  27.367  18.960  -23.056 0.1250000000
82414  25.914  -6.533  -23.377 0.1250000000
83382  26.563  -5.617  -23.365 0.1250000000
84340  27.200  -4.719  -23.665 0.1250000000
86292  27.910  -2.362  -24.716 0.1250000000
86291  28.902  -2.244  -24.174 0.1250000000
87301  28.491  -1.502  -24.629 0.1250000000
87309  27.847  -1.543  -25.274 0.1250000000
88299  28.973  -0.783  -24.771 0.1250000000
88298  29.789  -0.681  -24.470 0.1250000000
88315  28.734  -0.417  -25.490 0.1250000000
89305  29.051  0.341  -25.642 0.1250000000
80495  24.489  -8.409  -23.322 0.1250000000
80494  25.510  -8.214  -23.044 0.1250000000
81478  26.186  -7.391  -23.016 0.1250000000
82413  26.871  -6.484  -22.811 0.1250000000
84339  28.306  -4.737  -23.391 0.1250000000
85317  28.310  -3.163  -24.161 0.1250000000
89304  29.784  0.607  -25.281 0.1250000000
88313  30.110  0.060  -24.652 0.1250000000
90318  29.300  1.341  -25.823 0.1250000000
88300  28.340  -0.937  -25.158 0.1250000000
81479  25.205  -7.415  -23.343 0.1250000000
79489  23.612  -9.129  -23.087 0.1250000000
85297  27.744  -3.930  -23.817 0.1250000000
87300  29.374  -1.395  -24.189 0.1250000000
88314  29.432  -0.168  -25.100 0.1250000000
79488  24.355  -9.151  -22.893 0.1250000000
80477  25.020  -8.929  -23.001 0.1250000000
83381  27.652  -5.603  -23.053 0.1250000000
81522  20.801  -6.870  -25.259 0.2500000000
82447  21.228  -6.594  -25.394 0.5000000000
82461  20.964  -6.611  -25.326 0.2500000000
82462  20.743  -6.544  -25.174 0.2500000000
83426  21.141  -6.294  -25.363 0.1250000000
83427  20.950  -6.192  -25.272 0.1250000000
85321  21.755  -4.229  -24.720 0.2500000000
85347  26.394  -2.430  -26.234 0.5000000000
86300  21.376  -2.490  -25.429 0.2500000000
86301  20.970  -2.935  -25.085 0.3750000000
87342  23.553  -0.520  -27.644 0.8750000000
87343  23.299  -0.429  -27.590 0.8750000000
88348  23.397  -0.252  -27.662 0.8750000000
88349  23.153  -0.232  -27.602 0.8750000000
90320  21.329  1.454  -25.845 0.1250000000
90352  23.531  1.644  -28.171 0.8750000000
91411  23.900  3.315  -29.654 1.0000000000
92365  23.186  4.158  -28.725 1.0000000000
92381  22.561  2.958  -28.109 0.8750000000
92397  24.126  4.145  -30.240 1.0000000000
93285  22.878  4.446  -28.648 1.0000000000
93314  24.495  4.644  -30.037 1.0000000000
93315  24.082  4.650  -30.011 1.0000000000
93316  23.694  4.567  -29.963 1.0000000000
94148  22.962  4.722  -28.842 0.8750000000
94175  24.890  5.089  -30.052 1.0000000000
94177  24.018  5.127  -29.784 1.0000000000
94971  21.257  6.977  -27.147 0.1250000000
94987  23.934  5.576  -29.795 1.0000000000
94995  24.151  5.478  -29.847 1.0000000000
94996  24.000  5.362  -29.747 1.0000000000
95814  24.569  6.433  -30.176 1.0000000000
96632  23.415  9.449  -30.098 1.0000000000
96637  23.312  9.810  -29.985 1.0000000000
96638  23.047  9.667  -29.954 1.0000000000
96639  22.740  9.595  -29.739 1.0000000000
97491  23.969  9.596  -30.199 1.0000000000
97492  22.789  10.587  -29.851 0.6250000000
97493  22.458  10.105  -29.622 1.0000000000
97498  23.117  10.197  -29.937 1.0000000000
98391  21.017  10.506  -28.151 0.5000000000
98397  24.602  10.214  -29.750 1.0000000000
98399  23.916  10.287  -30.023 1.0000000000
99307  20.051  11.749  -26.605 0.2500000000
99353  21.792  11.680  -29.212 0.5000000000
99362  23.658  11.376  -30.420 1.0000000000
99363  22.824  11.689  -30.339 1.0000000000
100254  25.332  12.198  -29.128 1.0000000000
100255  21.318  12.810  -27.944 0.5000000000
100266  25.092  12.450  -29.458 1.0000000000
100269  21.135  12.311  -28.130 0.5000000000
100279  24.531  11.964  -29.801 1.0000000000
100291  23.847  12.003  -30.496 1.0000000000
101107  34.422  13.548  -26.858 0.1250000000
101143  26.787  13.990  -27.056 1.0000000000
101153  23.910  12.913  -29.828 0.8750000000
101160  24.234  12.126  -29.922 1.0000000000
101161  23.973  12.275  -30.041 1.0000000000
101968  20.987  13.589  -27.333 0.1250000000
101974  26.878  14.217  -26.971 1.0000000000
101975  26.716  14.250  -27.194 1.0000000000
101980  22.666  13.998  -29.038 0.3750000000
101984  24.006  15.101  -29.904 0.8750000000
101985  24.021  14.911  -29.980 0.8750000000
102734  22.462  14.184  -28.402 0.1250000000
102748  23.217  14.589  -29.163 0.8750000000
102756  33.721  15.734  -29.478 0.1250000000
102758  24.174  15.268  -29.874 0.8750000000
102759  23.734  14.940  -29.930 0.8750000000
102760  23.332  14.957  -29.511 0.8750000000
103429  31.200  16.154  -25.033 0.3750000000
103470  23.713  15.155  -28.614 0.7500000000
103474  33.773  15.972  -29.407 0.1250000000
103479  23.245  15.574  -28.670 0.7500000000
103480  22.946  15.244  -28.931 0.7500000000
103485  33.595  15.928  -29.571 0.1250000000
103488  24.064  15.718  -29.484 0.8750000000
103489  23.790  15.548  -29.614 0.8750000000
103490  23.159  15.477  -29.331 0.8750000000
104166  30.472  18.992  -24.200 0.3750000000
104167  30.353  19.167  -24.191 0.3750000000
104168  25.570  18.074  -24.748 0.1250000000
104171  30.385  19.006  -23.966 0.3750000000
104172  30.235  19.163  -23.830 0.3750000000
104209  23.953  16.137  -29.275 0.8750000000
104210  23.283  15.956  -28.941 0.7500000000
104211  22.742  15.866  -28.877 0.7500000000
104215  33.442  17.102  -29.990 0.1250000000
104217  23.863  15.996  -29.388 0.8750000000
104218  23.517  16.075  -29.367 0.8750000000
104219  22.948  15.864  -29.270 0.7500000000
104232  33.241  17.677  -31.499 0.1250000000
104236  33.596  17.496  -32.116 0.1250000000
104837  30.334  19.231  -24.516 0.3750000000
104838  30.208  19.277  -24.329 0.3750000000
104840  25.561  18.632  -24.388 0.1250000000
104841  24.994  18.928  -24.136 0.1250000000
104842  30.477  19.075  -24.496 0.3750000000
104843  30.287  19.267  -24.590 0.3750000000
104844  25.335  18.260  -24.781 0.1250000000
104845  25.094  18.444  -24.809 0.1250000000
104846  24.740  18.888  -24.423 0.1250000000
104849  32.072  19.362  -26.021 0.3750000000
104865  31.689  19.233  -26.328 0.3750000000
104887  32.778  18.096  -30.232 0.1250000000
104893  33.437  17.774  -30.792 0.1250000000
104894  33.234  17.866  -30.529 0.1250000000
104895  32.998  18.316  -30.594 0.1250000000
104902  33.360  18.019  -31.076 0.1250000000
105503  30.234  19.446  -25.155 0.3750000000
105504  30.279  19.398  -24.948 0.3750000000
105509  30.050  19.421  -24.826 0.3750000000
105515  31.698  19.613  -26.075 0.3750000000
105529  31.686  19.454  -26.214 0.3750000000
105553  32.924  18.530  -30.827 0.1250000000
106164  26.313  20.288  -24.934 0.1250000000
106170  28.189  19.991  -25.435 0.6250000000
106171  26.965  21.137  -24.990 0.1250000000
106183  25.353  21.734  -27.068 0.2500000000
106184  24.691  21.659  -26.782 0.2500000000
106194  25.370  21.886  -27.457 0.3750000000
106195  24.715  21.679  -27.384 0.2500000000
106202  25.263  22.034  -27.664 0.2500000000
106203  24.716  21.974  -27.835 0.2500000000
106828  25.335  23.156  -23.775 0.2500000000
106829  26.845  21.828  -24.781 0.1250000000
106833  30.466  20.550  -26.300 0.2500000000
106836  25.376  21.846  -25.610 0.1250000000
106850  24.975  22.262  -26.957 0.2500000000
106857  26.088  22.030  -26.582 0.2500000000
106858  25.986  22.307  -27.439 0.2500000000
106859  24.914  22.138  -27.555 0.2500000000
106866  25.098  22.499  -27.832 0.2500000000
107482  26.638  23.017  -23.700 0.1250000000
107486  26.584  22.375  -24.860 0.1250000000
107490  28.229  23.545  -25.564 0.2500000000
107492  26.126  22.706  -25.187 0.2500000000
107500  30.924  22.237  -27.266 0.1250000000
107506  25.655  23.160  -26.526 0.2500000000
107514  25.317  23.253  -27.266 0.2500000000
107517  25.086  23.050  -27.521 0.2500000000
107518  24.680  22.905  -27.449 0.2500000000
108104  25.010  24.480  -24.578 0.2500000000
108130  26.506  23.368  -25.783 0.2500000000
108131  25.907  23.405  -26.236 0.2500000000
108684  24.604  24.125  -24.645 0.2500000000
108694  25.355  23.671  -25.171 0.2500000000
109208  27.098  25.013  -25.359 0.1250000000
109209  26.808  25.069  -25.303 0.1250000000
127921  33.152  18.004  -31.299 0.1250000000
127922  32.954  18.116  -31.388 0.1250000000
128540  25.692  23.381  -24.803 0.2500000000
128543  24.651  23.745  -24.497 0.2500000000
128544  24.557  23.330  -25.849 0.2500000000
128545  24.582  22.441  -25.788 0.1250000000
128546  24.974  23.605  -24.980 0.2500000000
128547  25.406  23.055  -26.684 0.2500000000
128549  25.185  23.225  -27.254 0.2500000000
