#!ascii label  , from subject 3105 vox2ras=TkReg
289
27019  43.392  -56.706  -14.610 0.0000000000
20918  40.926  -61.472  -24.866 0.0000000000
24647  47.193  -57.933  -21.038 0.0000000000
27122  41.217  -56.721  -20.872 0.0000000000
18388  44.786  -63.472  -21.109 0.0000000000
23404  46.160  -59.938  -21.371 0.0000000000
18369  44.493  -63.427  -19.454 0.0000000000
23420  40.592  -59.795  -22.195 0.0000000000
29464  37.760  -55.007  -19.556 0.0000000000
27050  46.003  -56.577  -17.296 0.0000000000
25869  43.658  -57.157  -20.355 0.0000000000
22151  42.593  -60.341  -21.770 0.0000000000
18391  42.090  -63.438  -22.322 0.0000000000
14691  43.603  -66.863  -21.833 0.0000000000
25732  43.366  -57.724  -11.802 0.0000000000
25770  46.394  -57.799  -15.205 0.0000000000
24597  47.017  -57.635  -17.847 0.0000000000
29444  39.497  -54.851  -17.330 0.0000000000
20853  44.798  -61.591  -19.909 0.0000000000
22180  39.997  -60.499  -23.328 0.0000000000
24680  38.656  -58.427  -22.614 0.0000000000
27068  47.511  -56.471  -19.437 0.0000000000
27099  46.215  -56.903  -20.644 0.0000000000
19635  45.344  -62.306  -21.332 0.0000000000
22149  44.792  -60.447  -21.720 0.0000000000
20892  43.999  -61.363  -21.819 0.0000000000
20900  42.470  -61.822  -22.164 0.0000000000
18389  43.589  -63.444  -21.592 0.0000000000
14711  43.178  -66.007  -23.087 0.0000000000
23322  48.183  -59.283  -15.999 0.0000000000
25810  47.593  -57.752  -16.282 0.0000000000
23344  47.534  -59.278  -16.573 0.0000000000
28323  41.923  -55.848  -19.671 0.0000000000
28304  40.229  -55.762  -19.183 0.0000000000
30628  37.338  -53.922  -20.668 0.0000000000
30595  37.529  -53.239  -18.202 0.0000000000
24650  44.825  -58.903  -20.465 0.0000000000
24649  45.316  -58.553  -20.678 0.0000000000
22131  45.070  -60.208  -20.309 0.0000000000
19626  45.318  -62.134  -19.925 0.0000000000
18367  45.556  -63.968  -19.965 0.0000000000
25892  40.369  -57.642  -21.475 0.0000000000
28325  39.948  -56.065  -20.043 0.0000000000
25872  38.883  -57.241  -21.144 0.0000000000
27126  37.733  -56.329  -21.479 0.0000000000
19675  42.089  -62.083  -25.533 0.0000000000
27035  43.629  -56.268  -15.725 0.0000000000
27081  43.145  -56.344  -19.188 0.0000000000
25870  42.328  -56.957  -20.616 0.0000000000
25888  44.746  -58.392  -21.085 0.0000000000
24667  43.082  -58.644  -21.425 0.0000000000
24668  41.957  -58.484  -21.506 0.0000000000
23409  41.274  -59.453  -21.746 0.0000000000
20902  40.973  -61.630  -22.577 0.0000000000
18409  41.093  -62.640  -23.389 0.0000000000
15910  43.953  -65.864  -20.951 0.0000000000
15929  42.861  -65.322  -22.432 0.0000000000
15942  42.177  -64.426  -23.268 0.0000000000
18416  41.655  -62.972  -24.333 0.0000000000
26978  42.606  -56.723  -11.391 0.0000000000
25761  43.114  -57.099  -13.144 0.0000000000
24538  44.862  -57.824  -14.480 0.0000000000
25790  44.739  -56.853  -15.408 0.0000000000
27033  45.846  -56.785  -16.397 0.0000000000
27049  46.989  -56.718  -17.584 0.0000000000
25843  46.702  -57.529  -18.949 0.0000000000
24612  45.065  -58.055  -18.805 0.0000000000
24630  44.239  -58.460  -19.528 0.0000000000
29452  38.941  -55.156  -18.391 0.0000000000
27005  42.654  -56.748  -13.491 0.0000000000
27006  41.559  -56.369  -13.793 0.0000000000
27020  42.212  -56.385  -14.726 0.0000000000
20919  40.251  -61.320  -24.117 0.0000000000
22191  39.683  -60.298  -24.401 0.0000000000
27077  47.714  -56.595  -20.206 0.0000000000
27078  46.796  -56.539  -20.122 0.0000000000
25867  46.374  -57.218  -21.079 0.0000000000
18387  45.401  -63.013  -21.045 0.0000000000
19636  44.354  -62.381  -21.634 0.0000000000
14710  44.055  -66.735  -23.195 0.0000000000
27102  41.672  -56.333  -20.404 0.0000000000
28303  41.262  -55.642  -18.926 0.0000000000
28324  40.956  -55.846  -19.874 0.0000000000
31797  37.146  -52.408  -19.127 0.0000000000
23390  44.752  -59.648  -20.339 0.0000000000
19611  44.074  -62.579  -19.482 0.0000000000
19610  45.093  -62.778  -19.660 0.0000000000
19625  45.659  -62.673  -20.173 0.0000000000
18368  45.079  -63.770  -19.715 0.0000000000
23410  40.441  -59.168  -21.889 0.0000000000
25893  39.464  -57.590  -21.473 0.0000000000
24670  39.884  -58.487  -21.854 0.0000000000
27137  37.819  -56.869  -22.137 0.0000000000
27138  37.580  -56.065  -22.233 0.0000000000
29498  37.443  -54.633  -21.680 0.0000000000
27051  44.884  -56.496  -16.938 0.0000000000
27052  43.986  -56.111  -16.546 0.0000000000
27060  45.042  -56.463  -17.942 0.0000000000
27101  42.891  -56.307  -20.039 0.0000000000
23389  45.726  -59.653  -20.792 0.0000000000
23405  45.424  -59.602  -21.429 0.0000000000
22150  43.686  -60.421  -21.721 0.0000000000
23406  44.412  -59.611  -21.613 0.0000000000
23407  43.377  -59.536  -21.567 0.0000000000
23408  42.348  -59.402  -21.697 0.0000000000
19646  42.157  -62.216  -22.218 0.0000000000
20901  41.898  -61.438  -22.273 0.0000000000
19647  41.450  -62.456  -22.444 0.0000000000
19648  40.779  -62.334  -22.887 0.0000000000
18404  41.141  -62.972  -22.967 0.0000000000
12336  42.147  -68.254  -21.982 0.0000000000
13477  43.892  -67.550  -22.472 0.0000000000
13462  44.125  -67.664  -21.579 0.0000000000
15928  43.491  -65.900  -21.891 0.0000000000
15911  43.359  -65.232  -21.586 0.0000000000
15960  43.091  -65.272  -24.164 0.0000000000
15941  42.581  -65.170  -23.495 0.0000000000
17189  42.674  -64.598  -24.167 0.0000000000
18407  42.067  -63.700  -24.065 0.0000000000
18415  42.402  -63.607  -24.671 0.0000000000
26965  43.224  -56.471  -10.722 0.0000000000
25733  42.646  -57.264  -11.950 0.0000000000
25745  42.815  -57.303  -12.613 0.0000000000
25744  43.313  -57.570  -12.958 0.0000000000
24536  47.080  -58.555  -14.950 0.0000000000
24537  45.761  -58.294  -14.564 0.0000000000
25771  45.421  -57.644  -14.930 0.0000000000
25789  45.523  -57.157  -15.538 0.0000000000
25788  46.907  -57.403  -16.013 0.0000000000
24582  47.180  -58.147  -16.974 0.0000000000
25811  47.313  -57.509  -16.871 0.0000000000
25828  47.316  -57.227  -18.117 0.0000000000
25829  47.006  -57.488  -18.395 0.0000000000
24613  43.412  -58.039  -18.160 0.0000000000
28326  38.956  -56.005  -20.361 0.0000000000
28305  39.234  -55.649  -19.409 0.0000000000
29463  38.549  -55.391  -19.276 0.0000000000
30587  37.886  -53.407  -17.381 0.0000000000
22168  40.384  -60.282  -22.618 0.0000000000
24679  39.319  -58.727  -22.379 0.0000000000
27059  46.270  -56.301  -18.225 0.0000000000
27069  46.505  -56.416  -19.227 0.0000000000
25856  45.178  -57.076  -20.351 0.0000000000
20890  46.063  -61.218  -21.312 0.0000000000
22148  45.762  -60.451  -21.618 0.0000000000
20891  45.122  -61.338  -21.634 0.0000000000
20893  42.835  -61.249  -21.931 0.0000000000
19637  43.016  -62.373  -22.012 0.0000000000
18390  42.565  -63.538  -22.047 0.0000000000
14692  43.447  -66.210  -22.486 0.0000000000
15940  43.551  -65.873  -23.733 0.0000000000
24555  47.847  -58.565  -15.578 0.0000000000
25787  47.690  -57.941  -15.901 0.0000000000
24581  47.872  -58.295  -16.358 0.0000000000
23343  48.036  -58.829  -16.684 0.0000000000
28296  40.298  -55.362  -18.231 0.0000000000
29451  39.700  -55.189  -17.797 0.0000000000
30608  37.376  -53.631  -19.328 0.0000000000
31780  37.406  -52.244  -18.214 0.0000000000
24628  46.330  -58.322  -20.348 0.0000000000
24648  46.466  -57.917  -21.068 0.0000000000
22129  46.289  -60.410  -20.839 0.0000000000
22130  45.599  -60.803  -20.411 0.0000000000
20874  46.161  -61.421  -20.639 0.0000000000
19634  45.835  -62.387  -20.849 0.0000000000
18379  45.365  -63.598  -20.460 0.0000000000
27123  40.566  -56.903  -21.189 0.0000000000
27103  40.666  -56.426  -20.541 0.0000000000
27124  39.993  -57.171  -21.325 0.0000000000
27104  39.618  -56.732  -20.896 0.0000000000
27105  38.513  -56.688  -20.889 0.0000000000
25894  38.499  -57.553  -21.809 0.0000000000
27125  38.080  -56.903  -21.399 0.0000000000
28327  37.910  -55.941  -20.599 0.0000000000
29485  37.474  -55.046  -20.781 0.0000000000
20917  41.324  -61.700  -25.098 0.0000000000
27036  42.848  -56.311  -15.393 0.0000000000
28277  43.258  -55.973  -16.427 0.0000000000
24666  44.100  -58.847  -21.402 0.0000000000
25889  43.942  -58.031  -21.033 0.0000000000
25890  42.733  -57.756  -21.040 0.0000000000
25891  41.467  -57.419  -21.196 0.0000000000
24669  40.873  -58.444  -21.562 0.0000000000
22166  41.957  -60.650  -22.131 0.0000000000
22167  41.147  -60.556  -22.282 0.0000000000
22179  40.460  -61.058  -22.794 0.0000000000
20906  40.317  -61.408  -23.393 0.0000000000
19661  40.949  -61.815  -24.165 0.0000000000
15896  45.751  -65.431  -19.899 0.0000000000
12335  43.454  -68.235  -22.269 0.0000000000
15898  44.897  -65.694  -20.504 0.0000000000
17142  44.472  -65.044  -20.562 0.0000000000
17154  43.885  -64.525  -21.055 0.0000000000
17155  42.976  -64.418  -21.745 0.0000000000
17167  42.454  -64.334  -22.421 0.0000000000
15930  42.271  -64.757  -22.875 0.0000000000
17168  42.100  -64.113  -22.848 0.0000000000
18408  41.641  -63.367  -23.701 0.0000000000
19649  41.332  -62.467  -23.956 0.0000000000
19660  41.584  -62.255  -24.844 0.0000000000
19659  42.300  -62.706  -25.266 0.0000000000
28195  42.694  -55.686  -10.773 0.0000000000
28210  42.107  -55.874  -11.389 0.0000000000
26990  42.311  -56.830  -12.302 0.0000000000
27004  43.213  -56.766  -13.904 0.0000000000
24520  45.513  -58.881  -14.039 0.0000000000
24522  43.842  -57.723  -13.476 0.0000000000
25759  44.120  -57.585  -14.152 0.0000000000
25773  43.786  -57.203  -14.397 0.0000000000
27018  44.206  -56.655  -15.295 0.0000000000
27034  44.731  -56.504  -15.936 0.0000000000
27032  46.717  -56.922  -16.794 0.0000000000
27058  47.329  -56.532  -18.544 0.0000000000
25841  47.922  -57.091  -19.000 0.0000000000
24610  46.808  -57.730  -19.767 0.0000000000
24598  46.292  -57.828  -18.027 0.0000000000
24611  46.120  -57.977  -19.362 0.0000000000
24629  45.387  -58.426  -19.956 0.0000000000
28297  39.652  -55.571  -18.765 0.0000000000
29445  38.546  -54.205  -17.284 0.0000000000
29453  37.848  -54.293  -18.352 0.0000000000
14653  44.625  -66.270  -20.615 0.0000000000
17128  45.616  -64.875  -19.857 0.0000000000
17140  45.618  -64.727  -20.107 0.0000000000
17153  44.682  -64.358  -20.718 0.0000000000
17177  42.250  -64.086  -23.786 0.0000000000
17178  41.938  -63.900  -23.264 0.0000000000
18380  45.030  -64.032  -20.622 0.0000000000
18402  42.180  -63.771  -22.492 0.0000000000
18403  41.722  -63.434  -22.719 0.0000000000
19609  45.443  -63.302  -19.828 0.0000000000
19638  42.080  -62.931  -22.156 0.0000000000
19650  40.687  -62.007  -23.544 0.0000000000
19651  40.424  -61.625  -23.726 0.0000000000
19662  40.558  -61.722  -23.899 0.0000000000
20873  46.481  -60.702  -21.061 0.0000000000
20875  45.622  -61.726  -20.172 0.0000000000
20889  46.361  -60.752  -21.273 0.0000000000
20894  42.316  -60.912  -22.074 0.0000000000
20905  40.503  -61.768  -22.953 0.0000000000
20936  41.478  -61.342  -25.546 0.0000000000
22128  46.659  -60.205  -21.046 0.0000000000
22146  46.598  -60.317  -21.223 0.0000000000
22147  46.331  -60.407  -21.375 0.0000000000
22152  41.846  -60.075  -21.936 0.0000000000
23288  45.030  -59.039  -13.444 0.0000000000
23300  47.882  -59.132  -15.449 0.0000000000
23387  46.776  -60.000  -21.201 0.0000000000
23388  46.453  -59.828  -21.121 0.0000000000
23403  46.567  -60.050  -21.324 0.0000000000
23421  39.871  -59.454  -22.568 0.0000000000
23422  39.155  -59.070  -22.834 0.0000000000
24556  47.290  -58.009  -15.481 0.0000000000
24626  47.403  -57.630  -20.420 0.0000000000
24627  46.953  -57.910  -20.528 0.0000000000
24646  47.454  -57.598  -20.900 0.0000000000
24662  47.476  -57.721  -21.107 0.0000000000
24663  47.317  -57.650  -21.170 0.0000000000
24664  47.055  -57.684  -21.300 0.0000000000
24665  44.852  -59.006  -21.291 0.0000000000
24671  39.103  -58.217  -21.963 0.0000000000
25760  43.421  -57.149  -13.759 0.0000000000
25772  44.485  -57.205  -14.876 0.0000000000
25827  47.738  -56.856  -18.635 0.0000000000
25842  47.361  -57.387  -19.134 0.0000000000
25854  47.996  -57.367  -19.813 0.0000000000
25855  47.301  -57.589  -19.855 0.0000000000
25857  44.743  -57.050  -20.210 0.0000000000
25866  47.848  -57.292  -20.574 0.0000000000
25868  45.256  -57.528  -20.642 0.0000000000
25871  41.663  -56.834  -20.775 0.0000000000
25873  38.452  -57.127  -21.278 0.0000000000
25885  47.458  -57.331  -21.039 0.0000000000
25886  47.231  -57.305  -21.239 0.0000000000
25887  46.890  -57.279  -21.288 0.0000000000
26979  41.965  -56.240  -11.874 0.0000000000
27057  47.901  -56.687  -18.986 0.0000000000
27067  48.166  -56.771  -19.578 0.0000000000
27076  48.244  -56.979  -20.265 0.0000000000
27096  48.025  -57.042  -20.629 0.0000000000
27097  47.784  -56.854  -20.666 0.0000000000
27098  47.060  -56.736  -20.903 0.0000000000
27106  37.967  -56.516  -21.046 0.0000000000
27119  47.715  -57.076  -20.809 0.0000000000
27120  47.406  -56.950  -21.009 0.0000000000
27121  47.103  -56.898  -21.165 0.0000000000
28306  38.441  -55.629  -19.824 0.0000000000
28339  37.538  -55.566  -21.517 0.0000000000
29446  37.851  -53.852  -17.750 0.0000000000
