#!ascii label  , from subject 3105 vox2ras=TkReg
492
76351  21.367  -12.431  -22.278 0.1428571492
75311  20.905  -12.972  -22.028 0.1428571492
77410  21.276  -11.242  -23.436 0.1428571492
76334  22.379  -12.596  -21.807 0.1428571492
77381  21.966  -11.802  -22.447 0.2857142985
76366  21.386  -12.361  -23.012 0.1428571492
77380  22.566  -11.577  -22.035 0.1428571492
78431  21.973  -10.410  -23.603 0.5714285970
78407  22.968  -10.469  -22.136 0.1428571492
79475  23.805  -9.708  -22.531 0.2857142985
80477  25.020  -8.929  -23.001 0.1428571492
79474  24.802  -9.512  -22.377 0.2857142985
82414  25.914  -6.533  -23.377 0.2857142985
81478  26.186  -7.391  -23.016 0.1428571492
81479  25.205  -7.415  -23.343 0.2857142985
84340  27.200  -4.719  -23.665 0.2857142985
82413  26.871  -6.484  -22.811 0.2857142985
85298  27.112  -4.039  -24.033 0.2857142985
85317  28.310  -3.163  -24.161 0.2857142985
88300  28.340  -0.937  -25.158 0.8571428657
87301  28.491  -1.502  -24.629 0.4285714328
89305  29.051  0.341  -25.642 0.7142857313
88314  29.432  -0.168  -25.100 0.7142857313
88315  28.734  -0.417  -25.490 0.7142857313
90317  30.206  1.402  -25.406 0.8571428657
89304  29.784  0.607  -25.281 0.5714285970
90318  29.300  1.341  -25.823 0.8571428657
91363  30.558  2.427  -25.463 0.4285714328
91364  29.975  1.877  -25.818 0.7142857313
93253  31.866  4.102  -25.302 0.2857142985
93270  31.405  4.655  -25.375 0.5714285970
91374  30.128  3.073  -25.764 0.8571428657
92347  30.627  3.652  -25.424 0.7142857313
91375  29.613  2.483  -26.145 0.8571428657
93269  32.023  5.077  -25.349 0.1428571492
93252  32.530  4.562  -25.171 0.1428571492
92348  29.822  3.731  -26.122 0.8571428657
94938  31.927  6.739  -25.170 0.1428571492
94133  32.438  5.411  -25.271 0.1428571492
94134  31.792  5.692  -25.525 0.1428571492
94135  30.983  5.602  -25.645 0.4285714328
95763  33.150  7.700  -25.340 0.1428571492
94937  33.234  6.728  -25.334 0.1428571492
94956  31.185  6.330  -25.507 0.1428571492
94136  30.119  5.667  -26.178 0.7142857313
93272  29.675  4.789  -26.429 0.8571428657
96586  32.229  9.203  -25.058 0.1428571492
95764  30.888  8.177  -25.380 0.1428571492
94939  30.931  6.993  -25.236 0.5714285970
95782  30.447  8.133  -25.682 0.8571428657
94957  30.354  6.570  -25.588 0.8571428657
95783  29.966  7.631  -26.010 0.8571428657
98337  32.151  9.938  -25.164 0.1428571492
96587  31.184  9.058  -25.332 0.4285714328
97457  30.289  9.553  -25.757 0.8571428657
96603  30.165  8.688  -26.082 0.8571428657
95784  29.111  7.525  -26.454 0.8571428657
97442  31.965  10.165  -25.215 0.4285714328
96604  29.447  8.479  -26.397 0.8571428657
99269  33.013  11.359  -25.306 0.2857142985
98338  31.299  10.252  -25.303 0.5714285970
99298  30.824  10.717  -25.393 0.8571428657
98361  30.565  10.303  -25.515 0.8571428657
97458  29.542  9.501  -26.211 0.8571428657
98362  29.776  10.360  -25.662 0.8571428657
97471  28.981  9.124  -26.559 0.8571428657
100201  33.051  12.712  -25.583 0.2857142985
99270  31.081  11.039  -25.375 0.7142857313
99299  30.316  11.299  -25.512 0.8571428657
99300  29.187  11.361  -25.700 0.8571428657
97459  28.877  9.791  -26.541 0.8571428657
99271  30.842  11.858  -25.492 0.8571428657
100226  30.536  12.467  -25.511 0.8571428657
100227  29.666  12.353  -25.653 0.7142857313
100202  31.296  12.714  -25.197 0.8571428657
101108  30.058  13.120  -25.526 0.8571428657
101094  29.884  13.873  -25.192 0.8571428657
100228  28.517  12.523  -26.154 0.7142857313
101923  31.592  14.487  -25.317 0.7142857313
101924  30.580  14.630  -25.248 0.8571428657
101925  29.605  14.804  -25.132 0.8571428657
102690  30.882  16.098  -24.829 0.7142857313
104203  32.939  16.686  -27.419 0.1428571492
102702  31.252  15.446  -25.275 0.8571428657
102689  31.048  15.835  -24.967 0.7142857313
103439  30.904  16.543  -25.156 0.7142857313
102703  30.422  15.709  -25.120 0.8571428657
104208  31.966  17.488  -28.410 0.1428571492
103454  31.759  16.973  -26.263 0.5714285970
104193  31.536  17.784  -26.442 0.5714285970
104867  31.265  18.194  -25.802 0.5714285970
104882  32.323  18.500  -30.153 0.1428571492
104850  31.562  18.986  -25.530 0.5714285970
105551  31.670  19.373  -28.933 0.1428571492
127918  33.021  19.534  -30.516 0.1428571492
104877  31.691  18.591  -27.630 0.1428571492
104866  31.633  18.892  -26.480 0.5714285970
106190  31.726  20.242  -27.990 0.1428571492
127919  33.579  20.634  -29.995 0.1428571492
75296  21.038  -13.504  -21.909 0.1428571492
77396  22.266  -11.189  -22.662 0.2857142985
78406  24.134  -10.435  -22.215 0.2857142985
80494  25.510  -8.214  -23.044 0.2857142985
85318  26.947  -3.503  -24.827 0.2857142985
86292  27.910  -2.362  -24.716 0.5714285970
90316  31.047  1.473  -25.015 0.2857142985
88316  28.043  -0.818  -25.862 0.7142857313
92336  31.282  3.121  -25.274 0.1428571492
93271  30.337  4.701  -25.742 0.7142857313
95765  30.472  7.474  -25.454 0.8571428657
94958  29.622  6.607  -26.287 0.8571428657
102701  32.153  15.317  -25.462 0.8571428657
103438  31.689  16.263  -25.515 0.7142857313
104192  32.227  17.351  -26.893 0.2857142985
104883  31.982  18.204  -28.677 0.1428571492
127908  34.578  20.390  -31.723 0.1428571492
74210  20.643  -14.502  -21.975 0.1428571492
78420  22.487  -10.400  -22.984 0.4285714328
79488  24.355  -9.151  -22.893 0.2857142985
79476  23.013  -9.730  -22.714 0.4285714328
79490  22.676  -9.491  -23.447 0.2857142985
83381  27.652  -5.603  -23.053 0.2857142985
83382  26.563  -5.617  -23.365 0.2857142985
87309  27.847  -1.543  -25.274 0.7142857313
94116  32.546  6.041  -25.294 0.1428571492
95762  33.972  7.632  -25.395 0.1428571492
97441  32.923  9.733  -25.065 0.1428571492
96602  30.669  8.843  -25.632 0.8571428657
94145  29.312  5.690  -26.657 1.0000000000
99301  28.519  11.340  -26.386 0.8571428657
101092  32.135  13.573  -25.196 0.5714285970
101922  32.664  14.430  -25.308 0.5714285970
103428  31.339  15.927  -25.132 0.7142857313
103453  32.391  16.667  -26.351 0.4285714328
103452  33.146  16.201  -26.755 0.2857142985
104191  32.841  17.037  -27.008 0.2857142985
104205  31.784  17.660  -27.693 0.1428571492
105530  31.323  19.428  -26.444 0.2857142985
105543  31.392  19.549  -27.406 0.1428571492
127910  32.175  20.756  -28.851 0.1428571492
101091  33.256  13.485  -25.526 0.4285714328
101921  33.546  14.340  -25.905 0.4285714328
102700  33.117  15.274  -25.537 0.4285714328
103436  33.157  15.723  -26.064 0.4285714328
103437  32.656  15.981  -25.838 0.5714285970
76350  21.984  -12.020  -22.055 0.1428571492
77397  21.757  -11.852  -23.054 0.1428571492
76352  20.909  -12.795  -22.522 0.1428571492
75312  20.439  -13.449  -22.470 0.1428571492
77409  22.012  -11.065  -23.240 0.4285714328
76381  21.178  -12.051  -23.255 0.2857142985
78381  23.561  -11.247  -21.946 0.1428571492
79489  23.612  -9.129  -23.087 0.1428571492
89316  28.135  0.616  -26.042 0.7142857313
92346  31.437  3.796  -25.281 0.5714285970
97456  30.900  9.704  -25.500 0.8571428657
98363  28.887  10.391  -26.021 0.8571428657
101093  30.861  13.531  -25.248 0.8571428657
104204  32.279  16.860  -27.904 0.1428571492
104194  31.111  17.821  -25.979 0.5714285970
80492  27.184  -8.311  -22.477 0.1428571492
84341  26.226  -4.845  -23.819 0.5714285970
105544  30.801  19.779  -26.877 0.1428571492
83398  25.058  -5.370  -24.374 0.5714285970
83399  24.354  -5.632  -24.836 0.5714285970
83400  23.546  -5.795  -25.109 0.2857142985
84357  25.961  -4.276  -24.402 0.5714285970
84370  24.628  -4.505  -25.351 0.5714285970
82430  23.023  -6.455  -24.789 0.4285714328
84358  25.041  -4.708  -24.827 0.5714285970
83415  23.357  -5.436  -25.526 0.2857142985
84371  24.006  -4.758  -25.670 0.4285714328
85334  25.834  -3.305  -25.755 0.5714285970
85335  24.749  -3.875  -25.793 0.5714285970
85333  26.513  -2.716  -25.801 0.5714285970
86307  26.763  -2.096  -26.114 0.7142857313
86308  26.316  -2.128  -26.645 0.4285714328
84372  23.096  -4.817  -25.780 0.2857142985
85349  25.145  -2.984  -26.365 0.4285714328
86299  27.227  -2.297  -25.463 0.7142857313
88323  27.381  -0.721  -26.342 0.7142857313
88324  26.529  -0.430  -26.730 0.4285714328
89318  26.721  0.593  -27.116 0.7142857313
89328  26.050  0.867  -27.566 0.2857142985
89307  27.859  -0.328  -26.248 0.5714285970
90329  27.287  1.426  -26.769 0.7142857313
91378  27.033  2.364  -27.138 0.7142857313
91388  26.711  2.391  -28.026 0.7142857313
92376  26.506  3.521  -28.369 0.4285714328
90319  28.569  0.755  -25.828 0.5714285970
90328  28.231  1.417  -26.159 0.5714285970
91377  27.795  2.325  -26.660 0.5714285970
92351  27.528  3.036  -27.042 0.7142857313
92363  27.825  3.841  -27.463 0.7142857313
93283  28.308  4.792  -27.468 0.7142857313
92375  27.222  3.968  -28.025 0.7142857313
93296  26.798  4.635  -28.243 0.5714285970
94156  27.146  5.603  -28.053 0.5714285970
92349  29.040  3.321  -26.551 0.5714285970
91376  28.653  2.427  -26.442 0.5714285970
92362  28.642  4.004  -27.036 0.7142857313
92350  28.239  3.169  -26.846 0.7142857313
94146  28.490  5.668  -27.101 0.7142857313
94147  28.118  5.686  -28.032 0.7142857313
94967  28.220  6.614  -27.473 0.7142857313
94968  27.509  6.615  -28.083 0.5714285970
95791  27.634  7.479  -27.481 0.5714285970
96615  27.083  8.363  -27.598 0.2857142985
94966  28.749  6.567  -26.689 0.7142857313
97473  27.420  9.336  -27.573 0.7142857313
95790  28.280  7.476  -26.857 0.8571428657
96614  27.900  8.422  -27.165 0.5714285970
97472  28.343  9.428  -27.022 0.8571428657
98377  27.635  10.372  -27.384 0.7142857313
98364  28.534  10.503  -26.886 0.8571428657
99320  27.787  11.315  -26.883 0.7142857313
101109  29.250  13.319  -25.601 0.7142857313
101110  28.310  13.883  -25.753 0.7142857313
101095  29.063  14.104  -25.251 0.5714285970
101111  27.644  13.982  -26.024 0.7142857313
102704  29.256  15.736  -25.375 0.7142857313
101927  27.732  15.082  -25.437 0.7142857313
103441  28.859  16.718  -25.518 0.7142857313
103442  27.606  16.790  -25.811 0.5714285970
103440  29.979  16.628  -25.280 0.7142857313
104181  28.466  17.725  -25.399 0.5714285970
104180  29.732  17.599  -25.216 0.4285714328
104182  27.258  17.864  -25.820 0.5714285970
104852  29.441  18.689  -24.640 0.5714285970
104853  28.026  18.698  -25.499 0.5714285970
105520  27.666  19.583  -25.683 0.5714285970
104854  26.730  18.920  -26.058 0.4285714328
103443  26.606  17.063  -26.173 0.4285714328
105533  26.224  19.756  -25.787 0.4285714328
88299  28.973  -0.783  -24.771 0.2857142985
105521  25.755  19.484  -25.728 0.2857142985
83384  24.803  -5.968  -24.256 0.5714285970
82416  23.958  -6.556  -24.345 0.5714285970
84356  26.686  -4.238  -24.110 0.2857142985
82429  23.727  -6.105  -24.799 0.5714285970
83401  22.946  -5.976  -25.302 0.2857142985
85336  23.688  -4.065  -26.188 0.4285714328
85348  25.998  -2.708  -26.350 0.5714285970
85337  22.803  -4.163  -26.219 0.2857142985
85350  24.014  -2.917  -25.966 0.2857142985
87317  26.702  -1.386  -26.441 0.5714285970
88313  30.110  0.060  -24.652 0.2857142985
88345  25.580  0.372  -27.741 0.2857142985
90330  26.633  1.538  -27.438 0.7142857313
100229  27.779  13.374  -26.351 0.7142857313
100251  27.183  12.415  -26.577 0.7142857313
102705  28.134  15.865  -25.316 0.7142857313
104183  26.283  17.937  -25.692 0.2857142985
104179  30.880  17.470  -25.464 0.5714285970
86309  25.522  -2.246  -26.777 0.4285714328
90327  28.996  1.859  -26.290 0.7142857313
89306  28.385  0.027  -26.102 0.5714285970
93282  29.083  4.836  -27.074 0.7142857313
92361  29.238  4.141  -26.625 0.7142857313
96613  28.635  8.416  -26.638 0.7142857313
87316  27.395  -1.535  -26.004 0.5714285970
84342  25.533  -4.928  -24.181 0.5714285970
83414  23.992  -5.402  -25.399 0.5714285970
84359  24.433  -5.005  -25.237 0.4285714328
85320  24.993  -4.257  -25.292 0.5714285970
85319  25.554  -3.928  -25.116 0.5714285970
82417  23.261  -6.955  -24.502 0.5714285970
87318  25.901  -1.366  -26.888 0.4285714328
88334  26.023  0.045  -27.383 0.4285714328
88325  25.772  -0.590  -27.104 0.4285714328
89317  27.574  0.309  -26.453 0.7142857313
92364  27.072  3.220  -27.617 0.7142857313
93284  27.685  4.724  -28.101 0.7142857313
96621  26.390  8.279  -28.216 0.2857142985
101926  28.554  14.821  -25.305 0.7142857313
105519  28.641  19.457  -25.231 0.7142857313
104869  26.145  19.221  -25.956 0.4285714328
86310  24.597  -2.364  -26.783 0.4285714328
78432  21.231  -10.446  -24.022 0.4285714328
84339  28.306  -4.737  -23.391 0.1428571492
86291  28.902  -2.244  -24.174 0.1428571492
85296  28.870  -3.853  -23.562 0.1428571492
86290  30.138  -2.127  -24.056 0.1428571492
87300  29.374  -1.395  -24.189 0.1428571492
100250  27.986  11.901  -26.481 0.5714285970
127917  32.066  22.352  -28.710 0.1428571492
99321  26.732  11.205  -27.310 0.4285714328
106855  31.469  21.136  -27.882 0.1428571492
106846  29.117  21.857  -26.090 0.2857142985
106169  28.797  20.286  -25.179 0.2857142985
105518  29.756  19.566  -25.081 0.2857142985
106168  29.781  20.487  -25.663 0.2857142985
101963  26.158  13.968  -27.973 0.1428571492
101942  27.275  14.755  -26.066 0.5714285970
106847  28.079  21.817  -25.100 0.2857142985
104851  30.857  18.364  -24.794 0.4285714328
102718  26.656  15.709  -26.688 0.4285714328
102706  27.271  15.796  -25.858 0.5714285970
106180  27.733  20.629  -25.780 0.2857142985
102719  26.267  15.854  -27.342 0.4285714328
103456  26.216  16.375  -26.919 0.2857142985
106181  26.470  20.857  -26.178 0.1428571492
106192  26.271  21.513  -26.437 0.1428571492
106848  26.850  21.525  -26.104 0.1428571492
106182  25.867  21.170  -26.256 0.2857142985
105511  25.786  19.724  -24.781 0.1428571492
106193  25.722  21.744  -26.801 0.1428571492
107513  25.861  22.374  -26.635 0.1428571492
106849  25.111  21.780  -26.279 0.1428571492
106837  24.763  21.917  -26.187 0.1428571492
106867  24.841  22.497  -27.776 0.1428571492
128542  25.285  22.995  -25.495 0.1428571492
79503  21.146  -9.621  -24.372 0.4285714328
80512  21.107  -8.750  -24.555 0.2857142985
85316  29.457  -3.016  -23.753 0.1428571492
88298  29.789  -0.681  -24.470 0.1428571492
104178  31.236  16.963  -25.857 0.4285714328
105517  30.592  19.464  -25.443 0.2857142985
106178  29.482  21.222  -25.806 0.2857142985
107505  26.291  22.692  -26.205 0.2857142985
80476  25.652  -8.876  -22.584 0.1428571492
82412  28.128  -6.655  -22.570 0.1428571492
89303  30.531  0.737  -24.876 0.1428571492
103467  26.049  15.665  -27.375 0.1428571492
102729  25.808  15.110  -27.757 0.2857142985
106167  30.472  20.242  -26.001 0.2857142985
106834  30.318  20.748  -26.060 0.2857142985
106845  30.125  21.460  -25.997 0.2857142985
107501  30.754  22.036  -26.883 0.1428571492
108127  30.736  23.147  -26.839 0.1428571492
128548  25.278  23.179  -26.990 0.2857142985
107504  27.257  22.859  -25.464 0.2857142985
107512  30.881  21.843  -27.306 0.1428571492
127906  31.631  21.855  -28.300 0.1428571492
106191  30.875  20.436  -27.367 0.1428571492
106856  30.856  21.409  -27.342 0.1428571492
105516  31.413  19.557  -25.889 0.4285714328
107502  29.977  22.632  -26.133 0.2857142985
106177  30.575  20.270  -26.581 0.2857142985
106844  30.507  20.974  -26.656 0.1428571492
79502  21.977  -9.666  -24.125 0.4285714328
105531  30.880  19.824  -26.208 0.2857142985
101131  27.095  13.793  -26.435 0.4285714328
101941  27.978  14.307  -25.646 0.5714285970
105508  30.372  19.345  -25.233 0.2857142985
104868  26.419  19.403  -25.977 0.4285714328
105534  26.165  19.938  -25.586 0.2857142985
105532  26.841  19.836  -26.027 0.2857142985
103455  26.825  16.400  -26.331 0.5714285970
84338  29.458  -4.658  -23.198 0.1428571492
101132  26.567  13.429  -27.011 0.2857142985
106179  28.851  21.087  -25.495 0.2857142985
102728  26.593  15.002  -26.936 0.2857142985
87299  30.375  -1.399  -24.166 0.1428571492
100252  26.098  11.981  -27.431 0.2857142985
107511  31.157  22.105  -27.613 0.1428571492
95792  26.832  7.420  -27.879 0.2857142985
108704  27.988  24.834  -25.401 0.1428571492
107503  28.651  23.168  -25.602 0.1428571492
108711  28.907  24.880  -25.461 0.1428571492
108097  25.107  23.868  -23.878 0.1428571492
127869  27.343  25.199  -25.088 0.1428571492
108116  27.170  23.903  -25.602 0.1428571492
108115  28.131  23.925  -25.579 0.1428571492
108693  25.777  24.631  -24.870 0.1428571492
108103  25.607  24.504  -24.224 0.1428571492
108705  26.429  24.536  -25.448 0.1428571492
109197  27.157  25.041  -24.716 0.1428571492
108703  28.539  25.430  -25.167 0.1428571492
108117  26.220  23.844  -25.716 0.1428571492
109204  26.545  25.091  -25.018 0.1428571492
127855  28.239  25.302  -23.659 0.1428571492
108691  27.959  25.570  -24.639 0.1428571492
108096  26.305  24.162  -23.749 0.1428571492
108710  29.678  25.164  -25.985 0.1428571492
107491  27.884  23.500  -25.544 0.1428571492
108128  29.727  23.902  -26.441 0.1428571492
108129  28.923  24.334  -25.545 0.1428571492
108682  27.461  24.541  -24.094 0.1428571492
108095  27.208  24.099  -23.262 0.1428571492
81481  23.379  -7.490  -24.228 0.4285714328
81480  24.187  -7.433  -23.694 0.2857142985
82415  24.928  -6.563  -23.751 0.2857142985
80496  23.352  -8.411  -23.708 0.2857142985
83383  25.600  -5.698  -23.887 0.2857142985
80495  24.489  -8.409  -23.322 0.1428571492
101961  26.987  14.515  -26.744 0.2857142985
80510  22.741  -8.203  -24.397 0.2857142985
80511  21.962  -8.792  -24.547 0.2857142985
80525  22.399  -8.152  -24.957 0.2857142985
81494  22.761  -7.424  -24.740 0.2857142985
87330  25.312  -0.954  -27.180 0.2857142985
90339  26.028  1.645  -28.014 0.1428571492
91397  25.890  2.517  -28.528 0.1428571492
97479  26.727  9.164  -28.123 0.1428571492
98378  26.570  10.209  -28.009 0.1428571492
98387  26.333  9.651  -28.380 0.1428571492
98379  25.982  10.562  -28.390 0.1428571492
101133  26.179  13.249  -28.019 0.1428571492
101142  27.209  13.959  -27.011 0.1428571492
103444  25.813  16.684  -26.113 0.1428571492
104855  25.559  18.967  -26.154 0.1428571492
104184  25.682  18.108  -25.492 0.1428571492
99322  25.828  11.231  -28.281 0.1428571492
101962  26.621  14.058  -27.273 0.1428571492
78433  20.452  -10.447  -24.283 0.2857142985
87319  25.020  -1.595  -27.019 0.2857142985
94157  26.270  5.504  -28.369 0.1428571492
94977  25.784  6.379  -28.681 0.1428571492
94976  26.534  6.465  -28.072 0.1428571492
96622  25.476  8.250  -28.679 0.1428571492
97480  26.037  9.106  -28.580 0.1428571492
98388  25.764  10.063  -28.679 0.1428571492
101144  25.489  13.460  -28.762 0.1428571492
80497  22.623  -8.975  -24.150 0.2857142985
80526  21.793  -8.230  -25.156 0.2857142985
87331  24.696  -0.958  -27.458 0.1428571492
97481  25.213  9.174  -29.178 0.1428571492
79518  19.502  -10.290  -24.256 0.1428571492
79504  20.181  -9.689  -24.355 0.1428571492
79491  19.660  -9.815  -23.565 0.1428571492
81507  22.308  -7.694  -25.221 0.1428571492
91362  31.733  2.317  -24.973 0.1428571492
76397  20.124  -11.707  -23.881 0.1428571492
81495  22.483  -7.112  -25.165 0.1428571492
80527  21.111  -8.068  -25.191 0.1428571492
83416  22.499  -5.758  -25.686 0.1428571492
100200  33.726  12.678  -25.763 0.1428571492
77411  20.503  -11.068  -23.699 0.1428571492
82431  22.458  -6.568  -25.409 0.1428571492
77425  19.995  -11.055  -23.975 0.1428571492
80514  19.776  -9.272  -23.928 0.1428571492
82446  21.772  -6.556  -25.542 0.1428571492
75297  20.621  -13.942  -22.269 0.1428571492
76382  20.579  -11.980  -23.489 0.2857142985
76398  19.688  -11.866  -24.154 0.1428571492
78447  19.744  -10.639  -24.240 0.1428571492
78448  19.376  -10.870  -24.023 0.1428571492
79505  19.385  -9.827  -24.131 0.1428571492
85347  26.394  -2.430  -26.234 0.4285714328
101143  26.787  13.990  -27.056 0.1428571492
101974  26.878  14.217  -26.971 0.1428571492
101975  26.716  14.250  -27.194 0.1428571492
103429  31.200  16.154  -25.033 0.7142857313
104166  30.472  18.992  -24.200 0.2857142985
104167  30.353  19.167  -24.191 0.2857142985
104171  30.385  19.006  -23.966 0.2857142985
104172  30.235  19.163  -23.830 0.2857142985
104837  30.334  19.231  -24.516 0.2857142985
104838  30.208  19.277  -24.329 0.2857142985
104842  30.477  19.075  -24.496 0.2857142985
104843  30.287  19.267  -24.590 0.2857142985
104849  32.072  19.362  -26.021 0.4285714328
104865  31.689  19.233  -26.328 0.4285714328
105503  30.234  19.446  -25.155 0.2857142985
105504  30.279  19.398  -24.948 0.2857142985
105509  30.050  19.421  -24.826 0.2857142985
105515  31.698  19.613  -26.075 0.4285714328
105529  31.686  19.454  -26.214 0.4285714328
106170  28.189  19.991  -25.435 0.2857142985
106183  25.353  21.734  -27.068 0.1428571492
106184  24.691  21.659  -26.782 0.1428571492
106194  25.370  21.886  -27.457 0.1428571492
106195  24.715  21.679  -27.384 0.1428571492
106202  25.263  22.034  -27.664 0.1428571492
106203  24.716  21.974  -27.835 0.1428571492
106833  30.466  20.550  -26.300 0.2857142985
106836  25.376  21.846  -25.610 0.1428571492
106850  24.975  22.262  -26.957 0.1428571492
106857  26.088  22.030  -26.582 0.1428571492
106858  25.986  22.307  -27.439 0.1428571492
106859  24.914  22.138  -27.555 0.1428571492
106866  25.098  22.499  -27.832 0.1428571492
107490  28.229  23.545  -25.564 0.1428571492
107492  26.126  22.706  -25.187 0.1428571492
107500  30.924  22.237  -27.266 0.1428571492
107506  25.655  23.160  -26.526 0.2857142985
107514  25.317  23.253  -27.266 0.1428571492
107517  25.086  23.050  -27.521 0.1428571492
107518  24.680  22.905  -27.449 0.1428571492
108104  25.010  24.480  -24.578 0.1428571492
108126  30.984  22.536  -27.240 0.1428571492
108130  26.506  23.368  -25.783 0.1428571492
108131  25.907  23.405  -26.236 0.2857142985
108683  26.449  24.639  -24.492 0.1428571492
108692  27.957  25.257  -25.003 0.1428571492
109208  27.098  25.013  -25.359 0.1428571492
109209  26.808  25.069  -25.303 0.1428571492
128540  25.692  23.381  -24.803 0.1428571492
128545  24.582  22.441  -25.788 0.1428571492
128546  24.974  23.605  -24.980 0.1428571492
128549  25.185  23.225  -27.254 0.2857142985
