#!ascii label  , from subject 3105 vox2ras=TkReg
171
92362  28.642  4.004  -27.036 0.0000000000
85318  26.947  -3.503  -24.827 0.0000000000
97473  27.420  9.336  -27.573 0.0000000000
104853  28.026  18.698  -25.499 0.0000000000
83398  25.058  -5.370  -24.374 0.0000000000
98362  29.776  10.360  -25.662 0.0000000000
101108  30.058  13.120  -25.526 0.0000000000
91388  26.711  2.391  -28.026 0.0000000000
89317  27.574  0.309  -26.453 0.0000000000
90327  28.996  1.859  -26.290 0.0000000000
94136  30.119  5.667  -26.178 0.0000000000
92347  30.627  3.652  -25.424 0.0000000000
94967  28.220  6.614  -27.473 0.0000000000
96604  29.447  8.479  -26.397 0.0000000000
102705  28.134  15.865  -25.316 0.0000000000
102703  30.422  15.709  -25.120 0.0000000000
86292  27.910  -2.362  -24.716 0.0000000000
100228  28.517  12.523  -26.154 0.0000000000
101110  28.310  13.883  -25.753 0.0000000000
92363  27.825  3.841  -27.463 0.0000000000
91377  27.795  2.325  -26.660 0.0000000000
92349  29.040  3.321  -26.551 0.0000000000
84357  25.961  -4.276  -24.402 0.0000000000
96614  27.900  8.422  -27.165 0.0000000000
95784  29.111  7.525  -26.454 0.0000000000
97471  28.981  9.124  -26.559 0.0000000000
99299  30.316  11.299  -25.512 0.0000000000
98361  30.565  10.303  -25.515 0.0000000000
104854  26.730  18.920  -26.058 0.0000000000
103455  26.825  16.400  -26.331 0.0000000000
104181  28.466  17.725  -25.399 0.0000000000
104866  31.633  18.892  -26.480 0.0000000000
104193  31.536  17.784  -26.442 0.0000000000
103439  30.904  16.543  -25.156 0.0000000000
103438  31.689  16.263  -25.515 0.0000000000
102701  32.153  15.317  -25.462 0.0000000000
88315  28.734  -0.417  -25.490 0.0000000000
88316  28.043  -0.818  -25.862 0.0000000000
82429  23.727  -6.105  -24.799 0.0000000000
97459  28.877  9.791  -26.541 0.0000000000
99301  28.519  11.340  -26.386 0.0000000000
100227  29.666  12.353  -25.653 0.0000000000
100202  31.296  12.714  -25.197 0.0000000000
89318  26.721  0.593  -27.116 0.0000000000
90329  27.287  1.426  -26.769 0.0000000000
89316  28.135  0.616  -26.042 0.0000000000
89305  29.051  0.341  -25.642 0.0000000000
93272  29.675  4.789  -26.429 0.0000000000
92348  29.822  3.731  -26.122 0.0000000000
93271  30.337  4.701  -25.742 0.0000000000
93284  27.685  4.724  -28.101 0.0000000000
94968  27.509  6.615  -28.083 0.0000000000
94146  28.490  5.668  -27.101 0.0000000000
94966  28.749  6.567  -26.689 0.0000000000
95783  29.966  7.631  -26.010 0.0000000000
95765  30.472  7.474  -25.454 0.0000000000
97458  29.542  9.501  -26.211 0.0000000000
96602  30.669  8.843  -25.632 0.0000000000
101927  27.732  15.082  -25.437 0.0000000000
104852  29.441  18.689  -24.640 0.0000000000
103441  28.859  16.718  -25.518 0.0000000000
102704  29.256  15.736  -25.375 0.0000000000
101926  28.554  14.821  -25.305 0.0000000000
101094  29.884  13.873  -25.192 0.0000000000
101923  31.592  14.487  -25.317 0.0000000000
85333  26.513  -2.716  -25.801 0.0000000000
88324  26.529  -0.430  -26.730 0.0000000000
91375  29.613  2.483  -26.145 0.0000000000
90317  30.206  1.402  -25.406 0.0000000000
100229  27.779  13.374  -26.351 0.0000000000
101111  27.644  13.982  -26.024 0.0000000000
92350  28.239  3.169  -26.846 0.0000000000
82417  23.261  -6.955  -24.502 0.0000000000
82416  23.958  -6.556  -24.345 0.0000000000
97472  28.343  9.428  -27.022 0.0000000000
99270  31.081  11.039  -25.375 0.0000000000
104182  27.258  17.864  -25.820 0.0000000000
103454  31.759  16.973  -26.263 0.0000000000
103437  32.656  15.981  -25.838 0.0000000000
88300  28.340  -0.937  -25.158 0.0000000000
85335  24.749  -3.875  -25.793 0.0000000000
99320  27.787  11.315  -26.883 0.0000000000
100226  30.536  12.467  -25.511 0.0000000000
105520  27.666  19.583  -25.683 0.0000000000
90330  26.633  1.538  -27.438 0.0000000000
91378  27.033  2.364  -27.138 0.0000000000
91376  28.653  2.427  -26.442 0.0000000000
90328  28.231  1.417  -26.159 0.0000000000
90319  28.569  0.755  -25.828 0.0000000000
90318  29.300  1.341  -25.823 0.0000000000
83399  24.354  -5.632  -24.836 0.0000000000
83384  24.803  -5.968  -24.256 0.0000000000
93296  26.798  4.635  -28.243 0.0000000000
95791  27.634  7.479  -27.481 0.0000000000
94147  28.118  5.686  -28.032 0.0000000000
95782  30.447  8.133  -25.682 0.0000000000
98363  28.887  10.391  -26.021 0.0000000000
97456  30.900  9.704  -25.500 0.0000000000
96587  31.184  9.058  -25.332 0.0000000000
103442  27.606  16.790  -25.811 0.0000000000
102706  27.271  15.796  -25.858 0.0000000000
104867  31.265  18.194  -25.802 0.0000000000
104850  31.562  18.986  -25.530 0.0000000000
104180  29.732  17.599  -25.216 0.0000000000
102690  30.882  16.098  -24.829 0.0000000000
103440  29.979  16.628  -25.280 0.0000000000
101925  29.605  14.804  -25.132 0.0000000000
101922  32.664  14.430  -25.308 0.0000000000
101092  32.135  13.573  -25.196 0.0000000000
85348  25.998  -2.708  -26.350 0.0000000000
88323  27.381  -0.721  -26.342 0.0000000000
87309  27.847  -1.543  -25.274 0.0000000000
87316  27.395  -1.535  -26.004 0.0000000000
86299  27.227  -2.297  -25.463 0.0000000000
91374  30.128  3.073  -25.764 0.0000000000
100250  27.986  11.901  -26.481 0.0000000000
100251  27.183  12.415  -26.577 0.0000000000
101109  29.250  13.319  -25.601 0.0000000000
92364  27.072  3.220  -27.617 0.0000000000
92351  27.528  3.036  -27.042 0.0000000000
84358  25.041  -4.708  -24.827 0.0000000000
84342  25.533  -4.928  -24.181 0.0000000000
84341  26.226  -4.845  -23.819 0.0000000000
94957  30.354  6.570  -25.588 0.0000000000
94135  30.983  5.602  -25.645 0.0000000000
96615  27.083  8.363  -27.598 0.0000000000
95790  28.280  7.476  -26.857 0.0000000000
96613  28.635  8.416  -26.638 0.0000000000
99298  30.824  10.717  -25.393 0.0000000000
98338  31.299  10.252  -25.303 0.0000000000
104194  31.111  17.821  -25.979 0.0000000000
104179  30.880  17.470  -25.464 0.0000000000
102689  31.048  15.835  -24.967 0.0000000000
102702  31.252  15.446  -25.275 0.0000000000
103428  31.339  15.927  -25.132 0.0000000000
89306  28.385  0.027  -26.102 0.0000000000
89307  27.859  -0.328  -26.248 0.0000000000
83414  23.992  -5.402  -25.399 0.0000000000
84370  24.628  -4.505  -25.351 0.0000000000
85320  24.993  -4.257  -25.292 0.0000000000
85319  25.554  -3.928  -25.116 0.0000000000
85334  25.834  -3.305  -25.755 0.0000000000
98377  27.635  10.372  -27.384 0.0000000000
98364  28.534  10.503  -26.886 0.0000000000
99300  29.187  11.361  -25.700 0.0000000000
99271  30.842  11.858  -25.492 0.0000000000
88314  29.432  -0.168  -25.100 0.0000000000
93282  29.083  4.836  -27.074 0.0000000000
92361  29.238  4.141  -26.625 0.0000000000
93270  31.405  4.655  -25.375 0.0000000000
92346  31.437  3.796  -25.281 0.0000000000
92375  27.222  3.968  -28.025 0.0000000000
93283  28.308  4.792  -27.468 0.0000000000
94156  27.146  5.603  -28.053 0.0000000000
94145  29.312  5.690  -26.657 0.0000000000
94958  29.622  6.607  -26.287 0.0000000000
94939  30.931  6.993  -25.236 0.0000000000
96603  30.165  8.688  -26.082 0.0000000000
97457  30.289  9.553  -25.757 0.0000000000
101942  27.275  14.755  -26.066 0.0000000000
105519  28.641  19.457  -25.231 0.0000000000
101941  27.978  14.307  -25.646 0.0000000000
101095  29.063  14.104  -25.251 0.0000000000
101924  30.580  14.630  -25.248 0.0000000000
101093  30.861  13.531  -25.248 0.0000000000
87317  26.702  -1.386  -26.441 0.0000000000
86307  26.763  -2.096  -26.114 0.0000000000
91363  30.558  2.427  -25.463 0.0000000000
91364  29.975  1.877  -25.818 0.0000000000
89304  29.784  0.607  -25.281 0.0000000000
103429  31.200  16.154  -25.033 0.0000000000
