#!ascii label  , from subject 3102 vox2ras=TkReg
907
109642  18.456  12.467  -32.082 0.2500000000
108666  18.624  11.605  -32.384 0.2500000000
111456  18.467  14.415  -30.922 0.2500000000
111455  18.762  14.424  -31.526 0.3750000000
110536  18.635  13.750  -31.375 0.2500000000
109629  18.404  12.421  -31.506 0.2500000000
109641  19.140  12.475  -32.635 0.7500000000
108684  19.191  11.401  -32.879 0.8750000000
109653  19.410  11.943  -33.081 0.8750000000
108700  20.026  11.151  -33.674 0.8750000000
110549  18.851  13.443  -31.976 0.3750000000
110548  19.376  13.536  -32.577 0.8750000000
109640  19.445  13.015  -32.972 0.7500000000
109651  20.443  12.399  -33.770 1.0000000000
109652  19.721  12.494  -33.336 1.0000000000
108699  20.574  11.393  -33.842 1.0000000000
108698  21.247  11.488  -34.176 1.0000000000
112362  18.549  15.431  -31.004 0.2500000000
111467  19.184  14.389  -32.136 0.7500000000
111466  19.633  14.426  -32.794 0.8750000000
110562  19.698  13.547  -33.196 0.8750000000
110574  20.857  13.224  -34.292 1.0000000000
110561  20.259  13.385  -33.684 1.0000000000
111478  20.647  14.260  -34.027 1.0000000000
108697  21.934  11.702  -34.358 1.0000000000
109667  21.453  12.486  -34.321 1.0000000000
109668  20.910  12.194  -34.124 1.0000000000
112363  18.255  15.075  -30.449 0.1250000000
112374  18.798  15.115  -31.854 0.6250000000
112388  20.002  15.288  -33.067 1.0000000000
112373  19.387  15.419  -32.359 0.8750000000
111479  20.128  14.364  -33.425 1.0000000000
109666  22.146  12.797  -34.094 1.0000000000
110573  21.635  13.505  -34.366 1.0000000000
108665  23.637  11.682  -32.774 1.0000000000
108681  22.449  11.832  -33.799 1.0000000000
115099  18.553  18.455  -29.834 0.2500000000
112345  18.155  15.685  -30.272 0.2500000000
113313  18.835  16.489  -31.171 0.3750000000
113325  20.023  16.394  -32.807 1.0000000000
112361  19.006  15.778  -31.653 0.6250000000
112386  21.131  15.588  -33.856 1.0000000000
113337  20.329  15.833  -33.276 1.0000000000
110560  22.573  13.575  -33.715 1.0000000000
110572  22.190  13.761  -34.185 1.0000000000
112398  22.142  15.144  -34.040 1.0000000000
111476  23.161  13.997  -32.657 1.0000000000
109649  23.353  12.530  -32.899 1.0000000000
110547  23.598  13.306  -32.272 1.0000000000
109639  23.854  12.306  -32.255 1.0000000000
115110  19.379  18.669  -31.104 0.5000000000
115111  18.916  18.023  -30.614 0.3750000000
114215  18.807  17.189  -30.669 0.3750000000
114214  19.351  17.471  -31.338 0.5000000000
114228  19.755  17.249  -32.192 0.8750000000
113324  20.396  16.914  -33.156 1.0000000000
115129  20.948  18.006  -33.021 1.0000000000
113335  21.692  16.207  -33.720 1.0000000000
113336  20.739  16.369  -33.483 1.0000000000
112385  22.559  15.305  -33.352 1.0000000000
113345  22.179  15.743  -33.770 1.0000000000
111463  23.926  14.710  -31.791 1.0000000000
111464  23.438  14.374  -32.067 1.0000000000
110546  24.065  12.798  -31.964 0.8750000000
115098  19.074  18.789  -30.394 0.5000000000
116051  20.183  19.052  -32.161 0.6250000000
115120  20.541  18.563  -32.477 1.0000000000
113321  23.914  16.790  -31.987 1.0000000000
114224  23.684  17.103  -32.186 1.0000000000
113323  22.993  16.885  -32.868 1.0000000000
114236  22.038  17.457  -33.502 1.0000000000
113311  23.843  16.275  -31.895 1.0000000000
112371  23.167  15.454  -32.471 1.0000000000
112384  22.847  15.882  -33.084 1.0000000000
112358  24.956  15.405  -31.026 0.8750000000
112359  24.018  15.480  -31.781 1.0000000000
110533  25.294  13.614  -31.535 0.8750000000
116040  19.902  19.622  -31.650 0.5000000000
116050  20.603  19.633  -32.390 0.8750000000
116057  22.705  19.530  -33.072 1.0000000000
115128  21.606  18.499  -33.325 1.0000000000
114212  23.919  17.462  -31.766 1.0000000000
115117  23.302  18.556  -32.242 1.0000000000
115096  24.397  18.264  -30.798 1.0000000000
112357  26.030  15.331  -30.720 1.0000000000
113310  24.433  16.498  -31.416 1.0000000000
114200  24.457  17.334  -31.092 1.0000000000
113309  25.366  16.409  -30.728 1.0000000000
116027  19.498  19.676  -30.368 0.5000000000
117998  23.162  21.276  -32.624 1.0000000000
117028  22.461  20.391  -33.265 1.0000000000
117029  21.788  20.529  -33.110 1.0000000000
116994  25.118  20.515  -30.047 1.0000000000
116037  23.980  19.694  -30.723 1.0000000000
116024  26.004  19.443  -29.821 1.0000000000
116025  24.655  19.357  -30.262 1.0000000000
116026  23.901  19.059  -30.575 1.0000000000
114198  26.136  17.114  -30.632 1.0000000000
115095  25.471  18.192  -30.305 1.0000000000
114210  25.907  16.672  -30.720 0.8750000000
120602  21.252  24.454  -30.562 1.0000000000
118922  20.066  23.129  -29.860 0.3750000000
119790  21.440  23.774  -30.972 0.8750000000
118957  22.173  22.276  -32.323 1.0000000000
116996  23.735  21.017  -31.260 1.0000000000
121484  21.112  25.307  -30.251 0.8750000000
121493  21.483  25.018  -30.554 1.0000000000
120601  21.769  24.406  -30.948 1.0000000000
120610  22.143  23.923  -31.413 1.0000000000
120600  22.478  24.402  -30.883 1.0000000000
119798  22.900  22.857  -31.485 1.0000000000
117976  24.545  21.473  -30.397 1.0000000000
118928  24.694  22.059  -30.082 1.0000000000
117975  25.309  21.552  -29.826 1.0000000000
121483  21.291  26.031  -29.716 0.7500000000
120599  23.429  24.547  -30.504 1.0000000000
119779  25.445  23.576  -29.530 1.0000000000
119787  24.115  23.705  -30.562 1.0000000000
118918  24.431  23.187  -30.167 1.0000000000
121491  22.818  25.610  -30.323 1.0000000000
120598  24.274  24.525  -30.112 1.0000000000
126556  20.802  31.324  -26.044 0.1250000000
126539  21.305  31.285  -25.367 0.1250000000
125819  20.897  30.906  -27.354 0.2500000000
126557  20.683  31.430  -26.702 0.1250000000
126587  21.798  31.636  -27.506 0.3750000000
127337  20.848  32.077  -26.651 0.2500000000
126568  22.514  31.830  -27.497 0.5000000000
127347  22.267  32.174  -27.605 0.2500000000
127346  22.907  32.282  -27.586 0.3750000000
127326  21.253  32.324  -25.784 0.2500000000
127348  21.610  32.491  -27.463 0.2500000000
128131  21.743  33.250  -27.275 0.2500000000
127365  21.903  32.684  -27.987 0.2500000000
128144  22.768  33.596  -28.268 0.2500000000
127363  23.263  33.086  -28.134 0.3750000000
128145  21.878  33.188  -28.100 0.2500000000
127379  23.848  33.241  -28.464 0.3750000000
128157  22.958  33.820  -28.658 0.2500000000
110550  18.548  13.085  -31.585 0.2500000000
110537  18.489  13.425  -30.945 0.1250000000
107693  22.797  11.071  -33.505 1.0000000000
116047  23.388  19.493  -32.085 1.0000000000
108653  18.327  11.507  -31.361 0.1250000000
107679  18.767  10.533  -32.578 0.6250000000
107709  19.749  10.038  -33.591 0.7500000000
111440  18.258  14.442  -30.297 0.1250000000
106774  20.447  9.525  -34.196 1.0000000000
109617  18.463  12.463  -30.842 0.1250000000
107707  20.893  10.509  -34.153 1.0000000000
107705  22.282  10.933  -33.993 1.0000000000
106755  23.246  10.285  -33.226 1.0000000000
113300  17.932  16.013  -29.916 0.3750000000
114201  18.481  17.508  -30.170 0.2500000000
113281  17.963  16.734  -29.632 0.2500000000
109638  24.591  12.294  -31.910 0.8750000000
111452  25.603  14.467  -31.206 0.8750000000
112356  27.038  15.381  -31.221 0.8750000000
118923  19.532  22.955  -29.410 0.1250000000
118932  20.102  22.437  -29.927 0.1250000000
117008  20.284  20.619  -31.625 0.6250000000
113308  26.443  16.313  -30.763 0.8750000000
119783  20.421  23.693  -30.017 0.5000000000
118931  20.418  22.766  -30.471 0.3750000000
118945  20.785  22.677  -31.171 0.8750000000
116993  26.216  20.703  -29.560 1.0000000000
117974  26.010  21.449  -29.498 1.0000000000
121492  21.838  25.756  -30.430 1.0000000000
118917  24.935  22.663  -29.700 1.0000000000
122394  22.040  26.445  -30.017 0.8750000000
122392  23.186  26.531  -29.886 1.0000000000
121490  23.769  25.548  -29.925 1.0000000000
119780  24.744  23.707  -30.041 1.0000000000
125800  21.573  30.416  -24.954 0.1250000000
125052  21.306  29.392  -25.869 0.1250000000
125086  22.393  29.619  -27.815 0.6250000000
125839  22.044  30.531  -27.613 0.6250000000
126585  23.339  31.298  -27.543 0.5000000000
127327  20.776  31.815  -26.240 0.2500000000
126605  23.565  32.139  -27.909 0.5000000000
128113  21.692  33.116  -25.744 0.2500000000
128122  21.565  33.269  -26.354 0.2500000000
127362  24.051  32.598  -28.337 0.5000000000
128121  22.397  33.675  -26.794 0.1250000000
128973  23.079  34.218  -28.422 0.2500000000
128979  23.771  34.706  -28.952 0.2500000000
127378  24.446  33.316  -28.847 0.3750000000
128978  24.430  35.065  -29.761 0.2500000000
128130  22.623  33.745  -27.781 0.1250000000
108667  18.258  11.624  -31.966 0.3750000000
107680  18.430  11.096  -32.205 0.5000000000
107695  19.451  10.498  -33.345 0.7500000000
108683  19.662  11.426  -33.376 0.8750000000
107708  20.132  10.414  -33.745 1.0000000000
107706  21.646  10.680  -34.235 1.0000000000
112387  20.592  15.236  -33.618 1.0000000000
109650  22.763  12.662  -33.506 1.0000000000
111489  21.230  14.291  -34.398 1.0000000000
112400  20.990  14.953  -34.160 1.0000000000
108680  23.061  11.808  -33.293 1.0000000000
107692  23.359  11.063  -33.078 1.0000000000
113299  18.265  16.519  -30.167 0.3750000000
113312  19.476  16.443  -31.869 0.8750000000
110559  23.087  13.409  -33.103 1.0000000000
111487  22.394  14.438  -33.890 1.0000000000
111488  21.911  14.416  -34.317 1.0000000000
111465  23.013  14.611  -32.624 1.0000000000
110534  24.356  13.387  -31.719 1.0000000000
115121  19.896  18.320  -31.967 0.6250000000
114238  20.696  17.258  -33.272 1.0000000000
113334  22.530  16.433  -33.369 1.0000000000
114237  21.287  17.320  -33.471 1.0000000000
112370  23.626  15.021  -32.012 1.0000000000
111453  24.595  14.460  -31.523 0.8750000000
109628  25.128  12.850  -31.678 0.8750000000
115119  21.042  18.865  -32.841 1.0000000000
115127  22.319  18.544  -33.286 1.0000000000
113298  24.829  16.805  -30.815 1.0000000000
113322  23.446  16.548  -32.375 1.0000000000
114226  22.654  17.579  -33.093 1.0000000000
114225  23.292  17.585  -32.423 1.0000000000
116056  23.103  19.837  -32.708 1.0000000000
116049  21.399  19.598  -32.970 1.0000000000
116048  23.083  19.202  -32.615 1.0000000000
114213  23.573  18.023  -32.006 1.0000000000
115118  22.843  18.511  -32.782 1.0000000000
115109  23.745  18.475  -31.533 1.0000000000
114199  25.145  17.190  -30.664 1.0000000000
117020  20.631  20.609  -32.125 0.7500000000
117019  21.185  20.470  -32.552 1.0000000000
118009  22.167  21.043  -33.123 1.0000000000
117999  22.440  21.545  -32.803 1.0000000000
117027  23.040  20.467  -33.096 1.0000000000
118956  22.603  21.794  -32.387 1.0000000000
117987  23.379  21.494  -31.603 1.0000000000
116995  24.113  20.530  -30.763 1.0000000000
117007  23.598  20.473  -31.683 1.0000000000
119791  20.904  23.587  -30.644 0.7500000000
119801  21.191  23.221  -31.291 1.0000000000
118942  22.748  22.247  -31.907 1.0000000000
118958  21.651  22.433  -32.119 1.0000000000
119811  22.111  22.941  -32.079 1.0000000000
117977  23.778  21.561  -30.892 1.0000000000
119800  21.741  23.332  -31.708 1.0000000000
119789  22.604  23.750  -31.243 1.0000000000
119788  23.167  23.453  -31.045 1.0000000000
118930  23.322  22.372  -31.244 1.0000000000
119799  22.436  23.269  -31.638 1.0000000000
117963  25.710  22.016  -29.482 1.0000000000
125810  20.811  30.808  -26.666 0.1250000000
125809  21.299  30.416  -26.094 0.1250000000
127308  21.715  31.785  -25.240 0.2500000000
126588  21.280  31.861  -27.352 0.2500000000
125818  21.417  30.291  -26.980 0.3750000000
126567  22.756  31.838  -27.449 0.5000000000
126586  22.509  31.405  -27.538 0.7500000000
128980  22.968  34.061  -28.875 0.2500000000
128156  23.524  33.787  -28.812 0.2500000000
107631  18.725  10.467  -30.435 0.1250000000
107655  18.330  10.477  -31.086 0.1250000000
117969  19.759  21.805  -29.669 0.5000000000
117009  19.965  20.588  -30.962 0.6250000000
118001  21.015  21.041  -32.243 0.8750000000
117990  20.267  21.126  -31.247 0.7500000000
117989  20.731  21.614  -31.675 0.8750000000
117978  20.509  22.183  -31.008 0.7500000000
117979  20.180  21.664  -30.640 0.8750000000
118944  21.216  22.570  -31.698 1.0000000000
122393  22.448  26.655  -29.884 1.0000000000
122384  23.963  26.589  -29.437 1.0000000000
121489  24.469  25.132  -29.591 1.0000000000
125057  21.458  29.361  -26.770 0.3750000000
125853  22.806  29.971  -28.198 0.7500000000
125838  22.891  30.568  -27.834 0.7500000000
128155  24.465  34.130  -29.660 0.2500000000
128154  24.768  33.847  -30.200 0.3750000000
103021  20.469  5.296  -34.579 0.7500000000
103019  22.436  5.328  -34.747 0.7500000000
103939  19.719  6.412  -34.410 0.7500000000
103922  19.463  6.875  -33.959 0.7500000000
103020  21.384  5.534  -34.670 0.7500000000
103938  20.800  6.444  -34.571 0.7500000000
104848  19.555  7.513  -34.196 0.7500000000
103936  22.897  6.350  -34.209 0.7500000000
103937  21.841  6.400  -34.357 0.7500000000
104846  21.273  7.491  -34.452 0.7500000000
105783  19.569  8.960  -33.857 0.7500000000
106776  19.488  9.774  -33.527 0.6250000000
105800  20.761  8.562  -34.431 0.8750000000
105801  19.805  8.554  -34.245 0.8750000000
104845  22.331  7.405  -34.119 0.7500000000
104844  23.413  7.312  -33.979 0.7500000000
105799  21.772  8.547  -34.197 0.7500000000
106773  21.270  9.620  -34.349 0.8750000000
106771  23.511  9.223  -33.431 0.7500000000
106772  22.330  9.773  -33.813 0.8750000000
106754  24.236  9.764  -32.941 0.8750000000
107678  23.860  10.930  -32.672 0.8750000000
108696  26.852  11.263  -34.368 0.3750000000
107690  25.511  10.423  -33.184 0.6250000000
107676  25.257  10.820  -32.659 0.7500000000
108664  24.280  11.503  -32.388 0.7500000000
108678  26.202  11.375  -33.360 0.5000000000
108662  25.834  11.713  -32.617 0.7500000000
110588  26.918  13.007  -35.452 0.1250000000
110571  27.071  12.850  -34.448 0.3750000000
109647  27.153  12.651  -33.328 0.6250000000
109636  26.579  12.514  -32.578 0.6250000000
109626  26.408  13.006  -31.879 0.6250000000
110604  27.790  13.699  -36.391 0.1250000000
110587  27.395  13.735  -35.704 0.1250000000
110570  27.333  13.619  -34.767 0.1250000000
111486  27.754  14.497  -35.131 0.1250000000
111462  27.831  14.253  -32.880 0.6250000000
111450  27.300  14.440  -31.931 0.6250000000
111451  26.535  14.492  -31.343 0.7500000000
111498  27.847  14.666  -35.901 0.1250000000
112421  27.934  15.624  -36.366 0.1250000000
112383  28.348  15.048  -33.399 0.1250000000
112369  27.895  15.406  -32.210 0.6250000000
111514  28.189  14.827  -36.241 0.1250000000
112382  28.527  15.844  -33.926 0.5000000000
113319  28.521  16.622  -33.306 0.5000000000
113320  28.319  16.481  -32.254 0.6250000000
113307  27.555  16.532  -31.075 0.7500000000
123281  21.728  27.731  -28.503 0.5000000000
122386  21.961  26.877  -29.547 0.7500000000
114208  28.489  17.957  -31.650 0.6250000000
115107  28.069  18.178  -30.770 0.6250000000
115093  27.498  18.691  -30.451 0.8750000000
115126  28.670  18.468  -33.348 0.5000000000
115116  28.531  18.660  -32.245 0.6250000000
115106  28.372  18.873  -31.333 0.6250000000
115092  28.156  19.173  -30.750 0.7500000000
123293  22.176  28.259  -29.023 0.7500000000
116023  26.813  19.398  -30.154 0.8750000000
118916  25.936  22.690  -29.338 0.8750000000
116022  28.020  19.847  -30.656 0.7500000000
117961  27.535  21.614  -29.513 0.8750000000
117962  26.465  21.788  -29.261 0.8750000000
118915  26.893  22.609  -29.343 0.8750000000
119778  26.369  23.524  -29.386 0.8750000000
116055  28.686  19.490  -33.986 0.3750000000
116036  28.503  19.663  -31.819 0.5000000000
116991  28.107  20.502  -30.404 0.6250000000
116046  28.866  19.553  -32.844 0.3750000000
117005  28.539  20.563  -31.186 0.5000000000
124228  22.748  28.672  -28.959 0.7500000000
123292  22.597  27.555  -29.577 0.8750000000
123291  23.445  27.502  -29.549 0.8750000000
120592  24.940  24.434  -29.548 0.8750000000
121481  25.197  25.410  -29.150 0.7500000000
120590  26.849  24.366  -29.250 0.8750000000
117972  28.325  21.507  -30.384 0.6250000000
117960  28.069  22.051  -29.822 0.7500000000
117017  28.786  20.575  -32.269 0.3750000000
117997  29.084  21.526  -32.639 0.5000000000
119786  28.461  23.312  -30.502 0.7500000000
117026  29.194  20.649  -33.544 0.2500000000
124216  22.469  28.711  -27.925 0.6250000000
124227  23.245  28.447  -29.182 0.8750000000
123290  24.368  27.531  -29.066 0.8750000000
122383  24.902  26.572  -28.932 0.8750000000
122382  25.861  26.285  -28.979 0.8750000000
121479  27.399  25.226  -29.351 0.7500000000
118927  28.292  22.552  -30.149 0.5000000000
118971  28.633  22.572  -33.958 0.2500000000
118964  29.032  22.494  -32.929 0.5000000000
117986  28.743  21.511  -31.567 0.5000000000
118018  29.179  21.121  -34.227 0.2500000000
125099  22.836  29.376  -27.994 0.5000000000
125085  23.143  29.470  -28.163 0.6250000000
125096  23.624  28.845  -28.489 0.7500000000
124226  23.988  28.400  -28.971 0.7500000000
125083  24.374  29.300  -28.125 0.7500000000
124215  24.878  28.404  -28.675 0.7500000000
124213  26.587  28.195  -28.810 0.7500000000
123280  25.236  27.553  -28.683 0.7500000000
125082  25.644  29.216  -28.571 0.7500000000
123278  26.586  27.281  -28.953 0.7500000000
122381  26.934  26.509  -29.218 0.7500000000
123289  27.222  27.607  -29.347 0.7500000000
121488  28.583  24.841  -30.817 0.5000000000
122390  28.540  25.799  -30.640 0.3750000000
122380  28.120  25.910  -29.748 0.6250000000
119819  28.630  23.437  -33.123 0.2500000000
120618  28.709  24.298  -32.333 0.3750000000
121498  28.699  25.087  -31.534 0.3750000000
125852  23.171  29.975  -28.229 0.6250000000
125084  23.496  29.384  -28.002 0.7500000000
124225  27.260  28.460  -29.262 0.7500000000
124224  28.053  28.147  -29.883 0.6250000000
122397  28.764  26.085  -31.558 0.3750000000
123297  28.405  26.840  -30.607 0.3750000000
119825  28.392  23.590  -34.202 0.1250000000
120627  28.073  24.873  -33.893 0.1250000000
121508  28.587  25.285  -32.443 0.2500000000
125836  24.114  29.888  -27.790 0.6250000000
125851  24.610  30.426  -28.025 0.7500000000
125095  26.029  29.996  -29.075 0.6250000000
125094  26.733  29.261  -29.029 0.7500000000
124232  28.331  27.684  -30.819 0.3750000000
125093  27.497  28.979  -29.553 0.3750000000
122400  28.657  26.292  -32.581 0.2500000000
123304  28.568  27.064  -31.664 0.3750000000
123288  27.918  26.978  -29.997 0.6250000000
121531  27.451  25.471  -34.837 0.1250000000
121522  27.915  25.500  -34.091 0.1250000000
119826  28.114  23.978  -34.653 0.1250000000
126584  24.039  30.613  -27.607 0.6250000000
125861  25.891  30.862  -29.262 0.3750000000
125850  25.265  30.179  -28.665 0.3750000000
125860  26.715  30.346  -29.663 0.3750000000
124242  28.102  29.017  -32.358 0.2500000000
124233  28.084  28.585  -30.947 0.3750000000
125859  27.312  29.649  -29.710 0.3750000000
122425  27.925  26.801  -34.244 0.1250000000
123308  28.527  27.336  -32.704 0.3750000000
124236  28.294  28.008  -31.780 0.3750000000
120650  28.220  24.921  -36.695 0.1250000000
122411  28.320  26.450  -33.638 0.1250000000
127361  24.868  32.327  -28.792 0.3750000000
126604  24.287  31.513  -27.991 0.3750000000
126603  25.162  31.231  -28.652 0.3750000000
126614  26.374  31.347  -29.994 0.3750000000
125869  27.674  30.386  -31.426 0.3750000000
125866  26.894  30.857  -30.414 0.3750000000
125109  28.006  29.679  -32.364 0.3750000000
125105  27.899  29.512  -31.191 0.3750000000
125865  27.486  30.195  -30.440 0.3750000000
123330  27.259  27.770  -35.058 0.1250000000
123314  28.182  27.583  -33.705 0.1250000000
124247  27.999  28.583  -33.597 0.2500000000
122434  27.241  26.719  -35.985 0.1250000000
127376  26.120  32.396  -30.382 0.2500000000
126620  26.791  31.624  -30.934 0.2500000000
126615  25.862  32.019  -29.283 0.3750000000
126630  27.019  31.262  -33.257 0.1250000000
126622  27.204  31.102  -31.649 0.3750000000
125875  27.550  30.575  -33.098 0.1250000000
125872  27.540  30.608  -32.203 0.2500000000
124258  26.472  28.990  -35.449 0.1250000000
125114  27.715  29.519  -33.520 0.1250000000
127377  25.244  33.237  -29.820 0.3750000000
127388  26.286  32.557  -31.474 0.2500000000
126627  26.530  31.803  -32.950 0.1250000000
127397  26.101  32.528  -32.539 0.1250000000
126631  26.328  31.493  -33.876 0.1250000000
127405  25.909  32.479  -33.595 0.1250000000
124272  26.563  28.707  -36.234 0.1250000000
125895  26.430  30.606  -35.306 0.1250000000
127406  25.486  33.256  -33.183 0.1250000000
126636  25.988  31.502  -34.865 0.1250000000
127411  25.587  32.267  -34.502 0.1250000000
125908  26.522  30.659  -36.079 0.1250000000
125142  26.626  29.596  -36.576 0.1250000000
106753  25.080  9.656  -33.417 0.6250000000
114222  28.585  17.508  -32.584 0.6250000000
116992  27.410  20.559  -29.758 0.8750000000
118006  29.404  21.046  -33.925 0.3750000000
124229  22.786  28.806  -28.359 0.6250000000
122373  25.642  26.917  -28.564 0.7500000000
122371  26.558  26.905  -29.018 0.7500000000
121480  26.345  25.371  -29.097 0.7500000000
119797  28.770  23.307  -31.320 0.5000000000
120597  28.474  24.060  -30.774 0.5000000000
120588  28.277  24.097  -30.097 0.7500000000
119810  29.143  23.314  -32.091 0.5000000000
124257  26.760  28.773  -34.845 0.1250000000
126623  26.698  31.820  -31.995 0.2500000000
110557  27.437  13.298  -33.577 0.5000000000
110544  27.305  13.403  -32.419 0.6250000000
110532  26.208  13.630  -31.592 0.7500000000
114235  28.435  17.449  -33.851 0.3750000000
116064  28.511  19.480  -35.093 0.2500000000
119777  27.267  23.456  -29.517 0.7500000000
125881  27.211  30.212  -33.808 0.1250000000
102058  20.888  4.123  -34.792 0.7500000000
102059  19.896  4.366  -34.529 0.7500000000
103940  19.225  5.861  -34.262 0.7500000000
103923  18.990  6.379  -33.845 0.7500000000
102076  21.845  4.012  -34.923 0.7500000000
103040  21.121  4.907  -35.007 0.7500000000
102056  23.325  4.890  -34.843 0.7500000000
105784  19.166  8.528  -33.708 0.6250000000
103018  23.373  5.605  -34.719 0.6250000000
104843  24.392  7.411  -34.386 0.6250000000
105797  24.009  8.137  -33.555 0.6250000000
106769  25.405  9.082  -34.080 0.5000000000
106768  26.230  9.373  -34.611 0.3750000000
106752  25.809  9.708  -33.784 0.5000000000
108710  27.330  11.365  -35.404 0.1250000000
109682  26.903  12.346  -35.960 0.1250000000
110605  26.943  13.047  -36.363 0.1250000000
110603  28.567  13.575  -36.493 0.1250000000
111513  28.501  14.503  -36.527 0.1250000000
112419  28.938  15.190  -36.855 0.1250000000
112436  27.858  15.843  -37.072 0.1250000000
122374  21.289  26.439  -28.762 0.3750000000
113375  28.076  16.196  -37.317 0.1250000000
112407  28.262  16.125  -35.469 0.1250000000
114245  28.731  17.220  -34.862 0.1250000000
117042  28.461  20.607  -35.455 0.1250000000
117036  28.834  20.511  -34.477 0.2500000000
118027  28.417  21.737  -35.807 0.1250000000
119832  28.345  23.545  -34.954 0.1250000000
119833  28.018  23.883  -35.327 0.1250000000
125073  21.815  29.491  -27.329 0.3750000000
121548  28.243  25.578  -37.116 0.1250000000
120649  28.352  25.278  -36.814 0.1250000000
123344  26.784  27.674  -36.196 0.1250000000
123364  26.822  27.906  -38.400 0.1250000000
127307  22.158  32.148  -25.074 0.1250000000
128162  25.091  34.132  -30.756 0.2500000000
128171  25.280  34.048  -31.773 0.1250000000
128998  24.672  34.593  -32.583 0.1250000000
127419  25.516  32.175  -35.023 0.1250000000
127412  24.853  33.043  -34.231 0.1250000000
126650  26.130  31.532  -35.630 0.1250000000
125160  26.959  29.273  -37.244 0.1250000000
126661  26.282  31.835  -36.258 0.1250000000
114197  27.096  17.351  -30.479 0.7500000000
113295  27.015  16.869  -30.664 0.7500000000
120594  20.441  24.370  -29.577 0.3750000000
106756  22.598  10.515  -33.607 0.8750000000
106775  19.837  9.495  -33.816 0.7500000000
108663  25.126  11.412  -32.354 0.7500000000
110531  26.877  13.808  -31.774 0.6250000000
121482  24.441  25.857  -29.426 0.8750000000
120591  25.836  24.432  -29.270 0.8750000000
128163  24.702  34.195  -30.341 0.1250000000
103039  21.697  4.871  -35.111 0.7500000000
102075  22.813  4.335  -35.193 0.7500000000
104832  19.256  7.210  -33.783 0.7500000000
104847  20.258  7.519  -34.560 0.7500000000
105802  19.333  8.110  -34.134 0.7500000000
106758  19.013  9.530  -33.216 0.6250000000
105798  22.860  8.370  -33.710 0.7500000000
106770  24.578  8.966  -33.464 0.6250000000
107677  24.629  10.594  -32.649 0.7500000000
107704  26.937  10.191  -34.903 0.2500000000
107689  26.341  10.344  -33.987 0.5000000000
108679  25.618  11.114  -32.797 0.7500000000
109648  26.839  12.214  -33.846 0.5000000000
109665  26.892  12.195  -34.971 0.2500000000
110558  27.108  12.757  -33.818 0.3750000000
109635  27.335  12.830  -32.895 0.6250000000
111475  27.942  14.241  -34.063 0.5000000000
112420  28.268  15.363  -36.703 0.1250000000
112408  28.057  15.580  -35.610 0.1250000000
112396  28.493  15.937  -34.943 0.1250000000
112368  28.524  15.836  -32.955 0.6250000000
113332  28.532  16.602  -34.379 0.1250000000
114223  28.354  17.127  -31.784 0.6250000000
114209  28.006  17.384  -31.000 0.6250000000
116021  28.448  19.747  -30.924 0.6250000000
118914  27.707  22.608  -29.675 0.7500000000
120589  27.682  24.243  -29.622 0.7500000000
125097  23.188  28.917  -28.388 0.6250000000
121478  28.029  24.903  -29.920 0.6250000000
118940  28.991  22.808  -31.537 0.5000000000
118007  28.966  21.568  -33.698 0.2500000000
118019  28.637  21.560  -34.683 0.1250000000
125071  24.151  29.534  -27.868 0.7500000000
125081  26.220  28.784  -28.640 0.7500000000
122391  28.248  26.478  -30.225 0.6250000000
120626  28.333  24.458  -33.335 0.3750000000
120633  28.166  24.314  -34.153 0.1250000000
121521  28.326  25.481  -33.334 0.1250000000
120634  27.794  24.628  -34.624 0.1250000000
125102  27.761  29.205  -30.251 0.3750000000
121539  27.465  25.656  -35.833 0.1250000000
120642  27.728  24.682  -35.613 0.1250000000
122412  27.764  26.137  -34.332 0.1250000000
124241  28.287  28.472  -32.711 0.2500000000
122426  27.173  26.500  -34.819 0.1250000000
123329  27.673  27.330  -34.422 0.1250000000
123315  27.727  27.995  -34.208 0.1250000000
126626  27.179  31.253  -32.535 0.3750000000
124271  26.756  28.369  -35.558 0.1250000000
123345  26.619  28.049  -36.803 0.1250000000
121549  27.508  25.925  -36.971 0.1250000000
122443  26.821  26.792  -36.820 0.1250000000
127389  25.767  33.377  -31.011 0.2500000000
125876  26.917  30.793  -33.663 0.1250000000
125122  26.533  29.653  -34.985 0.1250000000
125121  27.077  29.571  -34.326 0.1250000000
125130  26.463  29.686  -35.802 0.1250000000
127398  25.759  33.336  -32.128 0.1250000000
125882  26.629  30.532  -34.403 0.1250000000
124285  26.690  28.642  -37.055 0.1250000000
129006  24.723  34.322  -33.233 0.1250000000
128179  25.172  33.963  -32.776 0.1250000000
102077  21.382  4.491  -34.960 0.7500000000
103022  19.566  5.306  -34.341 0.7500000000
105773  18.519  8.486  -32.813 0.5000000000
104849  19.142  7.784  -33.941 0.6250000000
114263  27.779  16.865  -36.172 0.1250000000
113363  27.967  16.500  -36.780 0.1250000000
113344  28.549  16.571  -35.297 0.1250000000
118977  28.608  22.852  -35.167 0.1250000000
122444  26.807  27.055  -37.400 0.1250000000
102060  19.290  4.556  -34.185 0.7500000000
103912  18.413  6.492  -33.151 0.5000000000
101043  21.644  2.969  -35.114 0.6250000000
101041  23.318  3.686  -35.775 0.3750000000
102090  24.332  4.052  -36.579 0.2500000000
102074  23.987  4.563  -35.656 0.3750000000
124207  21.755  28.410  -27.458 0.2500000000
102057  21.333  3.467  -34.923 0.6250000000
103037  23.966  5.550  -35.130 0.5000000000
103934  24.349  6.984  -34.969 0.5000000000
104860  24.731  7.271  -35.055 0.3750000000
100006  23.662  2.278  -36.535 0.5000000000
101057  23.273  2.955  -36.097 0.6250000000
105796  25.012  8.203  -34.056 0.5000000000
98965  21.283  1.291  -35.371 0.6250000000
102999  18.531  5.378  -33.374 0.3750000000
101044  21.270  2.566  -35.149 0.6250000000
101024  20.975  3.019  -34.949 0.6250000000
101026  19.303  3.519  -34.250 0.6250000000
98981  23.240  1.365  -36.453 0.3750000000
99992  21.530  2.111  -35.385 0.6250000000
103913  18.101  6.494  -32.470 0.2500000000
98979  24.705  1.968  -36.762 0.3750000000
102089  24.904  4.564  -36.655 0.2500000000
101055  24.715  3.578  -36.959 0.2500000000
103036  24.540  5.519  -35.568 0.2500000000
103952  24.650  6.570  -35.416 0.3750000000
104859  25.379  7.493  -35.451 0.2500000000
105795  25.810  8.421  -34.888 0.2500000000
105794  26.203  8.947  -35.196 0.2500000000
116028  19.022  19.143  -29.959 0.2500000000
116015  19.453  20.269  -29.710 0.2500000000
120593  20.731  24.531  -30.125 0.2500000000
114183  18.006  17.339  -29.444 0.1250000000
107665  18.535  10.029  -32.256 0.2500000000
116997  19.681  20.832  -30.135 0.3750000000
103935  23.915  6.462  -34.701 0.5000000000
103023  18.992  5.297  -34.020 0.5000000000
101042  22.578  3.204  -35.505 0.6250000000
102055  23.698  5.122  -35.005 0.5000000000
106785  26.383  9.333  -35.661 0.2500000000
104822  18.268  7.382  -32.739 0.3750000000
104833  18.770  7.475  -33.457 0.3750000000
106744  18.606  9.516  -32.556 0.2500000000
101025  20.134  3.316  -34.670 0.6250000000
105774  18.091  7.946  -32.432 0.3750000000
104842  25.200  7.653  -34.679 0.2500000000
99991  22.209  2.219  -35.581 0.6250000000
100007  22.931  2.230  -36.028 0.5000000000
101056  23.969  3.359  -36.366 0.2500000000
100005  24.413  2.504  -36.706 0.2500000000
101067  25.218  4.163  -37.018 0.2500000000
103953  24.249  6.039  -35.225 0.3750000000
98980  24.179  1.364  -36.845 0.3750000000
98060  23.487  0.549  -36.445 0.3750000000
98982  22.570  1.416  -35.920 0.5000000000
103035  25.046  5.898  -35.849 0.2500000000
113282  17.603  16.463  -29.385 0.1250000000
98967  19.743  1.083  -34.944 0.5000000000
98061  22.646  0.465  -36.132 0.2500000000
97159  21.894  -0.509  -36.149 0.3750000000
98045  21.853  0.394  -35.699 0.5000000000
98948  19.898  1.708  -34.635 0.5000000000
98949  19.159  1.434  -34.524 0.3750000000
99975  18.908  2.408  -34.103 0.5000000000
99974  19.622  2.453  -34.440 0.5000000000
98010  18.011  0.232  -33.257 0.1250000000
98950  18.353  1.428  -34.028 0.3750000000
102036  18.410  4.317  -33.074 0.2500000000
96224  17.994  -1.459  -33.937 0.1250000000
98031  18.201  0.362  -33.798 0.2500000000
97143  19.689  -0.513  -35.065 0.3750000000
97158  22.414  -0.464  -36.139 0.2500000000
97142  20.446  -0.518  -35.464 0.3750000000
98046  20.913  0.388  -35.396 0.5000000000
97107  17.527  -0.671  -33.107 0.1250000000
98030  18.648  0.455  -34.404 0.3750000000
98047  20.081  0.374  -35.178 0.3750000000
98925  17.981  1.203  -32.983 0.1250000000
100991  18.250  3.409  -32.722 0.1250000000
115136  28.514  18.259  -34.673 0.1250000000
102035  18.844  4.235  -33.693 0.3750000000
98044  22.283  0.901  -35.806 0.3750000000
99993  20.977  2.117  -35.105 0.5000000000
103000  18.248  5.076  -32.800 0.2500000000
97156  23.625  0.094  -36.173 0.2500000000
98966  20.444  1.344  -35.094 0.5000000000
98062  22.197  -0.035  -36.090 0.3750000000
97141  21.258  -0.503  -35.783 0.3750000000
98029  19.386  0.394  -34.783 0.3750000000
99952  18.445  2.403  -33.634 0.1250000000
101005  18.440  3.333  -33.353 0.1250000000
101004  18.781  3.182  -33.794 0.1250000000
97127  17.936  -0.583  -33.538 0.1250000000
98011  18.001  0.017  -32.975 0.1250000000
98951  18.053  1.009  -33.513 0.1250000000
98926  18.110  0.567  -32.783 0.1250000000
98924  18.175  1.685  -33.438 0.1250000000
96205  17.536  -1.516  -33.342 0.1250000000
97125  19.027  -0.497  -34.566 0.3750000000
96239  21.572  -1.304  -36.176 0.2500000000
99953  18.159  2.403  -33.098 0.1250000000
96222  19.301  -1.404  -34.854 0.2500000000
96241  19.987  -1.444  -35.387 0.2500000000
96255  22.124  -1.158  -36.295 0.2500000000
96223  18.643  -1.406  -34.389 0.1250000000
97126  18.393  -0.512  -34.101 0.1250000000
105768  18.024  8.509  -32.027 0.1250000000
121473  21.268  25.898  -29.229 0.1250000000
121474  20.885  25.397  -29.177 0.1250000000
122364  20.702  26.360  -28.141 0.1250000000
123270  21.281  27.243  -27.756 0.1250000000
122363  20.995  26.720  -28.233 0.1250000000
123258  21.481  26.917  -26.958 0.1250000000
123271  21.173  26.836  -27.583 0.1250000000
124196  21.255  28.075  -26.701 0.1250000000
123257  21.513  27.335  -27.078 0.1250000000
124193  20.831  27.718  -26.210 0.1250000000
120585  20.211  24.468  -29.078 0.1250000000
116016  18.848  19.724  -29.257 0.1250000000
102981  18.294  5.788  -32.790 0.1250000000
104817  18.144  7.480  -31.465 0.1250000000
118910  19.565  23.965  -28.862 0.1250000000
149040  20.367  24.835  -28.258 0.1250000000
122351  20.522  25.616  -27.480 0.1250000000
123251  20.940  27.081  -26.119 0.1250000000
124187  20.601  27.949  -25.233 0.1250000000
124192  20.905  28.570  -25.597 0.1250000000
119784  19.968  23.787  -29.491 0.1250000000
107666  18.338  10.545  -31.897 0.1250000000
106735  18.398  9.480  -31.513 0.1250000000
104823  17.876  7.385  -32.174 0.1250000000
103905  17.941  6.426  -31.779 0.1250000000
106734  18.407  9.507  -32.085 0.1250000000
105767  18.406  8.992  -32.345 0.1250000000
105756  18.478  8.478  -31.148 0.1250000000
122375  20.978  26.042  -28.679 0.1250000000
124186  21.302  28.601  -24.549 0.1250000000
98963  24.520  0.892  -36.479 0.1250000000
98962  25.106  1.491  -36.294 0.1250000000
100004  25.018  2.615  -36.813 0.1250000000
99990  25.419  2.622  -36.353 0.1250000000
102100  25.265  4.293  -37.005 0.1250000000
103048  25.060  5.211  -35.951 0.1250000000
103047  25.475  5.589  -36.316 0.1250000000
103951  25.421  6.614  -35.974 0.1250000000
103963  26.620  6.650  -36.425 0.1250000000
103964  25.952  6.627  -36.487 0.1250000000
104871  25.866  7.571  -36.136 0.1250000000
105821  26.747  8.525  -36.388 0.1250000000
105813  25.863  8.458  -35.851 0.1250000000
105820  27.166  8.493  -36.200 0.1250000000
106803  26.472  9.073  -36.382 0.1250000000
95316  21.949  -1.771  -36.291 0.1250000000
96240  20.831  -1.425  -35.770 0.1250000000
96254  22.563  -1.172  -35.968 0.1250000000
96253  23.034  -0.988  -35.715 0.1250000000
97139  23.823  -0.328  -35.731 0.1250000000
98042  25.049  0.800  -35.519 0.1250000000
98043  24.536  0.481  -35.810 0.1250000000
98961  25.609  2.062  -36.007 0.1250000000
101040  25.628  3.237  -36.163 0.1250000000
102087  26.087  4.866  -36.282 0.1250000000
103046  26.027  5.693  -36.577 0.1250000000
103033  26.927  5.786  -35.638 0.1250000000
104858  27.346  7.610  -35.984 0.1250000000
107718  27.161  10.033  -35.741 0.1250000000
107717  27.423  10.327  -35.552 0.1250000000
106784  27.383  9.330  -36.022 0.1250000000
98059  24.062  0.448  -36.399 0.1250000000
106786  25.999  8.971  -35.911 0.1250000000
101054  25.451  3.730  -36.789 0.1250000000
97157  23.120  -0.339  -36.068 0.1250000000
97140  23.337  -0.731  -35.707 0.1250000000
97124  24.424  -0.298  -35.113 0.1250000000
99989  25.764  2.700  -35.738 0.1250000000
102088  25.505  4.683  -36.517 0.1250000000
101053  25.803  4.275  -36.418 0.1250000000
104870  26.437  7.589  -36.335 0.1250000000
103034  26.544  5.719  -36.211 0.1250000000
103962  27.219  6.940  -36.316 0.1250000000
105822  26.299  8.509  -36.229 0.1250000000
107728  26.964  9.560  -36.266 0.1250000000
105811  27.548  8.530  -35.520 0.1250000000
95298  22.305  -2.172  -35.661 0.1250000000
95297  22.904  -1.821  -35.296 0.1250000000
98946  25.708  1.676  -35.197 0.1250000000
106783  27.844  9.519  -35.344 0.1250000000
95315  22.254  -1.602  -36.170 0.1250000000
96238  22.836  -1.489  -35.606 0.1250000000
98964  21.969  1.384  -35.601 0.3750000000
99973  20.368  2.317  -34.719 0.5000000000
101023  21.314  3.161  -34.973 0.6250000000
101066  25.371  4.084  -37.109 0.2500000000
102073  24.709  4.884  -35.874 0.2500000000
102101  25.087  4.376  -37.117 0.2500000000
103038  22.186  4.663  -35.089 0.7500000000
103950  27.008  6.332  -36.148 0.1250000000
104869  26.986  7.626  -36.373 0.1250000000
105812  26.045  8.836  -35.593 0.1250000000
105830  26.580  8.844  -36.413 0.1250000000
105831  26.412  8.837  -36.349 0.1250000000
106742  23.873  10.376  -32.769 0.8750000000
106743  23.574  10.643  -32.924 0.8750000000
106757  19.420  9.264  -33.622 0.7500000000
106794  27.036  9.209  -36.412 0.1250000000
106795  26.620  9.237  -36.301 0.1250000000
106796  26.136  8.988  -36.131 0.1250000000
106804  26.314  9.045  -36.291 0.1250000000
107691  24.872  10.084  -33.060 0.6250000000
107694  19.799  10.863  -33.576 0.8750000000
107727  27.121  9.699  -36.112 0.1250000000
108682  20.097  11.751  -33.576 0.8750000000
109627  25.893  12.919  -31.778 0.6250000000
109637  25.549  12.246  -32.096 0.8750000000
109690  27.347  12.665  -36.637 0.1250000000
109691  26.954  12.380  -36.540 0.1250000000
110535  23.775  13.780  -31.825 1.0000000000
110545  26.761  13.201  -31.937 0.6250000000
110602  29.151  13.338  -36.249 0.1250000000
111454  23.973  14.140  -31.684 1.0000000000
111477  22.797  14.325  -33.209 1.0000000000
112360  23.555  15.955  -32.067 1.0000000000
112372  22.783  14.924  -32.867 1.0000000000
112397  28.277  15.139  -34.557 0.1250000000
112399  21.585  15.183  -34.144 1.0000000000
113296  26.869  16.790  -30.662 0.7500000000
113297  25.098  16.788  -30.697 1.0000000000
113333  23.020  16.254  -32.893 1.0000000000
113346  21.921  15.580  -33.993 1.0000000000
113354  27.981  16.459  -35.788 0.1250000000
113355  27.758  16.343  -36.107 0.1250000000
113374  28.718  16.764  -37.580 0.1250000000
114211  25.650  16.839  -30.707 1.0000000000
114227  20.363  17.518  -32.676 1.0000000000
114254  27.703  16.754  -35.934 0.1250000000
115094  26.594  18.126  -30.372 0.8750000000
115097  23.881  18.790  -30.983 1.0000000000
115108  24.166  17.891  -31.332 1.0000000000
116038  23.733  19.437  -31.225 1.0000000000
116039  20.275  20.150  -32.008 0.8750000000
116058  22.052  19.543  -33.347 1.0000000000
116981  26.824  21.145  -29.414 1.0000000000
116982  26.393  21.267  -29.464 1.0000000000
117006  23.819  20.054  -31.093 1.0000000000
117018  23.309  20.341  -32.516 1.0000000000
117025  29.368  20.823  -33.834 0.2500000000
117035  29.342  20.813  -34.074 0.2500000000
117973  27.938  20.991  -29.890 0.6250000000
117988  21.290  22.020  -32.027 0.8750000000
118000  21.611  21.420  -32.538 0.8750000000
118008  22.794  21.054  -33.261 1.0000000000
118010  21.869  21.004  -32.952 1.0000000000
118929  24.095  22.567  -30.499 1.0000000000
118941  28.714  22.483  -31.025 0.5000000000
118943  22.344  22.710  -32.023 1.0000000000
118954  29.160  22.792  -31.746 0.5000000000
118955  29.099  22.474  -31.923 0.5000000000
118978  28.332  23.402  -35.309 0.1250000000
119776  28.022  23.380  -29.866 0.7500000000
119796  29.150  23.039  -31.705 0.5000000000
119809  29.270  22.938  -31.911 0.5000000000
119812  21.892  22.790  -32.151 1.0000000000
120608  28.702  24.154  -31.490 0.5000000000
120609  22.392  23.852  -31.320 1.0000000000
120648  28.539  25.276  -36.801 0.1250000000
120657  28.802  25.180  -37.168 0.1250000000
120658  28.740  24.949  -37.518 0.1250000000
121477  28.391  24.638  -30.347 0.7500000000
121547  28.574  25.507  -37.072 0.1250000000
121557  28.545  25.367  -37.429 0.1250000000
122372  26.278  26.883  -28.755 0.7500000000
122379  28.378  25.232  -30.265 0.6250000000
122385  22.323  27.024  -29.685 0.8750000000
123279  26.023  27.521  -28.587 0.7500000000
123287  28.158  27.059  -30.290 0.3750000000
123298  28.196  26.793  -30.261 0.6250000000
123299  22.838  27.105  -29.841 0.8750000000
123300  22.602  27.100  -29.771 0.8750000000
123354  26.575  27.439  -36.946 0.1250000000
123355  26.678  27.828  -37.504 0.1250000000
124197  21.181  27.564  -26.592 0.1250000000
124214  25.766  28.311  -28.618 0.7500000000
124223  28.184  27.351  -30.304 0.6250000000
124237  28.076  28.875  -31.885 0.2500000000
124248  27.456  28.707  -34.275 0.1250000000
125072  23.913  29.603  -27.837 0.7500000000
125098  23.015  29.219  -28.190 0.6250000000
125108  28.127  29.069  -32.602 0.2500000000
125113  28.144  29.099  -32.977 0.2500000000
125837  23.553  30.162  -27.797 0.6250000000
125840  21.292  31.309  -27.453 0.3750000000
125854  22.628  29.875  -28.002 0.6250000000
125862  22.879  29.681  -28.143 0.5000000000
125863  22.729  29.668  -27.954 0.5000000000
126569  20.873  31.639  -27.208 0.2500000000
126619  27.325  30.907  -30.915 0.3750000000
126637  25.621  32.080  -35.352 0.1250000000
127334  22.701  32.118  -27.513 0.5000000000
127335  22.502  32.029  -27.480 0.5000000000
127336  21.236  32.673  -26.798 0.2500000000
127349  21.081  32.187  -27.134 0.2500000000
127364  22.337  32.826  -28.170 0.2500000000
128143  23.083  33.642  -28.447 0.2500000000
128187  24.765  33.856  -33.615 0.1250000000
